0.04813,0.04813,50.84635,5084.30592,-0.47096,45.0001,6.856523618009763,2.5542354537026046,0.0
0.09622,0.09622,50.78566,5080.57622,-0.44116,45.00025,6.905159431174891,2.572353573791876,0.0
0.14428,0.14429,50.72902,5076.81275,-0.41065,45.00044,6.9500756197968645,2.5890860358696104,0.0
0.19231,0.19231,50.67652,5073.01745,-0.37951,45.00068,6.991118083488963,2.6043754334871294,0.0
0.2403,0.2403,50.62824,5069.19238,-0.34778,45.00096,7.02814640117716,2.618169456099657,0.0
0.28825,0.28826,50.58424,5065.33968,-0.31556,45.00129,7.06103497106015,2.630421313731425,0.0
0.33617,0.33618,50.54457,5061.46157,-0.2829,45.00167,7.089674041629182,2.641090121057687,0.0
0.38405,0.38406,50.50928,5057.56036,-0.24987,45.00209,7.113970618784164,2.650141235329337,0.0
0.43189,0.43191,50.47841,5053.63841,-0.21656,45.00256,7.133849235730502,2.657546543179739,0.0
0.47969,0.47972,50.45198,5049.69814,-0.18304,45.00307,7.149252574303018,2.6632846920842304,0.0
0.52746,0.52749,50.43002,5045.74202,-0.14938,45.00362,7.160141928544779,2.6673412630554405,0.0
0.57519,0.57523,50.41252,5041.77256,-0.11566,45.00422,7.166497503856807,2.669708882084421,0.0
0.62288,0.62293,50.39948,5037.79228,-0.08195,45.00487,7.168318547528304,2.670387268766597,0.0
0.67054,0.6706,50.39089,5033.80373,-0.04835,45.00556,7.165623309193004,2.6693832215707087,0.0
0.71815,0.71823,50.38673,5029.80945,-0.01491,45.00629,7.158448832408261,2.6667105401965476,0.0
0.76573,0.76582,50.38695,5025.81199,0.01827,45.00707,7.146850581244103,2.6623898864695437,0.0
0.81327,0.81338,50.39152,5021.81387,0.05114,45.00789,7.130901908282398,2.656448586156468,0.0
0.86077,0.8609,50.40038,5017.81759,0.0836,45.00876,7.110693372829738,2.6489203749817833,0.0
0.90823,0.90838,50.41346,5013.82562,0.1156,45.00967,7.086331920344957,2.63984509294281,0.0
0.95565,0.95582,50.4307,5009.84035,0.14706,45.01063,7.057939935923593,2.629268331707782,0.0
1.00304,1.00323,50.45201,5005.86416,0.1779,45.01163,7.025654186340113,2.617241040498738,0.0
1.05038,1.05061,50.4773,5001.89935,0.20808,45.01267,6.989624666397409,2.603819096326357,0.0
1.09769,1.09794,50.50647,4997.94813,0.23751,45.01376,6.9500133662412376,2.5890628447821498,0.0
1.14496,1.14524,50.53942,4994.01266,0.26615,45.01489,6.906992976900985,2.573036617818338,0.0
1.19219,1.19251,50.57602,4990.095,0.29393,45.01607,6.8607455514790505,2.5558082350056694,0.0
1.23938,1.23974,50.61617,4986.19712,0.3208,45.01729,6.811461139349682,2.5374484947365525,0.0
1.28653,1.28693,50.65973,4982.32091,0.3467,45.01855,6.7593364102359255,2.518030661657514,0.0
1.33365,1.33409,50.70657,4978.46815,0.3716,45.01986,6.704573284336477,2.4976299563554076,0.0
1.38072,1.38121,50.75655,4974.64052,0.39544,45.02121,6.647377583664749,2.4763230529457325,0.0
1.42776,1.4283,50.80952,4970.83958,0.41818,45.02261,6.587957718592529,2.454187589775587,0.0
1.47476,1.47536,50.86534,4967.0668,0.43979,45.02406,6.5265234222056385,2.431301697937849,0.0
1.52173,1.52238,50.92385,4963.32356,0.46023,45.02554,6.46328454357122,2.40774355173149,0.0
1.56866,1.56937,50.98489,4959.61108,0.47948,45.02708,6.398449909450334,2.3835909446195678,0.0
1.61555,1.61632,51.0483,4955.93052,0.4975,45.02865,6.332226262353759,2.3589208936270705,0.0
1.6624,1.66324,51.11393,4952.2829,0.51427,45.03028,6.264817281183055,2.3338092745039436,0.0
1.70922,1.71013,51.1816,4948.66916,0.52977,45.03194,6.196422689112985,2.30833048938782,0.0
1.756,1.75699,51.25114,4945.09011,0.544,45.03366,6.127237451816177,2.2825571681216084,0.0
1.80275,1.80382,51.32239,4941.54646,0.55692,45.03541,6.057451067662495,2.2565599038340847,0.0
1.84946,1.85061,51.39518,4938.03883,0.56854,45.03722,5.987246950175431,2.230407022888651,0.0
1.89613,1.89737,51.46933,4934.56774,0.57884,45.03907,5.916801901786553,2.2041643888430187,0.0
1.94277,1.9441,51.54468,4931.1336,0.58783,45.04096,5.846285676849725,2.177895239660507,0.0
1.98938,1.99081,51.62105,4927.73674,0.59551,45.0429,5.775860630913599,2.151660057054821,0.0
2.03595,2.03748,51.69827,4924.3774,0.60186,45.04489,5.705681452435453,2.1255164665463937,0.0
2.08249,2.08412,51.77617,4921.05574,0.60691,45.04692,5.635894972465609,2.0995191665648294,0.0
2.12899,2.13074,51.85459,4917.77182,0.61066,45.049,5.566640047299222,2.073719884733601,0.0
2.17547,2.17732,51.93335,4914.52564,0.61311,45.05113,5.498047508714462,2.0481673593324685,0.0
2.22191,2.22388,52.0123,4911.31712,0.61428,45.0533,5.430240176135044,2.0229073438283396,0.0
2.26831,2.27041,52.09126,4908.14611,0.61419,45.05552,5.363332924911288,1.9979826323117602,0.0
2.31469,2.31691,52.17008,4905.0124,0.61285,45.05778,5.297432804865017,1.973433103658011,0.0
2.36103,2.36339,52.2486,4901.91571,0.61027,45.0601,5.2326392032868325,1.949295782247876,0.0
2.40734,2.40984,52.32666,4898.8557,0.60649,45.06246,5.169044046681934,1.925604913123276,0.0
2.45362,2.45626,52.40412,4895.83198,0.60151,45.06486,5.106732035771246,1.9023920495313638,0.0
2.49987,2.50266,52.48081,4892.84412,0.59536,45.06732,5.045780908461036,1.8796861508876324,0.0
2.54611,2.54901,52.55545,4889.89372,0.57032,45.01678,4.987062893848351,1.8578121454804604,-36.999999368848044
2.59236,2.5953,52.62679,4886.98173,0.54438,44.96686,4.931396740760542,1.8370750387906145,-36.999999368848044
2.63862,2.64152,52.69471,4884.10667,0.51757,44.91753,4.878765776940515,1.8174686199636534,-36.999999368848044
2.6849,2.68767,52.75911,4881.26707,0.48994,44.86876,4.829153125882394,1.7989866020570902,-36.999999368848044
2.73119,2.73376,52.8199,4878.46143,0.46153,44.82052,4.7825408057466845,1.781622286362583,-36.999999368848044
2.77749,2.77979,52.87697,4875.68829,0.43239,44.77277,4.738910122984667,1.765368709041377,-36.999999368848044
2.8238,2.82575,52.93025,4872.94616,0.40255,44.7255,4.698242033487719,1.7502187756619298,-36.999999368848044
2.87013,2.87165,52.97965,4870.23356,0.37205,44.67866,4.660517472766459,1.7361653842003297,-36.999999368848044
2.91646,2.91749,53.0251,4867.54901,0.34095,44.63223,4.625717656706341,1.723201537079668,-36.999999368848044
2.96281,2.96327,53.06653,4864.89104,0.30927,44.58617,4.5938243544202635,1.7113204428148165,-36.999999368848044
3.00916,3.00899,53.10386,4862.25815,0.27707,44.54047,4.564820134705381,1.7005156078240733,-36.999999368848044
3.05553,3.05465,53.13705,4859.64888,0.24438,44.49507,4.538688587532558,1.6907809189398102,-36.999999368848044
3.10191,3.10025,53.16603,4857.06173,0.21125,44.44997,4.515414521975226,1.682110717142184,-36.999999368848044
3.1483,3.14579,53.19075,4854.49523,0.1777,44.40512,4.494984141839557,1.6744998629859933,-36.999999368848044
3.19471,3.19127,53.21118,4851.94788,0.14379,44.36049,4.477385200217731,1.6679437941758408,-36.999999368848044
3.24112,3.2367,53.22727,4849.41818,0.10956,44.31607,4.4626071340447995,1.6624385756921005,-36.999999368848044
3.28754,3.28206,53.23899,4846.90466,0.07503,44.27181,4.450641179645441,1.657980942835131,-36.999999368848044
3.33398,3.32737,53.2463,4844.4058,0.04027,44.22768,4.441480470122245,1.6545683375049665,-36.999999368848044
3.38042,3.37263,53.24919,4841.92009,0.00529,44.18367,4.435120115327735,1.6521989379930053,-36.999999368848044
3.42688,3.41782,53.24764,4839.44602,-0.02985,44.13973,4.4315572650220325,1.6508716825098975,-36.999999368848044
3.47335,3.46296,53.24163,4836.98206,-0.06512,44.09584,4.430791155680758,1.6505862866227228,-36.999999368848044
3.51982,3.50805,53.23115,4834.52668,-0.10047,44.05197,4.432823141307505,1.6513432547334455,-36.999999368848044
3.56631,3.55307,53.21619,4832.07832,-0.13587,44.00808,4.437656708435895,1.6531438856675766,-36.999999368848044
3.61281,3.59804,53.19677,4829.63543,-0.17128,43.96416,4.445297475394481,1.6559902724003277,-36.999999368848044
3.65932,3.64296,53.17288,4827.19644,-0.20665,43.92016,4.455753175760618,1.6598852958927472,-36.999999368848044
3.70585,3.68782,53.14454,4824.75975,-0.24196,43.87606,4.469033625788998,1.6648326129579893,-36.999999368848044
3.75238,3.73262,53.11177,4822.32376,-0.27714,43.83182,4.485150675472138,1.6708366380300577,-36.999999368848044
3.79892,3.77737,53.07457,4819.88685,-0.31218,43.78742,4.504118142749429,1.6779025186549485,-36.999999368848044
3.84548,3.82206,53.03299,4817.44738,-0.34702,43.74283,4.525951730247747,1.6860361044743333,-36.999999368848044
3.89205,3.86669,52.98705,4815.00369,-0.38163,43.69801,4.55066892381558,1.6952439094268548,-36.999999368848044
3.93862,3.91127,52.93679,4812.55409,-0.41595,43.65293,4.578288871974752,1.7055330668407196,-36.999999368848044
3.98521,3.95579,52.88226,4810.09688,-0.44997,43.60756,4.608832245303387,1.7169112770501551,-36.999999368848044
4.03181,4.00025,52.82348,4807.63034,-0.48362,43.56187,4.642321074649871,1.7293867471258513,-36.999999368848044
4.07843,4.04466,52.76054,4805.15272,-0.51687,43.51582,4.678778566959003,1.7429681222653575,-36.999999368848044
4.12505,4.089,52.69346,4802.66225,-0.54967,43.46938,4.71822889743119,1.7576644083669128,-36.999999368848044
4.17169,4.13329,52.62234,4800.15713,-0.58199,43.42253,4.760696976600007,1.7734848852597107,-36.999999368848044
4.21834,4.17752,52.54722,4797.63555,-0.61378,43.37522,4.8062081909071415,1.7904390100612353,-36.999999368848044
4.265,4.22169,52.46818,4795.09564,-0.645,43.32743,4.8547881152541015,1.8085363100952156,-36.999999368848044
4.31167,4.26581,52.38531,4792.53555,-0.6756,43.27911,4.906462196021253,1.8277862648078727,-36.999999368848044
4.35836,4.30986,52.29868,4789.95337,-0.70553,43.23023,4.961255403018645,1.8481981761104445,-36.999999368848044
4.40506,4.35385,52.20839,4787.34719,-0.73476,43.18076,5.019191848874765,1.869781026591484,-36.999999368848044
4.45177,4.39778,52.11454,4784.71505,-0.76324,43.13067,5.080294374422287,1.8925433250621417,-36.999999368848044
4.4985,4.44164,52.01722,4782.05499,-0.79093,43.07991,5.144584098754605,1.9164929389403826,-36.999999368848044
4.54523,4.48545,51.91654,4779.36501,-0.81777,43.02845,5.212079932761459,1.941636913030211,-36.999999368848044
4.59198,4.52918,51.81262,4776.6431,-0.84372,42.97626,5.282798055139951,1.9679812743219838,-36.999999368848044
4.63875,4.57286,51.70557,4773.88722,-0.86874,42.9233,5.356751350155454,1.9955308225435584,-36.999999368848044
4.68553,4.61647,51.59552,4771.09533,-0.89278,42.86952,5.433948806708535,2.0242889062969076,-36.999999368848044
4.73232,4.66001,51.4826,4768.26535,-0.9158,42.81491,5.514394878657193,2.0542571847613256,-36.999999368848044
4.77913,4.70348,51.36693,4765.3952,-0.93774,42.7594,5.598088806803966,2.085435375115781,-36.999999368848044
4.82595,4.74689,51.24867,4762.4828,-0.95856,42.70298,5.685023903466612,2.117820986022675,-36.999999368848044
4.87279,4.79023,51.12797,4759.52605,-0.97822,42.64561,5.775186801176296,2.1514090377481474,-36.999999368848044
4.91964,4.83349,51.00496,4756.52285,-0.99666,42.58723,5.868556667744858,2.1861917697539814,-36.999999368848044
4.96651,4.87668,50.87981,4753.4711,-1.01385,42.52783,5.965104390722348,2.222158336886575,-36.999999368848044
5.01339,4.9198,50.75269,4750.36872,-1.02973,42.46736,6.064791735140045,2.259294495614058,-36.999999368848044
5.06028,4.96285,50.62376,4747.21363,-1.04427,42.40578,6.167570479394173,2.297582282120236,-36.999999368848044
5.1072,5.00581,50.49319,4744.00377,-1.05741,42.34306,6.273381535176295,2.33699968445551,-36.999999368848044
5.15413,5.0487,50.36118,4740.7371,-1.06912,42.27917,6.38215405845738,2.3775203113550476,-36.999999368848044
5.20107,5.09152,50.22789,4737.41164,-1.07935,42.21406,6.493804559728548,2.419113060780049,-36.999999368848044
5.24803,5.13425,50.09352,4734.02541,-1.08806,42.14771,6.608236022939299,2.461741791699058,-36.999999368848044
5.29501,5.1769,49.95827,4730.57651,-1.09522,42.08008,6.725337043815109,2.5053650030885906,-36.999999368848044
5.34201,5.21946,49.82233,4727.06307,-1.10078,42.01114,6.844980999540928,2.5499355246183937,-36.999999368848044
5.38902,5.26194,49.6859,4723.48332,-1.1047,41.94086,6.967025263038069,2.595400223948913,-36.999999368848044
5.43605,5.30434,49.5492,4719.83553,-1.10696,41.86921,7.091310476249543,2.6416997360109575,-36.999999368848044
5.4831,5.34664,49.41243,4716.11807,-1.10752,41.79616,7.217659897998484,2.6887682200658034,-36.999999368848044
5.53016,5.38886,49.2758,4712.32941,-1.10636,41.72169,7.345878842933232,2.736533150697478,-36.999999368848044
5.57724,5.43098,49.13954,4708.46813,-1.10344,41.64577,7.475754228894098,2.784915149194968,-36.999999368848044
5.62434,5.47301,49.00386,4704.53292,-1.09874,41.56838,7.607054250595079,2.8338278619900734,-36.999999368848044
5.67146,5.51494,48.86898,4700.52259,-1.09225,41.48951,7.739528197833506,2.8831778929357172,-36.999999368848044
5.7186,5.55678,48.73512,4696.43611,-1.08395,41.40913,7.8729064363869,2.9328647961895227,-36.999999368848044
5.76576,5.59852,48.60252,4692.27259,-1.07382,41.32724,8.006900569346225,2.9827811363146943,-36.999999368848044
5.81293,5.64015,48.47139,4688.03131,-1.06186,41.24383,8.141203795778317,3.0328126218912113,-36.999999368848044
5.86012,5.68168,48.34196,4683.71172,-1.04806,41.15888,8.275491482308368,3.082838318445337,-36.999999368848044
5.90734,5.72311,48.21445,4679.31347,-1.03243,41.0724,8.409421961374347,3.1327309458204025,-36.999999368848044
5.95457,5.76443,48.08909,4674.83638,-1.01498,40.98438,8.542637567549594,3.182357264234233,-36.999999368848044
6.00182,5.80564,47.9661,4670.28049,-0.9957,40.89483,8.674765920446974,3.2315785521947022,-36.999999368848044
6.04909,5.84674,47.84569,4665.64607,-0.97463,40.80377,8.805421459298216,3.2802511781709156,-36.999999368848044
6.09638,5.88773,47.72809,4660.93358,-0.95178,40.71119,8.934207230360098,3.3282272664490398,-36.999999368848044
6.14369,5.92861,47.6135,4656.14376,-0.92719,40.61713,9.060716923907751,3.375355455965912,-36.999999368848044
6.19101,5.96936,47.50212,4651.27753,-0.90088,40.5216,9.184537152845945,3.4214817491516856,-36.999999368848044
6.23836,6.01,47.39417,4646.3361,-0.87291,40.42463,9.305249959810551,3.466450445891107,-36.999999368848044
6.28573,6.05052,47.28983,4641.32089,-0.84331,40.32625,9.422435534430678,3.510105155775141,-36.999999368848044
6.33311,6.09092,47.1893,4636.23359,-0.81214,40.2265,9.535675117013263,3.5522898797998903,-36.999999368848044
6.38052,6.13119,47.09275,4631.07614,-0.77945,40.12542,9.644554059751872,3.59285015074742,-36.999999368848044
6.42794,6.17134,47.00036,4625.8507,-0.74533,40.02305,9.748665011441844,3.6316342195759375,-36.999999368848044
6.47538,6.21136,46.91228,4620.55969,-0.70983,39.91944,9.847611187181164,3.668494273469403,-36.999999368848044
6.52284,6.25125,46.82868,4615.20577,-0.67303,39.81466,9.941009680450376,3.703287669674443,-36.999999368848044
6.57032,6.29102,46.74969,4609.79183,-0.63502,39.70875,10.028494771679446,3.7358781680285578,-36.999999368848044
6.61782,6.33065,46.67545,4604.32096,-0.59589,39.60179,10.109721185050045,3.7661371442046665,-36.999999368848044
6.66533,6.37015,46.60608,4598.79649,-0.55572,39.49384,10.184367243832027,3.793944765156966,-36.999999368848044
6.71287,6.40952,46.54167,4593.22192,-0.51463,39.38497,10.252137874342198,3.8191911081746115,-36.999999368848044
6.76042,6.44875,46.48234,4587.60095,-0.47271,39.27526,10.312767409457312,3.8417772052640693,-36.999999368848044
6.80794,6.48789,46.43049,4581.93314,-0.39105,39.28143,10.362588400840533,3.8603368354234964,0.0
6.85541,6.527,46.38855,4576.22073,-0.30865,39.28763,10.397933388132786,3.8735037731724473,0.0
6.90281,6.56606,46.35655,4570.47172,-0.22579,39.29386,10.41861164203421,3.8812069668283318,0.0
6.95015,6.60509,46.33451,4564.69425,-0.14274,39.30011,10.424550534233674,3.8834193604342917,0.0
6.99742,6.64408,46.32242,4558.89654,-0.05978,39.30638,10.415789442242104,3.8801556231492267,0.0
7.04463,6.68302,46.32022,4553.08683,0.02282,39.31268,10.39247857043575,3.87147171005541,0.0
7.09178,6.72193,46.32783,4547.27329,0.10478,39.319,10.35487595133574,3.8574637450562017,0.0
7.13886,6.76079,46.34512,4541.46401,0.18584,39.32534,10.303342723940602,3.838266261930695,0.0
7.18587,6.79962,46.37196,4535.66693,0.26574,39.3317,10.238336833144967,3.8140498572013954,0.0
7.23283,6.8384,46.40817,4529.88974,0.34422,39.33809,10.16040533497867,3.785018323633324,0.0
7.27971,6.87714,46.45353,4524.13989,0.42104,39.34451,10.07017552497188,3.7514053453166114,0.0
7.32653,6.91585,46.50782,4518.4245,0.49597,39.35094,9.968345130437308,3.713470844033551,0.0
7.37329,6.95451,46.57078,4512.75037,0.56879,39.3574,9.855671821335452,3.6714970717799247,0.0
7.41999,6.99313,46.64212,4507.12388,0.63931,39.36389,9.732962298603514,3.6257845458804194,0.0
7.46662,7.03172,46.72154,4501.55102,0.70732,39.3704,9.601061213965577,3.57664792132638,0.0
7.51318,7.07026,46.80872,4496.03734,0.77267,39.37693,9.460840162117004,3.524411890074866,0.0
7.55969,7.10877,46.90332,4490.58793,0.8352,39.38349,9.313186966121458,3.469407189577125,0.0
7.60613,7.14723,47.00497,4485.20745,0.89476,39.39007,9.158995451234464,3.4119667932587943,0.0
7.65251,7.18566,47.11331,4479.90005,0.95123,39.39669,8.999155872800536,3.3524223446597348,0.0
7.69884,7.22406,47.22796,4474.66945,1.00451,39.40332,8.834546131920336,3.2911008850389116,0.0
7.7451,7.26241,47.34852,4469.51889,1.05451,39.40999,8.666023879754846,3.228321912019951,0.0
7.7913,7.30073,47.47459,4464.45117,1.10116,39.41668,8.494419578989065,3.164394794803802,0.0
7.83745,7.33902,47.60577,4459.46864,1.1444,39.4234,8.320530560292118,3.0996165600437475,0.0
7.88353,7.37727,47.74165,4454.57324,1.18418,39.43015,8.14511608343789,3.034270051982885,0.0
7.92956,7.41549,47.88181,4449.76649,1.22048,39.43694,7.968893387873849,2.968622461187104,0.0
7.97554,7.45368,48.02585,4445.04955,1.25329,39.44375,7.792534696318977,2.902924208306469,0.0
8.02146,7.49183,48.17335,4440.4232,1.28259,39.45059,7.616665117632098,2.837408162838494,0.0
8.06733,7.52996,48.32389,4435.88789,1.30841,39.45746,7.441861381843128,2.7722891718940055,0.0
8.11315,7.56805,48.47708,4431.44375,1.33077,39.46436,7.268651330565041,2.707763870362184,0.0
8.15891,7.60612,48.63251,4427.09063,1.34968,39.4713,7.097514079915456,2.644010741603146,0.0
8.20463,7.64415,48.78978,4422.82812,1.3652,39.47827,6.928880770101366,2.581190396687979,0.0
8.25029,7.68216,48.9485,4418.65557,1.37738,39.48527,6.763135815525105,2.5194460400961027,0.0
8.29591,7.72015,49.10829,4414.57209,1.38626,39.49231,6.600618571292412,2.4589040905333768,0.0
8.34147,7.7581,49.26877,4410.57664,1.39191,39.49938,6.44162533582792,2.3996749269590567,0.0
8.387,7.79604,49.42958,4406.66797,1.3944,39.50649,6.286411614487732,2.341853731841041,0.0
8.43247,7.83394,49.59036,4402.84471,1.3938,39.51364,6.135194575275448,2.285521405974705,0.0
8.4779,7.87183,49.75075,4399.10534,1.39018,39.52082,5.988155634548502,2.230745531726545,0.0
8.52329,7.90969,49.91043,4395.44823,1.38364,39.52804,5.845443117772762,2.1775813642352744,0.0
8.56863,7.94753,50.06905,4391.87167,1.37424,39.53529,5.707174947532856,2.126072832766397,0.0
8.61393,7.98535,50.22631,4388.37386,1.36208,39.54259,5.5734413180668065,2.07625353704673,0.0
8.6592,8.02315,50.38189,4384.95292,1.34724,39.54992,5.444307322294543,2.0281477259016447,0.0
8.70442,8.06093,50.5355,4381.60694,1.32982,39.55729,5.319815503617198,1.9817712478674463,0.0
8.7496,8.0987,50.68686,4378.33397,1.3099,39.5647,5.199988310507216,1.937132465590776,0.0
8.79474,8.13644,50.83568,4375.13201,1.28757,39.57215,5.084830437138721,1.8942331277750062,0.0
8.83984,8.17417,50.98171,4371.99906,1.26292,39.57964,4.9743310379250145,1.8530691941537272,0.0
8.88491,8.21188,51.12468,4368.93309,1.23605,39.58718,4.868465807851469,1.813631610469486,0.0
8.92994,8.24957,51.26436,4365.93207,1.20704,39.59475,4.767198923991281,1.7759070317394918,0.0
8.97493,8.28725,51.40051,4362.99398,1.17598,39.60237,4.670484846489363,1.7398784931694977,0.0
9.01989,8.32491,51.53292,4360.11679,1.14296,39.61002,4.578269979750679,1.705526028990168,0.0
9.06481,8.36256,51.66136,4357.29848,1.10807,39.61772,4.49049419654757,1.6728272402271578,0.0
9.1097,8.4002,51.78564,4354.53706,1.0714,39.62547,4.4070922293016475,1.6417578129902228,0.0
9.15455,8.43782,51.90557,4351.83054,1.03302,39.63325,4.327994934016294,1.6122919893213359,0.0
9.19938,8.47543,52.02095,4349.17695,0.99303,39.64108,4.25313043321488,1.5844029929692423,0.0
9.24417,8.51303,52.13163,4346.57435,0.95151,39.64895,4.182425144843891,1.5580634126829471,0.0
9.28892,8.55062,52.23744,4344.02081,0.90853,39.65687,4.115804704480106,1.533245545758155,0.0
9.33365,8.5882,52.33822,4341.51443,0.86418,39.66483,4.053194788370901,1.5099217046414384,0.0
9.37835,8.62576,52.43383,4339.05331,0.81853,39.67283,3.994521844860097,1.488064489405609,0.0
9.42301,8.66332,52.52414,4336.6356,0.77168,39.68088,3.939713741634093,1.4676470288659358,0.0
9.46765,8.70086,52.60901,4334.25946,0.72368,39.68898,3.888700336033027,1.4486431930360553,0.0
9.51225,8.7384,52.68833,4331.92305,0.67461,39.69712,3.841413975382177,1.4310277795145854,0.0
9.55683,8.77593,52.76198,4329.62458,0.62456,39.7053,3.7977899339328287,1.4147766762570921,0.0
9.60138,8.81345,52.82988,4327.36225,0.57358,39.71353,3.757766792632088,1.3998670030503404,0.0
9.6459,8.85096,52.89191,4325.1343,0.52176,39.72181,3.7212867675188197,1.3862772338484197,0.0
9.69039,8.88847,52.94801,4322.93896,0.46916,39.73013,3.688295992071862,1.3739873019548838,0.0
9.73485,8.92596,52.99808,4320.77449,0.41585,39.7385,3.6587447584388846,1.3629786898868472,0.0
9.77929,8.96345,53.04207,4318.63914,0.3619,39.74691,3.632587721974782,1.3532345055709192,0.0
9.8237,9.00093,53.0799,4316.53119,0.30738,39.75537,3.6097840730877393,1.3447395463603826,0.0
9.86808,9.03841,53.11152,4314.44891,0.25235,39.76387,3.590297679947504,1.3374803521977843,0.0
9.91243,9.07588,53.13689,4312.39056,0.19688,39.77243,3.574097205157727,1.3314452490784463,0.0
9.95676,9.11334,53.15596,4310.35443,0.14104,39.78102,3.5611561990916116,1.326624383820456,0.0
10.00106,9.1508,53.16871,4308.33879,0.08489,39.78967,3.5514531721479377,1.3230097509819339,0.0
10.04534,9.18826,53.1751,4306.3419,0.02849,39.79836,3.544971647784654,1.320595212617441,0.0
10.08959,9.2257,53.17513,4304.36201,-0.02808,39.8071,3.5417001978000675,1.3193765114211524,0.0
10.13381,9.26315,53.16877,4302.39738,-0.08478,39.81588,3.5416324609320045,1.3193512776555352,0.0
10.17801,9.30058,53.15603,4300.44624,-0.14152,39.82471,3.5447671454581577,1.3205190301200411,0.0
10.22218,9.33802,53.13691,4298.50679,-0.19825,39.83359,3.5511080161170314,1.3228811712788195,0.0
10.26633,9.37544,53.11142,4296.57725,-0.2549,39.84251,3.5606638652854126,1.326440976523565,0.0
10.31045,9.41287,53.07957,4294.65576,-0.31141,39.85148,3.5734484679765504,1.3312035774091555,0.0
10.35455,9.45029,53.0414,4292.7405,-0.36771,39.86049,3.589480519862464,1.337175938565331,0.0
10.39862,9.4877,52.99694,4290.82956,-0.42373,39.86956,3.6087835571359115,1.3443668278431677,0.0
10.44266,9.52511,52.94622,4288.92105,-0.47942,39.87866,3.63138585665753,1.352786779117263,0.0
10.48668,9.56252,52.88929,4287.01301,-0.53471,39.88782,3.6573203144703306,1.3624480470291844,0.0
10.53067,9.59992,52.82621,4285.10346,-0.58952,39.89702,3.686624300353172,1.373364552804815,0.0
10.57464,9.63732,52.75705,4283.19038,-0.64378,39.90627,3.7193394857244324,1.3855518201439425,0.0
10.61859,9.67471,52.68186,4281.27171,-0.69744,39.91556,3.7555116417983876,1.3990269000281974,0.0
10.6625,9.7121,52.60074,4279.34534,-0.75042,39.92489,3.7951904045298113,1.4138082831567331,0.0
10.70639,9.74949,52.51375,4277.40911,-0.80265,39.93428,3.838429002465368,1.4299157985637094,0.0
10.75026,9.78687,52.42101,4275.46082,-0.85405,39.94371,3.8852839432586355,1.4473704968368908,0.0
10.7941,9.82424,52.32261,4273.49822,-0.90456,39.95318,3.9358146542377317,1.4661945162196275,0.0
10.83791,9.86162,52.21865,4271.519,-0.95409,39.9627,3.990083072026735,1.4864109297340393,0.0
10.8817,9.89899,52.10927,4269.5208,-1.00258,39.97226,4.048153175938271,1.5080435713574767,0.0
10.92546,9.93635,51.99458,4267.50121,-1.04995,39.98187,4.1100904595254715,1.53111683916172,0.0
10.96919,9.97371,51.87472,4265.45774,-1.09611,39.99152,4.175961334462929,1.5556554732429517,0.0
11.0129,10.01106,51.74984,4263.38788,-1.14098,40.00122,4.2458324607368265,1.5816843061999553,0.0
11.05658,10.04841,51.62009,4261.28904,-1.1845,40.01096,4.319769997023474,1.6092279838803938,0.0
11.10023,10.08576,51.48563,4259.15856,-1.22657,40.02074,4.39783876516249,1.6383106541250918,0.0
11.14385,10.12309,51.34663,4256.99375,-1.2671,40.03056,4.480101322734724,1.6689556212789045,0.0
11.18745,10.16043,51.20328,4254.79185,-1.30602,40.04043,4.566616938060794,1.7011849643507062,0.0
11.23101,10.19776,51.05577,4252.55005,-1.34324,40.05034,4.657440462393268,1.7350191168753006,0.0
11.27455,10.23508,50.90429,4250.2655,-1.37867,40.06029,4.7526210947345096,1.7704764067755727,0.0
11.31806,10.27239,50.74905,4247.93527,-1.41222,40.07029,4.8522010356527385,1.8075725548735468,0.0
11.36153,10.3097,50.59029,4245.55641,-1.4438,40.08032,4.956214027652935,1.8463201311401487,0.0
11.40498,10.347,50.42821,4243.12594,-1.47332,40.0904,5.064683781148419,1.8867279683281968,0.0
11.4484,10.38429,50.26308,4240.64083,-1.50069,40.10051,5.177622286952404,1.9288005333311111,0.0
11.49178,10.42158,50.09512,4238.09802,-1.52583,40.11067,5.295028018429383,1.972537257436998,0.0
11.53513,10.45885,49.92462,4235.49445,-1.54863,40.12086,5.416884029041732,2.017931827614701,0.0
11.57845,10.49612,49.75182,4232.82703,-1.56901,40.13109,5.54315595412576,2.064971442122807,0.0
11.62174,10.53338,49.57701,4230.0927,-1.58688,40.14137,5.673789929129675,2.1136360349985113,0.0
11.66499,10.57062,49.40049,4227.28838,-1.60215,40.15167,5.808710440529262,2.163897475467165,0.0
11.70821,10.60786,49.22254,4224.41105,-1.61473,40.16202,5.94781812986686,2.2157187498890094,0.0
11.75139,10.64509,49.04348,4221.45769,-1.62454,40.1724,6.090987576074825,2.269053135616321,0.0
11.79453,10.6823,48.86362,4218.42538,-1.63149,40.18282,6.238065086199442,2.323843377979935,0.0
11.83764,10.71951,48.68328,4215.31125,-1.63551,40.19327,6.388866529842256,2.3800208835616647,0.0
11.88071,10.75669,48.5028,4212.11253,-1.63652,40.20376,6.54317525790006,2.4375049448701867,0.0
11.92374,10.79387,48.32251,4208.82654,-1.63445,40.21428,6.700740151439787,2.496202013495594,0.0
11.96674,10.83103,48.14277,4205.45077,-1.62924,40.22483,6.861273851504838,2.556005040665686,0.0
12.00969,10.86818,47.96393,4201.98283,-1.62081,40.23541,7.024451225180209,2.6167929058148607,0.0
12.0526,10.90531,47.78634,4198.42054,-1.60913,40.24603,7.1899081270936405,2.678429955210711,0.0
12.09547,10.94242,47.61036,4194.76189,-1.59414,40.25668,7.357240518310056,2.740765673719017,0.0
12.13829,10.97952,47.43637,4191.00512,-1.57581,40.26735,7.526004006208526,2.8036345133958065,0.0
12.18108,11.0166,47.26473,4187.14872,-1.55411,40.27806,7.695713868865247,2.866855902570664,0.0
12.22381,11.05366,47.09582,4183.19143,-1.52902,40.28879,7.865845625632594,2.9302344584024316,0.0
12.2665,11.0907,46.92999,4179.13233,-1.50054,40.29955,8.035836211569698,2.9935604243855063,0.0
12.30915,11.12772,46.76763,4174.97079,-1.46866,40.31034,8.205085807003252,3.0566103519093746,0.0
12.35174,11.16471,46.6091,4170.70655,-1.43341,40.32116,8.372960364593066,3.1191480416570254,0.0
12.39429,11.20169,46.45476,4166.3397,-1.39482,40.33199,8.538794864726142,3.1809257563249007,0.0
12.43678,11.23864,46.30497,4161.87074,-1.35293,40.34286,8.701897315972206,3.2416857108978316,0.0
12.47923,11.27556,46.16008,4157.30056,-1.30779,40.35374,8.861553500725499,3.3011618405254755,0.0
12.52162,11.31247,46.02043,4152.63048,-1.25949,40.36465,9.017032447479009,3.3590818390884536,0.0
12.56396,11.34934,45.88636,4147.86224,-1.20811,40.37558,9.167592590709427,3.4151694539175717,0.0
12.6062,11.38624,45.75488,4143.00491,-1.21464,40.52672,9.316847643484229,3.470770888212975,46.99999919826643
12.6483,11.42322,45.62296,4138.06487,-1.21917,40.68035,9.468705511818381,3.527341939788436,46.99999919826643
12.69025,11.46028,45.49082,4133.0402,-1.22166,40.83654,9.622917223770562,3.584789860044965,46.99999919826643
12.73204,11.49742,45.35868,4127.92915,-1.22208,40.99533,9.77919673953845,3.643008091630038,46.99999919826643
12.77369,11.53463,45.22678,4122.73012,-1.2204,41.15674,9.937234590704803,3.7018813494156277,46.99999919826643
12.81518,11.57193,45.09534,4117.44169,-1.2166,41.32082,10.096697781241668,3.7612855836196686,46.99999919826643
12.85651,11.60931,44.96459,4112.0626,-1.21064,41.4876,10.257229914092092,3.8210880269610765,46.99999919826643
12.89768,11.64677,44.83477,4106.59183,-1.20252,41.65709,10.418451565673255,3.881147334172014,46.99999919826643
12.93869,11.68431,44.70612,4101.02855,-1.19222,41.82932,10.579960929088072,3.9413138216111414,46.99999919826643
12.97954,11.72194,44.57887,4095.37216,-1.17974,42.0043,10.741334744547475,4.001429813870395,46.99999919826643
13.02021,11.75965,44.45324,4089.62232,-1.16508,42.18203,10.902129532589838,4.061330103181674,46.99999919826643
13.06071,11.79744,44.32948,4083.7789,-1.14825,42.36252,11.06188314201629,4.120842526063466,46.99999919826643
13.10104,11.83532,44.20781,4077.8421,-1.12926,42.54574,11.220116620037931,4.179788659999905,46.99999919826643
13.14119,11.87328,44.08846,4071.81234,-1.10813,42.73169,11.376336407157163,4.237984641091797,46.99999919826643
13.18116,11.91133,43.97164,4065.69035,-1.0849,42.92035,11.530036853537066,4.295242101470446,46.99999919826643
13.22095,11.94946,43.85759,4059.47715,-1.05959,43.11168,11.680703047467206,4.351369222975572,46.99999919826643
13.26056,11.98768,43.74651,4053.17407,-1.03225,43.30564,11.827813939841699,4.406171901105604,46.99999919826643
13.29997,12.02598,43.6386,4046.78272,-1.00292,43.50219,11.970845741737945,4.459455010705161,46.99999919826643
13.3392,12.06437,43.53408,4040.30503,-0.97168,43.70127,12.109275565051885,4.511023762197464,46.99999919826643
13.37823,12.10285,43.43312,4033.74325,-0.93857,43.90281,12.242585269384703,4.5606851346508614,46.99999919826643
13.41707,12.14141,43.33591,4027.09991,-0.90368,44.10674,12.370265471635005,4.608249369457407,46.99999919826643
13.45571,12.18005,43.24263,4020.37785,-0.86709,44.31299,12.491819668806183,4.6535315061870834,46.99999919826643
13.49415,12.21878,43.15344,4013.58022,-0.82888,44.52146,12.606768419128391,4.696352940165753,46.99999919826643
13.53239,12.2576,43.0685,4006.71043,-0.78916,44.73205,12.714653522318255,4.736542979731883,46.99999919826643
13.57042,12.2965,42.98794,3999.77217,-0.74801,44.94467,12.815042136615329,4.773940379940954,46.99999919826643
13.60825,12.33549,42.91189,3992.76941,-0.70555,45.1592,12.907530768435855,4.808394828816462,46.99999919826643
13.64587,12.37456,42.84047,3985.70634,-0.6619,45.37553,12.991749070142532,4.839768362119081,46.99999919826643
13.68328,12.41372,42.77379,3978.5874,-0.61718,45.59352,13.067363382652161,4.867936683061218,46.99999919826643
13.72047,12.45295,42.71193,3971.41721,-0.5715,45.81305,13.134079962458955,4.892790364458111,46.99999919826643
13.75746,12.49227,42.65498,3964.2006,-0.52501,46.03398,13.191647837086565,4.914235912458839,46.99999919826643
13.79423,12.53168,42.60298,3956.94254,-0.47783,46.25618,13.239861238863675,4.932196673191761,46.99999919826643
13.83078,12.57116,42.55599,3949.64816,-0.43011,46.4795,13.278561574276829,4.946613566400269,46.99999919826643
13.86712,12.61072,42.51404,3942.32268,-0.38198,46.7038,13.307638894567177,4.957445633278766,46.99999919826643
13.90323,12.65036,42.47715,3934.97141,-0.33358,46.92891,13.327032842695742,4.9646703892421415,46.99999919826643
13.93913,12.69009,42.44531,3927.59971,-0.28506,47.1547,13.336733061845527,4.968283976103564,46.99999919826643
13.97481,12.72988,42.41852,3920.21299,-0.23656,47.38101,13.336779061117225,4.968301112042586,46.99999919826643
14.01028,12.76976,42.39674,3912.81664,-0.18823,47.60769,13.327259544505466,4.964754841631149,46.99999919826643
14.04552,12.80971,42.37994,3905.41602,-0.14021,47.83459,13.308311219559338,4.95769609202828,46.99999919826643
14.08054,12.84973,42.36805,3898.01646,-0.09263,48.06155,13.280117111766453,4.94719304504381,46.99999919826643
14.11534,12.88983,42.36101,3890.62319,-0.04564,48.28844,13.24290441955012,4.933330338068364,46.99999919826643
14.14992,12.93,42.35872,3883.24133,0.00062,48.5151,13.196941952553217,4.916208109766728,46.99999919826643
14.18428,12.97023,42.3611,3875.87591,0.04603,48.74139,13.142537202434081,4.895940908872222,46.99999919826643
14.21842,13.01054,42.36802,3868.53176,0.09045,48.96719,13.080033100471223,4.8726564863091575,46.99999919826643
14.25235,13.05092,42.37938,3861.21359,0.13377,49.19234,13.009804519949057,4.846494492239488,46.99999919826643
14.28605,13.09136,42.39502,3853.92589,0.17587,49.41674,12.932254583434329,4.8176051004261184,46.99999919826643
14.31954,13.13186,42.41481,3846.67296,0.21663,49.64025,12.847810835592085,4.786147582506157,46.99999919826643
14.35282,13.17243,42.4386,3839.45888,0.25594,49.86277,12.756921341564034,4.752288854534193,46.99999919826643
14.38588,13.21306,42.46621,3832.28749,0.29372,50.08418,12.660050768665613,4.716202017311359,46.99999919826643
14.41872,13.25376,42.49748,3825.16243,0.32986,50.30438,12.557676506064452,4.678064910863464,46.99999919826643
14.45135,13.29451,42.53221,3818.08704,0.36429,50.52328,12.450284872755418,4.638058701811918,46.99999919826643
14.48378,13.33532,42.57024,3811.06444,0.39692,50.7408,12.338367459217533,4.59636652054468,46.99999919826643
14.51599,13.37619,42.61135,3804.09749,0.42768,50.95685,12.222417642515895,4.55317216300003,46.99999919826643
14.54799,13.41711,42.65536,3797.18878,0.4565,51.17136,12.102927308575643,4.508658869627383,46.99999919826643
14.57979,13.45809,42.70204,3790.34067,0.48334,51.38427,11.980383809244746,4.4630081918131035,46.99999919826643
14.61139,13.49912,42.75121,3783.55522,0.50814,51.59552,11.855267175513536,4.416398953731468,46.99999919826643
14.64278,13.5402,42.80264,3776.83427,0.53085,51.80507,11.728047602202004,4.369006315324491,46.99999919826643
14.67397,13.58133,42.85611,3770.17939,0.55146,52.01287,11.599183213658716,4.321000939965992,46.99999919826643
14.70497,13.62252,42.91142,3763.59193,0.56991,52.21889,11.469118114617341,4.2725482683543605,46.99999919826643
14.73576,13.66375,42.96835,3757.07298,0.58621,52.42311,11.3382807254392,4.223807898346608,46.99999919826643
14.76637,13.70502,43.02667,3750.6234,0.60032,52.62549,11.207082396614329,4.174933068823554,46.99999919826643
14.79677,13.74634,43.08616,3744.24385,0.61224,52.82604,11.0759162935992,4.126070244262542,46.99999919826643
14.82699,13.78771,43.14662,3737.93475,0.62198,53.02474,10.94515653987736,4.077358795504972,46.99999919826643
14.85702,13.82912,43.20782,3731.69633,0.62953,53.2216,10.815157603509126,4.028930771229931,46.99999919826643
14.88686,13.87057,43.26955,3725.52862,0.6349,53.41661,10.68625391050588,3.980910753925934,46.99999919826643
14.91652,13.91207,43.3316,3719.43149,0.6381,53.6098,10.55875966678226,3.9334157935634417,46.99999919826643
14.94599,13.9536,43.39375,3713.40459,0.63917,53.80117,10.43296886957001,3.886555411846809,46.99999919826643
14.97528,13.99517,43.4558,3707.44745,0.63811,53.99076,10.309155488633273,3.8404316697217586,46.99999919826643
15.0044,14.03678,43.51755,3701.55941,0.63496,54.17858,10.187573797527216,3.7951392907779296,46.99999919826643
15.03333,14.07843,43.5788,3695.73971,0.62975,54.36466,10.068458835434699,3.7507658332951914,46.99999919826643
15.06209,14.12012,43.63935,3689.9874,0.62252,54.54905,9.952026980581481,3.707391903855892,46.99999919826643
15.09068,14.16184,43.69901,3684.30144,0.6133,54.73178,9.838476617109965,3.6650914057728787,46.99999919826643
15.11909,14.2036,43.75759,3678.68068,0.60214,54.91289,9.727988878196685,3.6239318159203093,46.99999919826643
15.14734,14.24539,43.81493,3673.12383,0.58909,55.09243,9.620728449333333,3.583974483976975,46.99999919826643
15.17541,14.28721,43.87083,3667.62953,0.5742,55.27044,9.51684441689907,3.545274948541815,46.99999919826643
15.20332,14.32907,43.92514,3662.19631,0.55751,55.44699,9.416471148425842,3.507883265055899,46.99999919826643
15.23107,14.37096,43.97768,3656.82263,0.53908,55.62211,9.319729192227681,3.4718443409380217,46.99999919826643
15.25865,14.41288,44.0283,3651.50685,0.51896,55.79588,9.22672618537853,3.4371982738303286,46.99999919826643
15.28607,14.45483,44.07685,3646.24729,0.49722,55.96834,9.137557760238643,3.4039806893032534,46.99999919826643
15.31332,14.49681,44.12318,3641.04217,0.47391,56.13956,9.05230844099604,3.3722230748407984,46.99999919826643
15.34042,14.53882,44.16715,3635.88968,0.44909,56.3096,8.971052522775791,3.341953107331876,46.99999919826643
15.36736,14.58086,44.20863,3630.78795,0.42283,56.47853,8.893854926990297,3.3131949717107885,46.99999919826643
15.39414,14.62293,44.24749,3625.73504,0.39519,56.6464,8.820772027558966,3.285969668745804,46.99999919826643
15.42077,14.66502,44.28362,3620.72898,0.36624,56.81329,8.75185244356351,3.2602953103241052,46.99999919826643
15.44724,14.70714,44.31689,3615.76777,0.33603,56.97927,8.687137794708777,3.236187400880827,46.99999919826643
15.47356,14.74929,44.3472,3610.84934,0.30464,57.14439,8.626663416674996,3.2136591038865943,46.99999919826643
15.49973,14.79147,44.37445,3605.97162,0.27213,57.30874,8.570459034111899,3.1927214925555325,46.99999919826643
15.52575,14.83367,44.39855,3601.13248,0.23858,57.47239,8.518549389583589,3.1733837841437884,46.99999919826643
15.55161,14.8759,44.41941,3596.32978,0.20404,57.6354,8.470954827241266,3.155653557382972,46.99999919826643
15.57733,14.91815,44.43694,3591.56133,0.16859,57.79784,8.427691830409618,3.139536952745226,46.99999919826643
15.60289,14.96043,44.45109,3586.82494,0.13231,57.9598,8.388773512613268,3.125038855363516,46.99999919826643
15.62831,15.00273,44.46177,3582.11839,0.09525,58.12134,8.35421006186433,3.112163060540415,46.99999919826643
15.65358,15.04506,44.46893,3577.43941,0.05749,58.28254,8.32400913819012,3.1009124218376454,46.99999919826643
15.6787,15.0874,44.47252,3572.78575,0.0191,58.44346,8.298176224634116,3.091288981833171,46.99999919826643
15.70367,15.12978,44.47249,3568.1551,-0.01985,58.6042,8.27671493198334,3.0832940856401625,46.99999919826643
15.7285,15.17217,44.4688,3563.54516,-0.05929,58.76482,8.259627257657089,3.0769284773498637,46.99999919826643
15.75318,15.21459,44.46142,3558.9536,-0.09914,58.9254,8.24691379917049,3.0721923795523813,46.99999919826643
15.77772,15.25703,44.45032,3554.37808,-0.13934,59.08601,8.238573922638775,3.069085556108958,46.99999919826643
15.80211,15.29949,44.43548,3549.81622,-0.17982,59.24674,8.234605886785362,3.0676073583482553,46.99999919826643
15.82635,15.34197,44.4169,3545.26564,-0.22049,59.40765,8.235006922915284,3.067756754858547,46.99999919826643
15.85045,15.38448,44.39455,3540.72396,-0.26129,59.56883,8.239773271261072,3.0695323450275263,46.99999919826643
15.8744,15.427,44.36845,3536.18874,-0.30216,59.73035,8.248900174100411,3.0729323564784465,46.99999919826643
15.89821,15.46955,44.33861,3531.65757,-0.343,59.8923,8.262381826018776,3.077954626541647,46.99999919826643
15.92187,15.51211,44.30503,3527.128,-0.38376,60.05474,8.280211281646416,3.0845965678841547,46.99999919826643
15.94538,15.5547,44.26775,3522.59756,-0.42436,60.21776,8.302380321173708,3.092855118410607,46.99999919826643
15.96875,15.59731,44.22678,3518.0638,-0.46473,60.38144,8.328879273998577,3.1027266755672804,46.99999919826643
15.99197,15.63993,44.18215,3513.52422,-0.50479,60.54585,8.359696800789052,3.1142070151546637,46.99999919826643
16.01504,15.68258,44.13393,3508.97633,-0.54447,60.71108,8.394819634368154,3.1272911948002498,46.99999919826643
16.03796,15.72524,44.08214,3504.41762,-0.58371,60.87721,8.434232279833799,3.1419734422453156,46.99999919826643
16.06073,15.76792,44.02684,3499.84559,-0.62242,61.0443,8.477916674461216,3.1582470286496274,46.99999919826643
16.08336,15.81062,43.9681,3495.25769,-0.66054,61.21245,8.525851808033181,3.176104127154455,46.99999919826643
16.10583,15.85334,43.90598,3490.65142,-0.698,61.38173,8.57801330446597,3.1955356570272393,46.99999919826643
16.12815,15.89607,43.84056,3486.02423,-0.73471,61.55222,8.634372965778557,3.216531113778115,46.99999919826643
16.15032,15.93883,43.77191,3481.3736,-0.77062,61.72401,8.694898279744308,3.2390783857472125,46.99999919826643
16.17234,15.9816,43.70012,3476.69699,-0.80565,61.89716,8.759551892866783,3.2631635577742775,46.99999919826643
16.1942,16.02438,43.62528,3471.99187,-0.83973,62.07177,8.828291050723806,3.2887707027121125,46.99999919826643
16.21591,16.06718,43.5475,3467.25573,-0.87278,62.2479,8.901067008115062,3.315881661691038,46.99999919826643
16.23746,16.11,43.46688,3462.48606,-0.90475,62.42563,8.977824411977148,3.3444758142385096,46.99999919826643
16.25885,16.15283,43.38352,3457.68037,-0.93556,62.60505,9.058500660543682,3.374529839549398,46.99999919826643
16.28009,16.19568,43.29755,3452.83619,-0.96514,62.78623,9.14302524285074,3.406017470434385,46.99999919826643
16.30116,16.23854,43.20908,3447.95106,-0.99343,62.96924,9.231319063329575,3.4389092417129845,46.99999919826643
16.32207,16.28142,43.11825,3443.02257,-1.02036,63.15416,9.323293756935028,3.47317223508085,46.99999919826643
16.34282,16.32431,43.02519,3438.04833,-1.04586,63.34107,9.418851001004544,3.5087698227591546,46.99999919826643
16.3634,16.36721,42.93004,3433.02602,-1.06989,63.53003,9.517881830826283,3.5456614125257047,46.99999919826643
16.38382,16.41013,42.83294,3427.95333,-1.09236,63.72112,9.620265966679446,3.5838021970197516,46.99999919826643
16.40407,16.45306,42.73404,3422.82802,-1.11323,63.9144,9.725871160936416,3.623142910520363,46.99999919826643
16.42415,16.496,42.63349,3417.64794,-1.13244,64.10995,9.83455257461815,3.6636295966969055,46.99999919826643
16.44405,16.53895,42.53145,3412.41096,-1.14994,64.30782,9.946152193542995,3.705203391109106,46.99999919826643
16.46379,16.58191,42.42809,3407.11507,-1.16566,64.50808,10.060498294970026,3.7478003225176755,46.99999919826643
16.48334,16.62488,42.32357,3401.75833,-1.17957,64.71078,10.177404976277833,3.7913511373047446,46.99999919826643
16.50273,16.66786,42.21807,3396.3389,-1.19162,64.91599,10.296671757727468,3.8357811514926183,46.99999919826643
16.52193,16.71084,42.11174,3390.85503,-1.20175,65.12375,10.418083271896858,3.8810101350499133,46.99999919826643
16.54095,16.75384,42.00478,3385.30512,-1.20995,65.33412,10.541409052467406,3.9269522332090205,46.99999919826643
16.55978,16.79684,41.89735,3379.68764,-1.21616,65.54713,10.666403435302888,3.9735159296153837,46.99999919826643
16.57844,16.83985,41.78964,3374.00125,-1.22035,65.76284,10.792805584453118,4.020604056014552,46.99999919826643
16.5969,16.88286,41.68184,3368.24471,-1.22251,65.98127,10.92033965543428,4.068113853078397,46.99999919826643
16.61518,16.92588,41.57412,3362.41696,-1.22261,66.20245,11.048715107390569,4.115937086693543,46.99999919826643
16.63326,16.9689,41.46667,3356.51708,-1.22063,66.42642,11.177627174823437,4.163960223692919,46.99999919826643
16.65115,17.01193,41.35967,3350.54433,-1.21656,66.6532,11.306757508222839,4.21206467050775,46.99999919826643
16.66884,17.05495,41.25332,3344.49815,-1.21039,66.88279,11.435774991382965,4.260127077639183,46.99999919826643
16.68634,17.09798,41.14779,3338.37817,-1.20213,67.11521,11.564336741151683,4.30801971209125,46.99999919826643
16.70364,17.141,41.04327,3332.1842,-1.19177,67.35046,11.69208929314695,4.355610899081431,46.99999919826643
16.72073,17.18403,40.93993,3325.91627,-1.17933,67.58853,11.818669974339649,4.402765533363879,46.99999919826643
16.73762,17.22705,40.83797,3319.57462,-1.16483,67.82942,11.943708460512028,4.449345659423665,46.99999919826643
16.7543,17.27006,40.73754,3313.15969,-1.14829,68.0731,12.066828513522026,4.495211118653449,46.99999919826643
16.77078,17.31308,40.63883,3306.67213,-1.12974,68.31955,12.187649889921714,4.540220260364071,46.99999919826643
16.78705,17.35608,40.54201,3300.11285,-1.10922,68.56875,12.30579040907884,4.58423071221424,46.99999919826643
16.8031,17.39908,40.44723,3293.48294,-1.08678,68.82064,12.420868165406933,4.627100204324454,46.99999919826643
16.81894,17.44207,40.35466,3286.78375,-1.06246,69.07518,12.532503865869675,4.668687440058885,46.99999919826643
16.83456,17.48505,40.26445,3280.01683,-1.03633,69.33233,12.64032327053964,4.70885300519772,46.99999919826643
16.84997,17.52802,40.17674,3273.18396,-1.00844,69.592,12.743959710831225,4.74746030604519,46.99999919826643
16.86516,17.57097,40.09167,3266.28715,-0.97888,69.85415,12.843056657292204,4.784376525999492,46.99999919826643
16.88013,17.61392,40.00938,3259.32861,-0.94772,70.11868,12.937270306272207,4.819473589154839,46.99999919826643
16.89487,17.65684,39.92998,3252.31077,-0.91504,70.38552,13.02627215302252,4.852629118848856,46.99999919826643
16.9094,17.69975,39.8536,3245.23625,-0.88094,70.65457,13.109751517363009,4.883727378539956,46.99999919826643
16.92369,17.74264,39.78033,3238.10787,-0.84552,70.92574,13.187417987380073,4.912660182149128,46.99999919826643
16.93776,17.78551,39.71028,3230.92864,-0.80887,71.19893,13.259003746682168,4.939327761023845,46.99999919826643
16.95161,17.82836,39.64353,3223.70171,-0.7711,71.47403,13.32426575145364,4.963639574947908,46.99999919826643
16.96523,17.87118,39.58015,3216.43042,-0.73232,71.75092,13.382987725117047,4.985515055205643,46.99999919826643
16.97861,17.91398,39.52022,3209.11823,-0.69266,72.02949,13.43498194060182,5.004884268523864,46.99999919826643
16.99177,17.95675,39.46379,3201.76875,-0.65224,72.3096,13.480090763188468,5.021688491821945,46.99999919826643
17.0047,17.9995,39.41089,3194.38566,-0.61117,72.59114,13.518187930509843,5.035880689045958,46.99999919826643
17.0174,18.04221,39.36157,3186.97277,-0.56958,72.87398,13.549179550386045,5.047425882888438,46.99999919826643
17.02986,18.0849,39.31585,3179.53396,-0.52761,73.15798,13.573004801803958,5.056301415921705,46.99999919826643
17.0421,18.12755,39.27374,3172.07315,-0.48538,73.443,13.589636329290045,5.062497097512095,46.99999919826643
17.0541,18.17017,39.23524,3164.59431,-0.44302,73.72891,13.599080326104673,5.066015234812054,46.99999919826643
17.06587,18.21275,39.20033,3157.10145,-0.40068,74.01557,13.60137630687684,5.066870548060578,46.99999919826643
17.07741,18.2553,39.16899,3149.59854,-0.35847,74.30284,13.596596575518998,5.065089972367481,46.99999919826643
17.08872,18.29781,39.1412,3142.08957,-0.31653,74.5906,13.584845399301688,5.060712350034479,46.99999919826643
17.0998,18.34027,39.1169,3134.57849,-0.27499,74.87869,13.566257904470971,5.053788019143613,46.99999919826643
17.11065,18.3827,39.09605,3127.06918,-0.23398,75.16699,13.540998713323958,5.044378305832033,46.99999919826643
17.12127,18.42509,39.07857,3119.56547,-0.19362,75.45536,13.509260346069635,5.032554928943096,46.99999919826643
17.13166,18.46743,39.06439,3112.0711,-0.15404,75.74368,13.471261414189563,5.0183993270056995,46.99999919826643
17.14182,18.50972,39.05344,3104.58972,-0.11536,76.03182,13.427244634325511,5.002001918355159,46.99999919826643
17.15175,18.55197,39.04561,3097.12486,-0.07768,76.31965,13.377474693553188,4.983461305891516,46.99999919826643
17.16146,18.59417,39.04081,3089.67992,-0.04112,76.60707,13.32223599797443,4.962883438370874,46.99999919826643
17.17094,18.63632,39.03892,3082.25818,-0.00579,76.89395,13.261830336938493,4.940380740266391,46.99999919826643
17.1802,18.67842,39.03983,3074.86276,0.02822,77.18019,13.196574494917138,4.916071222128896,46.99999919826643
17.18924,18.72048,39.04342,3067.49662,0.0608,77.4657,13.12679784217691,4.890077583048934,46.99999919826643
17.19805,18.76247,39.04955,3060.16257,0.09188,77.75036,13.052839933942774,4.862526316282038,46.99999919826643
17.20665,18.80442,39.0581,3052.86324,0.12136,78.0341,12.975048145786506,4.8335468283686955,46.99999919826643
17.21503,18.84631,39.0689,3045.60109,0.14917,78.31682,12.893775370716167,4.803270581239582,46.99999919826643
17.22319,18.88815,39.08183,3038.37841,0.17525,78.59846,12.809377800703214,4.771830265776043,46.99999919826643
17.23113,18.92993,39.09673,3031.19728,0.19952,78.87895,12.72221281263355,4.739359014271229,46.99999919826643
17.23887,18.97165,39.11345,3024.05962,0.22192,79.15821,12.632636975516057,4.705989658062841,46.99999919826643
17.24639,19.01331,39.13182,3016.96716,0.24242,79.4362,12.541004192853261,4.671854035517334,46.99999919826643
17.2537,19.05492,39.15169,3009.92144,0.26096,79.71286,12.447663990899043,4.637082354360867,46.99999919826643
17.2608,19.09647,39.17289,3002.92382,0.2775,79.98815,12.352959960610999,4.6018026112655654,46.99999919826643
17.2677,19.13795,39.19527,2995.97547,0.29202,80.26204,12.257228358234128,4.566140070530128,46.99999919826643
17.27439,19.17938,39.21865,2989.07741,0.30449,80.53449,12.160796866807411,4.530216802708432,46.99999919826643
17.28088,19.22075,39.24286,2982.23044,0.31488,80.80549,12.063983518374286,4.494151283104588,46.99999919826643
17.28717,19.26205,39.26776,2975.43524,0.3232,81.07501,11.967095774602464,4.458058049279621,46.99999919826643
17.29326,19.30329,39.29316,2968.69228,0.32943,81.34305,11.87042976142392,4.422047415934731,46.99999919826643
17.29915,19.34447,39.31891,2962.00189,0.33357,81.60961,11.774269651792252,4.386225244972178,46.99999919826643
17.30485,19.38559,39.34484,2955.36424,0.33562,81.87468,11.678887189174963,4.350692767983604,46.99999919826643
17.31035,19.42664,39.37079,2948.77936,0.3356,82.13827,11.584541343308274,4.315546458009658,46.99999919826643
17.31566,19.46763,39.3966,2942.24711,0.33353,82.40041,11.491478088873883,4.280877947091253,46.99999919826643
17.32078,19.50855,39.42212,2935.76724,0.32941,82.6611,11.399930297165909,4.246773985912664,46.99999919826643
17.32572,19.54941,39.44719,2929.33936,0.32328,82.92036,11.31011773035159,4.2133164416634745,46.99999919826643
17.33047,19.5902,39.47166,2922.96294,0.31517,83.17824,11.222247127819834,4.180582330205697,46.99999919826643
17.33503,19.63093,39.49538,2916.63734,0.30511,83.43476,11.136512374007006,4.1486438785932815,46.99999919826643
17.33941,19.67159,39.5182,2910.3618,0.29314,83.68996,11.053094737269268,4.117568614058356,46.99999919826643
17.3436,19.71218,39.54,2904.13547,0.2793,83.94389,10.972163169651651,4.087419475683092,46.99999919826643
17.34762,19.75271,39.56063,2897.95738,0.26364,84.19658,10.893874657702707,4.058254945087387,46.99999919826643
17.35146,19.79317,39.57996,2891.82646,0.24621,84.44808,10.818374615013752,4.030129192660071,46.99999919826643
17.35512,19.83356,39.59787,2885.74157,0.22705,84.69846,10.74579730763916,4.00309223603915,46.99999919826643
17.35861,19.87389,39.61423,2879.70147,0.20622,84.94777,10.676266304162276,3.9771901077732035,46.99999919826643
17.36193,19.91415,39.62892,2873.70484,0.18378,85.19606,10.60989494269583,3.952465029291331,46.99999919826643
17.36507,19.95434,39.64185,2867.75028,0.1598,85.4434,10.546786807824148,3.9289555885766667,46.99999919826643
17.36803,19.99446,39.65288,2861.83633,0.13433,85.68986,10.487036211004689,3.906696919128598,46.99999919826643
17.37083,20.03451,39.66194,2855.96147,0.10744,85.93549,10.430728668655725,3.8857208780630037,46.99999919826643
17.37346,20.07449,39.66892,2850.12408,0.07919,86.18038,10.377941372663127,3.866056221388413,46.99999919826643
17.37592,20.1144,39.67373,2844.32253,0.04966,86.4246,10.328743648691765,3.8477287747390565,46.99999919826643
17.37822,20.15424,39.67629,2838.55511,0.01892,86.66821,10.283197398165196,3.8307615980239342,46.99999919826643
17.38035,20.19402,39.67652,2832.82006,-0.01297,86.9113,10.241357520347243,3.8151751426633065,46.99999919826643
17.38231,20.23372,39.67434,2827.11557,-0.04592,87.15394,10.203272311404417,3.8009874002499466,46.99999919826643
17.38411,20.27335,39.6697,2821.43981,-0.07986,87.39621,10.168983837791261,3.788214041645008,46.99999919826643
17.38575,20.31291,39.66252,2815.79086,-0.11472,87.6382,10.138528281699926,3.7768685456670776,46.99999919826643
17.38722,20.35239,39.65277,2810.16682,-0.15042,87.87999,10.111936256722542,3.766962316684716,46.99999919826643
17.38854,20.39181,39.64038,2804.56572,-0.18688,88.12165,10.089233092175231,3.758504790534632,46.99999919826643
17.38969,20.43115,39.62531,2798.98555,-0.22401,88.36328,10.070439084923303,3.7515035283331954,46.99999919826643
17.39068,20.47042,39.60753,2793.4243,-0.26175,88.60497,10.055569717731238,3.745964297817555,46.99999919826643
17.39151,20.50961,39.58702,2787.8799,-0.30001,88.84679,10.04463584353465,3.7418911419917817,46.99999919826643
17.39218,20.54873,39.56374,2782.35029,-0.3387,89.08884,10.037643835197876,3.739286434915522,46.99999919826643
17.3927,20.58778,39.53767,2776.83335,-0.37774,89.3312,10.03459570058911,3.7381509245725075,46.99999919826643
17.39313,20.62675,39.5124,2771.31538,-0.31826,89.3466,10.03034339954887,3.736566830550244,0.0
17.39355,20.66564,39.49148,2765.78648,-0.25906,89.36197,10.019801582313654,3.732639726258222,0.0
17.39395,20.70446,39.47486,2760.25023,-0.20034,89.37732,10.003074949166033,3.7264086153065286,0.0
17.39435,20.7432,39.4625,2754.71019,-0.14229,89.39265,9.980302127253577,3.717925139955132,0.0
17.39474,20.78186,39.45432,2749.16989,-0.0851,89.40795,9.951650649108096,3.7072517104801785,0.0
17.39511,20.82044,39.45022,2743.63281,-0.02896,89.42324,9.917315143951404,3.694460831387799,0.0
17.39548,20.85894,39.45012,2738.10235,0.02596,89.43849,9.877515302743339,3.6796343433409473,0.0
17.39583,20.89737,39.4539,2732.58183,0.07948,89.45373,9.832493653449248,3.662862594388012,0.0
17.39618,20.93572,39.46145,2727.07447,0.13144,89.46894,9.782513184975322,3.6442435548162044,0.0
17.39651,20.974,39.47263,2721.58337,0.18169,89.48413,9.727854859228849,3.6238818903285384,0.0
17.39683,21.01219,39.48729,2716.11153,0.23007,89.4993,9.66881505077572,3.6018880082488955,0.0
17.39715,21.05031,39.50529,2710.66181,0.27645,89.51445,9.605702952739911,3.578377091151317,0.0
17.39745,21.08836,39.52647,2705.2369,0.32069,89.52957,9.538837985943802,3.5534681316966066,0.0
17.39774,21.12632,39.55066,2699.83939,0.36267,89.54467,9.4685472458968,3.5272829815684195,0.0
17.39802,21.16421,39.57768,2694.47167,0.40227,89.55974,9.395163019375902,3.4999454263341776,0.0
17.3983,21.20203,39.60735,2689.136,0.43941,89.5748,9.31902039881642,3.4715802967428497,0.0
17.39856,21.23977,39.63949,2683.83447,0.47398,89.58983,9.24045501911297,3.4423126256237633,0.0
17.39881,21.27744,39.67389,2678.56899,0.5059,89.60484,9.15980093739789,3.4122668580482864,0.0
17.39905,21.31503,39.71037,2673.34133,0.53511,89.61983,9.077388672367748,3.3815661209273626,0.0
17.39929,21.35255,39.74873,2668.15307,0.56154,89.6348,8.993543415733892,3.350331556729777,0.0
17.39951,21.38999,39.78875,2663.00564,0.58515,89.64974,8.908583424441105,3.318681724541306,0.0
17.39972,21.42737,39.83025,2657.9003,0.60588,89.66466,8.82281859865213,3.286732070326534,0.0
17.39993,21.46467,39.873,2652.83814,0.62371,89.67957,8.736549247081724,3.2545944669833067,0.0
17.40012,21.5019,39.91681,2647.8201,0.63863,89.69445,8.650065038162737,3.2223768236244963,0.0
17.40031,21.53906,39.96147,2642.84698,0.65061,89.70931,8.563644132816473,3.1901827625121424,0.0
17.40048,21.57615,40.00677,2637.9194,0.65965,89.72415,8.477552492221779,3.158111361183225,0.0
17.40065,21.61317,40.05251,2633.03785,0.66577,89.73897,8.39204335206234,3.126256956592949,0.0
17.4008,21.65013,40.09849,2628.20269,0.66896,89.75376,8.307356853111337,3.094709007497809,0.0
17.40095,21.68701,40.1445,2623.41412,0.66926,89.76854,8.223719816797672,3.0635520108481007,0.0
17.40109,21.72383,40.19035,2618.67224,0.66669,89.7833,8.141345653588948,3.0328654676581746,0.0
17.40121,21.76058,40.23585,2613.977,0.6613,89.79804,8.060434391401229,3.0027238935898146,0.0
17.40133,21.79727,40.2808,2609.32825,0.65311,89.81276,7.981172811049357,2.9731968694110495,0.0
17.40144,21.83389,40.32501,2604.72571,0.64218,89.82746,7.903734675721152,2.944349126481326,0.0
17.40154,21.87044,40.36832,2600.16902,0.62857,89.84214,7.828281041647098,2.9162406624841446,0.0
17.40163,21.90694,40.41053,2595.6577,0.61234,89.8568,7.754960637554584,2.8889268827837458,0.0
17.40172,21.94337,40.45148,2591.19116,0.59354,89.87145,7.683910301015539,2.8624587629760865,0.0
17.40179,21.97973,40.491,2586.76875,0.57226,89.88607,7.615255460435311,2.836883028442377,0.0
17.40186,22.01604,40.52894,2582.38973,0.54856,89.90068,7.549110652175284,2.8122423469908693,0.0
17.40191,22.05228,40.56513,2578.05325,0.52253,89.91527,7.4855800630684195,2.7885755309581595,0.0
17.40196,22.08847,40.59942,2573.75842,0.49425,89.92984,7.424758089426891,2.7659177454542503,0.0
17.402,22.12459,40.63168,2569.50425,0.4638,89.94439,7.366729904422092,2.744300719726525,0.0
17.40202,22.16065,40.66178,2565.2897,0.43128,89.95892,7.311572026622842,2.7237529589551945,0.0
17.40204,22.19666,40.68957,2561.11367,0.39677,89.97344,7.259352883156675,2.7042999540456916,0.0
17.40206,22.2326,40.71494,2556.97499,0.36037,89.98794,7.210133361860119,2.685964387319178,0.0
17.40206,22.26849,40.73778,2552.87242,0.32218,90.00242,7.163967347394067,2.668766332229627,0.0
17.40205,22.30432,40.75797,2548.8047,0.2823,90.01688,7.120902237057416,2.652723445517977,0.0
17.40204,22.3401,40.77542,2544.7705,0.24082,90.03133,7.080979432628864,2.637851150436138,0.0
17.40202,22.37581,40.79003,2540.76844,0.19786,90.04576,7.044234805124536,2.624162809881439,0.0
17.40198,22.41148,40.80172,2536.79709,0.15352,90.06018,7.010699129923974,2.6116698884925102,0.0
17.40194,22.44708,40.8104,2532.85501,0.1079,90.07458,6.980398490135048,2.60038210291332,0.0
17.4019,22.48263,40.816,2528.94067,0.06111,90.08896,6.953354646506615,2.590307559595378,0.0
17.40184,22.51813,40.81847,2525.05254,0.01327,90.10332,6.929585372560431,2.5814528796431873,0.0
17.40177,22.55357,40.81774,2521.18905,-0.03553,90.11767,6.909104753921643,2.5738233103227306,0.0
17.4017,22.58896,40.81377,2517.34857,-0.08516,90.132,6.891923451108647,2.567422822957605,0.0
17.40162,22.62429,40.8065,2513.52946,-0.13552,90.14632,6.878048925292688,2.562254197030416,0.0
17.40153,22.65957,40.79592,2509.73005,-0.1865,90.16062,6.867485626717108,2.558319090373899,0.0
17.40143,22.6948,40.78199,2505.94862,-0.23798,90.1749,6.860235145675218,2.5556180954141574,0.0
17.40132,22.72997,40.76469,2502.18343,-0.28985,90.18917,6.856296326083931,2.554150781479822,0.0
17.40121,22.7651,40.74401,2498.43272,-0.34199,90.20342,6.855665341817722,2.5539157232384637,0.0
17.40109,22.80016,40.71995,2494.6947,-0.3943,90.21765,6.858335736128575,2.554910515381559,0.0
17.40095,22.83518,40.69251,2490.96755,-0.44665,90.23187,6.864298424553019,2.55713177370744,0.0
17.40082,22.87014,40.6617,2487.24944,-0.49894,90.24608,6.873541661853392,2.560575122806039,0.0
17.40067,22.90505,40.62754,2483.5385,-0.55105,90.26027,6.886050973642778,2.5652351705873877,0.0
17.40051,22.93991,40.59005,2479.83286,-0.60286,90.27444,6.901809053463425,2.5711054699406124,0.0
17.40035,22.97472,40.54928,2476.13062,-0.65427,90.2886,6.920795626228404,2.5781784678623625,0.0
17.40018,23.00947,40.50524,2472.42985,-0.70516,90.30274,6.94298727908699,2.586445442449714,0.0
17.4,23.04417,40.45801,2468.72864,-0.75542,90.31686,6.968357260934232,2.5958964282122077,0.0
17.39981,23.07882,40.40762,2465.02504,-0.80493,90.33097,6.996875251970879,2.6065201302268624,0.0
17.39962,23.11342,40.35414,2461.31709,-0.85358,90.34506,7.028507104951836,2.6183038277464115,0.0
17.39942,23.14797,40.29764,2457.60284,-0.90127,90.35914,7.063214559971065,2.631233267949176,0.0
17.39921,23.18246,40.2382,2453.88032,-0.94788,90.3732,7.100954934935708,2.6452925506325347,0.0
17.39899,23.2169,40.17589,2450.14757,-0.99331,90.38725,7.141680794154114,2.6604640047532375,0.0
17.39876,23.25129,40.1108,2446.40261,-1.03745,90.40128,7.1853395978099694,2.6767280578473036,0.0
17.39853,23.28562,40.04304,2442.64348,-1.08019,90.41529,7.231873335452072,2.6940630994953123,0.0
17.39829,23.3199,39.97269,2438.86823,-1.12143,90.42929,7.28121814701323,2.7124453401419752,0.0
17.39804,23.35413,39.89988,2435.07491,-1.16107,90.44327,7.333303935302919,2.7318486667394537,0.0
17.39778,23.38831,39.82471,2431.26159,-1.199,90.45723,7.388053974337482,2.752244496840055,0.0
17.39752,23.42243,39.7473,2427.42636,-1.23514,90.47118,7.445384518355983,2.7736016329443447,0.0
17.39725,23.45649,39.66778,2423.56734,-1.26939,90.48511,7.505204416775481,2.795886119061862,0.0
17.39697,23.4905,39.58627,2419.68267,-1.30165,90.49902,7.567414740915016,2.81906110165598,0.0
17.39668,23.52446,39.50292,2415.77054,-1.33184,90.51292,7.631908428639164,2.8430866972642774,0.0
17.39639,23.55836,39.41787,2411.82916,-1.35988,90.5268,7.698569953631142,2.8679198692940724,0.0
17.39609,23.59221,39.33126,2407.85679,-1.38568,90.54067,7.767275026321009,2.893514316610308,0.0
17.39578,23.626,39.24324,2403.85176,-1.40916,90.55451,7.837890333932615,2.9198203766961965,0.0
17.39546,23.65973,39.15397,2399.81244,-1.43026,90.56834,7.910273327313534,2.946784946241766,0.0
17.39514,23.69341,39.06359,2395.73727,-1.44891,90.58216,7.984272062521781,2.9743514221307414,0.0
17.39481,23.72703,38.97229,2391.62476,-1.46504,90.59595,8.059725105157675,3.0024596658016462,0.0
17.39447,23.76059,38.88021,2387.47351,-1.4786,90.60973,8.13646150550518,3.0310459939873002,0.0
17.39413,23.79409,38.78753,2383.28218,-1.48954,90.62349,8.214300852351059,3.0600431987638674,0.0
17.39378,23.82754,38.69441,2379.04954,-1.49782,90.63723,8.293053413088451,3.089380599743127,0.0
17.39342,23.86092,38.60103,2374.77445,-1.50339,90.65095,8.3725203672077,3.1189841310539497,0.0
17.39306,23.89425,38.50755,2370.45589,-1.50623,90.66466,8.45249413969547,3.1487764655422383,0.0
17.39268,23.92751,38.41416,2366.09294,-1.50632,90.67834,8.532758839952631,3.178677178279398,0.0
17.3923,23.96071,38.32102,2361.68478,-1.50364,90.69201,8.613090810869,3.208602951107109,0.0
17.39192,23.99385,38.2283,2357.23075,-1.49818,90.70566,8.69325929142329,3.238467819473255,0.0
17.39153,24.02693,38.13618,2352.73029,-1.48994,90.71929,8.773027194742992,3.2681834622796964,0.0
17.39113,24.05995,38.04483,2348.183,-1.47894,90.7329,8.852152001991406,3.2976595348787066,0.0
17.39072,24.0929,37.95442,2343.58859,-1.46519,90.74649,8.930386770600471,3.3268040446662326,0.0
17.39031,24.12578,37.86512,2338.94695,-1.44872,90.76006,9.007481253474904,3.355523768014886,0.0
17.38989,24.15861,37.77707,2334.25809,-1.42957,90.77361,9.083183123787787,3.38372470654252,0.0
17.38946,24.19136,37.69046,2329.52219,-1.40778,90.78715,9.157239297796108,3.411312579895829,0.0
17.38903,24.22405,37.60543,2324.73957,-1.38341,90.80066,9.229397346041727,3.438193351459837,0.0
17.38859,24.25668,37.52213,2319.91071,-1.35653,90.81415,9.299406981142974,3.464273782599413,0.0
17.38815,24.28923,37.44072,2315.03627,-1.3272,90.82762,9.367021608319453,3.4894620102705627,0.0
17.3877,24.32172,37.36132,2310.11702,-1.29552,90.84107,9.431999922941294,3.513668142149552,0.0
17.38724,24.35414,37.28407,2305.15393,-1.26158,90.8545,9.494107537597037,3.536804862758508,0.0
17.38677,24.38649,37.2091,2300.14809,-1.22547,90.86791,9.553118619768705,3.558788043542473,0.0
17.3863,24.41877,37.13653,2295.10076,-1.18731,90.8813,9.60881751997981,3.5795373493973752,0.0
17.38583,24.45097,37.06647,2290.01335,-1.14722,90.89466,9.661000369514449,3.5989768338624333,0.0
17.38534,24.48311,36.99902,2284.88739,-1.10532,90.90801,9.709476626319733,3.6170355150094826,0.0
17.38486,24.51518,36.93427,2279.72457,-1.06175,90.92133,9.754070547789036,3.6336479240934874,0.0
17.38436,24.54717,36.87231,2274.52669,-1.01666,90.93463,9.794622569463419,3.6487546191551017,0.0
17.38386,24.57909,36.81322,2269.29569,-0.97018,90.94791,9.830990569711979,3.6623026561473657,0.0
17.38335,24.61094,36.75706,2264.03359,-0.92248,90.96116,9.863051001672531,3.6742460106134076,0.0
17.38284,24.64271,36.70389,2258.74255,-0.87372,90.9744,9.890699875607664,3.6845459436399004,0.0
17.38232,24.67441,36.65375,2253.42481,-0.82405,90.98761,9.91385357693287,3.6931713065940857,0.0
17.3818,24.70604,36.60667,2248.08269,-0.77365,91.0008,9.932449507704856,3.700098780095036,0.0
17.38127,24.73759,36.56269,2242.71857,-0.72269,91.01397,9.946446542167116,3.7053130437163704,0.0
17.38074,24.76906,36.52181,2237.33493,-0.67133,91.02711,9.955825289922497,3.7088068740249542,0.0
17.3802,24.80046,36.48405,2231.93425,-0.61977,91.04023,9.960588163500406,3.7105811697514706,0.0
17.37965,24.83179,36.44938,2226.51908,-0.56816,91.05333,9.9607592502745,3.7106449040763843,0.0
17.3791,24.86304,36.4178,2221.092,-0.51669,91.06641,9.956383991876338,3.709015005203093,0.0
17.37854,24.89421,36.38928,2215.65556,-0.46554,91.07946,9.947528677385389,3.7057161675578674,0.0
17.37798,24.9253,36.36378,2210.21237,-0.41486,91.09249,9.934279759423747,3.7007805970171437,0.0
17.37741,24.95632,36.34125,2204.76498,-0.36485,91.10549,9.9167430050173,3.694247694580965,0.0
17.37684,24.98727,36.32164,2199.31595,-0.31566,91.11848,9.895042495407125,3.686163683776402,0.0
17.37626,25.01813,36.30488,2193.8678,-0.26745,91.13144,9.869319491012456,3.6765811878264083,0.0
17.37567,25.04892,36.29089,2188.423,-0.22039,91.14438,9.839731179346652,3.6655587632155626,0.0
17.37509,25.07964,36.2796,2182.98397,-0.17462,91.15729,9.806449324901546,3.653160396736468,0.0
17.37449,25.11027,36.2709,2177.55308,-0.1303,91.17018,9.769658840754538,3.63945497337581,0.0
17.37389,25.14083,36.26471,2172.13261,-0.08757,91.18305,9.729556302018095,3.6245157225351865,0.0
17.37329,25.17132,36.26091,2166.72479,-0.04656,91.19589,9.686348421159432,3.6084196500475674,0.0
17.37268,25.20172,36.25939,2161.33173,-0.0074,91.20872,9.640250504795087,3.5912469632926713,0.0
17.37207,25.23206,36.26003,2155.95549,0.0298,91.22152,9.591484910724397,3.573080496401338,0.0
17.37145,25.26231,36.26271,2150.59799,0.06492,91.23429,9.540279522890453,3.5540051421383536,0.0
17.37082,25.29249,36.2673,2145.26108,0.09786,91.24704,9.486866260553736,3.534107296530413,0.0
17.37019,25.3226,36.27366,2139.94649,0.12853,91.25978,9.431479636426104,3.5134743217330815,0.0
17.36956,25.35263,36.28165,2134.65585,0.15685,91.27248,9.374355376730326,3.4921940319666738,0.0
17.36892,25.38259,36.29114,2129.39067,0.18272,91.28517,9.315729114353097,3.470354206681356,0.0
17.36828,25.41247,36.30197,2124.15236,0.2061,91.29783,9.255835164327598,3.448042134392188,0.0
17.36763,25.44228,36.31401,2118.9422,0.22692,91.31047,9.194905388998876,3.4253441899233645,0.0
17.36698,25.47201,36.3271,2113.76136,0.24513,91.32309,9.133168158363697,3.4023454471074595,0.0
17.36632,25.50168,36.34109,2108.61089,0.2607,91.33569,9.070847409240745,3.379129328301563,0.0
17.36566,25.53127,36.35583,2103.49175,0.27358,91.34826,9.008161805271161,3.3557772914653876,0.0
17.36499,25.56078,36.37117,2098.40476,0.28377,91.36081,8.945323998151808,3.332368554951217,0.0
17.36432,25.59023,36.38696,2093.35063,0.29124,91.37334,8.882539989061025,3.3089798596182,0.0
17.36365,25.6196,36.40304,2088.32997,0.29599,91.38585,8.820008588027054,3.2856852674328643,0.0
17.36297,25.64891,36.41928,2083.34327,0.29802,91.39834,8.75792096780485,3.262555995276487,0.0
17.36229,25.67814,36.4355,2078.39093,0.29735,91.41081,8.696460307961296,3.239660282357477,0.0
17.3616,25.70731,36.45159,2073.47323,0.29398,91.42325,8.635801524048212,3.2170632893211923,0.0
17.3609,25.7364,36.46737,2068.59035,0.28795,91.43567,8.576111076181345,3.1948270269405796,0.0
17.36021,25.76543,36.48273,2063.7424,0.2793,91.44808,8.517546850846387,3.1730103120857995,0.0
17.3595,25.79439,36.49751,2058.92934,0.26804,91.46046,8.460258109469049,3.151668748565237,0.0
17.3588,25.82328,36.51158,2054.1511,0.25425,91.47282,8.404385497104347,3.130854730362477,0.0
17.35809,25.8521,36.52481,2049.40747,0.23795,91.48516,8.350061104507917,3.1106174647595135,0.0
17.35737,25.88086,36.53707,2044.69819,0.21923,91.49748,8.297408576914613,3.091003012859629,0.0
17.35665,25.90955,36.54824,2040.02291,0.19812,91.50978,8.246543262986112,3.072054345074306,0.0
17.35593,25.93817,36.55819,2035.38117,0.17471,91.52206,8.197572397530372,3.053811409191025,0.0
17.3552,25.96673,36.56682,2030.77249,0.14907,91.53432,8.15059531192222,3.0363112087604764,0.0
17.35447,25.99523,36.57401,2026.19627,0.12128,91.54656,8.105703666423603,3.0195878896419606,0.0
17.35374,26.02366,36.57965,2021.65186,0.09141,91.55878,8.06298169893645,3.00367283267038,0.0
17.353,26.05203,36.58365,2017.13855,0.05955,91.57098,8.022506485129545,2.9885947505603374,0.0
17.35225,26.08033,36.58591,2012.65554,0.0258,91.58316,7.984348205209765,2.974379787285451,0.0
17.35151,26.10857,36.58634,2008.20201,-0.00975,91.59532,7.948570413063568,2.9610516183406252,0.0
17.35075,26.13675,36.58486,2003.77704,-0.047,91.60746,7.915230303826411,2.9486315504187144,0.0
17.35,26.16486,36.58139,1999.37969,-0.08587,91.61958,7.884378976380091,2.9371386191976807,0.0
17.34924,26.19292,36.57585,1995.00894,-0.12623,91.63168,7.8560616876197695,2.9265896840617516,0.0
17.34847,26.22091,36.56818,1990.66374,-0.16799,91.64377,7.830318095729604,2.9169995187279967,0.0
17.34771,26.24884,36.55832,1986.34297,-0.21104,91.65583,7.807182490055535,2.9083808968799847,0.0
17.34694,26.27671,36.54621,1982.04549,-0.25528,91.66788,7.786684005477297,2.9007446720270016,0.0
17.34616,26.30452,36.53181,1977.7701,-0.30058,91.6799,7.768846819548322,2.8940998509438507,0.0
17.34538,26.33227,36.51507,1973.51557,-0.34684,91.69191,7.753690330931771,2.8884536601429693,0.0
17.3446,26.35996,36.49596,1969.28063,-0.39394,91.7039,7.741229317990062,2.8838116049531997,0.0
17.34381,26.38759,36.47444,1965.06396,-0.44176,91.71587,7.731474076612168,2.880177520864085,0.0
17.34302,26.41516,36.4505,1960.86421,-0.4902,91.72782,7.724430536671952,2.8775536169096663,0.0
17.34222,26.44267,36.42411,1956.68002,-0.53912,91.73976,7.720100356710127,2.875940510939994,0.0
17.34142,26.47012,36.39526,1952.50998,-0.58842,91.75167,7.718480996689055,2.8753372567242184,0.0
17.34062,26.49751,36.36395,1948.35266,-0.63798,91.76357,7.719565768887451,2.8757413629101953,0.0
17.33982,26.52485,36.33018,1944.20659,-0.68767,91.77545,7.72334386722062,2.8771488039470503,0.0
17.33901,26.55212,36.29396,1940.0703,-0.73738,91.78731,7.729800375482258,2.8795540231554666,0.0
17.33819,26.57934,36.25529,1935.94228,-0.78698,91.79915,7.738916255182274,2.882949928196953,0.0
17.33738,26.6065,36.21419,1931.82101,-0.83636,91.81097,7.750668313928645,2.887327879295252,0.0
17.33656,26.6336,36.1707,1927.70496,-0.88541,91.82278,7.7650291554107564,2.8926776706038186,0.0
17.33573,26.66064,36.12484,1923.59258,-0.93399,91.83456,7.781967112327925,2.8989875052199325,0.0
17.3349,26.68762,36.07665,1919.4823,-0.982,91.84633,7.801446163751765,2.9062439644000015,0.0
17.33407,26.71455,36.02616,1915.37256,-1.02933,91.85808,7.823425838673365,2.91443197162835,0.0
17.33324,26.74142,35.97344,1911.26178,-1.07584,91.86982,7.847861107619306,2.9235347522413337,0.0
17.3324,26.76823,35.91853,1907.14838,-1.12144,91.88153,7.874702264526225,2.9335337894225026,0.0
17.33156,26.79498,35.86148,1903.03079,-1.16602,91.89322,7.903894801189904,2.9444087774315912,0.0
17.33071,26.82167,35.80237,1898.90744,-1.20945,91.9049,7.935379276853839,2.956137573022818,0.0
17.32986,26.8483,35.74126,1894.77676,-1.25164,91.91656,7.9690911857339914,2.9686961460943824,0.0
17.32901,26.87488,35.67823,1890.6372,-1.29248,91.9282,8.004960825420985,2.9820585306648084,0.0
17.32816,26.9014,35.61335,1886.48721,-1.33187,91.93982,8.042913169356037,2.9961967773668836,0.0
17.3273,26.92786,35.54671,1882.32527,-1.36972,91.95143,8.082867746723396,3.011080908704425,0.0
17.32644,26.95425,35.4784,1878.14989,-1.40591,91.96301,8.124738533283187,3.0266788783846446,0.0
17.32557,26.98059,35.4085,1873.95958,-1.44037,91.97458,8.168433856840899,3.042956536103049,0.0
17.32471,27.00688,35.33712,1869.75291,-1.473,91.98613,8.213856321111379,3.059877599180766,0.0
17.32384,27.0331,35.26435,1865.52846,-1.50372,91.99766,8.260902751901707,3.077403632516257,0.0
17.32296,27.05926,35.19029,1861.28486,-1.53245,92.00917,8.309464169534435,3.0954940383122453,0.0
17.32209,27.08536,35.11505,1857.02077,-1.55912,92.02066,8.359425791460277,3.1141060570490104,0.0
17.32121,27.1114,35.03874,1852.73492,-1.58365,92.03213,8.410667068985735,3.1331947811663974,0.0
17.32032,27.13738,34.96148,1848.42608,-1.60598,92.04359,8.463061761928493,3.1527131828749155,0.0
17.31944,27.1633,34.88337,1844.09306,-1.62604,92.05503,8.516478054830905,3.172612157448318,0.0
17.31855,27.18916,34.80454,1839.73476,-1.6438,92.06644,8.570778718197712,3.1928405832888935,0.0
17.31766,27.21496,34.72509,1835.35013,-1.65919,92.07784,8.625821317885599,3.2133453999305917,0.0
17.31677,27.24069,34.64515,1830.93819,-1.67217,92.08922,8.681458475374475,3.2340717049969143,0.0
17.31587,27.26636,34.56484,1826.49803,-1.68272,92.10058,8.73753818128826,3.254962870995666,0.0
17.31497,27.29197,34.48429,1822.02882,-1.69081,92.11192,8.793904163900486,3.275960682596981,0.0
17.31407,27.31752,34.4036,1817.52983,-1.6964,92.12324,8.85039631385941,3.297005494854603,0.0
17.31316,27.343,34.32291,1813.00038,-1.6995,92.13454,8.906851165598198,3.318036412543849,0.0
17.31226,27.36842,34.24234,1808.43992,-1.7001,92.14582,8.96310243524805,3.3389914905484,0.0
17.31135,27.39378,34.16199,1803.84797,-1.69819,92.15708,9.018981613971265,3.3598079548924766,0.0
17.31044,27.41907,34.08201,1799.22414,-1.69379,92.16832,9.074318614884488,3.3804224437367747,0.0
17.30952,27.44429,34.00249,1794.56817,-1.68691,92.17955,9.12894247076575,3.4007712672926917,0.0
17.30861,27.46945,33.92356,1789.87985,-1.67759,92.19075,9.182682078875843,3.4207906852878898,0.0
17.30769,27.49455,33.84533,1785.15913,-1.66586,92.20193,9.235366988318788,3.4404172002787825,0.0
17.30677,27.51958,33.76791,1780.40603,-1.65176,92.21309,9.28682822441346,3.4595878647506617,0.0
17.30584,27.54454,33.69141,1775.62068,-1.63533,92.22423,9.33689914374377,3.4782405996463774,0.0
17.30492,27.56943,33.61592,1770.80332,-1.61666,92.23535,9.385416312676272,3.4963145216372786,0.0
17.30399,27.59426,33.54156,1765.9543,-1.59579,92.24645,9.432220401455567,3.513750276197258,0.0
17.30306,27.61902,33.46842,1761.07408,-1.5728,92.25753,9.47715708526623,3.5304903732720394,0.0
17.30213,27.64371,33.39658,1756.16321,-1.54779,92.26859,9.520077943188229,3.5464795221637235,0.0
17.30119,27.66833,33.32614,1751.22235,-1.52084,92.27963,9.560841345543638,3.56166496209078,0.0
17.30026,27.69288,33.25717,1746.25226,-1.49204,92.29064,9.59931331985081,3.5759967847787664,0.0
17.29932,27.71736,33.18976,1741.2538,-1.46151,92.30164,9.635368385555783,3.5894282454197426,0.0
17.29838,27.74177,33.12396,1736.22794,-1.42936,92.31261,9.668890347780005,3.6019160583641745,0.0
17.29744,27.76611,33.05985,1731.17571,-1.39571,92.32356,9.699773040551598,3.6134206739941446,0.0
17.2965,27.79038,32.99748,1726.09825,-1.36067,92.33449,9.727921010458079,3.62390653340197,0.0
17.29556,27.81458,32.9369,1720.99678,-1.32439,92.3454,9.753250132201686,3.6333422977007666,0.0
17.29461,27.83871,32.87816,1715.8726,-1.28699,92.35629,9.775688148395828,3.641701049112822,0.0
17.29366,27.86277,32.8213,1710.72706,-1.24862,92.36716,9.795175126763574,3.6489604612880666,0.0
17.29271,27.88675,32.76634,1705.56161,-1.20941,92.378,9.811663829015945,3.655102936720942,0.0
17.29176,27.91066,32.71331,1700.37772,-1.16952,92.38883,9.82511998683227,3.6601157095603436,0.0
17.29081,27.9345,32.66223,1695.17696,-1.1291,92.39963,9.835522481631912,3.6639909125793215,0.0
17.28986,27.95827,32.6131,1689.96091,-1.08829,92.41041,9.842863426119266,3.666725607552734,0.0
17.2889,27.98196,32.56593,1684.7312,-1.04726,92.42116,9.847148146970923,3.6683217788077678,0.0
17.28795,28.00558,32.52072,1679.4895,-1.00614,92.4319,9.84839506936039,3.668786290206346,0.0
17.28699,28.02912,32.47745,1674.23748,-0.9651,92.44261,9.846635505376168,3.6681308063253093,0.0
17.28603,28.0526,32.43611,1668.97687,-0.92429,92.4533,9.841913349653566,3.6663716790712453,0.0
17.28507,28.07599,32.39668,1663.70938,-0.88386,92.46397,9.834284686734886,3.6635298014118343,0.0
17.28411,28.09932,32.35911,1658.43672,-0.84396,92.47462,9.823817315803561,3.659630430326812,0.0
17.28315,28.12257,32.32338,1653.16062,-0.80474,92.48524,9.81059019937013,3.6547029814289798,0.0
17.28219,28.14575,32.28944,1647.88279,-0.76634,92.49584,9.794692843365908,3.648780798032796,0.0
17.28123,28.16885,32.25724,1642.60492,-0.72891,92.50642,9.776224616749417,3.641900897689866,0.0
17.28026,28.19188,32.22673,1637.32867,-0.69258,92.51698,9.75529401926146,3.6341036994084375,0.0
17.2793,28.21483,32.19785,1632.05569,-0.65749,92.52752,9.732017906346066,3.6254327349160635,0.0
17.27833,28.23771,32.17053,1626.78758,-0.62375,92.53803,9.70652068039205,3.6159343473758025,0.0
17.27736,28.26052,32.1447,1621.52591,-0.5915,92.54852,9.678933457519651,3.605657380992314,0.0
17.27639,28.28325,32.12028,1616.2722,-0.56085,92.55899,9.649393219002555,3.594652864894243,0.0
17.27543,28.30591,32.09721,1611.02793,-0.5319,92.56943,9.618041956131844,3.58297369457353,0.0
17.27446,28.32849,32.07539,1605.79452,-0.50477,92.57986,9.585025816975635,3.5706743140309394,0.0
17.27349,28.351,32.05474,1600.57331,-0.47955,92.59026,9.550494262901974,3.5578104015586307,0.0
17.27251,28.37344,32.03517,1595.36563,-0.45632,92.60064,9.514599242227819,3.544438561902673,0.0
17.27154,28.3958,32.01659,1590.1727,-0.43517,92.611,9.477494387605963,3.5306160272685503,0.0
17.27057,28.4181,31.9989,1584.9957,-0.41618,92.62133,9.439334243052292,3.5164003693684758,0.0
17.2696,28.44031,31.98202,1579.83573,-0.3994,92.63165,9.40027352572889,3.501849224416181,0.0
17.26862,28.46246,31.96583,1574.69381,-0.38489,92.64194,9.36046642682883,3.4870200326881,0.0
17.26765,28.48453,31.95025,1569.57092,-0.37272,92.65221,9.320065955058066,3.471969793953103,0.0
17.26667,28.50654,31.93517,1564.46794,-0.36291,92.66245,9.27922332546036,3.456754839793697,0.0
17.2657,28.52847,31.92049,1559.38567,-0.3555,92.67268,9.238087395541452,3.4414306235474474,0.0
17.26472,28.55032,31.90611,1554.32487,-0.35053,92.68288,9.196804149912303,3.4260515283230237,0.0
17.26374,28.57211,31.89193,1549.28618,-0.348,92.69307,9.155516234010253,3.4106706932990605,0.0
17.26277,28.59383,31.87784,1544.27021,-0.34793,92.70323,9.114362536759606,3.395339858254252,0.0
17.26179,28.61548,31.86376,1539.27746,-0.35032,92.71337,9.073477821536104,3.3801092260918972,0.0
17.26081,28.63705,31.84958,1534.30837,-0.35517,92.72349,9.032992404227357,3.3650273429089497,0.0
17.25983,28.65856,31.8352,1529.36331,-0.36247,92.73358,8.99303187674167,3.350140994995773,0.0
17.25885,28.67999,31.82052,1524.44257,-0.3722,92.74366,8.953716873963366,3.335495122020876,0.0
17.25787,28.70136,31.80546,1519.54638,-0.38433,92.75371,8.915162881782488,3.321132745516912,0.0
17.25689,28.72266,31.78991,1514.67488,-0.39883,92.76375,8.877480083634698,3.307094911712769,0.0
17.25591,28.74389,31.7738,1509.82816,-0.41567,92.77376,8.84077324272403,3.293420647658434,0.0
17.25493,28.76505,31.75702,1505.00624,-0.43478,92.78375,8.805141617017897,3.280146929558403,0.0
17.25395,28.78615,31.73951,1500.20905,-0.45614,92.79372,8.77067890398477,3.267308662185011,0.0
17.25297,28.80717,31.72117,1495.43649,-0.47967,92.80367,8.737473212033116,3.2549386682386823,0.0
17.25199,28.82813,31.70192,1490.68838,-0.50532,92.8136,8.705607055572807,3.2430676865081782,0.0
17.251,28.84903,31.6817,1485.96447,-0.53302,92.8235,8.675157370727371,3.2317243777238267,0.0
17.25002,28.86985,31.66043,1481.26446,-0.56269,92.83339,8.64619554874138,3.220935337002646,0.0
17.24904,28.89061,31.63804,1476.58801,-0.59426,92.84326,8.618787484284082,3.210725111842726,0.0
17.24805,28.91131,31.61446,1471.93469,-0.62764,92.85311,8.592993635929263,3.201116224653559,0.0
17.24707,28.93194,31.58965,1467.30404,-0.66275,92.86293,8.568869096308747,3.1921291988900773,0.0
17.24609,28.9525,31.56353,1462.69554,-0.6995,92.87274,8.546463669534688,3.1837825878944828,0.0
17.2451,28.973,31.53606,1458.10863,-0.73779,92.88252,8.525821953727828,3.1760930056401984,0.0
17.24412,28.99343,31.50719,1453.54268,-0.77753,92.89229,8.506983426628754,3.169075158624313,0.0
17.24313,29.0138,31.47687,1448.99704,-0.81862,92.90203,8.489982532504044,3.162741878242412,0.0
17.24215,29.03411,31.44507,1444.471,-0.86095,92.91176,8.474848768731723,3.1571041530439325,0.0
17.24116,29.05435,31.41175,1439.96381,-0.90441,92.92147,8.461606770675594,3.1521711603500866,0.0
17.24018,29.07453,31.37687,1435.47469,-0.94891,92.93115,8.450276393649236,3.1479502967876067,0.0
17.23919,29.09464,31.34042,1431.00281,-0.99432,92.94082,8.440872790975334,3.144447207367901,0.0
17.23821,29.11469,31.30237,1426.54731,-1.04054,92.95046,8.433406487346307,3.1416658128158175,0.0
17.23722,29.13468,31.2627,1422.10729,-1.08744,92.96009,8.427883446897116,3.1396083349285533,0.0
17.23624,29.15461,31.2214,1417.68184,-1.13493,92.9697,8.42430513558175,3.138275319812542,0.0
17.23525,29.17447,31.17846,1413.27,-1.18287,92.97928,8.422668577643167,3.1376656589199894,0.0
17.23427,29.19428,31.13387,1408.87078,-1.23117,92.98885,8.422966406142931,3.1377766078724907,0.0
17.23328,29.21402,31.08764,1404.48319,-1.27968,92.9984,8.425186907714691,3.1386038031328845,0.0
17.23229,29.23369,31.03978,1400.10619,-1.32831,93.00793,8.429314061834235,3.1401412766343744,0.0
17.23131,29.25331,30.99028,1395.73874,-1.37693,93.01744,8.435327575125317,3.142381468560359,0.0
17.23032,29.27286,30.93916,1391.37978,-1.42543,93.02693,8.443202911319734,3.145315238505346,0.0
17.22934,29.29236,30.88645,1387.02823,-1.47368,93.0364,8.452911317679908,3.1489318753180564,0.0
17.22835,29.31179,30.83216,1382.68299,-1.52158,93.04585,8.464419848829426,3.15321910597893,0.0
17.22736,29.33116,30.77631,1378.34297,-1.56901,93.05528,8.477691389053435,3.158163103907613,0.0
17.22638,29.35046,30.71895,1374.00705,-1.61586,93.06469,8.49268467426491,3.1637484971459635,0.0
17.22539,29.36971,30.66009,1369.67414,-1.66202,93.07409,8.509354314977058,3.1699583769158832,0.0
17.22441,29.38889,30.59978,1365.34311,-1.70737,93.08346,8.527650821663833,3.1767743070667707,0.0
17.22342,29.40802,30.53806,1361.01285,-1.75182,93.09281,8.547520634032804,3.1841763349804406,0.0
17.22244,29.42708,30.47498,1356.68226,-1.79526,93.10215,8.568906155789056,3.192143004521587,0.0
17.22145,29.44608,30.41057,1352.35023,-1.83759,93.11147,8.59174579652969,3.2006513716445877,0.0
17.22047,29.46502,30.3449,1348.01568,-1.8787,93.12076,8.615974022451612,3.209677023283495,0.0
17.21948,29.4839,30.27801,1343.67753,-1.91852,93.13004,8.641521417577472,3.2191941001602986,0.0
17.2185,29.50272,30.20997,1339.33473,-1.95694,93.1393,8.668314757207344,3.22917532414762,0.0
17.21751,29.52147,30.14083,1334.98622,-1.99387,93.14854,8.696277095294409,3.2395920308184456,0.0
17.21653,29.54017,30.07065,1330.63099,-2.02925,93.15776,8.72532786738222,3.2504142077929723,0.0
17.21555,29.5588,29.9995,1326.26806,-2.06299,93.16696,8.755383010677377,3.261610539468832,0.0
17.21456,29.57737,29.92744,1321.89645,-2.09502,93.17614,8.786355102754376,3.273148458692302,0.0
17.21358,29.59588,29.85455,1317.51524,-2.12526,93.1853,8.818153520242705,3.284994205873423,0.0
17.2126,29.61433,29.78089,1313.12353,-2.15367,93.19445,8.85068461870481,3.2971128959952707,0.0
17.21162,29.63271,29.70653,1308.72047,-2.18018,93.20357,8.88385193474179,3.3094685939036537,0.0
17.21064,29.65104,29.63155,1304.30522,-2.20474,93.21268,8.91755641114946,3.3220243981836575,0.0
17.20966,29.6693,29.55602,1299.87703,-2.22731,93.22176,8.951696645704963,3.334742533839216,0.0
17.20868,29.6875,29.48002,1295.43517,-2.24785,93.23083,8.986169163931677,3.347584453905209,0.0
17.2077,29.70563,29.40362,1290.97895,-2.26633,93.23988,9.020868715865772,3.36051095000082,0.0
17.20672,29.72371,29.32689,1286.50776,-2.28273,93.2489,9.055688596577644,3.3734822717321924,0.0
17.20574,29.74171,29.24992,1282.02102,-2.29702,93.25791,9.090520989848676,3.386458254721077,0.0
17.20476,29.75966,29.17277,1277.51823,-2.30919,93.2669,9.125257334078126,3.3993984569147697,0.0
17.20379,29.77754,29.09552,1272.99892,-2.31925,93.27587,9.159788709148263,3.4122623027035557,0.0
17.20281,29.79536,29.01825,1268.4627,-2.3272,93.28482,9.194006242608063,3.425009234234821,0.0
17.20184,29.81312,28.94102,1263.90924,-2.33304,93.29375,9.22780153319726,3.437598869186909,0.0
17.20086,29.83081,28.86392,1259.33828,-2.3368,93.30266,9.26106708935096,3.4499911641236225,0.0
17.19989,29.84844,28.787,1254.74961,-2.3385,93.31155,9.293696780054365,3.4621465824494733,0.0
17.19892,29.866,28.71034,1250.1431,-2.33818,93.32042,9.325586295030401,3.4740262658416845,0.0
17.19795,29.8835,28.63401,1245.51868,-2.33587,93.32927,9.356633610997411,3.4855922079434434,0.0
17.19698,29.90093,28.55807,1240.87635,-2.33163,93.33811,9.386739460480358,3.4968074290084155,0.0
17.19601,29.9183,28.48259,1236.21617,-2.3255,93.34692,9.41580779941249,3.507636150094662,0.0
17.19504,29.9356,28.40761,1231.53828,-2.31755,93.35571,9.443746269645192,3.5180439653617372,0.0
17.19407,29.95284,28.3332,1226.84288,-2.30786,93.36448,9.470466652287886,3.5279980109517206,0.0
17.19311,29.97001,28.25942,1222.13025,-2.29649,93.37323,9.495885307830559,3.5374671289464446,0.0
17.19214,29.98711,28.1863,1217.4007,-2.28353,93.38197,9.519923598907178,3.54642202485799,0.0
17.19118,30.00415,28.11391,1212.65465,-2.26906,93.39068,9.542508291677755,3.55483541715406,0.0
17.19022,30.02112,28.04228,1207.89254,-2.25318,93.39937,9.563571931875234,3.5626821773453488,0.0
17.18926,30.03803,27.97146,1203.11491,-2.236,93.40804,9.583053191768283,3.569939459238307,0.0
17.1883,30.05487,27.90147,1198.32232,-2.21761,93.4167,9.600897184542843,3.5765868160505376,0.0
17.18734,30.07164,27.83236,1193.51542,-2.19812,93.42533,9.617055742855463,3.5826063041792455,0.0
17.18638,30.08834,27.76415,1188.6949,-2.17766,93.43394,9.631487658694157,3.5879825725557186,0.0
17.18543,30.10498,27.69686,1183.86148,-2.15633,93.44253,9.644158882083225,3.592702936668099,0.0
17.18447,30.12155,27.63052,1179.01597,-2.13426,93.4511,9.655042676573688,3.596757436485664,0.0
17.18352,30.13805,27.56514,1174.15919,-2.11158,93.45966,9.66411972997539,3.600138877709447,0.0
17.18257,30.15448,27.50074,1169.29202,-2.0884,93.46819,9.671378219225325,3.6028428559373937,0.0
17.18162,30.17084,27.43731,1164.41536,-2.06487,93.4767,9.676813828871147,3.6048677635499606,0.0
17.18068,30.18714,27.37487,1159.53015,-2.04112,93.48519,9.680429723103396,3.606214779291376,0.0
17.17973,30.20337,27.31342,1154.63737,-2.01726,93.49366,9.682236471821737,3.6068878407273783,0.0
17.17879,30.21953,27.25294,1149.73802,-1.99345,93.50211,9.682251931733648,3.6068935999513396,0.0
17.17785,30.23562,27.19343,1144.83312,-1.9698,93.51054,9.680501083911595,3.6062413630700463,0.0
17.17691,30.25164,27.13488,1139.9237,-1.94646,93.51894,9.677015829797465,3.604943014209978,0.0
17.17597,30.26759,27.07727,1135.01083,-1.92355,93.52733,9.671834747937664,3.6030129248947342,0.0
17.17503,30.28348,27.02058,1130.09555,-1.9012,93.5357,9.665002814207957,3.6004678498214227,0.0
17.1741,30.29929,26.96479,1125.17894,-1.87955,93.54405,9.65657108857158,3.5973268101698195,0.0
17.17316,30.31504,26.90986,1120.26206,-1.85871,93.55237,9.646596371707389,3.593610965687312,0.0
17.17223,30.33072,26.85577,1115.346,-1.83881,93.56068,9.635140835016015,3.5893434768564636,0.0
17.1713,30.34632,26.80248,1110.4318,-1.81997,93.56896,9.622271627786704,3.5845493585543253,0.0
17.17038,30.36186,26.74996,1105.52053,-1.8023,93.57723,9.608060465278603,3.579255326601868,0.0
17.16945,30.37734,26.69816,1100.61322,-1.78591,93.58547,9.592583201610305,3.5734896386541104,0.0
17.16853,30.39274,26.64704,1095.7109,-1.77092,93.5937,9.57591939132203,3.567281930870492,0.0
17.16761,30.40807,26.59656,1090.81458,-1.75741,93.6019,9.558151843383248,3.5606630517709736,0.0
17.16669,30.42334,26.54666,1085.92524,-1.74549,93.61008,9.53936617137322,3.553664894666461,0.0
17.16577,30.43853,26.49731,1081.04384,-1.73524,93.61824,9.51965034332849,3.5463202299651413,0.0
17.16486,30.45366,26.44844,1076.17132,-1.72676,93.62638,9.499094234642346,3.5386625386157817,0.0
17.16394,30.46872,26.40001,1071.30857,-1.72011,93.6345,9.477789187110615,3.5307258478406736,0.0
17.16303,30.48371,26.35195,1066.45647,-1.71537,93.6426,9.45582757700763,3.5225445702325735,0.0
17.16212,30.49864,26.30422,1061.61586,-1.7126,93.65068,9.433302394777362,3.5141533471785844,0.0
17.16122,30.51349,26.25675,1056.78752,-1.71187,93.65874,9.410306838653026,3.5055868974727726,0.0
17.16031,30.52828,26.20949,1051.97223,-1.71322,93.66678,9.386933924200651,3.4968798718608727,0.0
17.15941,30.543,26.16238,1047.17071,-1.7167,93.6748,9.363276111497411,3.4880667141544004,0.0
17.15851,30.55766,26.11536,1042.38363,-1.72234,93.6828,9.339424951340417,3.479181529434127,0.0
17.15761,30.57224,26.06837,1037.61163,-1.73017,93.69078,9.315470751591187,3.47025795975461,0.0
17.15672,30.58676,26.02135,1032.85531,-1.74023,93.69873,9.291502264448647,3.461329067645163,0.0
17.15582,30.60121,25.97425,1028.11523,-1.75251,93.70667,9.26760639522719,3.4524272276220103,0.0
17.15493,30.6156,25.92701,1023.39188,-1.76704,93.71459,9.243867932897135,3.4435840258075303,0.0
17.15404,30.62992,25.87956,1018.68572,-1.78381,93.72248,9.22036930244121,3.43483016767652,0.0
17.15315,30.64417,25.83186,1013.99718,-1.80282,93.73036,9.19719033884673,3.426195393862339,0.0
17.15227,30.65836,25.78384,1009.32662,-1.82405,93.73821,9.174408082371366,3.417708403888022,0.0
17.15139,30.67248,25.73546,1004.67436,-1.84749,93.74605,9.152096594557994,3.4093967876269655,0.0
17.15051,30.68654,25.68666,1000.04068,-1.87311,93.75387,9.130326794285862,3.401286964227678,0.0
17.14963,30.70053,25.63738,995.42581,-1.90088,93.76166,9.10916631306743,3.3934041282080423,0.0
