0.04859,0.04859,50.69811,5133.14948,-0.46519,45.0001,7.136132521329591,2.658397127142259,0.0
0.09715,0.09715,50.638,5129.26101,-0.4296,45.00025,7.185819962443916,2.676907006312603,0.0
0.14567,0.14567,50.58277,5125.33699,-0.39331,45.00044,7.230788977474343,2.693659147617433,0.0
0.19416,0.19416,50.53248,5121.37994,-0.35638,45.00068,7.270869472971159,2.7085901867713025,0.0
0.2426,0.24261,50.48722,5117.39248,-0.31892,45.00096,7.305911321310631,2.7216441972842755,0.0
0.29101,0.29102,50.44705,5113.37733,-0.28099,45.00129,7.335785724940157,2.732773198679141,0.0
0.33938,0.33939,50.41201,5109.33732,-0.24269,45.00167,7.360386392178736,2.7419375945080224,0.0
0.38772,0.38773,50.38213,5105.27533,-0.20411,45.00209,7.379630505536627,2.749106533076934,0.0
0.43601,0.43603,50.35745,5101.1943,-0.16534,45.00256,7.393459466790426,2.7542581850058427,0.0
0.48427,0.48429,50.33797,5097.09724,-0.12647,45.00307,7.401839406839223,2.7573799331635125,0.0
0.53248,0.53252,50.3237,5092.98719,-0.08759,45.00362,7.404761452344137,2.758468471997737,0.0
0.58066,0.5807,50.31461,5088.86719,-0.04879,45.00422,7.4022417454095315,2.757529814867117,0.0
0.6288,0.62885,50.31068,5084.74032,-0.01017,45.00487,7.394321216869128,2.754579209584168,0.0
0.6769,0.67696,50.31189,5080.60962,0.02819,45.00556,7.381065118009406,2.7496409639699695,0.0
0.72495,0.72503,50.31817,5076.47813,0.06619,45.00629,7.362562319691114,2.742748184758482,0.0
0.77297,0.77307,50.32946,5072.34887,0.10375,45.00707,7.338924391726368,2.7339424346402974,0.0
0.82095,0.82106,50.34569,5068.22478,0.14078,45.00789,7.31028447886944,2.7232733135396323,0.0
0.86889,0.86902,50.36679,5064.10875,0.17719,45.00876,7.276795992892446,2.710797971378106,0.0
0.91679,0.91694,50.39265,5060.00363,0.21291,45.00967,7.238631142770342,2.6965805605299793,0.0
0.96465,0.96482,50.42316,5055.91216,0.24786,45.01063,7.195979327061925,2.6806916369417824,0.0
1.01247,1.01267,50.45822,5051.83698,0.28196,45.01163,7.149045413998942,2.6632075194202462,0.0
1.06025,1.06047,50.4977,5047.78067,0.31514,45.01268,7.098047935645169,2.644209616909054,0.0
1.10799,1.10824,50.54147,5043.74566,0.34733,45.01376,7.043217222739792,2.623783733668918,0.0
1.15569,1.15598,50.58938,5039.7343,0.37846,45.0149,6.9847935065761115,2.6020193621774586,0.0
1.20335,1.20367,50.64128,5035.74879,0.40849,45.01608,6.9230250133603874,2.5790089732277317,0.0
1.25097,1.25133,50.69703,5031.79122,0.43734,45.0173,6.858166075290052,2.5548473122551645,0.0
1.29855,1.29896,50.75645,5027.86356,0.46498,45.01857,6.790475280829169,2.5296307102664914,0.0
1.3461,1.34655,50.81938,5023.96761,0.49134,45.01988,6.720213684648217,2.5034564169952294,0.0
1.3936,1.3941,50.88564,5020.10509,0.5164,45.02124,6.647643095393952,2.4764219630508943,0.0
1.44107,1.44162,50.95505,5016.27753,0.54011,45.02265,6.573024456993851,2.448624556912319,0.0
1.4885,1.4891,51.02744,5012.48635,0.56244,45.0241,6.496616336588012,2.420160521642501,0.0
1.53589,1.53655,51.1026,5008.73285,0.58336,45.02559,6.418673529593424,2.3911247752383398,0.0
1.58325,1.58397,51.18036,5005.01816,0.60284,45.02713,6.339445789772966,2.361610357547924,0.0
1.63056,1.63135,51.26052,5001.3433,0.62086,45.02872,6.25917668969983,2.331708005763548,0.0
1.67784,1.6787,51.34288,4997.70917,0.63741,45.03035,6.178102614600023,2.3015057796015705,0.0
1.72509,1.72602,51.42724,4994.11652,0.65247,45.03202,6.0964518903770175,2.2710887364686494,0.0
1.7723,1.7733,51.51342,4990.56598,0.66603,45.03375,6.014444044598026,2.2405386561596896,0.0
1.81947,1.82056,51.60121,4987.05808,0.6781,45.03552,5.932289197440617,2.2099338139694304,0.0
1.86661,1.86778,51.69042,4983.59323,0.68865,45.03733,5.850187578081675,2.1793488005346084,0.0
1.91371,1.91497,51.78084,4980.17172,0.69771,45.0392,5.768329160682843,2.1488543862289555,0.0
1.96078,1.96213,51.87228,4976.79375,0.70527,45.04111,5.686893413100752,2.118517427551151,0.0
2.00781,2.00926,51.96455,4973.4594,0.71135,45.04306,5.606049150606775,2.0884008126315785,0.0
2.05482,2.05637,52.05746,4970.16868,0.71594,45.04507,5.525954486330217,2.05856344277111,0.0
2.10178,2.10344,52.1508,4966.9215,0.71907,45.04712,5.446756869715947,2.029060246767589,0.0
2.14872,2.15049,52.24439,4963.7177,0.72075,45.04922,5.36859320413643,1.9999422247294025,0.0
2.19562,2.19751,52.33806,4960.55701,0.72101,45.05136,5.291590034705801,1.9712565180411679,0.0
2.24249,2.2445,52.4316,4957.43912,0.71985,45.05355,5.215863797502245,1.9430465022056267,0.0
2.28933,2.29146,52.52484,4954.36363,0.71731,45.0558,5.14152112162586,1.9153518993681462,0.0
2.33614,2.3384,52.61761,4951.3301,0.7134,45.05809,5.068659175844278,1.8882089074513335,0.0
2.38291,2.38531,52.70973,4948.33801,0.70816,45.06042,4.997366052024221,1.861650342993379,0.0
2.42966,2.4322,52.80103,4945.38679,0.70161,45.06281,4.92772117801757,1.8357057949589808,0.0
2.47637,2.47906,52.89135,4942.47584,0.69378,45.06524,4.8597957531885605,1.8104017869846856,0.0
2.52306,2.5259,52.98052,4939.6045,0.6847,45.06773,4.7936532003524706,1.7857619457379372,0.0
2.56969,2.57274,53.06674,4936.77506,0.64911,45.12988,4.730442890055369,1.762214441988907,45.99999921532459
2.61624,2.6196,53.14827,4933.98892,0.61269,45.19135,4.671235075262547,1.7401579731272157,45.99999921532459
2.66272,2.66649,53.22499,4931.24408,0.57549,45.2522,4.615957461453474,1.7195656075417824,45.99999921532459
2.70912,2.71341,53.29683,4928.53855,0.53756,45.31246,4.564542911420465,1.7004123348562583,45.99999921532459
2.75545,2.76034,53.36368,4925.87037,0.49894,45.37219,4.516927397977594,1.682674303259229,45.99999921532459
2.80171,2.80731,53.42549,4923.23759,0.45968,45.43143,4.473050284345673,1.6663289239549979,45.99999921532459
2.84789,2.85429,53.48216,4920.6383,0.41983,45.49022,4.432854567865155,1.6513549619530528,45.99999921532459
2.894,2.90131,53.53363,4918.07061,0.37942,45.54862,4.396287090826353,1.6377326146078717,45.99999921532459
2.94003,2.94834,53.57984,4915.53263,0.33851,45.60666,4.363298721911642,1.6254435792109176,45.99999921532459
2.986,2.9954,53.62073,4913.0225,0.29714,45.6644,4.3338445113896915,1.61447111080457,45.99999921532459
3.03189,3.04248,53.65626,4910.53836,0.25535,45.72187,4.3078838229310135,1.6048000712868895,45.99999921532459
3.07772,3.08959,53.68637,4908.07838,0.21318,45.77911,4.285380444585301,1.5964169707535922,45.99999921532459
3.12347,3.13673,53.71103,4905.64072,0.17067,45.83618,4.266302681177361,1.589310001917969,45.99999921532459
3.16916,3.18388,53.7302,4903.22355,0.12788,45.89311,4.250623430076775,1.5834690683370758,45.99999921532459
3.21477,3.23106,53.74385,4900.82505,0.08483,45.94995,4.23832024203506,1.578885807075177,45.99999921532459
3.26032,3.27827,53.75196,4898.44339,0.04157,46.00673,4.229375368494325,1.5755536063274656,45.99999921532459
3.3058,3.3255,53.75451,4896.07676,-0.00186,46.0635,4.223775796511636,1.573467618430308,45.99999921532459
3.35121,3.37275,53.75148,4893.72332,-0.04542,46.12031,4.221513272186483,1.5726247685885908,45.99999921532459
3.39655,3.42003,53.74287,4891.38124,-0.08906,46.17718,4.222584313220246,1.573023759554453,45.99999921532459
3.44182,3.46733,53.72867,4889.04866,-0.13275,46.23418,4.22699021099308,1.5746650724009803,45.99999921532459
3.48703,3.51466,53.70889,4886.72374,-0.17644,46.29133,4.234737022272882,1.5775509634335794,45.99999921532459
3.53216,3.56202,53.68353,4884.4046,-0.2201,46.34868,4.245835550465425,1.5816854572051535,45.99999921532459
3.57723,3.60939,53.6526,4882.08934,-0.26369,46.40627,4.260301316026641,1.5870743354939054,45.99999921532459
3.62223,3.6568,53.61613,4879.77606,-0.30715,46.46415,4.278154515436669,1.5937251220200883,45.99999921532459
3.66716,3.70423,53.57413,4877.46282,-0.35046,46.52235,4.299419967881258,1.6016470625834263,45.99999921532459
3.71202,3.75168,53.52664,4875.14767,-0.39356,46.58093,4.3241270485290855,1.6108511002071588,45.99999921532459
3.75681,3.79917,53.47368,4872.82861,-0.43642,46.63993,4.352309607041534,1.6213498447807886,45.99999921532459
3.80152,3.84667,53.41531,4870.50362,-0.479,46.69938,4.384005869689864,1.6331575365961541,45.99999921532459
3.84617,3.89421,53.35155,4868.17065,-0.52124,46.75935,4.419258323196374,1.646290003075204,45.99999921532459
3.89075,3.94177,53.28246,4865.82762,-0.56311,46.81986,4.458113578135341,1.6607646078832559,45.99999921532459
3.93526,3.98936,53.2081,4863.4724,-0.60456,46.88098,4.500622209462661,1.6766001915220872,45.99999921532459
3.97969,4.03697,53.12853,4861.10282,-0.64555,46.94274,4.546838571472402,1.693817002396385,45.99999921532459
4.02405,4.08462,53.04382,4858.71666,-0.68603,47.0052,4.596820584178787,1.7124366172354164,45.99999921532459
4.06834,4.13229,52.95403,4856.31168,-0.72596,47.0684,4.650629487873088,1.7324818496590086,45.99999921532459
4.11255,4.17999,52.85926,4853.88558,-0.76528,47.13239,4.708329562304125,1.7539766455648984,45.99999921532459
4.15669,4.22772,52.75957,4851.43599,-0.80396,47.19723,4.769987806673939,1.7769459639187017,45.99999921532459
4.20075,4.27548,52.65507,4848.96053,-0.84193,47.26297,4.835673576380858,1.8014156414311457,45.99999921532459
4.24473,4.32326,52.54586,4846.45674,-0.87915,47.32966,4.90545817221006,1.8274122395207466,45.99999921532459
4.28863,4.37108,52.43203,4843.92211,-0.91558,47.39735,4.979414377440008,1.8549628718737747,45.99999921532459
4.33246,4.41893,52.31369,4841.35409,-0.95115,47.46609,5.057615938176433,1.8840950108549908,45.99999921532459
4.3762,4.46681,52.19097,4838.75005,-0.98582,47.53596,5.140136982058751,1.9148362709604945,45.99999921532459
4.41987,4.51472,52.06398,4836.10734,-1.01954,47.60699,5.227051370420428,1.9472141674804095,45.99999921532459
4.46345,4.56266,51.93286,4833.42322,-1.05224,47.67926,5.318431978961339,1.9812558485304141,45.99999921532459
4.50694,4.61063,51.79774,4830.69493,-1.08387,47.75281,5.414349902051429,2.016987798633919,45.99999921532459
4.55035,4.65864,51.65878,4827.91963,-1.11439,47.82772,5.514873575953127,2.054435512099345,45.99999921532459
4.59367,4.70667,51.51611,4825.09443,-1.14372,47.90403,5.620067816527904,2.093623134540498,45.99999921532459
4.6369,4.75475,51.3699,4822.21641,-1.17181,47.98182,5.729992767412546,2.134573071044556,45.99999921532459
4.68004,4.80285,51.22031,4819.28259,-1.19861,48.06115,5.84470275521937,2.1773055597040245,45.99999921532459
4.72309,4.85099,51.06753,4816.28994,-1.22406,48.14208,5.964245049071072,2.221838209510835,45.99999921532459
4.76604,4.89917,50.91172,4813.23541,-1.24808,48.22468,6.08865852274131,2.2681855019685044,45.99999921532459
4.80889,4.94738,50.75307,4810.1159,-1.27064,48.309,6.217972218842836,2.3163582562144414,45.99999921532459
4.85165,4.99563,50.59179,4806.92828,-1.29165,48.39513,6.352203815924839,2.366363057973367,45.99999921532459
4.8943,5.04391,50.42807,4803.66941,-1.31107,48.48312,6.491358001053134,2.4182016533006245,45.99999921532459
4.93686,5.09223,50.26213,4800.33613,-1.32883,48.57304,6.635424752393562,2.471870308799297,45.99999921532459
4.9793,5.14059,50.09418,4796.92528,-1.34487,48.66496,6.78437753860227,2.5273591408457188,45.99999921532459
5.02164,5.18899,49.92445,4793.43369,-1.35913,48.75895,6.938171444374234,2.584651417306975,45.99999921532459
5.06387,5.23743,49.75317,4789.85822,-1.37156,48.85506,7.096741234402571,2.643722836314807,45.99999921532459
5.10599,5.2859,49.58058,4786.19575,-1.38208,48.95338,7.259999371091214,2.704540787811429,45.99999921532459
5.14799,5.33442,49.40693,4782.4432,-1.39064,49.05395,7.427834004867138,2.767063604887948,45.99999921532459
5.18987,5.38297,49.23247,4778.59755,-1.39719,49.15685,7.600106959490166,2.831239813259264,45.99999921532459
5.23163,5.43157,49.05747,4774.65586,-1.40167,49.26214,7.776651738658268,2.897007388672087,45.99999921532459
5.27327,5.48021,48.88218,4770.61524,-1.40403,49.36987,7.9572715840720285,2.9642930334828645,45.99999921532459
5.31478,5.52889,48.70689,4766.47296,-1.40421,49.4801,8.141737619100752,3.033011485124555,45.99999921532459
5.35616,5.57762,48.53186,4762.22636,-1.40217,49.59289,8.329787116023493,3.1030648706083235,45.99999921532459
5.39741,5.62638,48.35738,4757.87298,-1.39787,49.70829,8.521121928412612,3.174342122545171,45.99999921532459
5.43852,5.6752,48.18375,4753.41047,-1.39126,49.82635,8.71540713352592,3.246718473401283,45.99999921532459
5.47949,5.72405,48.01125,4748.83671,-1.38231,49.9471,8.912269932193466,3.3200550456769164,45.99999921532459
5.52032,5.77295,47.84017,4744.14977,-1.37099,50.07059,9.111298855748377,3.3941985564672694,45.99999921532459
5.56101,5.8219,47.67082,4739.34797,-1.35727,50.19685,9.31204333051139,3.4689811552215097,45.99999921532459
5.60154,5.87089,47.5035,4734.42986,-1.34112,50.32591,9.51401365033961,3.544220413516465,45.99999921532459
5.64193,5.91993,47.3385,4729.39429,-1.32254,50.45779,9.716681406374034,3.6197194851488814,45.99999921532459
5.68216,5.96901,47.17612,4724.24041,-1.30151,50.59249,9.919480420234372,3.6952674537750525,45.99999921532459
5.72223,6.01814,47.01668,4718.96769,-1.27804,50.73004,10.12180822244647,3.7706398836639297,45.99999921532459
5.76213,6.06732,46.86047,4713.57595,-1.25213,50.87042,10.32302811167911,3.845599586817013,45.99999921532459
5.80187,6.11654,46.70777,4708.06538,-1.2238,51.01363,10.522471822256875,3.919897616687084,45.99999921532459
5.84145,6.16581,46.5589,4702.43656,-1.19307,51.15965,10.719442817626536,3.9932744950810815,45.99999921532459
5.88085,6.21513,46.41413,4696.69046,-1.15997,51.30845,10.913220215791172,4.065461674487609,45.99999921532459
5.92007,6.2645,46.27376,4690.82848,-1.12455,51.45999,11.103063339562077,4.136183233165481,45.99999921532459
5.95911,6.31392,46.13804,4684.85243,-1.08685,51.61424,11.28821686993525,4.205157794912069,45.99999921532459
5.99798,6.36338,46.00726,4678.7646,-1.04694,51.77112,11.467916565321964,4.272100659627168,45.99999921532459
6.03665,6.41289,45.88166,4672.56767,-1.00488,51.93057,11.641395493220838,4.3367261247748035,45.99999921532459
6.07514,6.46245,45.7615,4666.26481,-0.96076,52.09252,11.807890704652506,4.398749971785763,45.99999921532459
6.11344,6.51206,45.64701,4659.85962,-0.91467,52.25687,11.96665026588202,4.457892085559214,45.99999921532459
6.15154,6.56171,45.53841,4653.35614,-0.8667,52.42353,12.11694054720277,4.513879169726487,45.99999921532459
6.18944,6.61141,45.43591,4646.75883,-0.81697,52.59239,12.25805365552941,4.566447515487499,45.99999921532459
6.22715,6.66116,45.33971,4640.07259,-0.76559,52.76334,12.389314886782046,4.615345777819957,45.99999921532459
6.26465,6.71095,45.24997,4633.30269,-0.71269,52.93624,12.510090066188074,4.660337709934924,45.99999921532459
6.30195,6.76079,45.16687,4626.45479,-0.65841,53.11096,12.619792640058083,4.701204805149941,45.99999921532459
6.33905,6.81068,45.09053,4619.53489,-0.60289,53.28736,12.717890381862833,4.737748795079139,45.99999921532459
6.37593,6.86061,45.02108,4612.54932,-0.54627,53.46528,12.803911578592011,4.769793954214662,45.99999921532459
6.41261,6.91058,44.95863,4605.50468,-0.48872,53.64457,12.877450570673998,4.797189163692534,45.99999921532459
6.44914,6.96054,44.90768,4598.40003,-0.35685,53.65162,12.93006613306816,4.816789845083126,0.0
6.48562,7.01044,44.87272,4591.24062,-0.22428,53.65869,12.953378688034844,4.8254743851984525,0.0
6.52203,7.06026,44.85376,4584.04277,-0.09154,53.66577,12.94729768319537,4.8232090508948815,0.0
6.55838,7.11001,44.85072,4576.82287,0.0408,53.67287,12.912071267852562,4.810086284316917,0.0
6.59467,7.1597,44.86348,4569.59723,0.17221,53.67998,12.848261568141435,4.786315492240276,0.0
6.6309,7.20931,44.89185,4562.38191,0.30216,53.68711,12.756729359285854,4.752217336084214,0.0
6.66706,7.25885,44.93557,4555.19253,0.43013,53.69425,12.638612097595292,4.708215548252279,0.0
6.70315,7.30832,44.99432,4548.04413,0.55563,53.7014,12.495296242775101,4.6548266214646725,0.0
6.73918,7.35772,45.06775,4540.95104,0.67819,53.70857,12.328384989292648,4.592647787843068,0.0
6.77515,7.40705,45.15542,4533.92676,0.79737,53.71576,12.139662646726308,4.522343749653424,0.0
6.81106,7.45631,45.25687,4526.98387,0.91277,53.72296,11.931056960954121,4.444632642957357,0.0
6.8469,7.5055,45.37159,4520.1339,1.02401,53.73017,11.704600652633838,4.3602717096839765,0.0
6.88268,7.55462,45.49903,4513.38735,1.13078,53.7374,11.462393374035603,4.2700431255490905,0.0
6.9184,7.60368,45.6386,4506.75362,1.23277,53.74465,11.206565160172937,4.174740384639826,0.0
6.95406,7.65267,45.78969,4500.24094,1.32973,53.75192,10.939242288065614,4.075155581091766,0.0
6.98966,7.70159,45.95168,4493.85648,1.42146,53.7592,10.662516272402405,3.972067859157542,0.0
7.0252,7.75045,46.12391,4487.60627,1.50777,53.7665,10.37841653017441,3.8662332300635134,0.0
7.06068,7.79925,46.3057,4481.49527,1.58854,53.77382,10.088887053017537,3.7583758818435515,0.0
7.09611,7.84799,46.49638,4475.52742,1.66366,53.78116,9.795767244061347,3.649181040561031,0.0
7.13149,7.89666,46.69527,4469.70568,1.73308,53.78853,9.500776913709911,3.539289380842401,0.0
7.1668,7.94529,46.90169,4464.0321,1.79674,53.79591,9.205505291152745,3.4292929323758923,0.0
7.20207,7.99385,47.11494,4458.50789,1.85467,53.80332,8.911403798205392,3.319732387977002,0.0
7.23728,8.04236,47.33435,4453.13347,1.90686,53.81075,8.619782249946264,3.2110956882257478,0.0
7.27245,8.09082,47.55925,4447.90858,1.95339,53.8182,8.33180809146179,3.1038177371341535,0.0
7.30756,8.13923,47.78898,4442.83231,1.9943,53.82568,8.048508249387282,2.9982810918939378,0.0
7.34263,8.18759,48.02287,4437.90321,2.02971,53.83319,7.770773167487096,2.894817466236309,0.0
7.37765,8.2359,48.26031,4433.11933,2.0597,53.84072,7.499362603687327,2.7937098899791724,0.0
7.41262,8.28416,48.50066,4428.47831,2.0844,53.84828,7.234912787714862,2.6951953754360036,0.0
7.44755,8.33239,48.74332,4423.97743,2.10395,53.85587,6.977944570158462,2.599467953155521,0.0
7.48244,8.38057,48.98771,4419.61369,2.11849,53.86349,6.728872232022924,2.5066819537124014,0.0
7.51729,8.42871,49.23326,4415.38383,2.12816,53.87114,6.4880126656165364,2.4169554278294183,0.0
7.55209,8.47681,49.47943,4411.28439,2.13312,53.87881,6.25559468060231,2.3303736131263904,0.0
7.58686,8.52487,49.72567,4407.3118,2.13354,53.88652,6.031768231179166,2.246992371487947,0.0
7.62158,8.5729,49.9715,4403.46235,2.12957,53.89427,5.8166134003651235,2.1668415359454114,0.0
7.65627,8.62089,50.21641,4399.73228,2.12139,53.90204,5.610149014061609,2.0899281196424035,0.0
7.69093,8.66885,50.45993,4396.11778,2.10915,53.90985,5.412340790571772,2.0162393517448423,0.0
7.72554,8.71678,50.70164,4392.61504,2.09303,53.91769,5.2231089599810625,1.9457455158606842,0.0
7.76012,8.76468,50.94108,4389.22027,2.07319,53.92556,5.042335312499186,1.8784025757327578,0.0
7.79467,8.81255,51.17786,4385.92968,2.04978,53.93348,4.869869655361855,1.8141545806045563,0.0
7.82919,8.86039,51.41158,4382.73958,2.02297,53.94142,4.705535674679476,1.7529358489131088,0.0
7.86367,8.90821,51.64187,4379.64631,1.99291,53.9494,4.549136211907644,1.6946729339130717,0.0
7.89813,8.956,51.86838,4376.64629,1.95977,53.95742,4.40045797479747,1.639286378629675,0.0
7.93255,9.00377,52.09077,4373.73604,1.92367,53.96548,4.259275710251274,1.586692270357269,0.0
7.96694,9.05151,52.30873,4370.91216,1.88477,53.97357,4.125355871717577,1.5368036068604478,0.0
8.00131,9.09923,52.52195,4368.17133,1.84321,53.98171,3.9984598171355024,1.4895314876924837,0.0
8.03564,9.14693,52.73014,4365.51037,1.79913,53.98988,3.8783465752072317,1.444786144704604,0.0
8.06995,9.19462,52.93303,4362.92616,1.75264,53.99809,3.764775218349785,1.4024778260329613,0.0
8.10423,9.24228,53.13037,4360.41571,1.70389,54.00633,3.6575068802288384,1.362517547683069,0.0
8.13849,9.28992,53.32191,4357.97611,1.65299,54.01462,3.5563064546492944,1.3248177264112369,0.0
8.17272,9.33755,53.50743,4355.60457,1.60006,54.02295,3.4609440109099774,1.2892927069814362,0.0
8.20692,9.38516,53.6867,4353.29838,1.54521,54.03132,3.371195958639954,1.2558591960974779,0.0
8.2411,9.43275,53.85953,4351.05494,1.48856,54.03972,3.2868459929212,1.2244366144860723,0.0
8.27525,9.48033,54.02573,4348.87172,1.4302,54.04817,3.207685848071693,1.1949473777008668,0.0
8.30938,9.52789,54.18511,4346.74631,1.37024,54.05666,3.1335158860338486,1.1673171153126174,0.0
8.34349,9.57545,54.3375,4344.67635,1.30878,54.06519,3.0641455429437423,1.1414748372679755,0.0
8.37758,9.62298,54.48276,4342.65958,1.2459,54.07377,2.999393655096693,1.1173530553202429,0.0
8.41164,9.67051,54.62073,4340.69382,1.18171,54.08238,2.9390886833365366,1.0948878666202826,0.0
8.44568,9.71802,54.75127,4338.77694,1.11628,54.09104,2.883068852807557,1.074019005777787,0.0
8.47969,9.76553,54.87427,4336.90689,1.04971,54.09973,2.831182223068703,1.0546898709806707,0.0
8.51369,9.81302,54.98959,4335.08169,0.98207,54.10847,2.7832867018020973,1.036847529101851,0.0
8.54766,9.8605,55.09714,4333.29938,0.91343,54.11726,2.739250013708825,1.0204427041121094,0.0
8.58162,9.90797,55.1968,4331.55811,0.84389,54.12608,2.6989496347135398,1.0054297525695772,0.0
8.61555,9.95543,55.28849,4329.85601,0.77351,54.13495,2.662272700275172,0.9917666294630606,0.0
8.64946,10.00289,55.37213,4328.19132,0.70236,54.14386,2.629115895400459,0.9794148472391887,0.0
8.68336,10.05033,55.44764,4326.56225,0.63051,54.15281,2.5993853328900665,0.9683394304458883,0.0
8.71723,10.09777,55.51494,4324.96711,0.55804,54.16181,2.5729964254078945,0.9585088680748356,0.0
8.75108,10.1452,55.57398,4323.40417,0.485,54.17085,2.549873756114203,0.9498950653688908,0.0
8.78492,10.19263,55.62471,4321.87179,0.41146,54.17993,2.5299509518571885,0.9424732965826244,0.0
8.81873,10.24004,55.66708,4320.36829,0.33749,54.18906,2.5131705622621405,0.9362221599398461,0.0
8.85253,10.28745,55.70105,4318.89204,0.26315,54.19823,2.4994839474631667,0.9311235358107198,0.0
8.8863,10.33486,55.72658,4317.4414,0.18851,54.20744,2.488851176707284,0.9271625489391173,0.0
8.92006,10.38226,55.74365,4316.01475,0.11361,54.2167,2.4812409395780293,0.9243275353710801,0.0
8.9538,10.42965,55.75225,4314.61047,0.03853,54.226,2.4766304711829457,0.9226100145851872,0.0
8.98752,10.47704,55.75235,4313.22691,-0.03668,54.23534,2.475005492238936,0.9220046671727744,0.0
9.02122,10.52442,55.74396,4311.86244,-0.11196,54.24473,2.4763601646478777,0.9225093182886812,0.0
9.05491,10.5718,55.72708,4310.5154,-0.18724,54.25416,2.4806970627924425,0.9241249269581895,0.0
9.08857,10.61917,55.70171,4309.18412,-0.26247,54.26363,2.48802716047119,0.9268555812100006,0.0
9.12222,10.66654,55.66787,4307.86689,-0.33758,54.27315,2.498369833045487,0.9307084988760195,0.0
9.15585,10.7139,55.62557,4306.562,-0.41252,54.28271,2.511752874045343,0.9356940337774671,0.0
9.18946,10.76126,55.57486,4305.26767,-0.48722,54.29231,2.5282125251224863,0.9418256868831876,0.0
9.22306,10.80861,55.51575,4303.98212,-0.56163,54.30196,2.5477935178841027,0.9491201218938163,0.0
9.25663,10.85597,55.44831,4302.7035,-0.63567,54.31165,2.5705491257224513,0.9575971845496778,0.0
9.29019,10.90331,55.37257,4301.42992,-0.70928,54.32139,2.5965412233334546,0.9672799248030242,0.0
9.32373,10.95066,55.28859,4300.15944,-0.78241,54.33117,2.625840351126328,0.9781946208123183,0.0
9.35725,10.998,55.19643,4298.89005,-0.85497,54.34099,2.658525781188872,0.9903708035160393,0.0
9.39075,11.04533,55.09617,4297.6197,-0.92691,54.35085,2.694685580878744,1.0038412803221068,0.0
9.42424,11.09266,54.98789,4296.34625,-0.99815,54.36076,2.7344166694338106,1.0186421561967252,0.0
9.45771,11.13999,54.87167,4295.06749,-1.06862,54.37071,2.7778248622539876,1.0348128501605325,0.0
9.49115,11.18732,54.74762,4293.78112,-1.13824,54.3807,2.825024896658748,1.052396104883954,0.0
9.52458,11.23464,54.61583,4292.48479,-1.20694,54.39073,2.876140432007071,1.071437986731883,0.0
9.558,11.28196,54.47641,4291.17601,-1.27464,54.40081,2.9313040160256345,1.0919878732200472,0.0
9.59139,11.32927,54.3295,4289.85223,-1.34125,54.41093,2.9906570080585104,1.1140984244235017,0.0
9.62477,11.37658,54.17522,4288.51078,-1.4067,54.42109,3.054349448707158,1.137825534414096,0.0
9.65812,11.42388,54.01371,4287.14889,-1.47089,54.43129,3.122539863966172,1.1632282582958866,0.0
9.69146,11.47118,53.84513,4285.76368,-1.53373,54.44153,3.1953949905146684,1.19036870986895,0.0
9.72478,11.51848,53.66964,4284.35212,-1.59512,54.45182,3.2730894072474475,1.2193119243650463,0.0
9.75807,11.56576,53.48741,4282.91111,-1.65497,54.46215,3.3558050564922612,1.2501256800884548,0.0
9.79135,11.61305,53.29862,4281.43737,-1.71318,54.47251,3.443730636641425,1.2828802721552655,0.0
9.82461,11.66033,53.10348,4279.92752,-1.76964,54.48292,3.537060846192524,1.3176482308786555,0.0
9.85785,11.7076,52.90219,4278.37802,-1.82424,54.49337,3.635995457421824,1.354503976687858,0.0
9.89106,11.75487,52.69496,4276.78521,-1.87686,54.50385,3.7407381962522432,1.393523402849512,0.0
9.92426,11.80213,52.48205,4275.14526,-1.9274,54.51438,3.8514954032877906,1.434783376667759,0.0
9.95744,11.84938,52.26369,4273.45423,-1.97572,54.52495,3.968474449631981,1.47836114933492,0.0
9.99059,11.89663,52.04015,4271.708,-2.02169,54.53555,4.091881880056186,1.5243336642128518,0.0
10.02372,11.94386,51.81169,4269.90231,-2.0652,54.54619,4.221921255455491,1.572776753090982,0.0
10.05683,11.99109,51.57863,4268.03277,-2.1061,54.55687,4.358790666502658,1.6237642099569949,0.0
10.08991,12.03831,51.34125,4266.09483,-2.14426,54.56759,4.502679891099977,1.677366732072849,0.0
10.12297,12.08552,51.09988,4264.0838,-2.17952,54.57834,4.653767169908575,1.7336507187746104,0.0
10.15601,12.13271,50.85486,4261.99488,-2.21176,54.58913,4.81221557703978,1.7926769194594852,0.0
10.18903,12.1799,50.60655,4259.82312,-2.24081,54.59996,4.978168967211928,1.8544989237950993,0.0
10.22201,12.22707,50.35532,4257.56348,-2.26652,54.61082,5.151747486558029,1.9191614893772346,0.0
10.25497,12.27423,50.10155,4255.21079,-2.28874,54.62171,5.333042642029928,1.9866987049531457,0.0
10.28791,12.32138,49.84566,4252.75984,-2.30732,54.63264,5.522111934278223,2.0571319910281134,0.0
10.32082,12.36851,49.58806,4250.20532,-2.32209,54.6436,5.718973071194499,2.130467944257676,0.0
10.3537,12.41563,49.32919,4247.54191,-2.33289,54.65459,5.923597794149797,2.206696037559016,0.0
10.38655,12.46273,49.06952,4244.76427,-2.33958,54.66562,6.135905366517383,2.285786194414369,0.0
10.41937,12.50981,48.80951,4241.86708,-2.34198,54.67668,6.35575579423898,2.367686263353559,0.0
10.45216,12.55687,48.54967,4238.84507,-2.33996,54.68776,6.582942870966342,2.4523194270862496,0.0
10.48492,12.6039,48.29049,4235.69309,-2.33336,54.69888,6.817187165320752,2.5395815900715877,0.0
10.51765,12.65092,48.03249,4232.40611,-2.32204,54.71002,7.05812909454374,2.6293387982708496,0.0
10.55034,12.69792,47.77622,4228.97929,-2.30586,54.72119,7.3053222565960905,2.7214247551788837,0.0
10.583,12.74488,47.52223,4225.40804,-2.2847,54.73239,7.558227220471259,2.8156385085524684,0.0
10.61562,12.79183,47.27108,4221.68807,-2.25845,54.74361,7.816206000910347,2.9117423920962615,0.0
10.64821,12.83874,47.02333,4217.81543,-2.227,54.75486,8.078517467183332,3.009460315113007,0.0
10.68076,12.88563,46.77958,4213.78662,-2.19026,54.76613,8.344313954296023,3.1084765000889596,0.0
10.71327,12.93248,46.5404,4209.59859,-2.14818,54.77742,8.612639356889268,3.20843477262119,0.0
10.74575,12.9793,46.3064,4205.24886,-2.10069,54.78873,8.882428988862616,3.308938509123702,0.0
10.77818,13.02609,46.07816,4200.73557,-2.04778,54.80007,9.152511483480579,3.4095513446670123,0.0
10.81056,13.07284,45.85628,4196.05751,-1.98944,54.81142,9.421612987081224,3.5097987352449453,0.0
10.84291,13.11955,45.64135,4191.21425,-1.9257,54.82279,9.688363863127782,3.609170455210247,0.0
10.87514,13.16627,45.42943,4186.21542,-1.93962,54.99733,9.957722608447835,3.7095136750970976,53.999999078859304
10.9072,13.21303,45.21641,4181.06692,-1.9504,55.17666,10.2353529479328,3.8129382814491177,53.999999078859304
10.93907,13.25985,45.00265,4175.76338,-1.95792,55.36093,10.520998827860108,3.9193488875174727,53.999999078859304
10.97075,13.30672,44.78853,4170.29958,-1.9621,55.5503,10.814304780846413,4.028613072348956,53.999999078859304
11.00223,13.35365,44.57443,4164.6705,-1.96283,55.74489,11.114842358021388,4.140571227466203,53.999999078859304
11.03351,13.40062,44.36073,4158.87135,-1.96003,55.94487,11.422105419785384,4.255034802551009,53.999999078859304
11.06459,13.44765,44.14783,4152.89763,-1.95362,56.15034,11.735505876083309,4.371784718584273,53.999999078859304
11.09546,13.49473,43.93614,4146.74516,-1.94351,56.36144,12.054370023712378,4.490570003396759,53.999999078859304
11.1261,13.54186,43.72607,4140.41016,-1.92964,56.57827,12.377935638532701,4.611106708441035,53.999999078859304
11.15653,13.58905,43.51803,4133.88926,-1.91196,56.80093,12.70534998769366,4.733077168293492,53.999999078859304
11.18672,13.63629,43.31244,4127.17962,-1.8904,57.0295,13.035668930227898,4.856129665601947,53.999999078859304
11.21668,13.68358,43.10973,4120.27888,-1.86493,57.26405,13.36785727268267,4.9798785635676746,53.999999078859304
11.2464,13.73093,42.91032,4113.18534,-1.83553,57.50464,13.700790538970029,5.103904965261164,53.999999078859304
11.27587,13.77832,42.71463,4105.8979,-1.80218,57.75129,14.03325829948491,5.227757953806212,53.999999078859304
11.30508,13.82577,42.52308,4098.41618,-1.76489,58.00402,14.363969183279018,5.350956459546564,53.999999078859304
11.33404,13.87328,42.3361,4090.74055,-1.72368,58.26282,14.69155766817324,5.47299178954145,53.999999078859304
11.36273,13.92083,42.15408,4082.87214,-1.67858,58.52765,15.014592707223567,5.593330841151111,53.999999078859304
11.39114,13.96843,41.97744,4074.81295,-1.62964,58.79847,15.331588206185748,5.711420005168076,53.999999078859304
11.41928,14.01609,41.80656,4066.56579,-1.57695,59.07518,15.641015316440756,5.826689745255328,53.999999078859304
11.44714,14.06379,41.64183,4058.13439,-1.52058,59.35768,15.941316452396414,5.938559819797238,53.999999078859304
11.4747,14.11154,41.48362,4049.52337,-1.46065,59.64583,16.230920883476312,6.046445090325681,53.999999078859304
11.50197,14.15934,41.33227,4040.73825,-1.39728,59.93948,16.50826169062303,6.1497618382636485,53.999999078859304
11.52894,14.20718,41.18813,4031.78546,-1.33064,60.23843,16.77179381826871,6.247934489759256,53.999999078859304
11.5556,14.25506,41.0515,4022.67233,-1.26088,60.54246,17.020012897810886,6.340402627925765,53.999999078859304
11.58196,14.30299,40.92267,4013.40705,-1.1882,60.85133,17.25147447069352,6.4266281539450585,53.999999078859304
11.60799,14.35096,40.80191,4003.99866,-1.11279,61.16478,17.464813200977098,6.506102444255514,53.999999078859304
11.63371,14.39897,40.68946,3994.45697,-1.0349,61.48249,17.658761641506228,6.578353341443211,53.999999078859304
11.65911,14.44701,40.58554,3984.79255,-0.95475,61.80416,17.832168106532034,6.6429518122640125,53.999999078859304
11.68418,14.49509,40.49033,3975.01661,-0.87261,62.12945,17.984013208214357,6.6995181079257575,53.999999078859304
11.70892,14.5432,40.40398,3965.14099,-0.78874,62.45799,18.113424636022025,6.74772726980371,53.999999078859304
11.73333,14.59134,40.32662,3955.17803,-0.70342,62.78941,18.21968979580957,6.787313837829197,53.999999078859304
11.7574,14.6395,40.25833,3945.14048,-0.61696,63.12331,18.302265978838648,6.818075638717667,53.999999078859304
11.78114,14.6877,40.19919,3935.04144,-0.52964,63.4593,18.360787797812456,6.839876556087141,53.999999078859304
11.80454,14.73591,40.14921,3924.89423,-0.44177,63.79695,18.39507170457951,6.8526482134217455,53.999999078859304
11.8276,14.78415,40.1084,3914.71229,-0.35367,64.13586,18.40511748895939,6.856390532423744,53.999999078859304
11.85033,14.8324,40.0767,3904.50912,-0.26563,64.4756,18.391106746515057,6.85117116221841,53.999999078859304
11.87271,14.88067,40.05406,3894.29811,-0.17798,64.81575,18.35339839092287,6.837123807593772,53.999999078859304
11.89476,14.92895,40.04037,3884.09251,-0.09102,65.15589,18.292521370082817,6.814445515560032,53.999999078859304
11.91647,14.97724,40.0355,3873.90529,-0.00504,65.49562,18.20916482049152,6.783393007594456,53.999999078859304
11.93784,15.02554,40.03929,3863.74906,0.07967,65.83453,18.10416595902652,6.744278169012428,53.999999078859304
11.95887,15.07384,40.05155,3853.63601,0.16281,66.17223,17.978496062339914,6.697462825922685,53.999999078859304
11.97958,15.12215,40.07207,3843.57784,0.24412,66.50835,17.833244920452692,6.64335295378214,53.999999078859304
11.99995,15.17046,40.1006,3833.58565,0.32334,66.84253,17.669604171995882,6.582392469334753,53.999999078859304
12.02,15.21876,40.13688,3823.66992,0.40023,67.17444,17.48884993405519,6.515056759771614,53.999999078859304
12.03972,15.26706,40.18063,3813.84047,0.47455,67.50375,17.292325130745052,6.441846099659808,53.999999078859304
12.05912,15.31535,40.23154,3804.1064,0.5461,67.83018,17.081421903019542,6.363279098134161,53.999999078859304
12.07821,15.36363,40.28929,3794.47608,0.61469,68.15343,16.857564449710207,6.279886306732349,53.999999078859304
12.09698,15.41191,40.35354,3784.95712,0.68013,68.47328,16.622192608976377,6.192204103053146,53.999999078859304
12.11544,15.46017,40.42395,3775.55637,0.74226,68.78948,16.3767464424922,6.100768947960477,53.999999078859304
12.1336,15.50841,40.50015,3766.27993,0.80096,69.10185,16.122652034475852,6.006112095348144,53.999999078859304
12.15145,15.55664,40.58177,3757.13312,0.85609,69.41019,15.861308666198239,5.9087548143068656,53.999999078859304
12.16902,15.60485,40.66843,3748.12053,0.90755,69.71437,15.594077476204415,5.809204164758386,53.999999078859304
12.18629,15.65304,40.75974,3739.24603,0.95526,70.01425,15.322271668694981,5.707949349819913,53.999999078859304
12.20327,15.70121,40.85532,3730.51277,0.99915,70.30974,15.047148288847756,5.605458651895027,53.999999078859304
12.21998,15.74936,40.95477,3721.92325,1.03916,70.60073,14.769901545232448,5.50217694509747,53.999999078859304
12.23641,15.79749,41.05769,3713.47934,1.07526,70.88718,14.491657626623818,5.398523764377646,53.999999078859304
12.25257,15.84559,41.16369,3705.18228,1.10744,71.16905,14.213470933601107,5.294891901694272,53.999999078859304
12.26847,15.89367,41.27239,3697.03277,1.13567,71.4463,13.936321624453159,5.191646491799462,53.999999078859304
12.2841,15.94172,41.38339,3689.03097,1.15997,71.71895,13.661114359810693,5.089124544581209,53.999999078859304
12.29948,15.98975,41.4963,3681.17655,1.18036,71.98699,13.388678120598962,4.987634877245972,53.999999078859304
12.31461,16.03774,41.61076,3673.46875,1.19686,72.25047,13.119766968958718,4.887458397781749,53.999999078859304
12.32949,16.08571,41.72637,3665.90638,1.20952,72.50943,12.855061620827264,4.788848690785902,53.999999078859304
12.34414,16.13365,41.84278,3658.48789,1.21838,72.76391,12.59517170152711,4.692032857731273,53.999999078859304
12.35854,16.18156,41.95962,3651.21138,1.22351,73.014,12.340638560982772,4.597212565708515,53.999999078859304
12.37272,16.22945,42.07655,3644.07467,1.22497,73.25976,12.091938532768674,4.504565261507195,53.999999078859304
12.38667,16.2773,42.19322,3637.0753,1.22283,73.5013,11.84948653010513,4.414245511218902,53.999999078859304
12.4004,16.32512,42.3093,3630.21058,1.21718,73.7387,11.61363988199526,4.326386429299191,53.999999078859304
12.41391,16.37291,42.42446,3623.47761,1.2081,73.97208,11.384702323198875,4.2411011649378345,53.999999078859304
12.42721,16.42067,42.53838,3616.87332,1.19567,74.20154,11.162928062438429,4.158484417572579,53.999999078859304
12.4403,16.4684,42.65078,3610.39448,1.18,74.4272,10.948525863695837,4.078613957279599,53.999999078859304
12.45318,16.5161,42.76134,3604.03773,1.16117,74.64919,10.741663085630828,4.001552129563118,53.999999078859304
12.46586,16.56377,42.86979,3597.79961,1.13929,74.86763,10.542469633513369,3.927347327554209,53.999999078859304
12.47835,16.6114,42.97586,3591.67657,1.11446,75.08265,10.351041786907485,3.856035417923739,53.999999078859304
12.49064,16.65901,43.07928,3585.66498,1.08678,75.29439,10.167445874274803,3.7876411097688716,53.999999078859304
12.50274,16.70658,43.1798,3579.76116,1.05635,75.50297,9.991721772695529,3.722179258351214,53.999999078859304
12.51465,16.75412,43.27718,3573.96138,1.02329,75.70854,9.823886217249456,3.659656097928314,53.999999078859304
12.52638,16.80163,43.3712,3568.2619,0.9877,75.91124,9.663935909910446,3.600070399898658,53.999999078859304
12.53792,16.84911,43.46164,3562.65895,0.94969,76.1112,9.51185042250315,3.5434145542294333,53.999999078859304
12.54929,16.89656,43.54828,3557.14873,0.90936,76.30856,9.367594892037419,3.489675573539508,53.999999078859304
12.56048,16.94398,43.63094,3551.72745,0.86682,76.50346,9.231122510020587,3.4388360204337567,53.999999078859304
12.5715,16.99136,43.70942,3546.39133,0.82218,76.69605,9.102376809799136,3.3908748595980196,53.999999078859304
12.58235,17.03872,43.78355,3541.13659,0.77555,76.88646,8.981293758035058,3.3457682369290693,53.999999078859304
12.59303,17.08604,43.85316,3535.95946,0.72702,77.07483,8.8678036579192,3.3034901885316623,53.999999078859304
12.60354,17.13333,43.9181,3530.85617,0.67671,77.26131,8.761832872755159,3.264013282798891,53.999999078859304
12.61389,17.18059,43.97822,3525.82299,0.62473,77.44602,8.663305379337386,3.2273091990863962,53.999999078859304
12.62407,17.22782,44.03338,3520.85619,0.57116,77.62911,8.572144160834497,3.1933492465980535,53.999999078859304
12.6341,17.27502,44.08347,3515.95206,0.51613,77.81071,8.488272449110985,3.162104827183496,53.999999078859304
12.64396,17.32219,44.12836,3511.10691,0.45973,77.99096,8.411614826270863,3.133547845692103,53.999999078859304
12.65367,17.36932,44.16795,3506.31706,0.40206,78.17,8.342098194971586,3.1076510714404706,53.999999078859304
12.66322,17.41643,44.20214,3501.57886,0.34323,78.34796,8.27965262661593,3.0843884541862003,53.999999078859304
12.67262,17.4635,44.23085,3496.88863,0.28334,78.52498,8.224212096032387,3.0637353978156785,53.999999078859304
12.68186,17.51054,44.254,3492.24276,0.22247,78.70118,8.17571511060636,3.0456689947120004,53.999999078859304
12.69095,17.55755,44.27151,3487.63761,0.16075,78.87671,8.134105241174442,3.030168223527055,53.999999078859304
12.69989,17.60453,44.28333,3483.06954,0.09826,79.05169,8.099331561238802,3.017214112800444,53.999999078859304
12.70868,17.65147,44.28941,3478.53494,0.03509,79.22627,8.071349000282227,3.0067898725786297,53.999999078859304
12.71731,17.69838,44.28971,3474.03017,-0.02864,79.40056,8.050118616220296,2.9988809959105365,53.999999078859304
12.7258,17.74526,44.2842,3469.55161,-0.09284,79.57471,8.03560779118345,2.993475331781527,53.999999078859304
12.73414,17.79211,44.27284,3465.09561,-0.15741,79.74885,8.027790354032154,2.9905631307535177,53.999999078859304
12.74232,17.83893,44.25563,3460.65853,-0.22227,79.92311,8.02664663220753,2.990137064280714,53.999999078859304
12.75036,17.88571,44.23257,3456.23669,-0.2873,80.09762,8.032163434742433,2.992192218380775,53.999999078859304
12.75825,17.93246,44.20364,3451.82642,-0.35242,80.27252,8.044333967443668,2.9967260620379736,53.999999078859304
12.76599,17.97917,44.16888,3447.42399,-0.41752,80.44795,8.063157680531646,3.003738390444944,53.999999078859304
12.77358,18.02585,44.12829,3443.02569,-0.4825,80.62403,8.088640048277082,3.013231242911567,53.999999078859304
12.78102,18.0725,44.08191,3438.62773,-0.54728,80.80091,8.120792279444355,3.0252087949974933,53.999999078859304
12.7883,18.11911,44.02977,3434.22633,-0.61174,80.97871,8.15963095670935,3.0396772241858043,53.999999078859304
12.79544,18.16569,43.97192,3429.81765,-0.6758,81.15759,8.205177602544282,3.0566445481636944,53.999999078859304
12.80243,18.21222,43.90843,3425.39783,-0.73935,81.33768,8.257458168522126,3.0761204345749196,53.999999078859304
12.80927,18.25873,43.83935,3420.96294,-0.80229,81.51911,8.316502444409798,3.0981159808914747,53.999999078859304
12.81595,18.30519,43.76475,3416.50904,-0.86452,81.70204,8.382343382994122,3.122643462893492,53.999999078859304
12.82248,18.35162,43.68473,3412.03213,-0.92594,81.8866,8.45501633615692,3.149716050087112,53.999999078859304
12.82885,18.39801,43.59937,3407.52815,-0.98644,82.07294,8.534558197473912,3.1793474863000215,53.999999078859304
12.83507,18.44436,43.50877,3402.99302,-1.04593,82.26121,8.621006446378232,3.211551733607203,53.999999078859304
12.84113,18.49067,43.41305,3398.4226,-1.1043,82.45155,8.714398088901216,3.2463425777290187,53.999999078859304
12.84703,18.53693,43.31233,3393.8127,-1.16145,82.64412,8.814768490102747,3.2837331930807854,53.999999078859304
12.85277,18.58316,43.20672,3389.15909,-1.21726,82.83906,8.922150093557406,3.323735665747675,53.999999078859304
12.85834,18.62934,43.09638,3384.45749,-1.27164,83.03653,9.036571023734437,3.3663604728344825,53.999999078859304
12.86376,18.67548,42.98145,3379.7036,-1.32447,83.23668,9.158053567833011,3.411615916909309,53.999999078859304
12.86901,18.72157,42.86208,3374.89304,-1.37565,83.43968,9.28661253452442,3.45950751459185,53.999999078859304
12.87409,18.76762,42.73844,3370.02144,-1.42508,83.64567,9.422253488370844,3.5100373388279325,53.999999078859304
12.879,18.81362,42.6107,3365.08438,-1.47264,83.85481,9.564970860149204,3.563203314935422,53.999999078859304
12.88374,18.85957,42.47906,3360.07743,-1.51822,84.06727,9.714745935284595,3.6189984712427568,53.999999078859304
12.8883,18.90547,42.34369,3354.99613,-1.56172,84.2832,9.871544724766316,3.6774101459491453,53.999999078859304
12.89269,18.95132,42.20482,3349.83604,-1.60302,84.50276,10.035315725629909,3.7384191528452044,53.999999078859304
12.8969,18.99712,42.06264,3344.5927,-1.64203,84.72611,10.20598758107504,3.8019989096452984,53.999999078859304
12.90093,19.04286,41.91737,3339.2617,-1.67863,84.95342,10.383466653742191,3.8681145339692597,53.999999078859304
12.90477,19.08854,41.76926,3333.83863,-1.71272,85.18483,10.567634529506954,3.936721913440082,53.999999078859304
12.90842,19.13417,41.61853,3328.31915,-1.74419,85.42051,10.758345473322388,4.007766757918262,53.999999078859304
12.91189,19.17973,41.46543,3322.69898,-1.77294,85.66061,10.955423863230186,4.081183643603435,53.999999078859304
12.91516,19.22524,41.31021,3316.97391,-1.79887,85.90529,11.15866163338763,4.1568950604946515,53.999999078859304
12.91823,19.27068,41.15315,3311.13984,-1.82189,86.15469,11.367815762048737,4.234810476597244,53.999999078859304
12.92111,19.31605,40.9945,3305.19279,-1.84189,86.40896,11.582605845436506,4.31482543412641,53.999999078859304
12.92378,19.36136,40.83454,3299.12891,-1.85879,86.66824,11.802711803520323,4.396820694848935,53.999999078859304
12.92624,19.40659,40.67356,3292.94456,-1.87251,86.93266,12.027771768566302,4.480661453512635,53.999999078859304
12.9285,19.45175,40.51184,3286.63623,-1.88296,87.20235,12.257380211667506,4.566196639929565,53.999999078859304
12.93054,19.49684,40.34968,3280.2007,-1.89006,87.47744,12.491086366354054,4.653258331729316,53.999999078859304
12.93237,19.54184,40.18738,3273.63493,-1.89376,87.75803,12.72839301132359,4.7416613008940836,53.999999078859304
12.93397,19.58677,40.02524,3266.9362,-1.89398,88.04422,12.968755676156803,4.83120271786679,53.999999078859304
12.93535,19.63161,39.86356,3260.10207,-1.89068,88.33612,13.211582334451338,4.921662037235411,53.999999078859304
12.93651,19.67637,39.70266,3253.13045,-1.88382,88.63379,13.456233647668958,5.01280108857244,53.999999078859304
12.93743,19.72103,39.54285,3246.0196,-1.87335,88.93731,13.702023819984758,5.104364394888727,53.999999078859304
12.93812,19.76561,39.38442,3238.76816,-1.85926,89.24672,13.948222119474183,5.196079739315663,53.999999078859304
12.93857,19.81008,39.22771,3231.37519,-1.84153,89.56208,14.194055113594843,5.287658997880969,53.999999078859304
12.93878,19.85446,39.073,3223.84021,-1.82016,89.88339,14.43870965742661,5.378799252706772,53.999999078859304
12.93874,19.89874,38.92062,3216.16318,-1.79516,90.21067,14.681336661016246,5.469184195444586,53.999999078859304
12.93846,19.94291,38.77085,3208.34456,-1.76657,90.5439,14.921055648005144,5.558485825484102,53.999999078859304
12.93793,19.98697,38.624,3200.38531,-1.7344,90.88305,15.156960101286773,5.6463664413512396,53.999999078859304
12.93714,20.03092,38.48035,3192.28694,-1.69873,91.22808,15.388123573195914,5.732480916914396,53.999999078859304
12.93609,20.07475,38.3402,3184.05146,-1.65962,91.5789,15.613606518172613,5.81647924673156,53.999999078859304
12.93479,20.11846,38.2038,3175.68145,-1.61714,91.93543,15.832463785230809,5.898009337192003,53.999999078859304
12.93322,20.16205,38.07142,3167.18003,-1.5714,92.29755,16.04375268697199,5.976720012436183,53.999999078859304
12.93138,20.20551,37.94332,3158.55087,-1.52251,92.66514,16.24654154146594,6.052264196431065,53.999999078859304
12.92928,20.24884,37.81973,3149.7982,-1.47059,93.03803,16.439918564450473,6.124302225548498,53.999999078859304
12.9269,20.29203,37.70089,3140.92676,-1.4158,93.41606,16.62300097232998,6.192505239671685,53.999999078859304
12.92426,20.33509,37.58698,3131.94185,-1.35828,93.79901,16.794944142483033,6.256558594650783,53.999999078859304
12.92134,20.378,37.47823,3122.84922,-1.29821,94.18669,16.954950666931122,6.316165235032731,53.999999078859304
12.91814,20.42077,37.37479,3113.65515,-1.23578,94.57885,17.102279129377642,6.371048963739206,53.999999078859304
12.91467,20.46339,37.27682,3104.36632,-1.17118,94.97525,17.236252434180702,6.420957544828147,53.999999078859304
12.91092,20.50586,37.18447,3094.98985,-1.10462,95.3756,17.35626551960761,6.465665576883993,53.999999078859304
12.9069,20.54817,37.09786,3085.53322,-1.03633,95.77962,17.461792296612163,6.504977077894799,53.999999078859304
12.90259,20.59033,37.01709,3076.00423,-0.96652,96.18702,17.5523916683775,6.538727727690323,53.999999078859304
12.89801,20.63231,36.94222,3066.41097,-0.89545,96.59748,17.62771250457123,6.5667867209829645,53.999999078859304
12.89314,20.67414,36.87334,3056.76177,-0.82336,97.01068,17.68749746711853,6.58905819256887,53.999999078859304
12.888,20.71579,36.81046,3047.06513,-0.7505,97.42628,17.731585610601382,6.605482186045102,53.999999078859304
12.88258,20.75728,36.7536,3037.32967,-0.67713,97.84395,17.75991370906633,6.6160351480804245,53.999999078859304
12.87688,20.79858,36.70277,3027.5641,-0.6035,98.26334,17.77251629116182,6.620729941504886,53.999999078859304
12.87091,20.83971,36.65792,3017.77714,-0.52987,98.68411,17.769524395928922,6.619615381809131,53.999999078859304
12.86466,20.88067,36.61902,3007.97748,-0.4565,99.10592,17.751163091264285,6.6127753127065505,53.999999078859304
12.85814,20.92144,36.586,2998.17372,-0.38366,99.52841,17.717747824844743,6.600327246756699,53.999999078859304
12.85135,20.96202,36.55876,2988.37433,-0.31158,99.95126,17.6696797022945,6.58242060635831,53.999999078859304
12.84429,21.00242,36.53721,2978.58759,-0.24053,100.37411,17.60743980875396,6.559234608384301,53.999999078859304
12.83696,21.04263,36.52121,2968.82156,-0.17073,100.79666,17.531582707431603,6.530975842221265,53.999999078859304
12.82937,21.08266,36.51062,2959.08403,-0.10243,101.21857,17.442729261069335,6.497875595576442,53.999999078859304
12.82152,21.12249,36.50528,2949.38248,-0.03585,101.63956,17.34155893044212,6.460186985466199,53.999999078859304
12.81341,21.16213,36.50502,2939.72405,0.02879,102.05931,17.22880170692989,6.418181952886788,53.999999078859304
12.80504,21.20158,36.50965,2930.11553,0.0913,102.47755,17.105229834905717,6.37214817918615,53.999999078859304
12.79642,21.24084,36.51896,2920.5633,0.15147,102.89402,16.971649474084433,6.322385980069399,53.999999078859304
12.78756,21.2799,36.53274,2911.07334,0.20913,103.30847,16.828892442854404,6.269205229772658,53.999999078859304
12.77845,21.31876,36.55076,2901.6512,0.26412,103.72067,16.67780817135647,6.212922363373248,53.999999078859304
12.7691,21.35743,36.57278,2892.30199,0.31627,104.13041,16.51925597855281,6.1538574997946185,53.999999078859304
12.75951,21.39591,36.59857,2883.03038,0.36545,104.53748,16.35409777138632,6.092331722051136,53.999999078859304
12.74969,21.43419,36.62786,2873.84061,0.41154,104.94172,16.183191246818946,6.02866454482849,53.999999078859304
12.73963,21.47228,36.66041,2864.73643,0.45442,105.34295,16.007383660207292,5.963171593039647,53.999999078859304
12.72936,21.51017,36.69594,2855.7212,0.49399,105.74106,15.82750620605475,5.896162508507162,53.999999078859304
12.71885,21.54786,36.73418,2846.79779,0.53018,106.1359,15.644369040741907,5.827939095799305,53.999999078859304
12.70813,21.58537,36.77487,2837.96869,0.56291,106.52739,15.458756961391067,5.758793712493384,53.999999078859304
12.6972,21.62268,36.81773,2829.23596,0.59212,106.91543,15.271425741082535,5.689007903947402,53.999999078859304
12.68606,21.65979,36.86249,2820.60125,0.61778,107.29995,15.083099108384094,5.618851278095304,53.999999078859304
12.6747,21.69672,36.90888,2812.06582,0.63984,107.68092,14.894466348580341,5.548580611841788,53.999999078859304
12.66315,21.73345,36.95661,2803.63058,0.6583,108.05828,14.706180495428622,5.478439177443819,53.999999078859304
12.65139,21.77,37.00542,2795.29609,0.67315,108.43203,14.518857075326794,5.408656274680072,53.999999078859304
12.63944,21.80635,37.05504,2787.06256,0.68439,108.80216,14.333073360740084,5.3394469527327955,53.999999078859304
12.6273,21.84252,37.1052,2778.92988,0.69203,109.16868,14.149368086237626,5.271011904403953,53.999999078859304
12.61497,21.8785,37.15565,2770.89768,0.6961,109.53161,13.968241578447198,5.203537514526778,53.999999078859304
12.60246,21.91429,37.20611,2762.96527,0.69663,109.891,13.79015625056812,5.137196044184839,53.999999078859304
12.58976,21.9499,37.25634,2755.13174,0.69367,110.24689,13.615537412376536,5.072145932460327,53.999999078859304
12.57688,21.98533,37.30609,2747.39592,0.68727,110.59934,13.444774348131677,5.008532197982484,53.999999078859304
12.56384,22.02058,37.35513,2739.75642,0.67749,110.94842,13.278221616646134,4.946486923238012,53.999999078859304
12.55061,22.05564,37.4032,2732.21164,0.66438,111.29421,13.11620053061629,4.886129805660555,53.999999078859304
12.53722,22.09052,37.45009,2724.75981,0.64803,111.63681,12.959000775201819,4.827568760594167,53.999999078859304
12.52367,22.12523,37.49558,2717.39898,0.62851,111.97631,12.806882129209896,4.770900562479714,53.999999078859304
12.50995,22.15976,37.53945,2710.12702,0.60591,112.31281,12.660076255774207,4.716211511929917,53.999999078859304
12.49607,22.19411,37.58149,2702.9417,0.5803,112.64643,12.518788532799812,4.663578117618229,53.999999078859304
12.48204,22.22828,37.62151,2695.84062,0.55179,112.97729,12.383199897068483,4.613067783256592,53.999999078859304
12.46785,22.26229,37.65932,2688.82128,0.52048,113.30551,12.253468679107764,4.564739491132445,53.999999078859304
12.45351,22.29611,37.69473,2681.88106,0.48645,113.63123,12.129732409258873,4.518644474916532,53.999999078859304
12.43902,22.32977,37.72757,2675.01727,0.44983,113.95457,12.012109578305168,4.474826875543334,53.999999078859304
12.42438,22.36325,37.75768,2668.22709,0.4107,114.27568,11.900701338759458,4.433324374985356,53.999999078859304
12.4096,22.39657,37.7849,2661.50765,0.36919,114.5947,11.79559313548671,4.394168803702986,53.999999078859304
12.39467,22.42971,37.80908,2654.85601,0.3254,114.91177,11.696856256546756,4.357386718374214,53.999999078859304
12.37961,22.46269,37.83008,2648.26915,0.27945,115.22706,11.604549297164326,4.322999947261986,53.999999078859304
12.3644,22.4955,37.84779,2641.744,0.23146,115.54071,11.518719531443697,4.291026101214001,53.999999078859304
12.34906,22.52814,37.86206,2635.27743,0.18154,115.85288,11.439404188037123,4.261479048882768,53.999999078859304
12.33358,22.56061,37.8728,2628.86628,0.1298,116.16373,11.366631627171007,4.234369355198825,53.999999078859304
12.31797,22.59291,37.8799,2622.50731,0.07638,116.47342,11.300422417559554,4.20970468254941,53.999999078859304
12.30223,22.62505,37.88326,2616.19727,0.02139,116.7821,11.240790312603679,4.187490154438234,53.999999078859304
12.28635,22.65702,37.8828,2609.93288,-0.03504,117.08996,11.187743126014155,4.167728681678155,53.999999078859304
12.27035,22.68883,37.87844,2603.71079,-0.0928,117.39715,11.141283507488327,4.15042125135115,53.999999078859304
12.25422,22.72047,37.87013,2597.52765,-0.15176,117.70385,11.101409619568889,4.135567178956027,53.999999078859304
12.23796,22.75195,37.85779,2591.38008,-0.21178,118.01022,11.068115717079879,4.123164324263573,53.999999078859304
12.22158,22.78326,37.84138,2585.26464,-0.27276,118.31643,11.041392630749097,4.113209271478639,53.999999078859304
12.20508,22.81441,37.82085,2579.17791,-0.33456,118.62267,11.02122815678427,4.1056974743675,53.999999078859304
12.18845,22.84538,37.79619,2573.1164,-0.39706,118.92909,11.007607354199802,4.1006233670198995,53.999999078859304
12.17169,22.8762,37.76735,2567.07663,-0.46013,119.23588,11.000512751744514,4.097980440935079,53.999999078859304
12.15482,22.90684,37.73434,2561.0551,-0.52364,119.54322,10.999924466273074,4.097761289118247,53.999999078859304
12.1379,22.93737,37.70223,2555.03041,-0.43516,119.55223,10.997778131902443,4.096961723091731,0.0
12.12102,22.96782,37.67611,2548.98713,-0.34691,119.56122,10.986110363283368,4.092615172283657,0.0
12.10418,22.99819,37.65591,2542.93064,-0.25919,119.57019,10.965071295843561,4.084777566091147,0.0
12.08736,23.02849,37.64157,2536.8663,-0.17232,119.57914,10.934873220633117,4.073527988516078,0.0
12.07059,23.05871,37.63299,2530.79939,-0.08662,119.58808,10.8957812029254,4.058965183347064,0.0
12.05385,23.08885,37.63005,2524.73515,-0.00237,119.59699,10.848109461511372,4.041206205351332,0.0
12.03714,23.11892,37.63262,2518.67867,0.08013,119.60588,10.792217236373205,4.020384880874414,0.0
12.02047,23.1489,37.64056,2512.63492,0.16059,119.61476,10.728504236578681,3.9966501120610367,0.0
12.00384,23.17882,37.65369,2506.60871,0.23875,119.62361,10.65740576542057,3.9701640608412787,0.0
11.98724,23.20865,37.67183,2500.60464,0.31435,119.63245,10.5793876218915,3.9411002495957974,0.0
11.97068,23.23841,37.69478,2494.62712,0.38716,119.64126,10.494940876892716,3.9096416151561644,0.0
11.95415,23.2681,37.72233,2488.68036,0.45694,119.65006,10.404576619084732,3.875978551495973,0.0
11.93766,23.29771,37.75425,2482.7683,0.52349,119.65883,10.3088207596217,3.840306974357697,0.0
11.9212,23.32724,37.7903,2476.89466,0.58662,119.66759,10.20820897724915,3.8028264381686054,0.0
11.90478,23.3567,37.83024,2471.06288,0.64615,119.67632,10.103281876052547,3.7637383321746825,0.0
11.88839,23.38608,37.87381,2465.27617,0.70192,119.68504,9.994580417842744,3.7232441788840314,0.0
11.87204,23.41539,37.92076,2459.53746,0.7538,119.69373,9.882641680159256,3.681544053811485,0.0
11.85572,23.44463,37.9708,2453.84941,0.80167,119.7024,9.76799497973791,3.638835141368298,0.0
11.83943,23.4738,38.02366,2448.21442,0.84542,119.71105,9.651158390185158,3.5953104376042107,0.0
11.82318,23.50289,38.07907,2442.63464,0.88496,119.71967,9.532635672026563,3.5511576065697343,0.0
11.80696,23.53192,38.13675,2437.11194,0.92024,119.72828,9.412913623393075,3.506557993377076,0.0
11.79077,23.56087,38.1964,2431.64796,0.95119,119.73686,9.29245985070091,3.461685793719742,0.0
11.77462,23.58976,38.25775,2426.24408,0.97778,119.74542,9.17172095076169,3.41670737666073,0.0
11.75849,23.61857,38.32051,2420.90147,0.99998,119.75396,9.051121089051371,3.3717807550003003,0.0
11.7424,23.64732,38.38441,2415.62102,1.0178,119.76247,8.931060953360621,3.327055195483205,0.0
11.72634,23.676,38.44915,2410.40347,1.03125,119.77097,8.811917057641276,3.2826709594631835,0.0
11.71031,23.70462,38.51446,2405.24929,1.04033,119.77943,8.694041367710943,3.2387591634680715,0.0
11.69431,23.73317,38.58007,2400.1588,1.0451,119.78788,8.577761218232155,3.1954417482723563,0.0
11.67834,23.76166,38.6457,2395.13211,1.04558,119.7963,8.463379489244584,3.1528315446600685,0.0
11.6624,23.79008,38.7111,2390.16916,1.04185,119.80469,8.351175010074892,3.111032423891831,0.0
11.64648,23.81844,38.776,2385.26972,1.03397,119.81306,8.241403158849584,3.07013952103917,0.0
11.6306,23.84673,38.84014,2380.43341,1.02201,119.82141,8.134296626750723,3.030239519689877,0.0
11.61474,23.87497,38.90329,2375.6597,1.00606,119.82973,8.030066317542685,2.991410987045395,0.0
11.59892,23.90315,38.9652,2370.94794,0.98622,119.83803,7.928902354761915,2.9537247491254996,0.0
11.58312,23.93126,39.02564,2366.29734,0.96258,119.8463,7.830975170892289,2.917244296514785,0.0
11.56734,23.95932,39.08439,2361.707,0.93526,119.85455,7.736436655148465,2.8820262119421556,0.0
11.55159,23.98732,39.14122,2357.1759,0.90436,119.86277,7.6454213387583625,2.848120611829742,0.0
11.53587,24.01526,39.19593,2352.70294,0.87001,119.87096,7.558047598929122,2.8155715948018956,0.0
11.52018,24.04315,39.24832,2348.28691,0.83234,119.87913,7.474418865014182,2.784417691014162,0.0
11.50451,24.07098,39.29821,2343.92653,0.79146,119.88727,7.394624812548188,2.7546923069627014,0.0
11.48886,24.09875,39.3454,2339.62041,0.74752,119.89539,7.318742532934754,2.726424161223758,0.0
11.47324,24.12647,39.38972,2335.36713,0.70064,119.90348,7.2468376684905245,2.6996377072874345,0.0
11.45765,24.15414,39.43101,2331.16517,0.65098,119.91154,7.178965504350896,2.6743535403213063,0.0
11.44207,24.18175,39.46913,2327.01294,0.59866,119.91958,7.115172010312123,2.6505887852840155,0.0
11.42653,24.20931,39.50391,2322.90882,0.54384,119.92759,7.055494827202354,2.6283574643744383,0.0
11.411,24.23682,39.53523,2318.85111,0.48667,119.93557,6.9999641935429,2.6076708422373844,0.0
11.3955,24.26428,39.56296,2314.83807,0.42728,119.94353,6.948603809435551,2.5885377477843603,0.0
11.38002,24.29168,39.58698,2310.86791,0.36584,119.95146,6.901431635530817,2.5709648718302525,0.0
11.36456,24.31904,39.60719,2306.93878,0.30249,119.95936,6.858460625704187,2.554957040034518,0.0
11.34913,24.34634,39.62348,2303.0488,0.23738,119.96723,6.8196993927416685,2.5405174608865604,0.0
11.33372,24.3736,39.63578,2299.19603,0.17067,119.97508,6.7851528068475835,2.5276479486656327,0.0
11.31833,24.40081,39.64401,2295.37852,0.10252,119.9829,6.75482252723034,2.5163491214705243,0.0
11.30296,24.42797,39.64808,2291.59425,0.03308,119.99069,6.72870746728485,2.506620574512247,0.0
11.28762,24.45508,39.64796,2287.84118,-0.0375,119.99846,6.706804194175019,2.4984610289690345,0.0
11.27229,24.48214,39.64358,2284.11722,-0.10905,120.00619,6.68910726374031,2.4918684567478424,0.0
11.25699,24.50916,39.6349,2280.42025,-0.18143,120.0139,6.675609491743138,2.4868401815311407,0.0
11.24171,24.53612,39.62191,2276.74811,-0.25447,120.02159,6.666302162548839,2.483372956515695,0.0
11.22645,24.56305,39.60456,2273.09863,-0.32801,120.02924,6.661175176290586,2.4814630192353677,0.0
11.21121,24.58992,39.58286,2269.46956,-0.4019,120.03687,6.660217135607629,2.4811061238733987,0.0
11.19599,24.61675,39.55681,2265.85866,-0.47598,120.04447,6.663415372946774,2.48229755143292,0.0
11.18079,24.64353,39.5264,2262.26363,-0.55009,120.05204,6.670755919421145,2.4850320981360245,0.0
11.16561,24.67027,39.49166,2258.68215,-0.62408,120.05959,6.682223416180366,2.4893040424068333,0.0
11.15046,24.69696,39.4526,2255.11187,-0.69778,120.06711,6.697800969177883,2.4951070907684954,0.0
11.13532,24.7236,39.40928,2251.5504,-0.77103,120.0746,6.71746994827146,2.5024343030028393,0.0
11.1202,24.7502,39.36173,2247.99534,-0.84369,120.08207,6.741209731570631,2.5112779969130723,0.0
11.10511,24.77675,39.31,2244.44423,-0.91558,120.08951,6.768997396045658,2.521629633067475,0.0
11.09003,24.80326,39.25415,2240.89462,-0.98656,120.09692,6.80080735550837,2.53347967993774,0.0
11.07498,24.82972,39.19427,2237.34401,-1.05646,120.1043,6.836610947241292,2.5468174599074493,0.0
11.05995,24.85614,39.13043,2233.78989,-1.12514,120.11166,6.876375968770727,2.5616309767078502,0.0
11.04494,24.88251,39.06271,2230.22972,-1.19243,120.119,6.920066166614409,2.5779067249629115,0.0
11.02995,24.90883,38.99123,2226.66094,-1.25817,120.12631,6.967640679150413,2.5956294826433344,0.0
11.01498,24.93511,38.91608,2223.081,-1.32223,120.13359,7.0190534362572805,2.614782087416695,0.0
11.00003,24.96134,38.83737,2219.48731,-1.38444,120.14084,7.0742525188894545,2.635345198072455,0.0
10.9851,24.98753,38.75525,2215.87728,-1.44465,120.14807,7.13317948237051,2.6572970424308706,0.0
10.97019,25.01367,38.66982,2212.24833,-1.50272,120.15528,7.195768647932039,2.6806131534225983,0.0
10.95531,25.03976,38.58125,2208.59786,-1.5585,120.16246,7.261946367779891,2.705266095306527,0.0
10.94044,25.06581,38.48967,2204.9233,-1.61184,120.16962,7.331630269901871,2.7312251823407765,0.0
10.9256,25.09181,38.39524,2201.22207,-1.6626,120.17675,7.4047284897598615,2.758456192567797,0.0
10.91078,25.11776,38.29813,2197.49162,-1.71064,120.18385,7.481138897046028,2.7869210797607082,0.0
10.89598,25.14367,38.1985,2193.72944,-1.75584,120.19094,7.560748326783402,2.8165776869880417,0.0
10.88121,25.16952,38.09654,2189.93301,-1.79806,120.198,7.643431825126531,2.8473794656546314,0.0
10.86646,25.19533,37.99242,2186.0999,-1.83716,120.20504,7.729051921396563,2.8792752043155336,0.0
10.85173,25.22109,37.88635,2182.22769,-1.87304,120.21205,7.817457938945362,2.912208771954777,0.0
10.83702,25.2468,37.77851,2178.31405,-1.90558,120.21904,7.908485358557993,2.9461188808360372,0.0
10.82234,25.27246,37.66912,2174.3567,-1.93466,120.22601,8.001955249045121,2.9809388743833254,0.0
10.80768,25.29808,37.55837,2170.35342,-1.96019,120.23296,8.097673780542737,3.016596545872325,0.0
10.79305,25.32364,37.44648,2166.30212,-1.98206,120.23988,8.195431836729009,3.053013993970973,0.0
10.77844,25.34915,37.33366,2162.20078,-2.0002,120.24678,8.295004742604158,3.0901075213302973,0.0
10.76385,25.3746,37.22015,2158.04748,-2.01451,120.25367,8.39615212468984,3.127787582505008,0.0
10.74929,25.40001,37.10616,2153.84044,-2.02494,120.26053,8.49861792035307,3.1659587874269026,0.0
10.73475,25.42537,36.99191,2149.57801,-2.03142,120.26737,8.602130552470879,3.204519966472055,0.0
10.72025,25.45067,36.87764,2145.25866,-2.0339,120.27419,8.70640328472502,3.2433643028174277,0.0
10.70576,25.47591,36.76358,2140.88105,-2.03235,120.281,8.811134771425557,3.2823795372646387,0.0
10.69131,25.50111,36.64995,2136.44396,-2.02674,120.28778,8.91600981394672,3.3214482500322156,0.0
10.67688,25.52624,36.53698,2131.94638,-2.01705,120.29455,9.02070033342092,3.3604482231097035,0.0
10.66247,25.55133,36.42491,2127.38747,-2.00329,120.30129,9.12486656654309,3.399252885726257,0.0
10.6481,25.57635,36.31396,2122.76659,-1.98546,120.30802,9.228158487922247,3.4377318442140106,0.0
10.63375,25.60132,36.20435,2118.08329,-1.9636,120.31473,9.330217458590008,3.4757514961208846,0.0
10.61944,25.62623,36.0963,2113.33735,-1.93774,120.32142,9.430678096064836,3.513175726858713,0.0
10.60515,25.65109,35.99004,2108.52875,-1.90794,120.3281,9.529170356756625,3.54986668545375,0.0
10.59089,25.67588,35.88577,2103.6577,-1.87428,120.33476,9.625321816710688,3.5856856341838097,0.0
10.57666,25.70061,35.7837,2098.72464,-1.83683,120.3414,9.718760131738668,3.620493865041764,0.0
10.56246,25.72529,35.68402,2093.73024,-1.79571,120.34803,9.809115653033375,3.6541536741208884,0.0
10.54829,25.7499,35.58693,2088.67542,-1.75103,120.35464,9.896024169612545,3.686529383247324,0.0
10.53415,25.77445,35.49261,2083.56129,-1.70291,120.36124,9.979129744465286,3.717488396519245,0.0
10.52005,25.79894,35.40124,2078.38923,-1.65152,120.36782,10.058087607283076,3.7469022779252756,0.0
10.50597,25.82337,35.31297,2073.16084,-1.59701,120.37439,10.132567063289645,3.774647834960152,0.0
10.49193,25.84773,35.22795,2067.87794,-1.53955,120.38094,10.20225437515622,3.800608192213979,0.0
10.47792,25.87203,35.14634,2062.54255,-1.47934,120.38748,10.266855573283507,3.824673838276215,0.0
10.46395,25.89626,35.06825,2057.15693,-1.41659,120.394,10.32609914913165,3.8467436290719426,0.0
10.45,25.92043,34.99381,2051.72351,-1.3515,120.40052,10.379738586685477,3.866725730899285,0.0
10.4361,25.94453,34.92311,2046.24493,-1.2843,120.40701,10.427554688832492,3.8845384870664152,0.0
10.42222,25.96857,34.85624,2040.72398,-1.21523,120.4135,10.469357658055168,3.9001111930041787,0.0
10.40838,25.99254,34.79329,2035.16362,-1.14454,120.41997,10.504988894736009,3.9133847661820527,0.0
10.39458,26.01644,34.73431,2029.56696,-1.07247,120.42642,10.534322481186155,3.924312298947842,0.0
10.38081,26.04027,34.67934,2023.93722,-0.9993,120.43287,10.557266325206971,3.9328594845344647,0.0
10.36707,26.06404,34.62842,2018.27775,-0.92528,120.4393,10.573762943477343,3.939004908892328,0.0
10.35337,26.08773,34.58157,2012.59197,-0.85068,120.44572,10.583789871993053,3.9427402035887975,0.0
10.33971,26.11136,34.53878,2006.88339,-0.77577,120.45213,10.58735969812863,3.944070057752078,0.0
10.32608,26.13492,34.50004,2001.15554,-0.70083,120.45852,10.584519716255512,3.9430120897799212,0.0
10.31249,26.15841,34.46534,1995.41203,-0.62614,120.4649,10.575351216220348,3.9395965822790684,0.0
10.29893,26.18183,34.43461,1989.65645,-0.55195,120.47127,10.559968420829968,3.933866086250446,0.0
10.28542,26.20518,34.40781,1983.89239,-0.47854,120.47762,10.538517095000833,3.925874902960742,0.0
10.27193,26.22846,34.38488,1978.12343,-0.40616,120.48396,10.51117285488641,3.9156884540478605,0.0
10.25849,26.25167,34.36572,1972.35311,-0.33509,120.49029,10.478139210144281,3.9033825522139143,0.0
10.24508,26.27481,34.35024,1966.5849,-0.26556,120.49661,10.439645376356252,3.8890425862941504,0.0
10.23171,26.29788,34.33834,1960.8222,-0.19781,120.50291,10.395943897512375,3.872762635569695,0.0
10.21837,26.32088,34.32989,1955.06834,-0.13208,120.5092,10.347308120135905,3.85464452881264,0.0
10.20507,26.3438,34.32477,1949.32652,-0.06859,120.51548,10.294029561402416,3.834796863841166,0.0
10.19181,26.36666,34.32284,1943.59987,-0.00755,120.52174,10.236415213274489,3.8133340032387797,0.0
10.17858,26.38945,34.32395,1937.89135,0.05084,120.52799,10.174784823391237,3.790375061414117,0.0
10.16539,26.41218,34.32794,1932.20383,0.1064,120.53422,10.109468191360452,3.766042897398629,0.0
10.15224,26.43483,34.33466,1926.54,0.15896,120.54045,10.040802516309956,3.7404631267396735,0.0
10.13912,26.45741,34.34392,1920.90243,0.20835,120.54665,9.969129828115761,3.713763164565413,0.0
10.12604,26.47992,34.35555,1915.29352,0.25444,120.55284,9.894794530911588,3.686071310477476,0.0
10.113,26.50237,34.36938,1909.71553,0.29708,120.55902,9.818141083307726,3.657515884371447,0.0
10.09999,26.52475,34.3852,1904.17055,0.33618,120.56518,9.739511835446182,3.628224420682998,0.0
10.08701,26.54706,34.40283,1898.66049,0.37162,120.57133,9.659245038716952,3.5983229269548325,0.0
10.07407,26.56931,34.42208,1893.18713,0.40332,120.57746,9.57767303960729,3.567935210998015,0.0
10.06117,26.59148,34.44274,1887.75206,0.4312,120.58357,9.495120665168503,3.5371822794358696,0.0
10.0483,26.6136,34.46463,1882.35672,0.45521,120.58967,9.411903803676585,3.506181808962728,0.0
10.03547,26.63564,34.48754,1877.00239,0.47531,120.59575,9.328328180628166,3.4750476903702037,0.0
10.02266,26.65762,34.51128,1871.69018,0.49146,120.60181,9.244688327038185,3.44388964421094,0.0
10.0099,26.67954,34.53564,1866.42106,0.50365,120.60786,9.161266734332578,3.412812905973896,0.0
9.99716,26.70139,34.56043,1861.19583,0.51186,120.61389,9.078333187764606,3.3819179777643886,0.0
9.98447,26.72318,34.58546,1856.01517,0.51611,120.6199,8.996144268451387,3.351300442799598,0.0
9.9718,26.74491,34.61052,1850.87959,0.51643,120.62589,8.914943012605193,3.321050838463263,0.0
9.95916,26.76658,34.63544,1845.78947,0.51283,120.63187,8.83495871544387,3.2912545832571545,0.0
9.94656,26.78818,34.66002,1840.74506,0.50536,120.63782,8.756406866550751,3.2619919527209333,0.0
9.93399,26.80972,34.68409,1835.74649,0.49407,120.64376,8.679489202983142,3.233338099216468,0.0
9.92146,26.8312,34.70745,1830.79375,0.47903,120.64968,8.604393866352916,3.2053631104444853,0.0
9.90895,26.85263,34.72995,1825.88672,0.46031,120.65558,8.53129565020893,3.17813210160103,0.0
9.89648,26.87399,34.7514,1821.02516,0.43798,120.66146,8.460356324322607,3.1517053361823755,0.0
9.88403,26.89529,34.77166,1816.20872,0.41214,120.66731,8.391725023064245,3.1261383706654193,0.0
9.87162,26.91654,34.79054,1811.43697,0.38288,120.67315,8.325538685641304,3.1014822185080275,0.0
9.85924,26.93773,34.80792,1806.70936,0.35031,120.67897,8.261922536696423,3.0777835291844413,0.0
9.84688,26.95886,34.82364,1802.02524,0.31452,120.68477,8.200990596596853,3.05508477828152,0.0
9.83456,26.97993,34.83755,1797.38389,0.27565,120.69055,8.142846211600904,3.033424464999685,0.0
9.82227,27.00095,34.84953,1792.7845,0.23382,120.6963,8.087582594932117,3.012837313717296,0.0
9.81,27.02191,34.85946,1788.22616,0.18914,120.70203,8.035283370703674,2.9933544766167923,0.0
9.79777,27.04282,34.86721,1783.70791,0.14176,120.70775,7.986023113458471,2.9750037346775815,0.0
9.78556,27.06367,34.87266,1779.2287,0.09181,120.71344,7.9398678769600854,2.9578096946645718,0.0
9.77339,27.08447,34.87573,1774.78742,0.03943,120.71911,7.8968757066358855,2.9417939800267265,0.0
9.76124,27.10521,34.8763,1770.38287,-0.01523,120.72475,7.857097130854072,2.9269754139106814,0.0
9.74911,27.12591,34.87428,1766.01382,-0.07202,120.73038,7.820575626871588,2.9133701927386024,0.0
9.73702,27.14654,34.86961,1761.67896,-0.1308,120.73598,7.787348057995231,2.9009920490622054,0.0
9.72496,27.16713,34.8622,1757.37692,-0.19141,120.74156,7.757445079039686,2.8898524026065355,0.0
9.71292,27.18766,34.85198,1753.10628,-0.25369,120.74712,7.730891507761636,2.8799604986389538,0.0
9.70091,27.20815,34.83889,1748.86557,-0.31748,120.75266,7.707706660387611,2.871323532962081,0.0
9.68892,27.22858,34.82289,1744.65327,-0.38262,120.75817,7.687904649849384,2.863946763014336,0.0
9.67697,27.24896,34.80393,1740.46781,-0.44895,120.76366,7.671494645700546,2.8578336046956996,0.0
9.66503,27.26929,34.78197,1736.30757,-0.5163,120.76913,7.65848109509521,2.8529857146880877,0.0
9.65313,27.28956,34.75698,1732.17089,-0.58451,120.77457,7.648863904489268,2.84940305814386,0.0
9.64125,27.30979,34.72895,1728.05608,-0.65341,120.77999,7.642638582086088,2.847083961750585,0.0
9.6294,27.32997,34.69786,1723.96139,-0.72283,120.78539,7.639796341264514,2.846025152260692,0.0
9.61758,27.3501,34.6637,1719.88505,-0.79261,120.79077,7.640324165528397,2.846221780686881,0.0
9.60578,27.37018,34.62648,1715.82525,-0.86257,120.79612,7.644204835779238,2.8476674324618982,0.0
9.59401,27.39021,34.58622,1711.78016,-0.93255,120.80145,7.6514169208862395,2.8503541239256367,0.0
9.58226,27.41019,34.54291,1707.74788,-1.00239,120.80676,7.661934732844303,2.8542722856203024,0.0
9.57054,27.43012,34.4966,1703.72654,-1.0719,120.81205,7.675728248002957,2.8594107329461282,0.0
9.55885,27.45,34.44731,1699.71421,-1.14094,120.81731,7.6927629961192885,2.86575662483066,0.0
9.54718,27.46983,34.39508,1695.70894,-1.20932,120.82255,7.712999919216425,2.873295411149835,0.0
9.53554,27.48962,34.33996,1691.70877,-1.27688,120.82777,7.736395202527029,2.882010769749987,0.0
9.52392,27.50935,34.28201,1687.71172,-1.34346,120.83297,7.762900080070953,2.891884534020398,0.0
9.51233,27.52904,34.22127,1683.7158,-1.4089,120.83815,7.792460617701948,2.9028966120725,0.0
9.50077,27.54868,34.15783,1679.719,-1.47304,120.8433,7.8250174767954555,2.9150248987073493,0.0
9.48923,27.56826,34.09176,1675.71933,-1.53571,120.84843,7.860505662053839,2.928245181466447,0.0
9.47772,27.5878,34.02313,1671.71476,-1.59677,120.85355,7.898854257283741,2.9425310422018534,0.0
9.46623,27.6073,33.95204,1667.70329,-1.65606,120.85864,7.9399861533159255,2.95785375571916,0.0
9.45477,27.62674,33.87858,1663.68293,-1.71343,120.86371,7.983817772624992,2.974182187191101,0.0
9.44334,27.64613,33.80284,1659.65167,-1.76874,120.86875,8.030258795580494,2.991482690178881,0.0
9.43193,27.66548,33.72494,1655.60756,-1.82184,120.87378,8.0792118935944,3.009719007222588,0.0
9.42055,27.68477,33.64498,1651.54863,-1.87259,120.87879,8.130572474802527,3.0288521751008384,0.0
9.40919,27.70402,33.56307,1647.47296,-1.92087,120.88378,8.18422844824217,3.0488404369807336,0.0
9.39786,27.72321,33.47935,1643.37865,-1.96655,120.88875,8.240060012777437,3.0696391637869946,0.0
9.38656,27.74236,33.39393,1639.26384,-2.0095,120.8937,8.297939477284165,3.091200787216117,0.0
9.37529,27.76146,33.30695,1635.12673,-2.0496,120.89863,8.357731118798796,3.1134747468930866,0.0
9.36404,27.7805,33.21854,1630.96555,-2.08676,120.90354,8.419291085466718,3.1364074542170948,0.0
9.35282,27.7995,33.12883,1626.77858,-2.12086,120.90843,8.482467351178624,3.1599422754623716,0.0
9.34163,27.81844,33.03798,1622.56419,-2.15181,120.91331,8.547099728703447,3.1840195366705695,0.0
9.33046,27.83734,32.94611,1618.32078,-2.17953,120.91817,8.613019947995376,3.2085765528221706,0.0
9.31933,27.85618,32.85339,1614.04686,-2.20393,120.92301,8.680051806026977,3.2335476836532733,0.0
9.30822,27.87497,32.75995,1609.74102,-2.22495,120.92783,8.748011394120406,3.258864418342455,0.0
9.29714,27.89371,32.66595,1605.4019,-2.24252,120.93264,8.816707408123209,3.284455491059411,0.0
9.28608,27.9124,32.57155,1601.02828,-2.2566,120.93743,8.885941546091436,3.310247029112381,0.0
9.27506,27.93103,32.47689,1596.61902,-2.26714,120.94221,8.955508997234903,3.3361627350931236,0.0
9.26406,27.94961,32.38212,1592.17309,-2.27412,120.94697,9.02519902486193,3.362124104039175,0.0
9.2531,27.96814,32.2874,1587.68957,-2.27752,120.95171,9.094795644830453,3.3880506761747315,0.0
9.24216,27.98662,32.19289,1583.16766,-2.27733,120.95644,9.164078399726078,3.4138603253123443,0.0
9.23126,28.00504,32.09872,1578.60669,-2.27355,120.96116,9.232823227447954,3.4394695824240205,0.0
9.22038,28.0234,32.00506,1574.00611,-2.26621,120.96586,9.300803421399158,3.464793993337396,0.0
9.20953,28.04171,31.91205,1569.3655,-2.25532,120.97055,9.367790677705653,3.4897485088523563,0.0
9.19872,28.05997,31.81983,1564.6846,-2.24094,120.97522,9.433556223256566,3.5142479049657176,0.0
9.18793,28.07817,31.72855,1559.96327,-2.22312,120.97988,9.497872016594139,3.538207230234332,0.0
9.17718,28.09631,31.63834,1555.2015,-2.20192,120.98453,9.56051201192839,3.561542276653811,0.0
9.16645,28.1144,31.54934,1550.39945,-2.17742,120.98917,9.621253474962037,3.5841700698379237,0.0
9.15576,28.13243,31.46167,1545.55742,-2.14972,120.9938,9.679878337618073,3.606009373690267,0.0
9.1451,28.1504,31.37545,1540.67584,-2.11892,120.99841,9.736174577399474,3.6269812042520564,0.0
9.13447,28.16832,31.29081,1535.7553,-2.08513,121.00301,9.789937605898189,3.647009346958243,0.0
9.12388,28.18618,31.20785,1530.79652,-2.0485,121.0076,9.84097165003996,3.6660208711875684,0.0
9.11331,28.20397,31.12669,1525.80038,-2.00914,121.01219,9.889091108982344,3.68394663574277,0.0
9.10278,28.22171,31.04741,1520.76787,-1.96723,121.01676,9.93412186919122,3.7007217787511855,0.0
9.09229,28.23939,30.9701,1515.70014,-1.92292,121.02132,9.975902560257758,3.7162861854896145,0.0
9.08182,28.25701,30.89486,1510.59846,-1.87638,121.02587,10.01428573429693,3.730584927741296,0.0
9.07139,28.27457,30.82174,1505.46421,-1.8278,121.03041,10.049138952484487,3.7435686685595235,0.0
9.061,28.29207,30.75082,1500.2989,-1.77736,121.03494,10.080345763329799,3.7551940267000132,0.0
9.05063,28.30951,30.68216,1495.10417,-1.72527,121.03946,10.107806558655806,3.7654238954959607,0.0
9.04031,28.32688,30.6158,1489.88171,-1.67173,121.04398,10.13143929498397,3.774227711592918,0.0
9.03001,28.3442,30.55178,1484.63335,-1.61695,121.04848,10.151180069956574,3.7815816696812625,0.0
9.01975,28.36145,30.49013,1479.36099,-1.56115,121.05298,10.166983545672654,3.787468880199974,0.0
9.00953,28.37864,30.43087,1474.06661,-1.50456,121.05746,10.178823213169778,3.7918794678630534,0.0
8.99934,28.39577,30.37402,1468.75224,-1.44738,121.06194,10.186691494843634,3.7948106098135157,0.0
8.98919,28.41283,30.31957,1463.41998,-1.38987,121.06641,10.19059968411036,3.7962665131460183,0.0
8.97907,28.42983,30.26753,1458.07199,-1.33223,121.07087,10.190577724215634,3.796258332507434,0.0
8.96899,28.44677,30.21787,1452.71043,-1.2747,121.07532,10.186673830612996,3.7948040294228282,0.0
8.95894,28.46365,30.17057,1447.33752,-1.21751,121.07977,10.17895396364846,3.7919281758566146,0.0
8.94893,28.48046,30.1256,1441.95549,-1.16088,121.0842,10.167501160551232,3.787661705361511,0.0
8.93895,28.49721,30.08291,1436.56655,-1.10504,121.08863,10.152414737625772,3.7820416158741006,0.0
8.92901,28.5139,30.04246,1431.17294,-1.0502,121.09304,10.133809375297915,3.775110628870428,0.0
8.91911,28.53052,30.0042,1425.77687,-0.99658,121.09745,10.111814099970927,3.766916810080601,0.0
8.90924,28.54708,29.96805,1420.38053,-0.94438,121.10185,10.086571177809248,3.7575131573941203,0.0
8.89941,28.56357,29.93394,1414.98608,-0.89381,121.10624,10.058234936205736,3.7469571618254243,0.0
8.88961,28.58001,29.9018,1409.59565,-0.84506,121.11062,10.026970529151802,3.7353103475817755,0.0
8.87985,28.59637,29.87154,1404.2113,-0.79832,121.115,9.992952662765942,3.72263779728911,0.0
8.87013,28.61268,29.84308,1398.83506,-0.75376,121.11936,9.956364296988678,3.7090076683392357,0.0
8.86044,28.62892,29.8163,1393.46889,-0.71155,121.12371,9.91739533894572,3.6944907061332404,0.0
8.85079,28.6451,29.79113,1388.11468,-0.67186,121.12805,9.876241342698309,3.6791597597042682,0.0
8.84117,28.66121,29.76744,1382.77426,-0.63481,121.13239,9.833102229076626,3.6630893048218,0.0
8.83159,28.67726,29.74513,1377.44937,-0.60057,121.13671,9.788181038134994,3.646354979248373,0.0
8.82205,28.69325,29.72409,1372.14169,-0.56924,121.14102,9.741682725432794,3.6290331343225644,0.0
8.81254,28.70917,29.70419,1366.85278,-0.54094,121.14532,9.693813011934107,3.6112004065163377,0.0
8.80306,28.72504,29.68533,1361.58415,-0.51577,121.14961,9.644777295810965,3.5929333120531264,0.0
8.79362,28.74084,29.66738,1356.33719,-0.49383,121.15389,9.594779632949628,3.5743078671195954,0.0
8.78422,28.75658,29.65022,1351.11323,-0.47519,121.15815,9.544021791461448,3.5553992356460618,0.0
8.77485,28.77226,29.63373,1345.91348,-0.45992,121.16241,9.492702384002076,3.5362814060725687,0.0
8.76552,28.78787,29.61777,1340.73906,-0.44807,121.16665,9.441016080366284,3.5170268980197403,0.0
8.75622,28.80343,29.60223,1335.591,-0.43968,121.17088,9.389152901460328,3.497706499274908,0.0
8.74695,28.81892,29.58698,1330.47024,-0.43479,121.17509,9.337297594614288,3.478389033079519,0.0
8.73772,28.83436,29.5719,1325.37761,-0.43342,121.1793,9.285629089046433,3.4591411552752915,0.0
8.72853,28.84973,29.55686,1320.31386,-0.43556,121.18348,9.23432002938808,3.4400271805299463,0.0
8.71936,28.86505,29.54175,1315.27964,-0.44122,121.18766,9.18353638430015,3.421108936536573,0.0
8.71024,28.8803,29.52644,1310.2755,-0.45039,121.19182,9.133437126586664,3.4024456448474947,0.0
8.70114,28.8955,29.51081,1305.30191,-0.46303,121.19597,9.084173980523202,3.3840938267474714,0.0
8.69208,28.91063,29.49475,1300.35924,-0.47912,121.2001,9.03589123182604,3.3661072324622037,0.0
8.68305,28.92571,29.47815,1295.44777,-0.4986,121.20421,8.988725595214783,3.3485367918219224,0.0
8.67406,28.94073,29.4609,1290.56771,-0.52142,121.20831,8.94280613439625,3.3314305844532885,0.0
8.66509,28.9557,29.44288,1285.71916,-0.54752,121.2124,8.898254229140841,3.3148338275144718,0.0
8.65616,28.97061,29.42401,1280.90215,-0.57682,121.21647,8.855183584099782,3.298788878979802,0.0
8.64727,28.98546,29.40417,1276.11664,-0.60925,121.22052,8.813700274065468,3.2833352545004426,0.0
8.6384,29.00025,29.38327,1271.36249,-0.64471,121.22456,8.773902820468306,3.268509655901476,0.0
8.62957,29.01499,29.36122,1266.6395,-0.6831,121.22858,8.735882294117767,3.254346009455644,0.0
8.62077,29.02967,29.33794,1261.94738,-0.72432,121.23258,8.699722439383784,3.2408755121441977,0.0
8.612,29.04429,29.31333,1257.28577,-0.76826,121.23657,8.6654998152848,3.2281266842158924,0.0
8.60326,29.05886,29.28734,1252.65426,-0.81481,121.24053,8.633283949244218,3.216125426465325,0.0
8.59455,29.07338,29.25987,1248.05236,-0.86383,121.24448,8.603137499577338,3.204895080763583,0.0
8.58587,29.08784,29.23087,1243.47949,-0.91519,121.24842,8.57511642312417,3.194456492505884,0.0
8.57723,29.10225,29.20027,1238.93505,-0.96877,121.25233,8.549270144733901,3.184828073748996,0.0
8.56861,29.11661,29.16801,1234.41835,-1.02442,121.25623,8.525641725716666,3.176025865963955,0.0
8.56003,29.13091,29.13404,1229.92865,-1.082,121.26011,8.504268028643613,3.1680636014284267,0.0
8.55148,29.14516,29.09832,1225.46515,-1.14136,121.26397,8.485179876296353,3.1609527624395577,0.0
8.54295,29.15935,29.0608,1221.02701,-1.20235,121.26781,8.468402202829788,3.154702637626105,0.0
8.53446,29.17349,29.02144,1216.61333,-1.26481,121.27163,8.453954195605121,3.149320374784968,0.0
8.52599,29.18759,28.98022,1212.22314,-1.32858,121.27543,8.441849426411578,3.1448110297647265,0.0
8.51756,29.20162,28.93712,1207.85546,-1.39351,121.27922,8.432095971145854,3.141177611049391,0.0
8.50916,29.21561,28.8921,1203.50925,-1.45943,121.28298,8.424696517305875,3.138421119802651,0.0
8.50078,29.22955,28.84515,1199.18342,-1.52618,121.28673,8.419648458930258,3.1365405852353248,0.0
8.49244,29.24343,28.79628,1194.87684,-1.5936,121.29046,8.416943978918955,3.135533095271962,0.0
8.48412,29.25726,28.74547,1190.58837,-1.66151,121.29417,8.416570118905174,3.1353938225799802,0.0
8.47583,29.27105,28.69272,1186.31681,-1.72974,121.29786,8.418508837148712,3.1361160461364443,0.0
8.46757,29.28478,28.63804,1182.06093,-1.79814,121.30153,8.422737055123072,3.1376911685830042,0.0
8.45935,29.29846,28.58145,1177.81948,-1.86653,121.30518,8.42922669373394,3.1401087297182215,0.0
8.45115,29.31209,28.52296,1173.5912,-1.93476,121.30881,8.437944700334867,3.143356416561626,0.0
8.44297,29.32567,28.46259,1169.37477,-2.00264,121.31243,8.448853067888487,3.1474200704917736,0.0
8.43483,29.3392,28.40037,1165.16888,-2.07002,121.31603,8.461908847879023,3.152283692056493,0.0
8.42672,29.35268,28.33634,1160.97219,-2.13674,121.3196,8.477064158721987,3.1579294441057257,0.0
8.41863,29.36611,28.27053,1156.78336,-2.20264,121.32316,8.494266191635349,3.1643376539786785,0.0
8.41058,29.3795,28.20298,1152.60102,-2.26755,121.3267,8.51345721608433,3.171486815532167,0.0
8.40255,29.39283,28.13373,1148.42382,-2.33133,121.33022,8.534574587057188,3.179353591851027,0.0
8.39455,29.40611,28.06285,1144.25039,-2.39382,121.33373,8.557550756582634,3.1879128195386603,0.0
8.38658,29.41934,27.99037,1140.07937,-2.45488,121.33722,8.582313291996895,3.1971375155219914,0.0
8.37864,29.43253,27.91637,1135.90939,-2.51436,121.34069,8.608784903537021,3.2069988873307067,0.0
8.37073,29.44566,27.8409,1131.7391,-2.57213,121.34414,8.63688348395109,3.2174663478530934,0.0
8.36284,29.45874,27.76403,1127.56717,-2.62805,121.34757,8.666522162796653,3.2285075355636397,0.0
8.35498,29.47178,27.68582,1123.39227,-2.682,121.35099,8.697609378141095,3.2400883412333084,0.0
8.34716,29.48476,27.60635,1119.21311,-2.73385,121.35439,8.730048968317481,3.2521729421109984,0.0
8.33936,29.4977,27.5257,1115.0284,-2.78349,121.35778,8.763740286339202,3.264723844546018,0.0
8.33159,29.51058,27.44393,1110.83691,-2.83081,121.36114,8.798578339442768,3.277701935971441,0.0
8.32385,29.52342,27.36114,1106.63741,-2.87572,121.3645,8.83445395613145,3.2910665471322607,0.0
8.31613,29.53621,27.2774,1102.42873,-2.91811,121.36783,8.87125398278122,3.304775525326275,0.0
8.30845,29.54894,27.1928,1098.20974,-2.9579,121.37116,8.908861511770304,3.31878531938835,0.0
8.3008,29.56163,27.10742,1093.97935,-2.99501,121.37446,8.947156142681203,3.33305107699504,0.0
8.29317,29.57427,27.02135,1089.73652,-3.02939,121.37776,8.98601427783089,3.3475267547573684,0.0
8.28557,29.58685,26.93468,1085.48026,-3.06096,121.38103,9.02530945302771,3.3621652414364687,0.0
8.27801,29.59939,26.84749,1081.20965,-3.08969,121.3843,9.064912703960122,3.3769184944330375,0.0
8.27047,29.61188,26.75988,1076.92383,-3.11552,121.38755,9.104692968211682,3.3917376895484894,0.0
8.26296,29.62431,26.67193,1072.62198,-3.13844,121.39079,9.144517522352938,3.406573383813191,0.0
8.25548,29.6367,26.58373,1068.30337,-3.15841,121.39401,9.184252453055095,3.421375690988692,0.0
8.24803,29.64903,26.49538,1063.96736,-3.17544,121.39722,9.22376316058136,3.4360944691315085,0.0
8.24061,29.66132,26.40695,1059.61334,-3.18953,121.40042,9.262914892477163,3.4506795194067594,0.0
8.23322,29.67355,26.31854,1055.24081,-3.20068,121.40361,9.301573304688535,3.4650807951195373,0.0
8.22586,29.68573,26.23023,1050.84934,-3.20893,121.40678,9.339605046741358,3.4792486197095727,0.0
8.21853,29.69786,26.1421,1046.43858,-3.2143,121.40995,9.376878367122977,3.4931339122718086,0.0
8.21123,29.70994,26.05423,1042.00827,-3.21685,121.4131,9.41326373443764,3.5066884189531526,0.0
8.20396,29.72196,25.96671,1037.55821,-3.21662,121.41625,9.44863446944234,3.519864948402452,0.0
8.19672,29.73394,25.8796,1033.08832,-3.2137,121.41938,9.482867382631849,3.5326176092877,0.0
8.18951,29.74586,25.79299,1028.5986,-3.20815,121.4225,9.515843411714053,3.5449020477723643,0.0
8.18233,29.75773,25.70693,1024.08911,-3.20007,121.42561,9.547448252958386,3.5566756827092987,0.0
8.17519,29.76955,25.6215,1019.56001,-3.18955,121.42872,9.57757298029788,3.5678979362725416,0.0
8.16807,29.78131,25.53677,1015.01157,-3.17671,121.43181,9.60611464584872,3.5785304576666466,0.0
8.16098,29.79302,25.45278,1010.44411,-3.16166,121.43489,9.632976855584866,3.588537337580635,0.0
8.15393,29.80468,25.3696,1005.85806,-3.14453,121.43797,9.658070313943632,3.5978853110679028,0.0
8.14691,29.81628,25.28727,1001.2539,-3.12546,121.44104,9.68131333138432,3.606543946625154,0.0
8.13992,29.82783,25.20584,996.63222,-3.1046,121.4441,9.702632289180563,3.6144858193397926,0.0
