0.04679,0.04679,59.47337,4951.05894,-0.55888,45.00011,1.9323237260726047,0.7198414304591898,0.0
0.09358,0.09358,59.39713,4950.12211,-0.61748,45.00027,1.9524144815708822,0.7273257655018899,0.0
0.14035,0.14035,59.31334,4949.18816,-0.67574,45.00049,1.974814156895198,0.7356702339311262,0.0
0.18712,0.18712,59.22204,4948.25569,-0.73364,45.00077,1.9995825446813984,0.7448971100769901,0.0
0.23387,0.23388,59.12329,4947.32328,-0.79113,45.00111,2.0267856350505835,0.7550309769958963,0.0
0.28062,0.28063,59.01713,4946.38942,-0.84816,45.0015,2.056495732523082,0.7660987700241138,0.0
0.32736,0.32737,58.90365,4945.45258,-0.90469,45.00195,2.0887915752573676,0.7781298211973992,0.0
0.37409,0.3741,58.7829,4944.51116,-0.96068,45.00246,2.123758454035028,0.7911559035760298,0.0
0.42081,0.42083,58.65497,4943.56351,-1.01608,45.00302,2.1614883279826915,0.8052112743542648,0.0
0.46752,0.46754,58.51994,4942.60788,-1.07084,45.00364,2.202079933533442,0.8203327154513397,0.0
0.51422,0.51425,58.37789,4941.6425,-1.12491,45.00432,2.2456388825794535,0.8365595700759056,0.0
0.56091,0.56096,58.22893,4940.66549,-1.17824,45.00505,2.2922777451388336,0.8539337735216032,0.0
0.60759,0.60765,58.07315,4939.6749,-1.23077,45.00584,2.34211611117713,0.8724998761972002,0.0
0.65426,0.65433,57.91066,4938.66871,-1.28245,45.00669,2.395280625439271,0.8923050566024061,0.0
0.70093,0.70101,57.74159,4937.6448,-1.33322,45.00759,2.451904988294128,0.913399121642494,0.0
0.74758,0.74768,57.56605,4936.60096,-1.38302,45.00855,2.512129914657676,0.9358344913260968,0.0
0.79422,0.79434,57.38419,4935.53489,-1.43178,45.00956,2.576103042023534,0.9596661645041639,0.0
0.84085,0.84099,57.19613,4934.44418,-1.47944,45.01063,2.6439787775237957,0.9849516618960964,0.0
0.88747,0.88764,57.00204,4933.32633,-1.52594,45.01176,2.7159180727471046,1.011750942203555,0.0
0.93408,0.93427,56.80207,4932.1787,-1.57119,45.01294,2.7920881137668094,1.0401262866377925,0.0
0.98068,0.9809,56.59639,4930.99858,-1.61513,45.01417,2.87266191250779,1.0701421466930445,0.0
1.02726,1.02751,56.38519,4929.78311,-1.65767,45.01546,2.9578177842097038,1.1018649494878394,0.0
1.07384,1.07412,56.16864,4928.52931,-1.69874,45.01681,3.0477386943381273,1.135362854472216,0.0
1.1204,1.12072,55.94695,4927.2341,-1.73825,45.0182,3.1426114569262884,1.1707054547889248,0.0
1.16694,1.16731,55.72033,4925.89425,-1.77612,45.01966,3.242625765010767,1.207963416085215,0.0
1.21348,1.21388,55.489,4924.50641,-1.81225,45.02116,3.347973032603519,1.2472080451169474,0.0
1.26,1.26045,55.2532,4923.0671,-1.84656,45.02272,3.4588450266072974,1.288510780101087,0.0
1.3065,1.30701,55.01318,4921.5727,-1.87894,45.02433,3.57543226632312,1.3319425944901286,0.0
1.353,1.35355,54.76919,4920.01947,-1.9093,45.026,3.697922167765624,1.3775733056807362,0.0
1.39947,1.40008,54.52151,4918.40354,-1.93752,45.02771,3.82649691006049,1.4254707801906468,0.0
1.44593,1.4466,54.27042,4916.72092,-1.96351,45.02948,3.9613310018582393,1.4757000270837786,0.0
1.49238,1.49311,54.01622,4914.96747,-1.98715,45.0313,4.102588527112284,1.528322171950087,0.0
1.5388,1.53961,53.75924,4913.13896,-2.00834,45.03317,4.250420051889713,1.5833933046111928,0.0
1.58521,1.58609,53.49979,4911.23105,-2.02695,45.03509,4.404959177323952,1.6409631950045556,0.0
1.6316,1.63256,53.23823,4909.23928,-2.04287,45.03706,4.566318728522924,1.7010738734514839,0.0
1.67797,1.67901,52.97491,4907.15914,-2.05597,45.03908,4.734586575457592,1.76375807382816,0.0
1.72432,1.72544,52.71021,4904.98601,-2.06615,45.04115,4.909821089708637,1.8290375410842352,0.0
1.77065,1.77186,52.44452,4902.71524,-2.07327,45.04327,5.092046250661246,1.8969212081716273,0.0
1.81696,1.81826,52.17825,4900.34214,-2.07722,45.04543,5.281246426399493,1.9674032517903541,0.0
1.86324,1.86465,51.91181,4897.862,-2.07787,45.04765,5.47736086830661,2.040461041482277,0.0
1.9095,1.91101,51.64564,4895.27015,-2.0751,45.04991,5.680277974173277,2.1160530024879933,0.0
1.95574,1.95736,51.3802,4892.56194,-2.06879,45.05221,5.8898293924082274,2.1941164194101583,0.0
2.00195,2.00368,51.11594,4889.73282,-2.05883,45.05456,6.105784059557478,2.27456521503252,0.0
2.04813,2.04998,50.85336,4886.77837,-2.04511,45.05696,6.327842284310827,2.3572877464566737,0.0
2.09429,2.09626,50.59294,4883.69429,-2.02752,45.0594,6.55563001312408,2.442144668895467,0.0
2.14041,2.14252,50.33518,4880.47652,-2.00597,45.06188,6.788693434629734,2.5289669256740077,0.0
2.18651,2.18875,50.08061,4877.12124,-1.98036,45.06441,7.026494101342195,2.6175539309365075,0.0
2.23257,2.23495,49.82974,4873.62495,-1.95061,45.06698,7.268404766541633,2.7076720187759746,0.0
2.2786,2.28113,49.58312,4869.98447,-1.91666,45.06959,7.513706150333674,2.7990532385063616,0.0
2.3246,2.32727,49.34128,4866.19707,-1.87844,45.07224,7.761584860224571,2.891394580022104,0.0
2.37056,2.37339,49.10477,4862.26047,-1.83593,45.07493,8.011132696437619,2.984357715010204,0.0
2.41648,2.41947,48.87414,4858.17291,-1.78908,45.07765,8.261347569029136,3.077569338600067,0.0
2.46236,2.46553,48.64994,4853.93323,-1.7379,45.08042,8.511136241003362,3.170622191245976,0.0
2.5082,2.51155,48.43269,4849.54091,-1.6826,45.09123,8.759335517152271,3.2630829521274336,2.999999948825517
2.554,2.55754,48.22293,4844.99613,-1.62303,45.10232,9.004704764082732,3.35448945266247,2.999999948825517
2.59974,2.6035,48.02119,4840.29973,-1.55922,45.11367,9.245917950567124,3.4443477113288123,2.999999948825517
2.64543,2.64943,47.82798,4835.45338,-1.49127,45.12529,9.48159001622323,3.532141756690956,2.999999948825517
2.69107,2.69533,47.64383,4830.45952,-1.41927,45.13717,9.710290678085135,3.617338770711086,2.999999948825517
2.73665,2.74119,47.46922,4825.32144,-1.34336,45.1493,9.930560346617762,3.6993950178832735,2.999999948825517
2.78218,2.78702,47.30461,4820.04329,-1.26369,45.16168,10.140928031232422,3.777762515509142,2.999999948825517
2.82765,2.83281,47.15046,4814.63008,-1.18045,45.17428,10.339930950231224,3.8518963389181247,2.999999948825517
2.87306,2.87856,47.00718,4809.08768,-1.09383,45.18711,10.526135470699247,3.9212624221282586,2.999999948825517
2.9184,2.92428,46.87517,4803.4228,-1.00409,45.20015,10.698158920918013,3.9853456835441303,2.999999948825517
2.96369,2.96995,46.75477,4797.64298,-0.91147,45.21338,10.854691746704635,4.043658279776169,2.999999948825517
3.00891,3.01559,46.64631,4791.75651,-0.81626,45.2268,10.994519428886877,4.095747770476795,2.999999948825517
3.05407,3.06118,46.55007,4785.77242,-0.71876,45.24038,11.116543546333425,4.141204964873394,2.999999948825517
3.09916,3.10673,46.46628,4779.7004,-0.61928,45.2541,11.219801361453358,4.179671217882198,2.999999948825517
3.14419,3.15223,46.39515,4773.55071,-0.51818,45.26796,11.303483324906317,4.2108449510733985,2.999999948825517
3.18914,3.19769,46.33681,4767.3341,-0.41581,45.28192,11.366947944263979,4.234487191638761,2.999999948825517
3.23403,3.2431,46.29138,4761.06172,-0.31252,45.29598,11.409733536160841,4.250425950377018,2.999999948825517
3.27885,3.28847,46.25892,4754.74504,-0.2087,45.31011,11.431566480270062,4.258559296517036,2.999999948825517
3.3236,3.33379,46.23942,4748.39571,-0.10471,45.32429,11.432365711390448,4.258857031138415,2.999999948825517
3.36827,3.37907,46.23286,4742.02545,-0.00095,45.3385,11.412243316978518,4.25136090976791,2.999999948825517
3.41288,3.42429,46.23915,4735.646,0.10223,45.35272,11.371501244702884,4.2361834158567975,2.999999948825517
3.45741,3.46947,46.25816,4729.26894,0.20444,45.36693,11.310624260504875,4.213505137473184,2.999999948825517
3.50188,3.5146,46.28971,4722.90563,0.30532,45.38112,11.23026942502943,4.1835708469956145,2.999999948825517
3.54627,3.55968,46.33358,4716.56713,0.40453,45.39527,11.131252468581103,4.146684425425692,2.999999948825517
3.59059,3.60471,46.38952,4710.26407,0.50174,45.40935,11.014531536624544,4.10320280715932,2.999999948825517
3.63483,3.6497,46.45722,4704.00659,0.59661,45.42335,10.88118884542858,4.053529146231465,2.999999948825517
3.67901,3.69464,46.53634,4697.80428,0.68887,45.43726,10.732410828556711,3.998105420361475,2.999999948825517
3.72312,3.73953,46.62653,4691.66612,0.77822,45.45106,10.569467369359483,3.9374046945100676,2.999999948825517
3.76716,3.78437,46.72737,4685.60043,0.86442,45.46474,10.39369070344397,3.87192326149411,2.999999948825517
3.81112,3.82917,46.83845,4679.61482,0.94724,45.47829,10.206454541311592,3.8021728646198776,2.999999948825517
3.85502,3.87392,46.9593,4673.71619,1.02647,45.49169,10.009153908372033,3.728673187557806,2.999999948825517
3.89886,3.91862,47.08947,4667.91072,1.10194,45.50494,9.803186132228161,3.6519447716058644,2.999999948825517
3.94262,3.96328,47.22845,4662.20383,1.17348,45.51803,9.589933329978972,3.572502491749121,2.999999948825517
3.98633,4.0079,47.37574,4656.60022,1.24098,45.53095,9.370746666239599,3.4908496923579904,2.999999948825517
4.02996,4.05247,47.53082,4651.10389,1.30432,45.5437,9.146932569947952,3.4074730525860595,2.999999948825517
4.07354,4.097,47.69318,4645.71814,1.36343,45.55627,8.919741018713035,3.3228382219815735,2.999999948825517
4.11705,4.14149,47.86226,4640.4456,1.41824,45.56866,8.690355926413668,3.2373862396150397,2.999999948825517
4.1605,4.18594,48.03756,4635.28827,1.46872,45.58087,8.459887605424559,3.1515307260601158,2.999999948825517
4.2039,4.23035,48.21851,4630.24759,1.51485,45.5929,8.22936722052906,3.0656558173301782,2.999999948825517
4.24723,4.27472,48.40459,4625.3244,1.55663,45.60475,7.9997431081042025,2.9801147936779016,2.999999948825517
4.29051,4.31905,48.59527,4620.51906,1.59407,45.61642,7.771878801511173,2.8952293440012604,2.999999948825517
4.33373,4.36335,48.79002,4615.83147,1.62722,45.62791,7.546552581311751,2.8112893982873084,2.999999948825517
4.3769,4.40761,48.98832,4611.26108,1.65612,45.63922,7.324458356109339,2.72855345574865,2.999999948825517
4.42002,4.45184,49.18966,4606.807,1.68083,45.65036,7.106207675271843,2.647249334615661,2.999999948825517
4.46308,4.49604,49.39354,4602.46797,1.70143,45.66134,6.892332677183906,2.567575270438025,2.999999948825517
4.5061,4.5402,49.59946,4598.24245,1.71798,45.67215,6.6832897847112696,2.48970129274244,2.999999948825517
4.54906,4.58433,49.80694,4594.12863,1.73058,45.6828,6.479463971812622,2.41377081445779,2.999999948825517
4.59198,4.62843,50.01553,4590.12451,1.73934,45.6933,6.281173440457304,2.339902374190053,2.999999948825517
4.63485,4.6725,50.22476,4586.22787,1.74434,45.70366,6.088674564175267,2.268191477824729,2.999999948825517
4.67768,4.71655,50.43419,4582.43636,1.7457,45.71387,5.902166972561478,2.1987124926385153,2.999999948825517
4.72046,4.76057,50.64341,4578.74749,1.74353,45.72394,5.721798669263781,2.131520553884443,2.999999948825517
4.7632,4.80456,50.85199,4575.15867,1.73794,45.73389,5.547671093647169,2.0666534503950027,2.999999948825517
4.8059,4.84852,51.05955,4571.66727,1.72904,45.74372,5.379844053012727,2.0041334619634736,2.999999948825517
4.84855,4.89246,51.26569,4568.27056,1.71696,45.75342,5.218340467712027,1.943969127023886,2.999999948825517
4.89117,4.93638,51.47005,4564.9658,1.7018,45.76302,5.06315088537138,1.8861569243183345,2.999999948825517
4.93375,4.98028,51.67228,4561.75024,1.68369,45.77252,4.914237732769112,1.8306828568331346,2.999999948825517
4.97629,5.02415,51.87204,4558.62112,1.66274,45.78191,4.771539284609755,1.7775239302716344,2.999999948825517
5.01879,5.06801,52.069,4555.57569,1.63907,45.79122,4.634973337494779,1.7266495217049795,2.999999948825517
5.06126,5.11184,52.26285,4552.61122,1.61279,45.80044,4.504440584980117,1.6780226368698457,2.999999948825517
5.10369,5.15565,52.4533,4549.72502,1.58401,45.80958,4.379827695810644,1.6316010568917734,2.999999948825517
5.14609,5.19945,52.64006,4546.91443,1.55284,45.81864,4.261010102306994,1.5873383770326261,2.999999948825517
5.18846,5.24323,52.82286,4544.17684,1.51939,45.82764,4.147854509685722,1.5451849414783743,2.999999948825517
5.23079,5.28699,53.00144,4541.50969,1.48376,45.83658,4.040221139924613,1.505088679237961,2.999999948825517
5.27309,5.33074,53.17557,4538.91045,1.44606,45.84546,3.937965725735485,1.4669958469506381,2.999999948825517
5.31536,5.37447,53.345,4536.37669,1.40639,45.85429,3.8409412714981386,1.4308516848801935,2.999999948825517
5.3576,5.41818,53.50951,4533.906,1.36485,45.86308,3.748999598682011,1.3966009926251806,2.999999948825517
5.39981,5.46188,53.6689,4531.49605,1.32152,45.87183,3.661992693511237,1.3641886311596136,2.999999948825517
5.44199,5.50557,53.82298,4529.14456,1.27651,45.88053,3.5797738744407366,1.3335599577485258,2.999999948825517
5.48414,5.54924,53.97154,4526.84929,1.22989,45.88921,3.502198796582702,1.304661200123266,2.999999948825517
5.52627,5.5929,54.11441,4524.6081,1.18177,45.89787,3.4291263095333635,1.27743977604454,2.999999948825517
5.56836,5.63655,54.25143,4522.41887,1.13222,45.9065,3.360419184221167,1.2518445640724793,2.999999948825517
5.61043,5.68019,54.38245,4520.27955,1.08133,45.91511,3.2959447234696135,1.227826131017365,2.999999948825517
5.65248,5.72381,54.5073,4518.18814,1.02917,45.92371,3.235575269958124,1.2053369211684164,2.999999948825517
5.6945,5.76743,54.62586,4516.14269,0.97582,45.93231,3.1791886242455916,1.1843314120185586,2.999999948825517
5.73649,5.81103,54.73799,4514.1413,0.92136,45.9409,3.126668384478535,1.1647662408146537,2.999999948825517
5.77846,5.85463,54.84358,4512.18209,0.86586,45.94948,3.0779042183984218,1.1466003058873824,2.999999948825517
5.8204,5.89822,54.94251,4510.26327,0.80939,45.95807,3.0327920772751735,1.1297948463471024,2.999999948825517
5.86232,5.94179,55.03469,4508.38305,0.75202,45.96667,2.991234360445517,1.1143135033787173,2.999999948825517
5.90421,5.98536,55.12,4506.53969,0.69382,45.97528,2.953140038263074,1.1001223660438166,2.999999948825517
5.94609,6.02892,55.19837,4504.73148,0.63485,45.9839,2.9184247404074575,1.08719000417814,2.999999948825517
5.98793,6.07248,55.26971,4502.95673,0.57518,45.99254,2.8870108157365095,1.0754874906881084,2.999999948825517
6.02976,6.11602,55.33395,4501.21379,0.51487,46.0012,2.8588273691361987,1.0649884152783833,2.999999948825517
6.07156,6.15956,55.39103,4499.50103,0.45398,46.00988,2.833810280151977,1.0556688913925338,2.999999948825517
6.11334,6.20309,55.44089,4497.81683,0.39258,46.01859,2.811902207570826,1.047507557919973,2.999999948825517
6.1551,6.24662,55.48347,4496.15958,0.33072,46.02733,2.793052583561112,1.0404855770128978,2.999999948825517
6.19684,6.29014,55.51873,4494.52772,0.26846,46.0361,2.777217600449471,1.0345866291603305,2.999999948825517
6.23855,6.33366,55.54664,4492.91964,0.20586,46.0449,2.764360192736568,1.029796906488517,2.999999948825517
6.28025,6.37716,55.56715,4491.33377,0.14297,46.05375,2.7544500165090975,1.0261051050913546,2.999999948825517
6.32192,6.42067,55.58025,4489.76855,0.07986,46.06264,2.747463427999285,1.0235024170432423,2.999999948825517
6.36357,6.46417,55.58592,4488.22239,0.01657,46.07157,2.7433834626404394,1.0219825225967227,2.999999948825517
6.4052,6.50766,55.58414,4486.6937,-0.04683,46.08056,2.7421998156280982,1.0215415829409986,2.999999948825517
6.44681,6.55115,55.57492,4485.18089,-0.11022,46.08684,2.7439071870856577,1.022177623732586,0.0
6.4884,6.59463,55.55826,4483.68233,-0.17361,46.09317,2.748506903334899,1.023891139061247,0.0
6.52998,6.6381,55.53417,4482.1964,-0.23695,46.09955,2.756008535661114,1.0266856944825877,0.0
6.57153,6.68157,55.50266,4480.72146,-0.30019,46.10598,2.7664282375592464,1.030567307598499,0.0
6.61307,6.72504,55.46375,4479.25583,-0.36326,46.11246,2.779788737465529,1.0355444453494984,0.0
6.65458,6.76849,55.41747,4477.79782,-0.42611,46.11898,2.7961193301762104,1.0416280208179818,0.0
6.69608,6.81195,55.36386,4476.3457,-0.48867,46.12556,2.8154558672142382,1.0488313896395567,0.0
6.73756,6.85539,55.30295,4474.89769,-0.55091,46.13219,2.83784074441612,1.0571703453788244,0.0
6.77902,6.89883,55.2348,4473.45199,-0.61274,46.13886,2.8633228846282655,1.0666631130833093,0.0
6.82047,6.94227,55.15945,4472.00674,-0.67412,46.14559,2.8919577129835994,1.0773303400733496,0.0
6.86189,6.9857,55.07697,4470.56004,-0.73498,46.15236,2.9238071217775063,1.0891950828574604,0.0
6.9033,7.02912,54.98744,4469.10995,-0.79527,46.15918,2.958939421503615,1.1022827888918747,0.0
6.94469,7.07254,54.89091,4467.65445,-0.8549,46.16605,2.997429274074957,1.1166212717036712,0.0
6.98606,7.11596,54.78749,4466.19147,-0.91383,46.17297,3.039357603720994,1.132240677697568,0.0
7.02741,7.15936,54.67726,4464.71888,-0.97198,46.17993,3.0848114804420046,1.1491734427396192,0.0
7.06874,7.20277,54.56031,4463.23449,-1.02929,46.18695,3.1338839702768975,1.1674542363780323,0.0
7.11005,7.24617,54.43677,4461.73601,-1.08568,46.19401,3.186673945968263,1.1871198913109215,0.0
7.15134,7.28956,54.30674,4460.22112,-1.14108,46.20112,3.24328585086468,1.2082093154337017,0.0
7.19262,7.33294,54.17034,4458.68737,-1.19542,46.20828,3.303829408201222,1.2307633835384304,0.0
7.23387,7.37632,54.02772,4457.13228,-1.24863,46.21548,3.368419267058905,1.2548248054243847,0.0
7.27511,7.4197,53.87902,4455.55324,-1.30061,46.22273,3.4371745755639567,1.28043796690356,0.0
7.31632,7.46307,53.72438,4453.94758,-1.3513,46.23003,3.5102184710333573,1.3076487398664693,0.0
7.35751,7.50643,53.56397,4452.31253,-1.4006,46.23737,3.5876774760312244,1.3365042572972559,0.0
7.39869,7.54979,53.39796,4450.64523,-1.44844,46.24476,3.6696807884969385,1.3670526488277408,0.0
7.43984,7.59314,53.22653,4448.94273,-1.49472,46.2522,3.7563594534425793,1.3993427321729255,0.0
7.48097,7.63648,53.04987,4447.20196,-1.53935,46.25968,3.8478454031016067,1.4334236555611206,0.0
7.52208,7.67981,52.8682,4445.41978,-1.58224,46.26721,3.944270351944534,1.469344486098208,0.0
7.56317,7.72314,52.68171,4443.59294,-1.62329,46.27479,4.045764532711534,1.5071537389065315,0.0
7.60423,7.76646,52.49064,4441.7181,-1.6624,46.2824,4.152455259555834,1.5468988418580059,0.0
7.64528,7.80977,52.29522,4439.79183,-1.69948,46.29006,4.2644653046892556,1.588625530831865,0.0
7.6863,7.85307,52.09571,4437.81057,-1.73441,46.29777,4.381911075540728,1.63237717065825,0.0
7.72729,7.89636,51.89236,4435.77073,-1.7671,46.30552,4.504900580595455,1.6781939973397726,0.0
7.76826,7.93965,51.68545,4433.66858,-1.79743,46.31331,4.633531173726879,1.7261122777558242,0.0
7.80921,7.98292,51.47526,4431.50035,-1.8253,46.32115,4.767887069174611,1.7761633839264714,0.0
7.85013,8.02618,51.26209,4429.26218,-1.85059,46.32902,4.908036622383559,1.8283727800534821,0.0
7.89102,8.06943,51.04626,4426.95015,-1.87319,46.33694,5.05402937586473,1.882758922025748,0.0
7.93189,8.11267,50.82809,4424.5603,-1.89298,46.3449,5.205892874066831,1.9393320708751498,0.0
7.97273,8.1559,50.60791,4422.08862,-1.90986,46.3529,5.363629257188421,1.998093023881964,0.0
8.01354,8.19911,50.38608,4419.53108,-1.92371,46.36093,5.527211650806182,2.059031769616395,0.0
8.05433,8.24231,50.16296,4416.88366,-1.93441,46.36901,5.6965803763342535,2.1221260762349727,0.0
8.09508,8.28549,49.93892,4414.14233,-1.94185,46.37713,5.87163901657228,2.1873400257936746,0.0
8.1358,8.32866,49.71437,4411.3031,-1.94592,46.38528,6.052250380932287,2.254622511188779,0.0
8.17649,8.37181,49.48969,4408.36208,-1.94652,46.39347,6.238232426235881,2.32390571654649,0.0
8.21715,8.41494,49.26529,4405.31541,-1.94354,46.4017,6.429354201113057,2.3951036064047835,0.0
8.25778,8.45806,49.04161,4402.15939,-1.93688,46.40996,6.625331894602892,2.468110453713201,0.0
8.29837,8.50115,48.81908,4398.89046,-1.92644,46.41826,6.825825082408903,2.542799441464201,0.0
8.33893,8.54423,48.59814,4395.50522,-1.91215,46.42659,7.030433276716681,2.619021377409445,0.0
8.37945,8.58728,48.37924,4392.00053,-1.89391,46.43496,7.23869289709599,2.6966035656411376,0.0
8.41993,8.63031,48.16284,4388.37347,-1.87167,46.44336,7.450074790126925,2.7753488825874975,0.0
8.46038,8.67332,47.94941,4384.62145,-1.84536,46.45179,7.663982433071467,2.855035107833157,0.0
8.50078,8.7163,47.73941,4380.7422,-1.81494,46.46025,7.879750961610871,2.9354145619257492,0.0
8.54115,8.75926,47.53333,4376.73383,-1.78036,46.46874,8.096647162268559,3.016214103553241,0.0
8.58147,8.80219,47.33164,4372.59488,-1.74162,46.47726,8.31387056590373,3.097135536899074,0.0
8.62175,8.84509,47.13481,4368.32434,-1.69871,46.4858,8.530555768857862,3.1778564763303074,0.0
8.66199,8.88796,46.94332,4363.92172,-1.65164,46.49438,8.745776092098422,3.25803170952493,0.0
8.70218,8.9308,46.75763,4359.38706,-1.60045,46.50298,8.958548665963436,3.3372950916730004,0.0
8.74232,8.97361,46.5782,4354.72096,-1.54518,46.51161,9.167840998208234,3.4152619922468723,0.0
8.78242,9.01639,46.4055,4349.92465,-1.48591,46.52026,9.372579046608344,3.491532302258177,0.0
8.82246,9.05913,46.23995,4344.99997,-1.42273,46.52893,9.571656774795786,3.5656939940582753,0.0
8.86246,9.10183,46.082,4339.94942,-1.35576,46.53763,9.763947122173938,3.6373272079201757,0.0
8.90241,9.1445,45.93203,4334.77617,-1.28514,46.54635,9.948314267614693,3.7060088205884063,0.0
8.9423,9.18713,45.79046,4329.48405,-1.21103,46.55509,10.12362701361819,3.7713174312306714,0.0
8.98214,9.22972,45.65764,4324.07757,-1.1336,46.56385,10.288773065444246,3.832838680790015,0.0
9.02192,9.27227,45.53393,4318.5619,-1.05307,46.57263,10.442673930859348,3.890170802532618,0.0
9.06165,9.31477,45.41964,4312.94284,-0.96966,46.58143,10.584300123289099,3.942930285622094,0.0
9.10132,9.35724,45.31506,4307.22684,-0.88362,46.59025,10.71268631711968,3.9907575208680504,0.0
9.14094,9.39966,45.22045,4301.42089,-0.79522,46.59909,10.826946081172771,4.033322289333154,0.0
9.18049,9.44203,45.13603,4295.53257,-0.70474,46.60794,10.926285806916203,4.070328950958075,0.0
9.21999,9.48436,45.06201,4289.56991,-0.61247,46.61681,11.010017453356552,4.101521192369314,0.0
9.25942,9.52664,44.99852,4283.54138,-0.51874,46.6257,11.07756975134574,4.126686200778219,0.0
9.2988,9.56887,44.94569,4277.45582,-0.42387,46.6346,11.128497546143668,4.145658144331375,0.0
9.33811,9.61105,44.90361,4271.32237,-0.32819,46.64351,11.162489007317005,4.158320857987613,0.0
9.37736,9.65319,44.8723,4265.15039,-0.23203,46.65244,11.179370497407758,4.164609657225156,0.0
9.41654,9.69527,44.85178,4258.94937,-0.13575,46.66139,11.17910896264323,4.164512228643975,0.0
9.45566,9.73731,44.84201,4252.72887,-0.03969,46.67035,11.161811786715816,4.158068575494924,0.0
9.49472,9.77929,44.84291,4246.49846,0.05581,46.67932,11.12772412873853,4.145370025998124,0.0
9.53372,9.82123,44.85438,4240.26761,0.15041,46.68831,11.077223844916608,4.126557341532022,0.0
9.57265,9.86311,44.87625,4234.04561,0.24379,46.69731,11.010814166546153,4.101817988995227,0.0
9.61152,9.90494,44.90836,4227.84155,0.33562,46.70633,10.929114371404625,4.071382665654022,0.0
9.65032,9.94672,44.95047,4221.66419,0.4256,46.71536,10.832848738463607,4.03552118448225,0.0
9.68906,9.98846,45.00235,4215.52197,0.51344,46.7244,10.722834115554775,3.9945378427897698,0.0
9.72773,10.03014,45.0637,4209.4229,0.59885,46.73346,10.599966454569255,3.9487664062299372,0.0
9.76635,10.07177,45.13423,4203.37455,0.68159,46.74254,10.465206679154083,3.898564844144696,0.0
9.8049,10.11335,45.21359,4197.38398,0.7614,46.75163,10.31956624595807,3.844309950748757,0.0
9.84338,10.15488,45.30144,4191.45777,0.83807,46.76074,10.164092743708856,3.7863919804068824,0.0
9.88181,10.19636,45.39738,4185.60192,0.91141,46.76986,9.99985584663956,3.7252094149157315,0.0
9.92017,10.23779,45.50103,4179.82191,0.98124,46.779,9.827933902212443,3.6611639670780267,0.0
9.95848,10.27918,45.61198,4174.12264,1.04739,46.78816,9.649401390200445,3.5946559088804535,0.0
9.99672,10.32052,45.72979,4168.50845,1.10975,46.79733,9.465317443607432,3.526079795234417,0.0
10.03491,10.36182,45.85403,4162.98315,1.16819,46.80653,9.276715573787417,3.455820636312608,0.0
10.07303,10.40307,45.98426,4157.54997,1.22262,46.81574,9.084594694852454,3.384250553904778,0.0
10.1111,10.44427,46.12001,4152.21164,1.27298,46.82497,8.889911497707795,3.311725940545187,0.0
10.14911,10.48543,46.26084,4146.97038,1.3192,46.83423,8.693574183325286,3.2385851249920536,0.0
10.18707,10.52656,46.40628,4141.82792,1.36127,46.8435,8.496437529130478,3.165146534326942,0.0
10.22497,10.56764,46.55587,4136.78555,1.39915,46.8528,8.299299232375347,3.091707331764891,0.0
10.26282,10.60867,46.70915,4131.84411,1.43285,46.86212,8.102897450260098,3.018542500285064,0.0
10.30062,10.64968,46.86567,4127.00407,1.46239,46.87146,7.907909438415649,2.9459043354296437,0.0
10.33836,10.69064,47.02498,4122.2655,1.4878,46.88082,7.714951176830478,2.874022305951748,0.0
10.37605,10.73156,47.18662,4117.62816,1.5091,46.89022,7.524577864892988,2.803103238231732,0.0
10.4137,10.77245,47.35015,4113.09149,1.52637,46.89963,7.337285164402388,2.7333317793314484,0.0
10.45129,10.81331,47.51515,4108.65468,1.53965,46.90907,7.153511070439948,2.6648710939430136,0.0
10.48884,10.85413,47.6812,4104.31663,1.54903,46.91854,6.973638294102212,2.597863752019626,0.0
10.52634,10.89492,47.84787,4100.07606,1.55457,46.92804,6.797997047762039,2.5324327663585855,0.0
10.56379,10.93568,48.01476,4095.93147,1.55638,46.93756,6.626868131882757,2.468682742520787,0.0
10.6012,10.97641,48.18148,4091.88122,1.55453,46.94712,6.460486232021475,2.4067011070512017,0.0
10.63856,11.01711,48.34765,4087.92351,1.54913,46.9567,6.299043344869341,2.3465593837690197,0.0
10.67588,11.05777,48.5129,4084.05643,1.54027,46.96631,6.142692262710297,2.2883144918202154,0.0
10.71316,11.09842,48.67687,4080.27794,1.52807,46.97595,5.99155005597238,2.232010043019542,0.0
10.7504,11.13903,48.83921,4076.58596,1.51263,46.98563,5.845701503527307,2.1776776197273806,0.0
10.7876,11.17962,48.99959,4072.97831,1.49406,46.99533,5.705202429714912,2.125338017979146,0.0
10.82475,11.22019,49.15769,4069.45276,1.47247,47.00507,5.570082915629471,2.0750024437739367,0.0
10.86187,11.26073,49.3132,4066.00707,1.44797,47.01484,5.440350359951215,2.0266736533148095,0.0
10.89895,11.30125,49.46583,4062.63895,1.42066,47.02465,5.31599237146521,1.9803470305481699,0.0
10.93599,11.34174,49.61528,4059.34608,1.39067,47.03448,5.196979481353745,1.9360115975640484,0.0
10.97299,11.38222,49.76129,4056.12617,1.35811,47.04436,5.083267668491584,1.8936509553350303,0.0
11.00996,11.42267,49.9036,4052.9769,1.32308,47.05426,4.974800695225068,1.853244153855424,0.0
11.04689,11.4631,50.04196,4049.89598,1.28569,47.06421,4.871512254696333,1.8147664920760394,0.0
11.08379,11.50352,50.17614,4046.8811,1.24605,47.07418,4.773327933575297,1.7781902490734856,0.0
11.12066,11.54392,50.3059,4043.92999,1.20427,47.0842,4.680166996341446,1.7434853487420936,0.0
11.15749,11.5843,50.43104,4041.0404,1.16045,47.09425,4.591943998913112,1.7106199609132722,0.0
11.19428,11.62466,50.55136,4038.21009,1.1147,47.10433,4.508570240674368,1.6795610422737346,0.0
11.23105,11.665,50.66665,4035.43685,1.06711,47.11445,4.429955064749643,1.6502748207520062,0.0
11.26778,11.70533,50.77676,4032.71851,1.01779,47.12462,4.3560070168879035,1.622727227233269,0.0
11.30448,11.74565,50.8815,4030.0529,0.96684,47.13481,4.2866348734948705,1.596884278528418,0.0
11.34115,11.78595,50.98071,4027.4379,0.91435,47.14505,4.221748549360621,1.572712415526472,0.0
11.37779,11.82624,51.07426,4024.87139,0.86041,47.15532,4.161259895415996,1.5501788003798282,0.0
11.41439,11.86651,51.16199,4022.35129,0.80513,47.16564,4.105083396505334,1.529251576442962,0.0
11.45097,11.90677,51.24378,4019.87556,0.74858,47.17599,4.053136778722568,1.509900094521108,0.0
11.48752,11.94701,51.31951,4017.44214,0.69087,47.18638,4.0053415353259405,1.4920951087873253,0.0
11.52404,11.98725,51.38906,4015.04904,0.63207,47.19681,3.961623379663289,1.4758089455090826,0.0
11.56053,12.02748,51.45228,4012.6944,0.571,47.22193,3.921950048533034,1.4610295857948963,9.99999982941839
11.59698,12.0677,51.509,4010.37637,0.50904,47.24697,3.8862923813615566,1.4477461665638323,9.99999982941839
11.63339,12.10793,51.55914,4008.09294,0.44627,47.27193,3.854588045965803,1.4359354674376448,9.99999982941839
11.66976,12.14815,51.60263,4005.84211,0.38277,47.29683,3.826780692719989,1.4255764966980813,9.99999982941839
11.70609,12.18837,51.63941,4003.62189,0.31862,47.32168,3.8028200545726225,1.4166505285458548,9.99999982941839
11.74239,12.2286,51.66941,4001.43029,0.25392,47.3465,3.7826620868822776,1.40914115519315,9.99999982941839
11.77865,12.26882,51.69259,3999.26534,0.18873,47.3713,3.7662690769928866,1.4030343276833033,9.99999982941839
11.81488,12.30904,51.70892,3997.12504,0.12314,47.39609,3.753609726977655,1.398318386715084,9.99999982941839
11.85106,12.34926,51.71836,3995.00742,0.05723,47.4209,3.744659212387156,1.3949840845279105,9.99999982941839
11.88722,12.38948,51.72088,3992.91047,-0.00892,47.44573,3.7393992192386456,1.3930245986813414,9.99999982941839
11.92333,12.4297,51.71649,3990.83219,-0.07525,47.47059,3.737817960942492,1.3924355383606146,9.99999982941839
11.95941,12.46992,51.70516,3988.77056,-0.14165,47.49551,3.7399101762885785,1.3932149436265304,9.99999982941839
11.99546,12.51014,51.6869,3986.72353,-0.20807,47.52049,3.745677109086071,1.3953632778307306,9.99999982941839
12.03147,12.55037,51.66173,3984.68905,-0.27442,47.54555,3.7551264695235056,1.3988834132213115,9.99999982941839
12.06744,12.59059,51.62966,3982.66502,-0.34061,47.5707,3.768272376776933,1.4037806095628498,9.99999982941839
12.10338,12.63082,51.59071,3980.64933,-0.40658,47.59595,3.7851352818847226,1.410062485405238,9.99999982941839
12.13928,12.67104,51.54493,3978.63982,-0.47225,47.62132,3.805741869366993,1.417738981434332,9.99999982941839
12.17515,12.71127,51.49235,3976.63431,-0.53752,47.64683,3.8301249355460603,1.4268223151431172,9.99999982941839
12.21098,12.7515,51.43303,3974.63057,-0.60232,47.67249,3.8583232409938324,1.4373269258644819,9.99999982941839
12.24677,12.79173,51.36703,3972.62632,-0.66657,47.69831,3.890381333978969,1.4492694090006366,9.99999982941839
12.28253,12.83196,51.29441,3970.61925,-0.73019,47.7243,3.926349341242093,1.4626684380813786,9.99999982941839
12.31825,12.8722,51.21525,3968.60699,-0.79309,47.75049,3.966282721877357,1.4775446730784947,9.99999982941839
12.35394,12.91243,51.12964,3966.5871,-0.85518,47.77689,4.010241979518175,1.493920653187379,9.99999982941839
12.38959,12.95267,51.03768,3964.55712,-0.91639,47.8035,4.058292327490138,1.5118206720876803,9.99999982941839
12.4252,12.99291,50.93946,3962.51449,-0.97661,47.83036,4.110503301004413,1.531270633475139,9.99999982941839
12.46078,13.03315,50.8351,3960.45662,-1.03576,47.85747,4.166948309934076,1.5522978844590063,9.99999982941839
12.49632,13.0734,50.72473,3958.38084,-1.09376,47.88484,4.2277041251859755,1.5749310242220476,9.99999982941839
12.53182,13.11364,50.60847,3956.28441,-1.1505,47.91251,4.2928502911762845,1.599199685152226,9.99999982941839
12.56728,13.15389,50.48647,3954.16453,-1.20588,47.94048,4.362468456484129,1.6251342834935711,9.99999982941839
12.60271,13.19413,50.35887,3952.01832,-1.25983,47.96877,4.436641614364154,1.6527657364171204,9.99999982941839
12.6381,13.23438,50.22585,3949.84284,-1.31223,47.99739,4.515453244529727,1.682125142312587,9.99999982941839
12.67344,13.27463,50.08757,3947.63508,-1.36298,48.02638,4.598986347426855,1.7132434210299825,9.99999982941839
12.70875,13.31489,49.94421,3945.39193,-1.41198,48.05573,4.687322362224894,1.7461509108026847,9.99999982941839
12.74402,13.35514,49.79598,3943.11025,-1.45914,48.08548,4.780539959898118,1.78087691863857,9.99999982941839
12.77924,13.3954,49.64306,3940.7868,-1.50433,48.11564,4.8787137031755075,1.8174492211160453,9.99999982941839
12.81443,13.43565,49.48568,3938.41828,-1.54746,48.14624,4.981912565801512,1.8558935127697267,9.99999982941839
12.84957,13.47591,49.32407,3936.00134,-1.58842,48.17728,5.090198304534809,1.8962327996171404,9.99999982941839
12.88467,13.51616,49.15845,3933.53256,-1.62709,48.20879,5.203623678688207,1.9384867358904887,9.99999982941839
12.91972,13.55642,48.98908,3931.00846,-1.66337,48.24079,5.322230513774559,1.9826709026938045,9.99999982941839
12.95473,13.59668,48.81622,3928.42551,-1.69713,48.27331,5.446047608134548,2.028796028166723,9.99999982941839
12.9897,13.63694,48.64014,3925.78015,-1.72828,48.30635,5.575088484195064,2.0768671497690554,9.99999982941839
13.02462,13.67719,48.46112,3923.06879,-1.75668,48.33994,5.709348989416539,2.126882720570554,9.99999982941839
13.05949,13.71745,48.27945,3920.28781,-1.78224,48.37411,5.848804756001077,2.178833662925347,9.99999982941839
13.09431,13.7577,48.09545,3917.43359,-1.80484,48.40886,5.993408533093182,2.232702374646517,9.99999982941839
13.12909,13.79796,47.90942,3914.50249,-1.82436,48.44423,6.143087410527644,2.288461694779142,9.99999982941839
13.16381,13.83821,47.7217,3911.49093,-1.8407,48.48023,6.297739959163773,2.346073838299553,9.99999982941839
13.19848,13.87846,47.53262,3908.39534,-1.85374,48.51688,6.457233319419662,2.4054893115177443,9.99999982941839
13.2331,13.91871,47.34253,3905.21222,-1.86339,48.5542,6.621400276719519,2.4666458226045522,9.99999982941839
13.26767,13.95895,47.15179,3901.93813,-1.86953,48.59221,6.790036370112232,2.529467204475997,9.99999982941839
13.30218,13.99919,46.96076,3898.56974,-1.87208,48.63093,6.962897088066188,2.5938623701530674,9.99999982941839
13.33664,14.03942,46.76984,3895.10386,-1.87094,48.67037,7.13969521327764,2.659724323632974,9.99999982941839
13.37104,14.07965,46.57939,3891.53741,-1.86602,48.71054,7.320098385860773,2.7269292521133375,9.99999982941839
13.40538,14.11988,46.38981,3887.86754,-1.85725,48.75147,7.503726961325921,2.7953357280327085,9.99999982941839
13.43966,14.1601,46.20151,3884.09157,-1.84456,48.79317,7.690152245761797,2.8647840516295178,9.99999982941839
13.47388,14.20031,46.01488,3880.20706,-1.82789,48.83564,7.878895195392602,2.9350957664928794,9.99999982941839
13.50804,14.24052,45.83034,3876.21185,-1.80718,48.8789,8.069425670466494,3.0060733816164165,9.99999982941839
13.54213,14.28072,45.6483,3872.10407,-1.78239,48.92295,8.261162334066642,3.077500333702713,9.99999982941839
13.57616,14.32091,45.46917,3867.88219,-1.75351,48.96781,8.453473284168071,3.1491412226211244,9.99999982941839
13.61012,14.36109,45.29337,3863.54504,-1.72052,49.01346,8.645677501844842,3.2207423509030515,9.99999982941839
13.64402,14.40126,45.12131,3859.09182,-1.68343,49.05992,8.837047189525098,3.2920325948034725,9.99999982941839
13.67784,14.44142,44.9534,3854.52218,-1.64224,49.10717,9.026811060266676,3.3627246296426474,9.99999982941839
13.71159,14.48156,44.79005,3849.83622,-1.59701,49.15522,9.214158622143657,3.4325165258528476,9.99999982941839
13.74527,14.5217,44.63165,3845.03449,-1.54778,49.20405,9.398245480948423,3.5010937243743885,9.99999982941839
13.77887,14.56182,44.47861,3840.11804,-1.49463,49.25365,9.578199659814844,3.5681313908815397,9.99999982941839
13.8124,14.60193,44.33129,3835.08846,-1.43764,49.30401,9.75312890650476,3.6332971379390213,9.99999982941839
13.84585,14.64202,44.19007,3829.94785,-1.37694,49.35511,9.92212892869012,3.6962540928612695,9.99999982941839
13.87922,14.6821,44.05531,3824.69884,-1.31264,49.40692,10.084292465565113,3.756664277126654,9.99999982941839
13.91251,14.72216,43.92734,3819.34461,-1.24492,49.45941,10.238719071742704,3.8141922511363546,9.99999982941839
13.94573,14.7622,43.80647,3813.88888,-1.17393,49.51257,10.384525457916864,3.86850896638314,9.99999982941839
13.97885,14.80223,43.69302,3808.3359,-1.09987,49.56635,10.520856203777228,3.9192957562939332,9.99999982941839
14.0119,14.84223,43.58726,3802.69045,-1.02295,49.62072,10.646894633571502,3.966248387662976,9.99999982941839
14.04486,14.88222,43.48943,3796.95779,-0.9434,49.67564,10.761873625156564,4.009081087307754,9.99999982941839
14.07773,14.92218,43.39978,3791.14366,-0.86147,49.73106,10.865086110461553,4.0475304537677905,9.99999982941839
14.11052,14.96212,43.3185,3785.25426,-0.77741,49.78695,10.955895020438078,4.081359162060268,9.99999982941839
14.14321,15.00204,43.24576,3779.29615,-0.69151,49.84324,11.033742431150152,4.1103593708391655,9.99999982941839
14.17582,15.04194,43.1817,3773.2763,-0.60406,49.8999,11.098157680433696,4.134355746064499,9.99999982941839
14.20834,15.08181,43.12645,3767.20196,-0.51535,49.95686,11.14876424607539,4.153208023304909,9.99999982941839
14.24077,15.12166,43.08007,3761.08064,-0.4257,50.01407,11.185285206294564,4.166813041910847,9.99999982941839
14.27311,15.16149,43.04263,3754.92006,-0.33541,50.07149,11.20754714049586,4.175106198147572,9.99999982941839
14.30535,15.20128,43.01413,3748.72811,-0.24482,50.12905,11.215482371031078,4.178062280310422,9.99999982941839
14.33751,15.24106,42.99457,3742.51273,-0.15423,50.18669,11.20912949361,4.1756956663168046,9.99999982941839
14.36957,15.2808,42.98389,3736.28193,-0.06398,50.24437,11.188632192685912,4.168059882406137,9.99999982941839
14.40154,15.32052,42.98202,3730.04366,0.02563,50.30202,11.154236386737663,4.155246539682293,9.99999982941839
14.43342,15.36021,42.98885,3723.8058,0.11427,50.35958,11.10628579451008,4.137383682421504,9.99999982941839
14.46521,15.39987,43.00425,3717.5761,0.20165,50.41702,11.0452160552927,4.114633597721485,9.99999982941839
14.4969,15.4395,43.02804,3711.3621,0.28746,50.47426,10.971547572308895,4.087190149475574,9.99999982941839
14.5285,15.47911,43.06004,3705.17111,0.37142,50.53127,10.885877277036231,4.055275710365375,9.99999982941839
14.56002,15.51868,43.10002,3699.01017,0.45326,50.58799,10.788869533045773,4.019137773301569,9.99999982941839
14.59144,15.55823,43.14774,3692.88597,0.53273,50.64439,10.681246410017065,3.9790453282385836,9.99999982941839
14.62277,15.59775,43.20294,3686.80488,0.60957,50.70041,10.563777562286914,3.935285091667702,9.99999982941839
14.65401,15.63724,43.26531,3680.77286,0.68357,50.75601,10.437269941917735,3.888157674464361,9.99999982941839
14.68516,15.6767,43.33457,3674.79548,0.75452,50.81117,10.302557564629188,3.8379737694284093,9.99999982941839
14.71623,15.71614,43.41038,3668.87789,0.82224,50.86585,10.160491529158543,3.7850504332332324,9.99999982941839
14.74721,15.75554,43.4924,3663.0248,0.88654,50.92001,10.011930467961038,3.729707529060391,9.99999982941839
14.7781,15.79492,43.58029,3657.24049,0.94729,50.97363,9.85773158091975,3.6722643864206126,9.99999982941839
14.80891,15.83427,43.67367,3651.52879,1.00436,51.02668,9.698742375413458,3.613036724111755,9.99999982941839
14.83963,15.87359,43.77218,3645.89309,1.05762,51.07916,9.535793206874075,3.552333871380174,9.99999982941839
14.87027,15.91289,43.87543,3640.33636,1.10699,51.13103,9.369690685104889,3.490456311600775,9.99999982941839
14.90083,15.95215,43.98304,3634.86114,1.1524,51.18229,9.201211984163143,3.4276935625585594,9.99999982941839
14.93131,15.99139,44.09461,3629.46956,1.19378,51.23293,9.031100068282354,3.364322397979081,9.99999982941839
14.96171,16.03061,44.20975,3624.16337,1.2311,51.28294,8.860059823779444,3.300605406562064,9.99999982941839
14.99204,16.0698,44.32807,3618.94392,1.26433,51.33231,8.688755067594677,3.2367898775838353,9.99999982941839
15.02228,16.10897,44.44917,3613.81223,1.29346,51.38104,8.517806387112994,3.1731069961739213,9.99999982941839
15.05245,16.14811,44.57267,3608.76897,1.31851,51.42913,8.347789753481068,3.1097713267391702,9.99999982941839
15.08255,16.18723,44.69816,3603.81451,1.33948,51.47659,8.179235841407802,3.0469805595715393,9.99999982941839
15.11257,16.22632,44.82527,3598.94893,1.35642,51.52341,8.012629982391505,2.984915493423991,9.99999982941839
15.14253,16.26539,44.95362,3594.17202,1.36935,51.56962,7.848412675064237,2.923740225627183,9.99999982941839
15.17241,16.30444,45.08282,3589.48336,1.37834,51.61521,7.686980575514614,2.863602521010776,9.99999982941839
15.20222,16.34347,45.21252,3584.88227,1.38345,51.66019,7.528687891719719,2.804634331366004,9.99999982941839
15.23196,16.38248,45.34236,3580.36788,1.38474,51.70459,7.373848109178714,2.7469524382896062,9.99999982941839
15.26164,16.42146,45.47198,3575.93915,1.38229,51.7484,7.222735979047935,2.690659193816455,9.99999982941839
15.29125,16.46043,45.60103,3571.59485,1.37619,51.79166,7.075589705290699,2.635843335190409,9.99999982941839
15.3208,16.49938,45.7292,3567.33364,1.36653,51.83436,6.932613273198257,2.582580852299638,9.99999982941839
15.35029,16.53831,45.85615,3563.15402,1.35341,51.87653,6.793978867773845,2.5309358885883046,9.99999982941839
15.37971,16.57722,45.98157,3559.05438,1.33691,51.91818,6.65982933682694,2.4809616586239924,9.99999982941839
15.40907,16.61611,46.10517,3555.03303,1.31715,51.95934,6.530280659819577,2.432701367807912,9.99999982941839
15.43838,16.65499,46.22663,3551.08819,1.29423,52.00001,6.405424389517482,2.386189121954195,9.99999982941839
15.46762,16.69385,46.3457,3547.21799,1.26826,52.04023,6.285330039159198,2.3414508165732024,9.99999982941839
15.4968,16.7327,46.46208,3543.42053,1.23935,52.08,6.170047393131675,2.2985049976589784,9.99999982941839
15.52593,16.77153,46.57553,3539.69382,1.20761,52.11935,6.059608723838859,2.2573636875311314,9.99999982941839
15.555,16.81035,46.6858,3536.03587,1.17315,52.1583,5.954030901809773,2.2180331709056125,9.99999982941839
15.58402,16.84915,46.79265,3532.44462,1.13609,52.19686,5.853317389785934,2.180514737744747,9.99999982941839
15.61298,16.88794,46.89584,3528.91801,1.09654,52.23506,5.7574601148192155,2.1448053806629463,9.99999982941839
15.64189,16.92671,46.99518,3525.45394,1.05461,52.27291,5.66644121520886,2.110898445706708,9.99999982941839
15.67075,16.96548,47.09044,3522.0503,1.01042,52.31044,5.580234661410374,2.07878423618583,9.99999982941839
15.69955,17.00423,47.18144,3518.70497,0.96408,52.34766,5.498807751992892,2.0484505699568887,9.99999982941839
15.72831,17.04297,47.26799,3515.41582,0.9157,52.3846,5.422122487252434,2.019883291130318,9.99999982941839
15.75701,17.08169,47.34993,3512.18071,0.86539,52.42127,5.3501368243099705,1.9930667376274664,9.99999982941839
15.78566,17.12041,47.42708,3508.9975,0.81328,52.45769,5.28280581837475,1.9679841663312097,9.99999982941839
15.81427,17.15912,47.4993,3505.86405,0.75945,52.49389,5.220082655582713,1.9446181378454381,9.99999982941839
15.84282,17.19781,47.56644,3502.77821,0.70404,52.52988,5.161919583153183,1.9229508630028986,9.99999982941839
15.87133,17.2365,47.62838,3499.73784,0.64714,52.56567,5.10826874288801,1.9029645133655564,9.99999982941839
15.89978,17.27518,47.68498,3496.74079,0.58886,52.6013,5.05908291407562,1.884641497975897,9.99999982941839
15.9282,17.31384,47.73615,3493.78491,0.52931,52.63677,5.01431617180919,1.867964708597773,9.99999982941839
15.95656,17.3525,47.78178,3490.86806,0.4686,52.67211,4.9739244665314795,1.852917735612098,9.99999982941839
15.98488,17.39116,47.82177,3487.98807,0.40683,52.70733,4.9378661303738705,1.839485056641465,9.99999982941839
16.01315,17.4298,47.85605,3485.14281,0.34411,52.74246,4.9061023154911885,1.8276521998413968,9.99999982941839
16.04138,17.46843,47.88454,3482.3301,0.28053,52.7775,4.878597369219239,1.8174058836564042,9.99999982941839
16.06956,17.50706,47.90718,3479.54777,0.21621,52.81249,4.855319150444616,1.8087341346760586,9.99999982941839
16.0977,17.54568,47.92392,3476.79365,0.15124,52.84743,4.836239291094611,1.8016263850468688,9.99999982941839
16.12579,17.58429,47.9347,3474.06555,0.08573,52.88234,4.821333406176229,1.7960735507173355,9.99999982941839
16.15383,17.6229,47.9395,3471.36127,0.01978,52.91724,4.810581255290171,1.7920680916061626,9.99999982941839
16.18184,17.6615,47.93829,3468.67859,-0.04651,52.95216,4.80396685801919,1.7896040545874559,9.99999982941839
16.2098,17.70009,47.93105,3466.01527,-0.11304,52.9871,4.801478565079171,1.7886770999963713,9.99999982941839
16.23771,17.73868,47.91778,3463.36906,-0.1797,53.02208,4.803109086605225,1.7892845121664298,9.99999982941839
16.26558,17.77726,47.89847,3460.73768,-0.2464,53.05713,4.808855478406008,1.7914251943088888,9.99999982941839
16.29341,17.81583,47.87313,3458.11883,-0.31304,53.09226,4.818719086547332,1.7950996478686818,9.99999982941839
16.32119,17.8544,47.84179,3455.51017,-0.37951,53.12748,4.832705450068499,1.8003099362836885,9.99999982941839
16.34893,17.89297,47.80448,3452.90935,-0.44571,53.16283,4.8508241611876235,1.8070596329075441,9.99999982941839
16.37663,17.93152,47.76123,3450.31396,-0.51154,53.1983,4.8730886818570145,1.8153537526716874,9.99999982941839
16.40428,17.97007,47.71208,3447.72159,-0.5769,53.23393,4.899516115038459,1.8251986668793918,9.99999982941839
16.43189,18.00862,47.6571,3445.12977,-0.64168,53.26972,4.930126928676543,1.8366020003785581,9.99999982941839
16.45945,18.04716,47.59636,3442.536,-0.70578,53.30571,4.964944629880831,1.8495725101860094,9.99999982941839
16.48697,18.08569,47.52992,3439.93773,-0.7691,53.3419,5.003995386480582,1.8641199445066614,9.99999982941839
16.51444,18.12422,47.45787,3437.33237,-0.83152,53.37831,5.047307592731154,1.8802548809477324,9.99999982941839
16.54187,18.16274,47.3803,3434.71732,-0.89295,53.41497,5.0949113756852515,1.8979885426290455,9.99999982941839
16.56926,18.20126,47.29732,3432.08988,-0.95328,53.4519,5.146838038471893,1.9173325907897953,9.99999982941839
16.5966,18.23977,47.20904,3429.44734,-1.01239,53.4891,5.203119436559683,1.938298892430205,9.99999982941839
16.6239,18.27828,47.11558,3426.78695,-1.07019,53.52661,5.263787282983038,1.960899261490014,9.99999982941839
16.65115,18.31678,47.01707,3424.10589,-1.12655,53.56443,5.328872378529184,1.985145172072882,9.99999982941839
16.67835,18.35527,46.91367,3421.40131,-1.18138,53.6026,5.398403762961971,2.011047442254925,9.99999982941839
16.70551,18.39376,46.8055,3418.67032,-1.23455,53.64112,5.4724077836637015,2.0386158871292928,9.99999982941839
16.73262,18.43224,46.69275,3415.90998,-1.28596,53.68003,5.550907078436224,2.06785893987281,9.99999982941839
16.75968,18.47071,46.57558,3413.11732,-1.33549,53.71934,5.6339194698114525,2.098783239847553,9.99999982941839
16.7867,18.50918,46.45417,3410.28931,-1.38303,53.75907,5.721456768996583,2.131393187038974,9.99999982941839
16.81367,18.54764,46.32871,3407.42291,-1.42847,53.79924,5.8135234885788645,2.1656904625045574,9.99999982941839
16.84059,18.58609,46.19941,3404.51505,-1.47169,53.83987,5.910115464391131,2.2016735149824678,9.99999982941839
16.86746,18.62454,46.06647,3401.56262,-1.51257,53.88098,6.011218388434803,2.2393370143667672,9.99999982941839
16.89428,18.66298,45.93012,3398.56251,-1.55101,53.9226,6.116806256580231,2.278671273434953,9.99999982941839
16.92105,18.70141,45.79058,3395.51158,-1.58689,53.96473,6.226839736892775,2.3196616400064856,9.99999982941839
16.94776,18.73983,45.64811,3392.40671,-1.62009,54.00742,6.341264466833732,2.362287862605333,9.99999982941839
16.97443,18.77824,45.50294,3389.24477,-1.65051,54.05066,6.460009290353422,2.4065234337307615,9.99999982941839
17.00104,18.81664,45.35533,3386.02265,-1.67804,54.09449,6.582984448937153,2.452334915974359,9.99999982941839
17.0276,18.85504,45.20557,3382.73727,-1.70257,54.13892,6.7100797439937585,2.4996812574614182,9.99999982941839
17.05411,18.89342,45.05391,3379.3856,-1.72399,54.18397,6.84116269160168,2.5485131044452953,9.99999982941839
17.08056,18.93179,44.90066,3375.96464,-1.74221,54.22966,6.976076694362098,2.598772120274606,9.99999982941839
17.10695,18.97015,44.7461,3372.47148,-1.75712,54.27601,7.114639259108909,2.65039032144329,9.99999982941839
17.13329,19.0085,44.59053,3368.9033,-1.76863,54.32303,7.256640293103188,2.703289442878228,9.99999982941839
17.15957,19.04684,44.43427,3365.25736,-1.77666,54.37074,7.401840515288001,2.757380346089847,9.99999982941839
17.18579,19.08517,44.27764,3361.53106,-1.78112,54.41916,7.549970022808209,2.812562485163036,9.99999982941839
17.21195,19.12348,44.12094,3357.72193,-1.78194,54.4683,7.700727056297086,2.8687234467939238,9.99999982941839
17.23805,19.16178,43.96451,3353.82766,-1.77905,54.51818,7.853777010186942,2.9257385816045427,9.99999982941839
17.26408,19.20006,43.80869,3349.84612,-1.77238,54.56879,8.008751736245769,2.983470744691907,9.99999982941839
17.29006,19.23833,43.6538,3345.77539,-1.7619,54.62016,8.165249189581932,3.041770163755445,9.99999982941839
17.31597,19.27658,43.50019,3341.61376,-1.74756,54.67229,8.322833466208152,3.100474453090571,9.99999982941839
17.34181,19.31482,43.3482,3337.35978,-1.72933,54.72519,8.481035279702574,3.1594087911574755,9.99999982941839
17.36759,19.35303,43.19816,3333.01224,-1.7072,54.77886,8.639352921380219,3.2183862782702533,9.99999982941839
17.3933,19.39123,43.05042,3328.57023,-1.68116,54.8333,8.797253743584427,3.277208489161995,9.99999982941839
17.41894,19.42941,42.90532,3324.03317,-1.65121,54.88851,8.954176198953075,3.335666232665109,9.99999982941839
17.44452,19.46758,42.76319,3319.40075,-1.6174,54.94449,9.10953245998671,3.393540527569379,9.99999982941839
17.47002,19.50572,42.62436,3314.67306,-1.57974,55.00123,9.262711632675991,3.4506037997827357,9.99999982941839
17.49545,19.54383,42.48916,3309.85052,-1.5383,55.05872,9.413083565710364,3.506621301361718,9.99999982941839
17.52081,19.58193,42.3579,3304.93392,-1.49314,55.11696,9.560003242909787,3.5613527468078625,9.99999982941839
17.54609,19.62001,42.23091,3299.92444,-1.44436,55.17592,9.702815731293155,3.6145541563533867,9.99999982941839
17.5713,19.65805,42.10846,3294.82365,-1.39206,55.23559,9.84086164118801,3.6659798899957092,9.99999982941839
17.59643,19.69608,41.99087,3289.63352,-1.33636,55.29595,9.973483038215287,3.7153848498673376,9.99999982941839
17.62148,19.73408,41.87839,3284.35642,-1.27739,55.35698,10.100029730722973,3.7625268224703228,9.99999982941839
17.64646,19.77205,41.7713,3278.99511,-1.21531,55.41864,10.219865840670959,3.8071689265037656,9.99999982941839
17.67135,19.81,41.66983,3273.55273,-1.1503,55.48092,10.332376551956338,3.849082126792548,9.99999982941839
17.69617,19.84791,41.57422,3268.03283,-1.08254,55.54377,10.436974918265692,3.8880477703914353,9.99999982941839
17.72091,19.8858,41.48467,3262.43932,-1.01223,55.60717,10.533108603421976,3.923860097541639,9.99999982941839
17.74556,19.92366,41.40138,3256.77643,-0.93959,55.67107,10.620266421530248,3.956328678047183,9.99999982941839
17.77013,19.96148,41.32451,3251.04877,-0.86485,55.73543,10.69798454224873,3.985280722901643,9.99999982941839
17.79462,19.99928,41.25421,3245.26121,-0.78826,55.80021,10.765852228814374,4.01056322185365,9.99999982941839
17.81902,20.03704,41.19061,3239.41892,-0.71007,55.86538,10.823516982958509,4.032044860023336,9.99999982941839
17.84334,20.07477,41.13381,3233.52732,-0.63054,55.93087,10.870688981568714,4.04961767067562,9.99999982941839
17.86758,20.11247,41.08388,3227.59203,-0.54995,55.99665,10.907144704727502,4.0631983867600745,9.99999982941839
17.89173,20.15013,41.04088,3221.61884,-0.46858,56.06267,10.932729672993066,4.072729460620026,9.99999982941839
17.91579,20.18776,41.00484,3215.61369,-0.3867,56.12887,10.947360232947215,4.0781797291561475,9.99999982941839
17.93977,20.22535,40.97577,3209.58261,-0.30461,56.19521,10.951024353324533,4.079544710405508,9.99999982941839
17.96366,20.2629,40.95364,3203.53172,-0.22258,56.26163,10.943781418631836,4.076846526659398,9.99999982941839
17.98746,20.30042,40.93842,3197.46711,-0.14092,56.3281,10.92576103195244,4.070133458476412,9.99999982941839
18.01118,20.3379,40.93003,3191.39488,-0.05989,56.39454,10.897160862912568,4.0594791429933235,9.99999982941839
18.03482,20.37535,40.92838,3185.32108,0.02022,56.46093,10.858243599477793,4.044981438389042,9.99999982941839
18.05836,20.41275,40.93336,3179.25165,0.09913,56.5272,10.809333082508994,4.026760983905011,9.99999982941839
18.08182,20.45012,40.94483,3173.1924,0.17659,56.59332,10.750809719387878,4.0049594913000375,9.99999982941839
18.1052,20.48745,40.96264,3167.149,0.25234,56.65924,10.683105286659181,3.97973780869776,9.99999982941839
18.12849,20.52475,40.98661,3161.1269,0.32613,56.72491,10.606697241501225,3.9512738014597577,9.99999982941839
18.15169,20.562,41.01655,3155.13135,0.39774,56.7903,10.522102667601132,3.9197600968647754,9.99999982941839
18.17481,20.59922,41.05225,3149.16737,0.46693,56.85536,10.429871982712807,3.8854017400085046,9.99999982941839
18.19784,20.63639,41.09347,3143.23969,0.53351,56.92006,10.330582533158275,3.8484138075867937,9.99999982941839
18.2208,20.67353,41.13997,3137.35278,0.59729,56.98437,10.224832194983977,3.8090190241580104,9.99999982941839
18.24367,20.71063,41.19149,3131.51082,0.65809,57.04825,10.113233092930452,3.7674454222939757,9.99999982941839
18.26645,20.74769,41.24778,3125.71768,0.71574,57.11168,9.996405537490018,3.72392408397443,9.99999982941839
18.28918,20.78471,41.30871,3119.97644,0.77426,57.12713,9.874733654926775,3.6785981063397193,0.0
18.31184,20.82167,41.37416,3114.29005,0.82931,57.14258,9.74861623645461,3.6316160496098457,0.0
18.33446,20.85857,41.44383,3108.66172,0.88076,57.15803,9.61869520031206,3.583217045218549,0.0
18.35703,20.89541,41.51741,3103.09432,0.9285,57.17347,9.485601322321717,3.533636073756458,0.0
18.37955,20.9322,41.59458,3097.59041,0.97245,57.1889,9.349950054531599,3.4831024073049734,0.0
18.40202,20.96894,41.67501,3092.15221,1.01252,57.20434,9.212337604401004,3.431838148829849,0.0
18.42443,21.00562,41.75839,3086.78167,1.04866,57.21977,9.073337587339486,3.380056985163873,0.0
18.4468,21.04225,41.84438,3081.4804,1.08082,57.23519,8.93349824994904,3.327963152591524,0.0
18.46913,21.07882,41.93266,3076.24973,1.10898,57.25062,8.793340250000421,3.2757506098317397,0.0
18.4914,21.11534,42.02289,3071.09073,1.13313,57.26604,8.653354969659599,3.223602409670385,0.0
18.51363,21.15182,42.11475,3066.00419,1.15326,57.28147,8.51400333075764,3.171690257617117,0.0
18.53581,21.18824,42.20791,3060.99065,1.16938,57.29689,8.375715074961354,3.1201742437500055,0.0
18.55794,21.22462,42.30205,3056.05042,1.18152,57.31232,8.238888467464433,3.069202732332689,0.0
18.58003,21.26094,42.39685,3051.18358,1.18972,57.32774,8.103890380142404,3.0189123927917807,0.0
18.60208,21.29722,42.492,3046.39001,1.19401,57.34317,7.971056708853158,2.9694283551722975,0.0
18.62408,21.33346,42.58719,3041.6694,1.19447,57.3586,7.840693079502943,2.920864473165818,0.0
18.64604,21.36964,42.68212,3037.02125,1.19114,57.37404,7.71307579844215,2.8733236781579206,0.0
18.66796,21.40579,42.77649,3032.44492,1.1841,57.38948,7.58845300458905,2.8268984084245896,0.0
18.68983,21.44189,42.87002,3027.93958,1.17343,57.40492,7.467045983079437,2.78167109850127,0.0
18.71166,21.47794,42.96242,3023.50431,1.15922,57.42037,7.349050603173987,2.7377147148411947,0.0
18.73345,21.51396,43.05343,3019.13803,1.14156,57.43583,7.23463884639181,2.695093325085337,0.0
18.7552,21.54993,43.14279,3014.83956,1.12054,57.45129,7.12396039421,2.6538626895222714,0.0
18.77691,21.58587,43.23022,3010.60762,1.09627,57.46676,7.017144248197057,2.614070864630501,0.0
18.79858,21.62176,43.31551,3006.44082,1.06884,57.48223,6.914300358848938,2.575758809862741,0.0
18.82021,21.65762,43.39839,3002.33771,1.03838,57.49772,6.815521242738476,2.538960990076628,0.0
18.8418,21.69343,43.47866,2998.29675,1.00498,57.51321,6.720883570771723,2.503705967202001,0.0
18.86336,21.72922,43.55609,2994.31633,0.96877,57.52872,6.630449713270486,2.4700169758247936,0.0
18.88487,21.76496,43.63047,2990.39479,0.92986,57.54423,6.544269230313697,2.437912478378413,0.0
18.90635,21.80067,43.70161,2986.53041,0.88837,57.55975,6.462380298243619,2.4074066965548315,0.0
18.9278,21.83634,43.76932,2982.72142,0.84441,57.57528,6.3848110653866925,2.3785101163462765,0.0
18.9492,21.87198,43.83342,2978.96602,0.79812,57.59083,6.311580931976533,2.351229964850219,0.0
18.97058,21.90759,43.89375,2975.26235,0.7496,57.60638,6.242701750926471,2.325570657588744,0.0
18.99191,21.94316,43.95014,2971.60852,0.69899,57.62195,6.178178947497,2.3015342156141334,0.0
19.01321,21.9787,44.00246,2968.00261,0.64641,57.63753,6.118012557079434,2.2791206521105827,0.0
19.03448,22.0142,44.05055,2964.44269,0.59198,57.65312,6.062198181287708,2.2583283285635534,0.0
19.05571,22.04968,44.0943,2960.92676,0.53582,57.66872,6.0107278633160375,2.239154280853535,0.0
19.0769,22.08512,44.13358,2957.45283,0.47806,57.68434,5.963590884098907,2.2215945158465873,0.0
19.09807,22.12054,44.16829,2954.01887,0.41882,57.69997,5.920774481266091,2.2056442792240034,0.0
19.1192,22.15592,44.19833,2950.62283,0.35823,57.71561,5.882264493152947,2.191298295393088,0.0
19.14029,22.19127,44.22361,2947.26262,0.2964,57.73127,5.848045930327433,2.1785509803960093,0.0
19.16136,22.2266,44.24405,2943.93617,0.23347,57.74694,5.818103477152031,2.1673966287548145,0.0
19.18239,22.26189,44.25958,2940.64133,0.16956,57.76262,5.792421925887998,2.1578295751866805,0.0
19.20339,22.29716,44.27014,2937.37598,0.10479,57.77832,5.770986545762984,2.1498443320913174,0.0
19.22435,22.3324,44.27568,2934.13794,0.03928,57.79404,5.753783389261819,2.143435703652344,0.0
19.24529,22.36761,44.27616,2930.92502,-0.02683,57.80977,5.740799537722155,2.138598877328125,0.0
19.26619,22.40279,44.27155,2927.73501,-0.09344,57.82551,5.73202328806485,2.135329493413753,0.0
19.28706,22.43794,44.26183,2924.56567,-0.16041,57.84127,5.727444282224795,2.1336236932574377,0.0
19.30789,22.47307,44.24699,2921.41472,-0.22761,57.85704,5.727053580575591,2.13347814661313,0.0
19.3287,22.50817,44.22701,2918.27989,-0.29494,57.87282,5.730843680355137,2.1348900585045376,0.0
19.34948,22.54324,44.20192,2915.15885,-0.36226,57.88863,5.738808479765246,2.1378571558512887,0.0
19.37022,22.57829,44.17173,2912.04924,-0.42945,57.90444,5.750943188189333,2.142377654022656,0.0
19.39093,22.61331,44.13645,2908.9487,-0.49639,57.92027,5.767244182630963,2.14845020335714,0.0
19.41161,22.6483,44.09614,2905.85481,-0.56294,57.93612,5.787708810265646,2.156073815607819,0.0
19.43226,22.68326,44.05082,2902.76515,-0.629,57.95198,5.812335136742062,2.1652477701779302,0.0
19.45288,22.7182,44.00056,2899.67723,-0.69443,57.96785,5.841121639670479,2.175971499937242,0.0
19.47347,22.75311,43.94541,2896.58857,-0.7591,57.98374,5.87406684659716,2.188244456357995,0.0
19.49403,22.788,43.88546,2893.49662,-0.8229,57.99964,5.91116891665381,2.202065953668313,0.0
19.51455,22.82285,43.82077,2890.39884,-0.8857,58.01556,5.952425165004681,2.2174349916962375,0.0
19.53505,22.85768,43.75145,2887.29264,-0.94737,58.03149,5.9978315292874065,2.2343500571048995,0.0
19.55551,22.89249,43.67759,2884.17539,-1.00779,58.04743,6.047381977291437,2.252808902737153,0.0
19.57594,22.92726,43.59931,2881.04445,-1.06683,58.06339,6.101067855364657,2.2728083048798933,0.0
19.59634,22.96201,43.51671,2877.89715,-1.12437,58.07936,6.158877177290624,2.2943437983521195,0.0
19.61671,22.99673,43.42993,2874.73079,-1.18028,58.09534,6.220793853809172,2.317409389481085,0.0
19.63704,23.03142,43.33911,2871.54265,-1.23444,58.11133,6.286796863471589,2.3419972472240382,0.0
19.65735,23.06608,43.2444,2868.33001,-1.28671,58.12734,6.356859366189269,2.3680973729417674,0.0
19.67762,23.10072,43.14594,2865.0901,-1.33699,58.14336,6.430947761610389,2.3956972496191398,0.0
19.69786,23.13532,43.0439,2861.82016,-1.38514,58.15939,6.509020695425694,2.424781471687862,0.0
19.71807,23.1699,42.93846,2858.51744,-1.43105,58.17543,6.591028017824268,2.455331357023844,0.0
19.73824,23.20444,42.8298,2855.17916,-1.47459,58.19148,6.6769096995346855,2.487324543144017,0.0
19.75839,23.23896,42.7181,2851.80257,-1.51564,58.20754,6.766594712342393,2.520734570169595,0.0
19.77849,23.27345,42.60358,2848.38491,-1.55408,58.22361,6.859999882532296,2.555530453703273,0.0
19.79857,23.3079,42.48643,2844.92347,-1.58981,58.23968,6.95702872739988,2.5916762513990057,0.0
19.81861,23.34232,42.36686,2841.41553,-1.62271,58.25577,7.057570286846205,2.6291306277004023,0.0
19.83862,23.37671,42.24511,2837.85845,-1.65266,58.27186,7.161497963937899,2.6678464219188163,0.0
19.8586,23.41107,42.12141,2834.24961,-1.67957,58.28797,7.268668390407952,2.70777022560254,0.0
19.87853,23.44539,41.99598,2830.58646,-1.70333,58.30407,7.378920334991258,2.7488419758630713,0.0
19.89844,23.47968,41.86908,2826.86652,-1.72385,58.32019,7.492073674579319,2.7909945721031715,0.0
19.91831,23.51393,41.74095,2823.08738,-1.74103,58.33631,7.6079284500411655,2.834153524285312,0.0
19.93814,23.54815,41.61185,2819.24674,-1.75479,58.35243,7.726264030305324,2.8782366415302176,0.0
19.95794,23.58233,41.48204,2815.34241,-1.76505,58.36856,7.846838409855439,2.9231537704154955,0.0
19.9777,23.61648,41.35179,2811.37231,-1.77175,58.38469,7.969387665924507,2.9688065927662124,0.0
19.99743,23.65058,41.22137,2807.33449,-1.7748,58.40082,8.09362560250695,3.0150884930400204,0.0
20.01711,23.68465,41.09104,2803.22718,-1.77417,58.41696,8.219243608488172,3.0618845054766837,0.0
20.03676,23.71868,40.96109,2799.04876,-1.76981,58.4331,8.345910756907337,3.10907135107608,0.0
20.05638,23.75267,40.8318,2794.79777,-1.76167,58.44924,8.473274171242977,3.156517574049221,0.0
20.07595,23.78662,40.70343,2790.47298,-1.74974,58.46537,8.60095968280447,3.2040837867138823,0.0
20.09548,23.82052,40.57628,2786.07334,-1.73399,58.48151,8.728572800559618,3.2516230307808835,0.0
20.11498,23.85439,40.45061,2781.59805,-1.71444,58.49764,8.855700011155154,3.2989812616459417,0.0
20.13443,23.88821,40.32671,2777.04654,-1.69109,58.51377,8.981910422312138,3.3459979605976953,0.0
20.15385,23.92198,40.20484,2772.41847,-1.66396,58.5299,9.10675775731476,3.3925068778172567,0.0
20.17322,23.95571,40.08529,2767.71378,-1.6331,58.54602,9.229782701994758,3.4383369066916663,0.0
20.19255,23.98939,39.9683,2762.93268,-1.59856,58.56214,9.350515598471162,3.483313087302818,0.0
20.21184,24.02303,39.85414,2758.07565,-1.5604,58.57826,9.468479472133895,3.5272577340585016,0.0
20.23109,24.05661,39.74307,2753.14347,-1.5187,58.59436,9.583193370074522,3.569991679345694,0.0
20.25029,24.09015,39.63532,2748.1372,-1.47357,58.61046,9.694175980705438,3.611335621933942,0.0
20.26946,24.12364,39.53113,2743.0582,-1.42511,58.62655,9.800949495656683,3.6511115656335393,0.0
20.28857,24.15707,39.43073,2737.90812,-1.37346,58.64263,9.903043666867637,3.6891443306689347,0.0
20.30765,24.19045,39.33433,2732.68892,-1.31876,58.65871,10.000000004012954,3.7252631173303294,0.0
20.32668,24.22378,39.24212,2727.40283,-1.26115,58.67477,10.0913760506205,3.759303098940125,0.0
20.34566,24.25706,39.1543,2722.05237,-1.20083,58.69082,10.176749671565693,3.7911070190573675,0.0
20.3646,24.29028,39.07104,2716.64034,-1.13796,58.70686,10.255723280468251,3.820526766294279,0.0
20.38349,24.32344,38.9925,2711.16981,-1.07275,58.72289,10.327927933069104,3.847424899206846,0.0
20.40234,24.35655,38.91881,2705.64406,-1.00541,58.7389,10.39302721211356,3.8716760935160246,0.0
20.42114,24.38961,38.85011,2700.06666,-0.93616,58.75491,10.450720830708146,3.893168484452973,0.0
20.43989,24.4226,38.7865,2694.44135,-0.86523,58.77089,10.500747884755233,3.9118048783765254,0.0
20.45859,24.45553,38.72807,2688.77208,-0.79287,58.78687,10.542889690663486,3.9275038098949957,0.0
20.47725,24.48841,38.6749,2683.06298,-0.71931,58.80283,10.57697215206102,3.9402004235291073,0.0
20.49586,24.52123,38.62704,2677.31832,-0.64482,58.81877,10.602867608595917,3.9498471624388247,0.0
20.51442,24.55398,38.58452,2671.54248,-0.56966,58.8347,10.62049613060966,3.9564142507232734,0.0
20.53293,24.58668,38.54736,2665.73997,-0.49408,58.85062,10.629826235373875,3.9598899602377746,0.0
20.5514,24.61931,38.51555,2659.91534,-0.41835,58.86651,10.630875013134924,3.960280657548769,0.0
20.56981,24.65188,38.48908,2654.07319,-0.34274,58.88239,10.62370766411402,3.9576106314541803,0.0
20.58818,24.68439,38.46791,2648.21817,-0.26751,58.89826,10.608436460377652,3.9519217062528296,0.0
20.6065,24.71684,38.45197,2642.35487,-0.19292,58.91411,10.585219158621754,3.9432726504647837,0.0
20.62477,24.74923,38.44119,2636.48788,-0.11923,58.92994,10.554256901237562,3.9317383949231495,0.0
20.64299,24.78155,38.43547,2630.62173,-0.04669,58.94576,10.515791652849648,3.917409077817055,0.0
20.66116,24.81381,38.43472,2624.76085,0.02446,58.96156,10.47010322798075,3.900388937418584,0.0
20.67928,24.84601,38.43879,2618.90958,0.09397,58.97734,10.417505971967433,3.8807950756365277,0.0
20.69736,24.87814,38.44755,2613.07212,0.16162,58.99311,10.358345161921378,3.8587561172797757,0.0
20.71538,24.91022,38.46085,2607.25255,0.2272,59.00886,10.292993197214184,3.8344107909126666,0.0
20.73336,24.94222,38.47851,2601.45476,0.29049,59.0246,10.221845649626788,3.8079064574317205,0.0
20.75129,24.97417,38.50036,2595.68248,0.35131,59.04032,10.14531724226594,3.77939761210622,0.0
20.76917,25.00606,38.52619,2589.93926,0.40947,59.05602,10.0638378234782,3.749044384755254,0.0
20.787,25.03788,38.55581,2584.22843,0.46481,59.07171,9.977848397781202,3.7170110611651626,0.0
20.80479,25.06964,38.58901,2578.55313,0.51717,59.08739,9.88779727035563,3.6834646468113768,0.0
20.82252,25.10134,38.62556,2572.91628,0.5664,59.10305,9.794136355174977,3.648573491539589,0.0
20.84021,25.13298,38.66524,2567.32057,0.6124,59.11869,9.697317689820194,3.6125059912425304,0.0
20.85786,25.16456,38.7078,2561.76849,0.65503,59.13433,9.597790192490173,3.5754293797610375,0.0
20.87546,25.19608,38.75302,2556.26228,0.69422,59.14995,9.495996689134309,3.53750862141271,0.0
20.89301,25.22754,38.80064,2550.80398,0.72987,59.16556,9.392371231043859,3.4989054117241207,0.0
20.91051,25.25895,38.85041,2545.39541,0.76191,59.18115,9.287336716085088,3.459777291277563,0.0
20.92797,25.29029,38.90209,2540.03816,0.7903,59.19674,9.181302819928511,3.420276875039522,0.0
20.94539,25.32158,38.95543,2534.73361,0.81498,59.21231,9.074664237461409,3.380551197240555,0.0
20.96276,25.35281,39.01017,2529.48293,0.83594,59.22788,8.96779922914739,3.3407411698559897,0.0
20.98009,25.38398,39.06606,2524.28711,0.85315,59.24343,8.861068462284207,3.3009811509439655,0.0
20.99737,25.4151,39.12284,2519.14691,0.86662,59.25898,8.75481413322628,3.2613986176502316,0.0
21.01462,25.44616,39.18028,2514.06294,0.87635,59.27452,8.649359353428641,3.2221139374933627,0.0
21.03181,25.47717,39.23812,2509.03561,0.88236,59.29005,8.545007779756249,3.1832402306452487,0.0
21.04897,25.50813,39.29611,2504.06516,0.88467,59.30557,8.4420434677773,3.1448833152789932,0.0
21.06609,25.53903,39.35402,2499.15168,0.88334,59.32108,8.34073092570679,3.1071417276643145,0.0
21.08316,25.56988,39.41162,2494.29509,0.8784,59.33659,8.241315346150376,3.070106808498224,0.0
21.10019,25.60068,39.46866,2489.49518,0.86992,59.3521,8.14402299286173,3.0338628469823217,0.0
21.11718,25.63143,39.52493,2484.7516,0.85795,59.36759,8.04906172011952,2.998487274304387,0.0
21.13413,25.66213,39.58021,2480.06386,0.84258,59.38309,7.956621603176212,2.964050898497146,0.0
21.15105,25.69278,39.63427,2475.43135,0.82388,59.39858,7.866875659273459,2.930618173035471,0.0
21.16792,25.72338,39.68692,2470.85338,0.80194,59.41406,7.779980640035415,2.898247492023741,0.0
21.18475,25.75393,39.73795,2466.3291,0.77685,59.42954,7.696077877459472,2.8669915053496555,0.0
21.20155,25.78444,39.78718,2461.8576,0.7487,59.44502,7.615294167276076,2.836897447759001,0.0
21.21831,25.8149,39.8344,2457.43788,0.7176,59.4605,7.537742674994053,2.8080074763813796,0.0
21.23503,25.84531,39.87945,2453.06882,0.68366,59.47598,7.463523851545326,2.7803590118319557,0.0
21.25171,25.87567,39.92215,2448.74925,0.64698,59.49146,7.392726346954415,2.753985078577385,0.0
21.26835,25.906,39.96235,2444.47792,0.60768,59.50693,7.325427911960153,2.728914640813628,0.0
21.28496,25.93627,39.99988,2440.2535,0.56588,59.5224,7.261696278910483,2.705172930622438,0.0
21.30154,25.96651,40.0346,2436.0746,0.52169,59.53788,7.201590014556173,2.682781765659462,0.0
21.31808,25.9967,40.06638,2431.93977,0.47525,59.55335,7.145159338563731,2.6617598540718324,0.0
21.33458,26.02685,40.09508,2427.84751,0.42667,59.56883,7.092446902670415,2.642123084753911,0.0
21.35104,26.05695,40.12058,2423.79624,0.37608,59.58431,7.043488526376687,2.6238848014120895,0.0
21.36748,26.08702,40.14277,2419.78436,0.32361,59.59979,6.998313885914071,2.607056059223439,0.0
21.38387,26.11704,40.16154,2415.8102,0.2694,59.61527,6.9569471540148085,2.591645863166741,0.0
21.40024,26.14702,40.17681,2411.87206,0.21357,59.63075,6.919407588649516,2.5776613873427596,0.0
21.41657,26.17696,40.18849,2407.9682,0.15626,59.64623,6.885710069425053,2.5651081747965554,0.0
21.43286,26.20686,40.19649,2404.0968,0.0976,59.66172,6.8558655808309865,2.5539903175395104,0.0
21.44912,26.23672,40.20075,2400.25606,0.03773,59.67721,6.829881641897785,2.5443106166083127,0.0
21.46535,26.26654,40.20121,2396.44409,-0.02322,59.6927,6.8077626821144595,2.5360707221041663,0.0
21.48154,26.29632,40.19782,2392.659,-0.0851,59.7082,6.789510363735374,2.5292712532605566,0.0
21.49771,26.32607,40.19054,2388.89884,-0.14779,59.7237,6.775123850756141,2.5239118986438545,0.0
21.51384,26.35577,40.17933,2385.16165,-0.21114,59.7392,6.764600025009073,2.5199914966545514,0.0
21.52993,26.38544,40.16416,2381.4454,-0.27501,59.75471,6.757933649915276,2.5175080965292262,0.0
21.546,26.41506,40.14503,2377.74808,-0.33927,59.77022,6.755117482538636,2.516459000083606,0.0
21.56203,26.44465,40.12193,2374.0676,-0.40377,59.78573,6.756142334587847,2.516840784437417,0.0
21.57803,26.47421,40.09484,2370.40188,-0.46838,59.80125,6.760997083123965,2.5186493060032427,0.0
21.59399,26.50372,40.0638,2366.74877,-0.53296,59.81677,6.769668631722627,2.5218796860184196,0.0
21.60993,26.5332,40.02881,2363.10614,-0.59737,59.83229,6.782141822917607,2.5265262779279616,0.0
21.62583,26.56263,39.9899,2359.47179,-0.66147,59.84782,6.7983993027585985,2.53258261692877,0.0
21.6417,26.59203,39.9471,2355.84353,-0.72511,59.86335,6.818421338472516,2.5400413520436693,0.0
21.65754,26.6214,39.90047,2352.21912,-0.78817,59.87889,6.842185590226819,2.548894161097243,0.0
21.67335,26.65072,39.85005,2348.59631,-0.8505,59.89442,6.869666838174293,2.5591316490328273,0.0
21.68912,26.68001,39.79591,2344.97284,-0.91197,59.90997,6.900836666119021,2.570743230069771,0.0
21.70487,26.70926,39.73811,2341.34641,-0.97243,59.92551,6.935663103343089,2.583716994274448,0.0
21.72058,26.73847,39.67673,2337.71472,-1.03175,59.94106,6.97411022638672,2.5980395592128906,0.0
21.73626,26.76765,39.61186,2334.07545,-1.0898,59.9566,7.016137722901779,2.6136959074747357,0.0
21.7519,26.79678,39.54358,2330.42627,-1.14644,59.97216,7.0617004200556055,2.6306692109912486,0.0
21.76752,26.82588,39.47201,2326.76485,-1.20154,59.98771,7.110747780377732,2.648940643224959,0.0
21.7831,26.85494,39.39725,2323.08884,-1.25496,60.00326,7.1632233684490325,2.668489180497338,0.0
21.79865,26.88396,39.31941,2319.39591,-1.30657,60.01882,7.2190642923625905,2.689291393918273,0.0
21.81417,26.91295,39.23863,2315.68373,-1.35626,60.03438,7.278200624506643,2.711321233612476,0.0
21.82966,26.94189,39.15503,2311.94996,-1.40388,60.04994,7.340554806860658,2.7345498071766245,0.0
21.84511,26.9708,39.06875,2308.19229,-1.44933,60.06549,7.406041046762446,2.7589451545867125,0.0
21.86054,26.99966,38.97994,2304.40844,-1.49247,60.08105,7.474564709772549,2.7844720220240595,0.0
21.87593,27.02848,38.88874,2300.59613,-1.53319,60.09661,7.546021717157316,2.8110916374219053,0.0
21.89128,27.05727,38.79533,2296.75313,-1.57137,60.11217,7.62029795624884,2.838761490808967,0.0
21.9066,27.08601,38.69985,2292.87723,-1.60692,60.12772,7.697268712772516,2.8674351228365267,0.0
21.92189,27.11471,38.60249,2288.96629,-1.63971,60.14328,7.776798135052782,2.897061925180964,0.0
21.93715,27.14337,38.50342,2285.01822,-1.66965,60.15883,7.858738740720723,2.927586956779363,0.0
21.95237,27.17199,38.40282,2281.03095,-1.69665,60.17438,7.942930977283301,2.9589507801299897,0.0
21.96756,27.20057,38.30087,2277.00254,-1.72061,60.18993,8.029202848470474,2.9910893220967574,0.0
21.98272,27.2291,38.19778,2272.93109,-1.74145,60.20547,8.117369618767258,3.023933763839652,0.0
21.99784,27.25759,38.09372,2268.81479,-1.75909,60.221,8.207233608839111,3.0574104646052986,0.0
22.01292,27.28603,37.98891,2264.65192,-1.77347,60.23654,8.298584094670328,3.0914409241533662,0.0
22.02797,27.31443,37.88353,2260.4409,-1.78452,60.25206,8.391197323109363,3.125941788547604,0.0
22.04299,27.34278,37.7778,2256.18021,-1.79218,60.26758,8.484836656165223,3.1608249039100467,0.0
22.05797,27.37109,37.67192,2251.8685,-1.79642,60.2831,8.579252855671719,3.195997422465937,0.0
22.07292,27.39935,37.56609,2247.50453,-1.7972,60.2986,8.674184519000564,3.2313619648583214,0.0
22.08782,27.42757,37.46053,2243.08719,-1.79449,60.3141,8.769358675121175,3.2668168421960093,0.0
22.1027,27.45573,37.35544,2238.61556,-1.78827,60.32959,8.864491548624768,3.302256340672646,0.0
22.11753,27.48385,37.25102,2234.08884,-1.77855,60.34507,8.959289497282601,3.337571070831834,0.0
22.13233,27.51192,37.14749,2229.5064,-1.76532,60.36054,9.053450126290093,3.3726483826523816,0.0
22.14709,27.53994,37.04504,2224.86782,-1.74861,60.376,9.146663579627871,3.407372846614269,0.0
22.16182,27.5679,36.94388,2220.17281,-1.72844,60.39145,9.238614005877235,3.441626799753478,0.0
22.1765,27.59582,36.84421,2215.42131,-1.70486,60.40688,9.32898119261368,3.4752909545165873,0.0
22.19115,27.62368,36.74622,2210.61342,-1.67792,60.4223,9.417442359929176,3.508245066895003,0.0
22.20576,27.65149,36.65009,2205.74946,-1.64768,60.43771,9.503674100078904,3.5403686589944114,0.0
22.22033,27.67925,36.55601,2200.82993,-1.61424,60.45311,9.587354446598761,3.571541789835487,0.0
22.23486,27.70695,36.46415,2195.85554,-1.57767,60.46849,9.66816505265913,3.6016458668479863,0.0
22.24936,27.7346,36.37469,2190.82721,-1.53809,60.48385,9.745793455060516,3.630564489268697,0.0
22.26381,27.76219,36.28779,2185.74605,-1.49561,60.4992,9.81993539710971,3.658184313473924,0.0
22.27822,27.78972,36.20359,2180.61336,-1.45037,60.51453,9.890297180978415,3.68439592929497,0.0
22.29259,27.8172,36.12225,2175.43065,-1.4025,60.52985,9.95659801786147,3.709094735513917,0.0
22.30692,27.84462,36.0439,2170.19962,-1.35215,60.54515,10.018572342671709,3.7321818021483555,0.0
22.32121,27.87198,35.96866,2164.92214,-1.2995,60.56043,10.075972059105455,3.7535647067973605,0.0
22.33546,27.89929,35.89665,2159.60027,-1.24472,60.57569,10.128568680661127,3.773158332227251,0.0
22.34967,27.92653,35.82796,2154.23623,-1.18798,60.59093,10.176155333890467,3.790885612635381,0.0
22.36384,27.95371,35.76268,2148.8324,-1.1295,60.60615,10.21854859149615,3.8066782165272373,0.0
22.37796,27.98083,35.70091,2143.39131,-1.06946,60.62136,10.25559010521333,3.8204771550077687,0.0
22.39204,28.00789,35.64269,2137.91562,-1.00807,60.63654,10.287148011296502,3.8322333053622337,0.0
22.40608,28.03489,35.58808,2132.40811,-0.94556,60.6517,10.313118085230155,3.8419078412162886,0.0
22.42008,28.06183,35.53713,2126.87165,-0.88213,60.66684,10.333424626503964,3.8494725621380397,0.0
22.43403,28.0887,35.48986,2121.30923,-0.81802,60.68196,10.348021059132838,3.8549101173475506,0.0
22.44795,28.11551,35.44628,2115.7239,-0.75346,60.69705,10.35689023878928,3.858214120131738,0.0
22.46181,28.14225,35.40639,2110.11877,-0.68866,60.71213,10.360044462726387,3.8593891515409373,0.0
22.47564,28.16894,35.37018,2104.49698,-0.62387,60.72718,10.357525184214635,3.858450654009102,0.0
22.48942,28.19556,35.33764,2098.86173,-0.55931,60.74221,10.349402438500421,3.855424717508255,0.0
22.50316,28.22211,35.3087,2093.21619,-0.49521,60.75722,10.335773992468999,3.850347762775555,0.0
22.51686,28.2486,35.28334,2087.56357,-0.43179,60.7722,10.316764234925225,3.8432661279136746,0.0
22.53051,28.27502,35.26149,2081.90703,-0.36927,60.78717,10.292522828624834,3.8342355662369916,0.0
22.54412,28.30138,35.24306,2076.2497,-0.30788,60.80211,10.263223148900286,3.8233206646186275,0.0
22.55769,28.32767,35.22799,2070.59467,-0.24782,60.81703,10.229060536580743,3.8105941926571694,0.0
22.57121,28.3539,35.21616,2064.94495,-0.18929,60.83192,10.190250395256468,3.796136393857602,0.0
22.58469,28.38007,35.20748,2059.3035,-0.1325,60.84679,10.147026164294195,3.7800342305261907,0.0
22.59813,28.40616,35.20183,2053.67318,-0.07762,60.86165,10.09963719977218,3.7623805943630417,0.0
22.61152,28.4322,35.19909,2048.05676,-0.02485,60.87648,10.048346595465437,3.7432734947217594,0.0
22.62487,28.45817,35.19912,2042.45688,0.02566,60.89128,9.993428975257798,3.722815236224862,0.0
22.63818,28.48407,35.20179,2036.87611,0.07375,60.90607,9.935168287048123,3.701111596935793,0.0
22.65145,28.50991,35.20694,2031.31685,0.11927,60.92083,9.87385562630307,3.6782710175750655,0.0
22.66467,28.53568,35.21442,2025.7814,0.16208,60.93558,9.809787115031073,3.6544038113822594,0.0
22.67785,28.5614,35.22408,2020.27193,0.20205,60.9503,9.743261859306289,3.6296214032399545,0.0
22.69099,28.58704,35.23574,2014.79045,0.23908,60.965,9.674580005437685,3.604035605545563,0.0
22.70409,28.61263,35.24924,2009.33886,0.27307,60.97969,9.60404091177263,3.577757937160074,0.0
22.71714,28.63815,35.26441,2003.91889,0.30392,60.99435,9.531941449921964,3.550898990569688,0.0
22.73016,28.6636,35.28107,1998.53214,0.33157,61.009,9.458574445967113,3.523567851194452,0.0
22.74313,28.689,35.29905,1993.18006,0.35593,61.02362,9.38422726917075,3.495871571645854,0.0
22.75607,28.71433,35.31816,1987.86395,0.37697,61.03823,9.309180572661356,3.46791470259868,0.0
22.76896,28.7396,35.33822,1982.585,0.39465,61.05282,9.233707187933444,3.4397988809632656,0.0
22.78181,28.76481,35.35907,1977.34421,0.40892,61.06739,9.158071172385984,3.411622475068495,0.0
22.79462,28.78996,35.3805,1972.14248,0.41978,61.08195,9.082527006984378,3.383480285769778,0.0
22.8074,28.81505,35.40235,1966.98055,0.42721,61.09649,9.007318939155864,3.3554633016602975,0.0
22.82013,28.84008,35.42444,1961.85905,0.43123,61.11101,8.932680464379569,3.3276585059496626,0.0
22.83283,28.86505,35.44659,1956.77846,0.43183,61.12552,8.858833938628424,3.3001487320883296,0.0
22.84548,28.88996,35.46863,1951.73913,0.42906,61.14001,8.785990312736534,3.2730125648124533,0.0
22.8581,28.91482,35.49038,1946.74132,0.42293,61.15449,8.714348979021773,3.2463242830067682,0.0
22.87068,28.93961,35.51168,1941.78514,0.41349,61.16895,8.644097719919602,3.2201538405693357,0.0
22.88323,28.96435,35.53237,1936.8706,0.4008,61.1834,8.57541274815776,3.1945668813776775,0.0
22.89573,28.98903,35.55227,1931.9976,0.3849,61.19784,8.508458827843208,3.1696247843968397,0.0
22.9082,29.01366,35.57125,1927.16594,0.36587,61.21226,8.443389465965641,3.1453847350194946,0.0
22.92063,29.03822,35.58914,1922.37531,0.34378,61.22667,8.380347164045377,3.1218998188114027,0.0
22.93302,29.06274,35.60581,1917.6253,0.31871,61.24107,8.319463720013237,3.0992191339696067,0.0
22.94538,29.0872,35.6211,1912.91543,0.29075,61.25546,8.260860570865711,3.077387918970499,0.0
22.95771,29.1116,35.63488,1908.24511,0.25998,61.26984,8.204649167210107,3.056447692097743,0.0
22.96999,29.13595,35.64703,1903.61367,0.22651,61.28421,8.150931371330659,3.036436399732375,0.0
22.98224,29.16025,35.65742,1899.02037,0.19045,61.29857,8.099799871150468,3.017388570564515,0.0
22.99446,29.1845,35.66593,1894.46439,0.15189,61.31291,8.051338602965897,2.999335473073056,0.0
23.00664,29.20869,35.67245,1889.94484,0.11096,61.32725,8.005623176632163,2.9823052739184814,0.0
23.01879,29.23283,35.67688,1885.46074,0.06776,61.34158,7.962721297384806,2.9663231950824613,0.0
23.0309,29.25692,35.67911,1881.01107,0.02243,61.3559,7.92269317922225,2.9514116678637334,0.0
23.04298,29.28096,35.67906,1876.59473,-0.02491,61.37021,7.885591945304273,2.9375904820370717,0.0
23.05503,29.30494,35.67663,1872.21058,-0.07414,61.38451,7.851464011429549,2.924876928708754,0.0
23.06704,29.32888,35.67176,1867.8574,-0.12513,61.39881,7.820349449200014,2.9132859356048484,0.0
23.07902,29.35276,35.66437,1863.53393,-0.17774,61.4131,7.792282325952631,2.9028301937047405,0.0
23.09096,29.3766,35.6544,1859.23885,-0.23183,61.42738,7.767291019077654,2.8935202743329533,0.0
23.10287,29.40039,35.64179,1854.97079,-0.28727,61.44165,7.745398502698076,2.885364735954787,0.0
23.11475,29.42412,35.62648,1850.72835,-0.34392,61.45592,7.726622605142411,2.878370220091704,0.0
23.1266,29.44781,35.60845,1846.51007,-0.40163,61.47018,7.710976236004113,2.8725415359069397,0.0
23.13841,29.47145,35.58764,1842.31445,-0.46027,61.48443,7.698467581892639,2.8678817331279176,0.0
23.1502,29.49504,35.56404,1838.13995,-0.51968,61.49867,7.689100270333886,2.864392163103482,0.0
23.16195,29.51859,35.53762,1833.98499,-0.57973,61.51291,7.682873501533068,2.8620725278890298,0.0
23.17366,29.54208,35.50837,1829.84797,-0.64026,61.52715,7.679782148011665,2.8609209173639,0.0
23.18535,29.56553,35.47628,1825.72725,-0.70114,61.54137,7.679816822363889,2.8609338344724407,0.0
23.19701,29.58893,35.44135,1821.62114,-0.76221,61.55559,7.6829639136510695,2.862106208781871,0.0
23.20863,29.61228,35.40358,1817.52794,-0.82333,61.56981,7.68920559313875,2.864431398619503,0.0
23.22022,29.63558,35.363,1813.44592,-0.88434,61.58402,7.698519790383235,2.8679011821643527,0.0
23.23178,29.65884,35.31962,1809.37334,-0.94511,61.59822,7.710880140833542,2.8725057379274856,0.0
23.24331,29.68205,35.27348,1805.30841,-1.00549,61.61241,7.726255906401825,2.8782336151624115,0.0
23.25481,29.70521,35.2246,1801.24934,-1.06533,61.6266,7.744611870659568,2.885071694822908,0.0
23.26627,29.72832,35.17302,1797.19433,-1.12449,61.64079,7.765908210587062,2.8930051417863263,0.0
23.27771,29.75139,35.11881,1793.14154,-1.18282,61.65496,7.79010034701824,2.9020173491403587,0.0
23.28911,29.77441,35.062,1789.08916,-1.24019,61.66913,7.817138776243422,2.9120898754506284,0.0
23.30048,29.79738,35.00266,1785.03533,-1.29645,61.68329,7.8469688854334665,2.9232023760013304,0.0
23.31182,29.82031,34.94086,1780.97822,-1.35146,61.69745,7.879530754891038,2.9353325291286243,0.0
23.32313,29.84318,34.87667,1776.91599,-1.40509,61.7116,7.914758950396306,2.948455958863945,0.0
23.33441,29.86601,34.81017,1772.8468,-1.4572,61.72574,7.952582309187662,2.96254615520619,0.0
23.34566,29.8888,34.74145,1768.76881,-1.50767,61.73987,7.992923723466831,2.9775743934716723,0.0
23.35688,29.91153,34.67059,1764.68021,-1.55637,61.754,8.035699925567695,2.993509654263859,0.0
23.36806,29.93422,34.59769,1760.5792,-1.60317,61.76811,8.080821279237936,3.01031854572029,0.0
23.37922,29.95686,34.52286,1756.464,-1.64795,61.78222,8.128191581746218,3.0279652297922977,0.0
23.39034,29.97945,34.44619,1752.33284,-1.6906,61.79632,8.177707881809933,3.0464113544182965,0.0
23.40143,30.00199,34.3678,1748.18402,-1.731,61.81041,8.229260318527333,3.0656159935217735,0.0
23.41249,30.02448,34.28781,1744.01582,-1.76906,61.82449,8.282731986737954,3.0855355968544953,0.0
23.42352,30.04692,34.20632,1739.82662,-1.80465,61.83856,8.337998834324207,3.106123951738651,0.0
23.43451,30.06932,34.12348,1735.61481,-1.83771,61.85262,8.394929597109048,3.1273321588145264,0.0
23.44548,30.09166,34.03939,1731.37883,-1.86812,61.86667,8.453385777005202,3.1491086239005037,0.0
23.45641,30.11395,33.9542,1727.11719,-1.89581,61.88071,8.51322166899264,3.171399068042896,0.0
23.46731,30.1362,33.86803,1722.82846,-1.9207,61.89474,8.574284442404279,3.1941465577969943,0.0
23.47818,30.15839,33.78101,1718.51129,-1.94272,61.90875,8.63641428171678,3.2172915576753596,0.0
23.48902,30.18053,33.6933,1714.16438,-1.96181,61.92275,8.699444591720129,3.2407720065788728,0.0
23.49982,30.20262,33.60502,1709.78653,-1.97792,61.93674,8.763202271462655,3.264523419848481,0.0
23.51059,30.22466,33.51631,1705.37661,-1.991,61.95072,8.827508060810727,3.2884790183677866,0.0
23.52133,30.24664,33.42732,1700.9336,-2.00102,61.96468,8.89217696270825,3.312569885865828,0.0
23.53203,30.26858,33.33818,1696.45657,-2.00794,61.97863,8.957018743470556,3.336725155289719,0.0
23.54271,30.29046,33.24904,1691.94468,-2.01174,61.99256,9.021838512434723,3.3608722247396376,0.0
23.55334,30.31228,33.16004,1687.3972,-2.01243,62.00648,9.086437381271008,3.384937003079688,0.0
23.56395,30.33405,33.07132,1682.81353,-2.01,62.02038,9.150613202070424,3.4088441848949396,0.0
23.57452,30.35577,32.98302,1678.19316,-2.00446,62.03426,9.214161382123216,3.4325175540178527,0.0
23.58506,30.37743,32.89527,1673.53572,-1.99583,62.04813,9.27687577191832,3.455880314331436,0.0
23.59556,30.39904,32.80821,1668.84094,-1.98415,62.06198,9.338549621598638,3.4788554460740024,0.0
23.60603,30.42059,32.72197,1664.10871,-1.96946,62.07581,9.398976599684618,3.501366085340512,0.0
23.61647,30.44209,32.63669,1659.339,-1.95181,62.08963,9.457951866486226,3.5233359239567696,0.0
23.62687,30.46352,32.55247,1654.53194,-1.93127,62.10342,9.51527319337036,3.544689626435991,0.0
23.63724,30.4849,32.46945,1649.68779,-1.90791,62.1172,9.570742117668189,3.565353260212168,0.0
23.64757,30.50623,32.38774,1644.80694,-1.88183,62.13095,9.624165121973599,3.5852547349597743,0.0
23.65787,30.52749,32.30745,1639.88988,-1.8531,62.14469,9.675354825515027,3.604324246411117,0.0
23.66813,30.5487,32.22868,1634.93727,-1.82186,62.1584,9.724131174454882,3.6224947197741932,0.0
23.67835,30.56984,32.15155,1629.94987,-1.7882,62.17209,9.770322617355557,3.639702247624703,0.0
23.68854,30.59093,32.07613,1624.92858,-1.75225,62.18576,9.813767251688757,3.655886517010946,0.0
23.6987,30.61195,32.00251,1619.8744,-1.71416,62.19941,9.854313927064482,3.6709912204356394,0.0
23.70881,30.63292,31.93078,1614.78846,-1.67406,62.21303,9.89182329105856,3.6849644454541983,0.0
23.7189,30.65382,31.86101,1609.67202,-1.63211,62.22664,9.926168763875289,3.697759037762206,0.0
23.72894,30.67466,31.79327,1604.52641,-1.58847,62.24022,9.957237428797276,3.7093329329114204,0.0
23.73895,30.69544,31.7276,1599.35309,-1.54331,62.25377,9.984930826334352,3.7196494521511227,0.0
23.74892,30.71616,31.66406,1594.15359,-1.49679,62.2673,10.009165641189034,3.728677558340847,0.0
23.75886,30.73681,31.60269,1588.92955,-1.4491,62.28081,10.029874272604339,3.7363920684199345,0.0
23.76876,30.7574,31.54352,1583.68268,-1.40042,62.29429,10.047005280336121,3.7427738195439644,0.0
23.77862,30.77793,31.48658,1578.41476,-1.35094,62.30774,10.060523700286856,3.747809786666648,0.0
23.78845,30.79839,31.43188,1573.12763,-1.30085,62.32117,10.070411225773972,3.7514931500670525,0.0
23.79823,30.81879,31.37944,1567.82319,-1.25035,62.33458,10.076666252453714,3.7538233120849127,0.0
23.80798,30.83913,31.32925,1562.50339,-1.19963,62.34796,10.079303786983903,3.7548058630951187,0.0
23.8177,30.8594,31.2813,1557.1702,-1.14888,62.36131,10.078355221487799,3.7544524974895603,0.0
23.82737,30.8796,31.23558,1551.82564,-1.0983,62.37464,10.073867977941799,3.7527808812021917,0.0
23.83701,30.89974,31.19205,1546.47174,-1.04809,62.38794,10.065905028391883,3.7498144729770346,0.0
23.84662,30.91982,31.1507,1541.11053,-0.99844,62.40122,10.054544298680801,3.7455823022408685,0.0
23.85618,30.93983,31.11148,1535.74405,-0.94953,62.41447,10.039877964863814,3.740118706999573,0.0
23.86571,30.95977,31.07433,1530.37434,-0.90156,62.42769,10.022011652811118,3.733463035668982,0.0
23.8752,30.97965,31.03922,1525.0034,-0.85471,62.44089,10.00106355259553,3.725659317160987,0.0
23.88465,30.99946,31.00607,1519.63324,-0.80915,62.45406,9.97716346001428,3.7167559038251885,0.0
23.89406,31.01921,30.97481,1514.26581,-0.76506,62.46721,9.950451758276472,3.7068050921006828,0.0
23.90344,31.03889,30.94539,1508.90304,-0.72259,62.48033,9.921078353062711,3.695862725797752,0.0
23.91278,31.05851,30.9177,1503.5468,-0.68191,62.49342,9.889201574281586,3.683987786973255,0.0
23.92208,31.07806,30.89167,1498.19893,-0.64317,62.50649,9.854987057657024,3.671241979292493,0.0
23.93135,31.09754,30.86722,1492.86118,-0.6065,62.51953,9.818606618819187,3.6576893085984428,0.0
23.94058,31.11696,30.84423,1487.53528,-0.57205,62.53255,9.780237131987482,3.6433956651916755,0.0
23.94977,31.13631,30.82263,1482.22285,-0.53993,62.54554,9.740059424530104,3.6284284120246943,0.0
23.95893,31.1556,30.8023,1476.92547,-0.51027,62.55851,9.69825719778675,3.6128559826800153,0.0
23.96804,31.17482,30.78313,1471.64463,-0.48317,62.57146,9.655015983413035,3.596747492580982,0.0
23.97713,31.19398,30.76503,1466.38175,-0.45871,62.58438,9.61052214348772,3.580172366505417,0.0
23.98617,31.21307,30.74788,1461.13816,-0.437,62.59727,9.564961921330111,3.5631999849901144,0.0
23.99518,31.2321,30.73156,1455.91511,-0.4181,62.61014,9.518520548850777,3.5458993517955104,0.0
24.00416,31.25106,30.71597,1450.71377,-0.40208,62.62299,9.471381415029722,3.5283387841419103,0.0
24.01309,31.26996,30.70098,1445.53522,-0.389,62.63582,9.423725298893737,3.5105856269733753,0.0
24.022,31.2888,30.68649,1440.38045,-0.3789,62.64862,9.375729669325185,3.492705992118072,0.0
24.03086,31.30757,30.67237,1435.25036,-0.37181,62.6614,9.32756805286772,3.4747645227792723,0.0
24.03969,31.32628,30.65851,1430.14578,-0.36777,62.67416,9.279409469788158,3.4568241834535534,0.0
24.04849,31.34492,30.64479,1425.06743,-0.36678,62.6869,9.23141793768466,3.4389460750117946,0.0
24.05725,31.36351,30.6311,1420.01595,-0.36885,62.69962,9.183752041196275,3.4211892744046546,0.0
24.06598,31.38203,30.61733,1414.99189,-0.37398,62.71231,9.136564565589195,3.40361069816381,0.0
24.07467,31.40049,30.60336,1409.99573,-0.38215,62.72499,9.090002191471022,3.3862649886749945,0.0
24.08333,31.41888,30.58908,1405.02784,-0.39334,62.73764,9.044205247326556,3.369204421991059,0.0
24.09195,31.43722,30.57438,1400.08854,-0.40753,62.75028,8.999307516204684,3.352478835817758,0.0
24.10054,31.45549,30.55917,1395.17803,-0.42466,62.76289,8.955436092557544,3.3361355761825715,0.0
24.10909,31.47371,30.54333,1390.29645,-0.44469,62.77549,8.912711285040334,3.320219461225067,0.0
24.11762,31.49186,30.52676,1385.44387,-0.46757,62.78807,8.871246560919733,3.3047727604875905,0.0
24.1261,31.50995,30.50938,1380.62026,-0.49323,62.80063,8.83114852770854,3.28983518807367,0.0
24.13456,31.52799,30.49108,1375.82553,-0.5216,62.81317,8.792516947617951,3.2754439080318805,0.0
24.14298,31.54596,30.47177,1371.05952,-0.5526,62.8257,8.75544478050982,3.261633550356679,0.0
24.15137,31.56387,30.45138,1366.32199,-0.58615,62.83821,8.720018251137752,3.248436236037496,0.0
24.15973,31.58173,30.42981,1361.61263,-0.62216,62.8507,8.686316936627982,3.2358816096476546,0.0
24.16805,31.59953,30.407,1356.93108,-0.66052,62.86317,8.654413870314631,3.2239968780257375,0.0
24.17635,31.61727,30.38286,1352.2769,-0.70114,62.87563,8.624375658330877,3.2128068537088645,0.0
24.18461,31.63495,30.35733,1347.64959,-0.74392,62.88807,8.596262605529422,3.202334001841385,0.0
24.19284,31.65258,30.33035,1343.04859,-0.78872,62.9005,8.570128847614232,3.192598489397423,0.0
24.20104,31.67014,30.30185,1338.47329,-0.83545,62.91291,8.546022486612554,3.1836182356477667,0.0
24.2092,31.68765,30.27178,1333.92302,-0.88398,62.92531,8.523985727118223,3.1754089629140902,0.0
24.21734,31.70511,30.2401,1329.39705,-0.93418,62.93769,8.50405501099279,3.167984246748663,0.0
24.22544,31.72251,30.20675,1324.8946,-0.98593,62.95006,8.486261148517716,3.1613555647919998,0.0
24.23351,31.73985,30.17169,1320.41486,-1.03909,62.96241,8.470629444265773,3.1555323436632587,0.0
24.24156,31.75713,30.1349,1315.95694,-1.09353,62.97475,8.457179816240371,3.150522003342785,0.0
24.24957,31.77436,30.09634,1311.51995,-1.14911,62.98707,8.44592690708523,3.1463299986006357,0.0
24.25755,31.79154,30.05599,1307.10291,-1.2057,62.99938,8.4368801864661,3.142959857136464,0.0
24.2655,31.80866,30.01382,1302.70483,-1.26314,63.01168,8.430044043973815,3.140413214188354,0.0
24.27342,31.82572,29.96983,1298.32468,-1.32131,63.02396,8.425417872119235,3.138689843450616,0.0
24.28131,31.84273,29.92401,1293.9614,-1.38005,63.03623,8.422996139282581,3.1377876842493366,0.0
24.28917,31.85969,29.87634,1289.61387,-1.43922,63.04849,8.422768452690773,3.137702865003092,0.0
24.297,31.87659,29.82684,1285.28097,-1.49868,63.06073,8.4247196117092,3.13842972307554,0.0
24.3048,31.89344,29.7755,1280.96154,-1.55827,63.07296,8.428829651985913,3.139960821220283,0.0
24.31257,31.91023,29.72234,1276.65439,-1.61787,63.08518,8.435073881161912,3.1422869608839017,0.0
24.32031,31.92697,29.66737,1272.35834,-1.67731,63.09738,8.443422907096288,3.1453971927205493,0.0
24.32803,31.94365,29.61062,1268.07214,-1.73646,63.10957,8.453842659714029,3.1492788247308505,0.0
24.33571,31.96028,29.5521,1263.79457,-1.79517,63.12174,8.466294407777953,3.153917428509871,0.0
24.34336,31.97686,29.49186,1259.52437,-1.85331,63.13391,8.480734772083366,3.1592968441624882,0.0
24.35099,31.99339,29.42992,1255.26028,-1.91073,63.14606,8.497115736677179,3.165399184482802,0.0
24.35858,32.00986,29.36631,1251.00102,-1.9673,63.15819,8.51538465992121,3.172204839075504,0.0
24.36615,32.02627,29.30109,1246.74533,-2.02288,63.17031,8.535484287275123,3.1796924791178602,0.0
24.37368,32.04264,29.2343,1242.49194,-2.07734,63.18242,8.557352767876457,3.187839063536213,0.0
24.38119,32.05895,29.166,1238.23956,-2.13055,63.19452,8.580923677013368,3.196619847377656,0.0
24.38867,32.0752,29.09622,1233.98694,-2.18239,63.2066,8.606126046729948,3.2060083932113383,0.0
24.39612,32.0914,29.02504,1229.73282,-2.23274,63.21866,8.632884406824983,3.215976586401567,0.0
24.40354,32.10755,28.95252,1225.47596,-2.28148,63.23071,8.661118838556483,3.2264946551141587,0.0
24.41093,32.12365,28.87871,1221.21513,-2.3285,63.24275,8.690745043362487,3.2375311959167585,0.0
24.4183,32.13969,28.80369,1216.94914,-2.37369,63.25477,8.721674428903215,3.249053205831791,0.0
24.42563,32.15567,28.72753,1212.67679,-2.41695,63.26678,8.753814214643802,3.261026121668818,0.0
24.43293,32.17161,28.65029,1208.39694,-2.45819,63.27877,8.787067559156698,3.2734138674480233,0.0
24.44021,32.18749,28.57207,1204.10847,-2.49732,63.29075,8.821333711136454,3.2861789106572026,0.0
24.44746,32.20331,28.49292,1199.81028,-2.53425,63.30271,8.856508186041552,3.2992823280554866,0.0
24.45467,32.21908,28.41294,1195.50135,-2.56892,63.31465,8.892482969985716,3.3126838816282205,0.0
24.46186,32.2348,28.3322,1191.18066,-2.60124,63.32658,8.929146752337614,3.326342105236475,0.0
24.46902,32.25046,28.25078,1186.84725,-2.63116,63.33849,8.966385188163498,3.3402144023838316,0.0
24.47615,32.26607,28.16877,1182.50023,-2.65863,63.35039,9.004081191344747,3.354257155410384,0.0
24.48325,32.28162,28.08626,1178.13873,-2.6836,63.36226,9.04211525886009,3.3684258462963936,0.0
24.49033,32.29711,28.00332,1173.76197,-2.70603,63.37412,9.08036582630451,3.382675189102441,0.0
24.49737,32.31256,27.92004,1169.3692,-2.7259,63.38596,9.118709654320341,3.3969592739251726,0.0
24.50438,32.32794,27.83651,1164.95976,-2.74319,63.39778,9.157022245164523,3.4112317220795654,0.0
24.51137,32.34327,27.75281,1160.53303,-2.75787,63.40959,9.195178288153613,3.4254458520389135,0.0
24.51832,32.35854,27.66902,1156.08849,-2.76997,63.42137,9.233052132290256,3.4395548555006275,0.0
24.52524,32.37376,27.58523,1151.62565,-2.77947,63.43314,9.270518283814065,3.4535119827370213,0.0
24.53214,32.38892,27.50151,1147.14414,-2.7864,63.44488,9.307451926018516,3.467270736240791,0.0
24.539,32.40403,27.41795,1142.64362,-2.79079,63.45661,9.343729458135478,3.4807850714736768,0.0
24.54584,32.41907,27.33463,1138.12386,-2.79267,63.46831,9.379229049678841,3.4940096033740486,0.0
24.55265,32.43406,27.25163,1133.58468,-2.79208,63.48,9.41383120616507,3.5068998171027004,0.0
24.55942,32.449,27.169,1129.02601,-2.78908,63.49166,9.44741934180699,3.519412281386352,0.0
24.56617,32.46387,27.08684,1124.44784,-2.78373,63.5033,9.479880354394774,3.531504862675946,0.0
24.57288,32.47869,27.00519,1119.85023,-2.77612,63.51492,9.511105197302774,3.5431369382342393,0.0
24.57957,32.49344,26.92414,1115.23335,-2.7663,63.52652,9.540989443397494,3.5542696062063595,0.0
24.58622,32.50814,26.84374,1110.59741,-2.75439,63.53809,9.569433835421073,3.5648658906521393,0.0
24.59285,32.52279,26.76405,1105.94273,-2.74048,63.54964,9.596344817433105,3.574890939522172,0.0
24.59944,32.53737,26.68513,1101.26968,-2.72466,63.56117,9.621635041858157,3.584312213546357,0.0
24.60601,32.55189,26.60702,1096.57875,-2.70707,63.57268,9.645223846895242,3.5930996640814854,0.0
24.61254,32.56635,26.52977,1091.87044,-2.68782,63.58416,9.667037699120208,3.6012258979922804,0.0
24.61905,32.58076,26.45342,1087.14537,-2.66703,63.59562,9.687010596543189,3.6086663278009006,0.0
24.62552,32.5951,26.37802,1082.40422,-2.64486,63.60705,9.705084427655207,3.615399305441244,0.0
24.63196,32.60938,26.30359,1077.6477,-2.62142,63.61846,9.721209282499423,3.621406238141181,0.0
24.63837,32.62361,26.23017,1072.87664,-2.59688,63.62984,9.735343712302782,3.626671685142162,0.0
24.64475,32.63777,26.15777,1068.09188,-2.57138,63.6412,9.74745493480988,3.631183434191499,0.0
24.6511,32.65187,26.08641,1063.29434,-2.54508,63.65254,9.757518983064355,3.6349325569673376,0.0
24.65742,32.66591,26.01612,1058.48498,-2.51814,63.66385,9.76552079610008,3.6379134428635176,0.0
24.6637,32.67989,25.9469,1053.66481,-2.49072,63.67513,9.771454250647919,3.640123810801172,0.0
24.66996,32.69381,25.87875,1048.83489,-2.46298,63.68639,9.775322133725256,3.641564699017609,0.0
24.67619,32.70766,25.81168,1043.99631,-2.43509,63.69762,9.777136056652441,3.6422404330351696,0.0
24.68238,32.72146,25.74568,1039.15018,-2.40721,63.70883,9.776916311747403,3.642158572276206,0.0
24.68854,32.73519,25.68074,1034.29767,-2.37952,63.72001,9.774691673619508,3.6413298360398136,0.0
24.69468,32.74886,25.61685,1029.43996,-2.35217,63.73116,9.770499147587632,3.639768009780941,0.0
24.70078,32.76247,25.55398,1024.57823,-2.32534,63.74229,9.764383668367236,3.637489832863401,0.0
24.70685,32.77602,25.49213,1019.71369,-2.29918,63.75339,9.756397752612841,3.6345148691227993,0.0
24.71288,32.7895,25.43125,1014.84758,-2.27386,63.76447,9.74660110942322,3.63086536176947,0.0
24.71889,32.80293,25.37132,1009.98112,-2.24953,63.77552,9.735060213230929,3.626566074278587,0.0
24.72487,32.81629,25.31231,1005.11552,-2.22635,63.78655,9.721847843808298,3.6216441190302953,0.0
24.73081,32.82958,25.25417,1000.25203,-2.20447,63.79755,9.707042598330364,3.6161287755403118,0.0
24.73673,32.84282,25.19687,995.39184,-2.18402,63.80852,9.69072838054642,3.610051300162888,0.0
