0.04638,0.04638,50.12728,4898.87991,-0.46195,45.0001,7.617253662266505,2.8376274112003523,0.0
0.09273,0.09273,50.07054,4894.72182,-0.4231,45.00024,7.665255147630301,2.855509227493459,0.0
0.13903,0.13903,50.01887,4890.52847,-0.38354,45.00042,7.707937402158727,2.8714094903430025,0.0
0.18529,0.1853,49.97235,4886.3027,-0.34336,45.00064,7.74513398500739,2.8852661961551274,0.0
0.23152,0.23152,49.93105,4882.04748,-0.30268,45.00091,7.776702756660666,2.8970263942203447,0.0
0.2777,0.27771,49.895,4877.76587,-0.26157,45.00121,7.802527227657867,2.9066466891495284,0.0
0.32385,0.32386,49.86425,4873.46101,-0.22015,45.00156,7.82251766032408,2.9140936512976308,0.0
0.36995,0.36997,49.83883,4869.13611,-0.17851,45.00194,7.836611904888379,2.919344128239726,0.0
0.41602,0.41603,49.81874,4864.79444,-0.13677,45.00237,7.844775956019773,2.922385452095283,0.0
0.46204,0.46206,49.80399,4860.4393,-0.09503,45.00283,7.847004220789904,2.9232155393513324,0.0
0.50802,0.50805,49.79455,4856.07401,-0.05338,45.00334,7.8433194943355655,2.921842881796103,0.0
0.55395,0.55399,49.7904,4851.70191,-0.01194,45.00389,7.83377264478864,2.9182864291471438,0.0
0.59985,0.5999,49.7915,4847.3263,0.02919,45.00448,7.818442014306381,2.912575365919338,0.0
0.6457,0.64576,49.79779,4842.9505,0.06991,45.0051,7.797432548057346,2.904748786949246,0.0
0.69152,0.69158,49.8092,4838.57775,0.11012,45.00577,7.770874667716006,2.8948552777422094,0.0
0.73729,0.73737,49.82566,4834.21125,0.14973,45.00648,7.738922910249004,2.8829524073844155,0.0
0.78302,0.78311,49.84707,4829.85413,0.18863,45.00722,7.70175435638848,2.8691061431078606,0.0
0.8287,0.82881,49.87333,4825.50945,0.22673,45.00801,7.65956687621189,2.8533901967226716,0.0
0.87435,0.87448,49.90432,4821.18016,0.26395,45.00884,7.612577221508117,2.8358853139732907,0.0
0.91995,0.9201,49.93992,4816.86912,0.30021,45.0097,7.561018996135316,2.8166785184433687,0.0
0.96551,0.96568,49.97999,4812.57906,0.33542,45.01061,7.505140536386678,2.795862321936239,0.0
1.01103,1.01122,50.02439,4808.3126,0.3695,45.01156,7.445202733405918,2.773533913267395,0.0
1.0565,1.05673,50.07296,4804.07224,0.40238,45.01255,7.381476829076489,2.7497943371752283,0.0
1.10194,1.10219,50.12555,4799.86031,0.43401,45.01357,7.31424221552771,2.724747674579157,0.0
1.14733,1.14762,50.18198,4795.67903,0.46431,45.01464,7.24378426659388,2.6985002347410956,0.0
1.19269,1.19301,50.24207,4791.53046,0.49324,45.01575,7.170392227245729,2.6711597690231352,0.0
1.238,1.23835,50.30566,4787.41652,0.52073,45.0169,7.094357184376203,2.642834714951854,0.0
1.28327,1.28367,50.37254,4783.33897,0.54674,45.01809,7.015970139339282,2.6136334781883166,0.0
1.32851,1.32894,50.44252,4779.29942,0.57123,45.01932,6.935520199543157,2.5836637588489486,0.0
1.3737,1.37418,50.51542,4775.29934,0.59418,45.02059,6.8532929031687075,2.553031927419088,0.0
1.41885,1.41938,50.59102,4771.34003,0.61553,45.02191,6.769568687869991,2.521842454303631,0.0
1.46397,1.46454,50.66912,4767.42267,0.63527,45.02326,6.684621511151246,2.490197395881162,0.0
1.50904,1.50967,50.74952,4763.54827,0.65338,45.02466,6.598717627167676,2.4581959388300625,0.0
1.55408,1.55477,50.83202,4759.7177,0.66985,45.0261,6.512114521828828,2.4259340034265007,0.0
1.59908,1.59982,50.91639,4755.93172,0.68465,45.02758,6.425060005584775,2.3935039055834144,0.0
1.64404,1.64485,51.00243,4752.19092,0.69778,45.0291,6.337791460947097,2.360994076532276,0.0
1.68897,1.68984,51.08994,4748.49579,0.70925,45.03066,6.250535239858498,2.328488838327423,0.0
1.73386,1.7348,51.1787,4744.84668,0.71904,45.03227,6.163506204277223,2.2960682327016575,0.0
1.77871,1.77972,51.2685,4741.24382,0.72716,45.03392,6.076907402031154,2.2638079003133775,0.0
1.82353,1.82462,51.35914,4737.68735,0.73363,45.03561,5.990929868874987,2.231779007007659,0.0
1.86831,1.86948,51.45042,4734.17728,0.73846,45.03734,5.905752546889785,2.200048213417948,0.0
1.91305,1.91431,51.54212,4730.71354,0.74165,45.03912,5.8215423088715434,2.1686776840514406,0.0
1.95776,1.95911,51.63405,4727.29595,0.74323,45.04094,5.738454077999594,2.1377251318687116,0.0
2.00244,2.00388,51.72602,4723.92425,0.74322,45.04281,5.656631032075994,2.1072438943682625,0.0
2.04708,2.04862,51.81782,4720.59809,0.74165,45.04472,5.576204881668659,2.0772830372021547,0.0
2.0917,2.09333,51.90926,4717.31706,0.73852,45.04667,5.497296211811084,2.047887481468149,0.0
2.13627,2.13801,52.00016,4714.08065,0.73389,45.04867,5.420014877297935,2.0190981509677117,0.0
2.18082,2.18266,52.09034,4710.88832,0.72777,45.05071,5.344460442100089,1.990952135899681,0.0
2.22533,2.22729,52.17961,4707.73944,0.72019,45.05279,5.270722654066549,1.963482869699217,0.0
2.26981,2.27189,52.2678,4704.63334,0.7112,45.05492,5.198881946659008,1.9367203159471336,0.0
2.31426,2.31646,52.35474,4701.56929,0.70082,45.0571,5.129009960200735,1.910691162548818,0.0
2.35868,2.361,52.44027,4698.54652,0.68909,45.05932,5.061170075795763,1.8854190206331802,0.0
2.40307,2.40552,52.52421,4695.56421,0.67605,45.06158,4.995417955771547,1.860924625881761,0.0
2.44744,2.45,52.6053,4692.62369,0.64343,45.0092,4.932586555184871,1.837518275969579,-36.999999368848044
2.49184,2.49441,52.68226,4689.72562,0.60981,44.9575,4.873452937300134,1.8154894474083874,-36.999999368848044
2.53624,2.53875,52.755,4686.8682,0.57525,44.90644,4.817974821660462,1.794822389615535,-36.999999368848044
2.58066,2.58302,52.8234,4684.04962,0.53979,44.85599,4.76611145998535,1.7755019227843827,-36.999999368848044
2.62508,2.62723,52.88735,4681.2681,0.50349,44.80611,4.717822643249346,1.7575130679949855,-36.999999368848044
2.66952,2.67138,52.94678,4678.52186,0.4664,44.75676,4.673069126549154,1.7408412054882705,-36.999999368848044
2.71397,2.71547,53.00158,4675.80912,0.42858,44.70791,4.631813010208472,1.7254722166376144,-36.999999368848044
2.75844,2.75949,53.05167,4673.12811,0.39007,44.6595,4.594018080273955,1.711392610792551,-36.999999368848044
2.80291,2.80346,53.097,4670.47709,0.35092,44.61152,4.559650111409431,1.6985896381148318,-36.999999368848044
2.8474,2.84736,53.13747,4667.8543,0.31119,44.56391,4.528677135015987,1.6870513894602182,-36.999999368848044
2.89189,2.8912,53.17303,4665.25799,0.27093,44.51665,4.5010696752360095,1.676766884296192,-36.999999368848044
2.9364,2.93499,53.20363,4662.68641,0.23018,44.4697,4.476800955267758,1.6677261475595657,-36.999999368848044
2.98092,2.97871,53.22921,4660.13783,0.189,44.42301,4.45584707621847,1.6599202762839667,-36.999999368848044
3.02545,3.02238,53.24973,4657.6105,0.14743,44.37656,4.438187170491751,1.653341496740679,-36.999999368848044
3.06999,3.06599,53.26515,4655.10267,0.10552,44.33031,4.423803531489607,1.6479832127560614,-36.999999368848044
3.11455,3.10954,53.27544,4652.6126,0.06332,44.28423,4.412681721153114,1.643840045773276,-36.999999368848044
3.15911,3.15304,53.28057,4650.13854,0.02089,44.23826,4.4048106566526855,1.640907867146695,-36.999999368848044
3.20369,3.19647,53.28052,4647.67873,-0.02175,44.19239,4.40018267728704,1.6391838230635265,-36.999999368848044
3.24827,3.23986,53.27528,4645.2314,-0.06452,44.14658,4.398793592428717,1.6386663524047786,-36.999999368848044
3.29287,3.28318,53.26483,4642.79477,-0.10739,44.10078,4.40064271109675,1.6393551977618614,-36.999999368848044
3.33748,3.32645,53.24917,4640.36704,-0.15031,44.05496,4.40573285352456,1.6412514097459285,-36.999999368848044
3.3821,3.36966,53.22831,4637.94642,-0.19324,44.00909,4.414070344830173,1.644357344629868,-36.999999368848044
3.42673,3.41281,53.20225,4635.53108,-0.23611,43.96313,4.425664990680601,1.6486766552826455,-36.999999368848044
3.47137,3.45591,53.17101,4633.11918,-0.27889,43.91705,4.440530034598008,1.6542142752647244,-36.999999368848044
3.51603,3.49896,53.1346,4630.70885,-0.32152,43.8708,4.458682096323681,1.6609763958670267,-36.999999368848044
3.56069,3.54194,53.09306,4628.29821,-0.36396,43.82435,4.480141090411855,1.6689704357849868,-36.999999368848044
3.60537,3.58487,53.04641,4625.88536,-0.40616,43.77766,4.504930124023902,1.6782050030442033,-36.999999368848044
3.65006,3.62774,52.9947,4623.46835,-0.44807,43.73069,4.533075372616896,1.6886898486911526,-36.999999368848044
3.69476,3.67056,52.93796,4621.04523,-0.48963,43.68341,4.564605932044814,1.7004358116970006,-36.999999368848044
3.73947,3.71332,52.87624,4618.614,-0.5308,43.63578,4.599553645326921,1.713454754424263,-36.999999368848044
3.7842,3.75602,52.80961,4616.17264,-0.57153,43.58775,4.6379529021454085,1.7277594879344031,-36.999999368848044
3.82893,3.79866,52.73813,4613.71909,-0.61176,43.53929,4.679840408921306,1.743363686335059,-36.999999368848044
3.87368,3.84125,52.66185,4611.25125,-0.65145,43.49036,4.725254927107209,1.760281789287197,-36.999999368848044
3.91845,3.88377,52.58087,4608.76701,-0.69054,43.44092,4.774236977176755,1.7785288917334052,-36.999999368848044
3.96322,3.92624,52.49525,4606.2642,-0.72897,43.39092,4.826828505594437,1.7981206198353856,-36.999999368848044
4.00801,3.96864,52.40509,4603.74062,-0.7667,43.34033,4.883072511939528,1.819072992067804,-36.999999368848044
4.05281,4.01099,52.31047,4601.19403,-0.80366,43.2891,4.943012633218679,1.8414022643637953,-36.999999368848044
4.09763,4.05327,52.21151,4598.62216,-0.83981,43.23718,5.006692682336719,1.8651247581831976,-36.999999368848044
4.14245,4.09549,52.1083,4596.02269,-0.87509,43.18454,5.074156137654558,1.8902566703594332,-36.999999368848044
4.1873,4.13765,52.00097,4593.39326,-0.90944,43.13113,5.145445580589851,1.9168138635909633,-36.999999368848044
4.23215,4.17975,51.88963,4590.7315,-0.9428,43.07691,5.220602078270062,1.944811636463309,-36.999999368848044
4.27702,4.22178,51.7744,4588.03496,-0.97512,43.02182,5.299664508425039,1.9742644719537739,-36.999999368848044
4.32191,4.26374,51.65543,4585.30119,-1.00634,42.96583,5.382668823905176,2.0051857634451062,-36.999999368848044
4.36681,4.30564,51.53285,4582.52769,-1.0364,42.90889,5.469647254575253,2.037587517409954,-36.999999368848044
4.41172,4.34747,51.40682,4579.71192,-1.06523,42.85094,5.560627444723166,2.0714800320729254,-36.999999368848044
4.45665,4.38923,51.27749,4576.85134,-1.09279,42.79195,5.6556315247136,2.1068715515771492,-36.999999368848044
4.5016,4.43092,51.14501,4573.94336,-1.119,42.73186,5.7546751162858465,2.143767895431545,-36.999999368848044
4.54656,4.47254,51.00957,4570.98537,-1.14382,42.67062,5.857766271731099,2.18217206332645,-36.999999368848044
4.59153,4.51409,50.87133,4567.97475,-1.16717,42.6082,5.9649043481894255,2.2220838157796257,-36.999999368848044
4.63653,4.55556,50.73049,4564.90886,-1.189,42.54453,6.0760788194673125,2.2634992315070273,-36.999999368848044
4.68153,4.59696,50.58722,4561.78506,-1.20925,42.47957,6.191268029102896,2.306410242906794,-36.999999368848044
4.72656,4.63828,50.44174,4558.60071,-1.22786,42.41327,6.310437889964826,2.350804151625612,-36.999999368848044
4.7716,4.67953,50.29424,4555.35317,-1.24476,42.34559,6.433540537374341,2.396663126811248,-36.999999368848044
4.81666,4.72069,50.14494,4552.03984,-1.25991,42.27647,6.560512944610911,2.4439636893519703,-36.999999368848044
4.86174,4.76177,49.99405,4548.6581,-1.27323,42.20587,6.69127551178282,2.492676186193717,-36.999999368848044
4.90684,4.80276,49.8418,4545.20541,-1.28468,42.13373,6.82573064123802,2.5427642596431497,-36.999999368848044
4.95195,4.84367,49.68842,4541.67925,-1.2942,42.06003,6.9637613150668045,2.5941843174499786,-36.999999368848044
4.99708,4.8845,49.53414,4538.07717,-1.30173,41.98471,7.105229692697019,2.646885010374269,-36.999999368848044
5.04224,4.92523,49.37922,4534.39678,-1.30723,41.90772,7.249975749120191,2.7008067248898553,-36.999999368848044
5.08741,4.96587,49.22389,4530.63578,-1.31064,41.82903,7.397815976778592,2.755881099603111,-36.999999368848044
5.1326,5.00642,49.06841,4526.79196,-1.31193,41.7486,7.548542176582444,2.812030574875044,-36.999999368848044
5.17781,5.04688,48.91305,4522.86323,-1.31104,41.6664,7.701920365838312,2.8691679859958943,-36.999999368848044
5.22303,5.08724,48.75805,4518.84763,-1.30794,41.58237,7.857689832891918,2.9271962110147074,-36.999999368848044
5.26828,5.12749,48.6037,4514.74332,-1.30259,41.49651,8.015562369999744,2.986007884963822,-36.999999368848044
5.31355,5.16765,48.45025,4510.54866,-1.29496,41.40877,8.175221717213274,3.045485192691114,-36.999999368848044
5.35884,5.2077,48.29798,4506.26216,-1.28503,41.31914,8.336323250699357,3.1054997527511365,-36.999999368848044
5.40415,5.24765,48.14717,4501.88252,-1.27277,41.22758,8.498493948958236,3.1659126048204436,-36.999999368848044
5.44948,5.28748,47.99808,4497.40867,-1.25817,41.1341,8.66133266954301,3.226574312782872,-36.999999368848044
5.49484,5.32721,47.85101,4492.83977,-1.24121,41.03866,8.824410767203853,3.287325195004527,-36.999999368848044
5.54021,5.36682,47.70621,4488.17519,-1.22191,40.94128,8.98727308163137,3.3479956922941687,-36.999999368848044
5.5856,5.40632,47.56397,4483.41462,-1.20026,40.84193,9.14943931916279,3.4084068826251275,-36.999999368848044
5.63102,5.4457,47.42456,4478.55797,-1.17627,40.74064,9.310405847910568,3.4683711498679437,-36.999999368848044
5.67646,5.48495,47.28825,4473.60547,-1.14997,40.63741,9.469647919687633,3.527693011515976,-36.999999368848044
5.72192,5.52409,47.1553,4468.55766,-1.12137,40.53225,9.626622324976706,3.586170107731333,-36.999999368848044
5.7674,5.5631,47.02598,4463.41538,-1.09053,40.42518,9.780770478938626,3.6435943509641784,-36.999999368848044
5.8129,5.60199,46.90054,4458.1798,-1.05748,40.31624,9.931521927471168,3.6997532320518833,-36.999999368848044
5.85842,5.64074,46.77923,4452.85243,-1.02227,40.20547,10.078298252407821,3.7544312750083217,-36.999999368848044
5.90397,5.67936,46.66229,4447.43512,-0.98497,40.09289,10.22051734478357,3.8074116289278175,-36.999999368848044
5.94954,5.71785,46.54995,4441.93005,-0.94565,39.97856,10.357598004505434,3.8584777814834412,-36.999999368848044
5.99512,5.75621,46.44243,4436.33975,-0.90439,39.86254,10.488964814501374,3.907415374675726,-36.999999368848044
6.04073,5.79442,46.33995,4430.66708,-0.86128,39.7449,10.61405322743215,3.954014099766666,-36.999999368848044
6.08636,5.8325,46.24269,4424.91527,-0.81642,39.62568,10.732314794097997,3.9980696449987847,-36.999999368848044
6.13201,5.87043,46.15086,4419.08783,-0.76991,39.50499,10.843222454817953,4.039385666773148,-36.999999368848044
6.17768,5.90822,46.06461,4413.18861,-0.72187,39.38289,10.946275808853573,4.077775752648351,-36.999999368848044
6.22337,5.94587,45.9841,4407.22176,-0.67243,39.25948,11.041006272621624,4.1130653429104616,-36.999999368848044
6.26908,5.98337,45.90949,4401.19172,-0.62171,39.13485,11.126982035355626,4.14509357668734,-36.999999368848044
6.31481,6.02072,45.84088,4395.10318,-0.56984,39.00909,11.203812721126749,4.17371502867409,-36.999999368848044
6.36056,6.05792,45.77838,4388.96107,-0.51698,38.88232,11.271153668970694,4.198801303592934,-36.999999368848044
6.40633,6.09497,45.7221,4382.77055,-0.46327,38.75464,11.328709748193594,4.220242457495052,-36.999999368848044
6.45211,6.13187,45.6721,4376.53696,-0.40886,38.62617,11.376238633746267,4.237948217923665,-36.999999368848044
6.49791,6.16862,45.62842,4370.2658,-0.35392,38.49702,11.413553476679025,4.2518489787287255,-36.999999368848044
6.54373,6.20521,45.59112,4363.9627,-0.29859,38.3673,11.440524916782465,4.261896549828556,-36.999999368848044
6.58957,6.24166,45.5602,4357.63338,-0.24305,38.23715,11.457082398279283,4.268064647339679,-36.999999368848044
6.63538,6.278,45.53825,4351.27865,-0.14192,38.24281,11.459003671704185,4.268780372242201,0.0
6.68112,6.31429,45.52785,4344.90248,-0.04097,38.24849,11.442187414009636,4.262515873788613,0.0
6.72679,6.35054,45.5289,4338.51537,0.05942,38.25418,11.40688572839351,4.249365067053355,0.0
6.77238,6.38675,45.5413,4332.12772,0.15891,38.25989,11.353510525681804,4.229481399657138,0.0
6.81791,6.42291,45.56489,4325.74976,0.25712,38.26561,11.282619269644272,4.203072541521952,0.0
6.86336,6.45903,45.59946,4319.39146,0.35372,38.27136,11.194904071785174,4.170396322393683,0.0
6.90875,6.49509,45.6448,4313.06244,0.44838,38.27712,11.091178679078993,4.1317558844312945,0.0
6.95406,6.53112,45.70063,4306.77194,0.54078,38.28289,10.97236376339291,4.087494202129649,0.0
6.9993,6.5671,45.76664,4300.52873,0.63062,38.28868,10.839470953905934,4.0379881339754915,0.0
7.04447,6.60303,45.84251,4294.34104,0.71764,38.29449,10.693586067151678,3.983642175197147,0.0
7.08958,6.63892,45.92787,4288.21658,0.80156,38.30032,10.535851983995663,3.924882078988025,0.0
7.13461,6.67476,46.02235,4282.16245,0.88217,38.30617,10.367451600836327,3.8621485053804228,0.0
7.17957,6.71057,46.12552,4276.18514,0.95925,38.31203,10.189591245968517,3.7958908434045777,0.0
7.22447,6.74632,46.23697,4270.29053,1.03261,38.31792,10.003484904454758,3.7265613344381507,0.0
7.2693,6.78204,46.35624,4264.48385,1.10209,38.32382,9.810339539419305,3.6546096040020366,0.0
7.31406,6.81772,46.48288,4258.7697,1.16756,38.32975,9.61134173766457,3.5804776869011126,0.0
7.35876,6.85335,46.61641,4253.15206,1.22889,38.3357,9.407645846113448,3.5045956077368525,0.0
7.4034,6.88894,46.75636,4247.63431,1.286,38.34166,9.200363705649917,3.427377556492832,0.0
7.44797,6.9245,46.90224,4242.21923,1.33881,38.34766,8.990556032759446,3.3492186779690196,0.0
7.49248,6.96002,47.05355,4236.90905,1.38728,38.35367,8.77922544880026,3.270492475001908,0.0
7.53693,6.9955,47.2098,4231.70546,1.43137,38.35971,8.567311113017459,3.1915488091210658,0.0
7.58132,7.03094,47.3705,4226.60965,1.47107,38.36578,8.35568487926687,3.1127124688276417,0.0
7.62565,7.06635,47.53516,4221.62235,1.50639,38.37187,8.145148868062584,3.0342822651181995,0.0
7.66992,7.10172,47.70328,4216.74384,1.53735,38.37798,7.936434324913634,2.9565306061850767,0.0
7.71414,7.13706,47.87439,4211.97402,1.56399,38.38413,7.730201622386767,2.879703498184838,0.0
7.7583,7.17237,48.048,4207.31243,1.58635,38.3903,7.52704125629848,2.8040209163460066,0.0
7.80241,7.20765,48.22365,4202.75828,1.6045,38.3965,7.327475684986228,2.729677490145992,0.0
7.84647,7.24289,48.40088,4198.31048,1.61851,38.40273,7.131961863827282,2.656843447486046,0.0
7.89047,7.27811,48.57924,4193.9677,1.62846,38.40899,6.940894334030751,2.5856657653475663,0.0
7.93443,7.3133,48.75829,4189.72838,1.63443,38.41529,6.7546087344665295,2.516269478040778,0.0
7.97833,7.34846,48.9376,4185.59074,1.63654,38.42161,6.573385616837691,2.4487590984568373,0.0
8.02219,7.38359,49.11676,4181.55288,1.63486,38.42797,6.3974544573633505,2.3832201125252452,0.0
8.066,7.4187,49.29537,4177.61271,1.62952,38.43436,6.226997771417994,2.319720512025268,0.0
8.10976,7.45378,49.47303,4173.76805,1.62063,38.44078,6.062155250951511,2.2583123358837547,0.0
8.15348,7.48884,49.64937,4170.01663,1.60828,38.44724,5.903027857446002,2.199033194909245,0.0
8.19716,7.52388,49.82402,4166.35607,1.59261,38.45373,5.7496818154197324,2.1419077594772644,0.0
8.24079,7.55889,49.99664,4162.78398,1.57373,38.46026,5.602152462744449,2.0869491938748337,0.0
8.28439,7.59389,50.16688,4159.29789,1.55174,38.46682,5.46044792431876,2.034160524840464,0.0
8.32794,7.62886,50.33443,4155.89532,1.52679,38.47343,5.3245525846887185,1.9835359352066924,0.0
8.37145,7.66381,50.49897,4152.57377,1.49896,38.48007,5.194430343134749,1.9350619765056087,0.0
8.41492,7.69874,50.66021,4149.33073,1.4684,38.48674,5.070027641530264,1.888718696925863,0.0
8.45836,7.73366,50.81787,4146.16372,1.43521,38.49346,4.951276260969785,1.8444806831302145,0.0
8.50175,7.76856,50.97167,4143.07023,1.3995,38.50021,4.838095887863428,1.8023180161932542,0.0
8.54512,7.80344,51.12135,4140.0478,1.3614,38.50701,4.730396453963451,1.7621971433228603,0.0
8.58844,7.8383,51.26667,4137.09399,1.32101,38.51384,4.628080257736515,1.7240816681271824,0.0
8.63173,7.87315,51.4074,4134.20639,1.27844,38.52071,4.531043876768186,1.6879330630356357,0.0
8.67499,7.90798,51.54332,4131.3826,1.2338,38.52763,4.43917988244408,1.6537113080627455,0.0
8.71821,7.9428,51.67421,4128.62028,1.1872,38.53458,4.352378369294205,1.621375460529152,0.0
8.7614,7.97761,51.79988,4125.9171,1.13874,38.54158,4.270528311987279,1.5908841605777018,0.0
8.80456,8.0124,51.92013,4123.2708,1.08851,38.54862,4.193518763251253,1.562196077430357,0.0
8.84768,8.04718,52.03481,4120.67913,1.03663,38.5557,4.121239905984443,1.535270301327279,0.0
8.89078,8.08195,52.14373,4118.13988,0.98319,38.56282,4.053583972554181,1.510066685989762,0.0
8.93384,8.1167,52.24675,4115.65088,0.92828,38.56998,3.9904460438566773,1.4865461462910567,0.0
8.97688,8.15145,52.34372,4113.20998,0.872,38.57719,3.9317247401367954,1.464670915604912,0.0
9.01988,8.18618,52.4345,4110.8151,0.81444,38.58444,3.877322814907272,1.4444047670561142,0.0
9.06286,8.22091,52.51897,4108.46414,0.75569,38.59174,3.827147662570257,1.4257132026228638,0.0
9.1058,8.25562,52.59702,4106.15506,0.69583,38.59907,3.7811117495785767,1.408563613755692,0.0
9.14872,8.29032,52.66854,4103.88584,0.63496,38.60646,3.739132978193934,1.392925416886963,0.0
9.19161,8.32502,52.73343,4101.65448,0.57315,38.61388,3.701134991087503,1.3787701669026051,0.0
9.23447,8.35971,52.7916,4099.45899,0.51049,38.62135,3.6670474242706423,1.3660716513654625,0.0
9.27731,8.39438,52.84298,4097.29743,0.44707,38.62886,3.636806115058783,1.3548059679873115,0.0
9.32012,8.42905,52.88749,4095.16782,0.38295,38.63642,3.6103532710527353,1.3449515875788436,0.0
9.3629,8.46371,52.92507,4093.06825,0.31823,38.64402,3.587637605381313,1.3364894044311038,0.0
9.40566,8.49837,52.95567,4090.99677,0.25298,38.65167,3.568614442798816,1.329402775839592,0.0
9.44839,8.53301,52.97924,4088.95146,0.18728,38.65936,3.5532458005410903,1.323677552225275,0.0
9.49109,8.56765,52.99575,4086.93038,0.1212,38.66709,3.541500447250741,1.3193020990857751,0.0
9.53377,8.60229,53.00517,4084.93161,0.05482,38.67487,3.533353942653341,1.3162673117758075,0.0
9.57642,8.63691,53.00748,4082.95321,-0.01178,38.6827,3.528788660106916,1.3145666239074512,0.0
9.61905,8.67153,53.00265,4080.99322,-0.07852,38.69057,3.5277937935863504,1.314196009952027,0.0
9.66165,8.70614,52.9907,4079.04968,-0.14534,38.69848,3.5303653501120182,1.3151539824195624,0.0
9.70423,8.74075,52.97161,4077.1206,-0.21215,38.70644,3.5365061281213652,1.3174415838016378,0.0
9.74678,8.77535,52.94541,4075.20397,-0.27889,38.71444,3.5462256817410025,1.3210623732617999,0.0
9.78931,8.80995,52.91211,4073.29777,-0.34546,38.72249,3.559540270410177,1.3260224078689793,0.0
9.83181,8.84454,52.87174,4071.39993,-0.4118,38.73059,3.5764727927893545,1.3323302179767,0.0
9.87429,8.87912,52.82434,4069.50834,-0.47784,38.73872,3.5970527033572215,1.3399967761532667,0.0
9.91675,8.9137,52.76994,4067.62089,-0.54348,38.74691,3.6213159095755674,1.349035458872978,0.0
9.95918,8.94827,52.70861,4065.73538,-0.60866,38.75513,3.64930464696149,1.359461999977236,0.0
10.00158,8.98284,52.64039,4063.84959,-0.67329,38.7634,3.6810673288455393,1.371294434705502,0.0
10.04396,9.01741,52.56537,4061.96127,-0.7373,38.77172,3.71665836704756,1.3845530328923297,0.0
10.08632,9.05196,52.48361,4060.06807,-0.8006,38.78008,3.756137959083909,1.3992602196964536,0.0
10.12865,9.08651,52.39521,4058.16762,-0.8631,38.78848,3.7995718369662788,1.415440482021743,0.0
10.17095,9.12106,52.30026,4056.25749,-0.92473,38.79693,3.8470309720075004,1.4331202585495944,0.0
10.21323,9.1556,52.19886,4054.33517,-0.9854,38.80542,3.898591229461778,1.452327811083334,0.0
10.25549,9.19014,52.09112,4052.39809,-1.04502,38.81395,3.9543329661851376,1.473093074666148,0.0
10.29772,9.22467,51.97718,4050.44362,-1.10349,38.82253,4.0143405639117695,1.4954474837142393,0.0
10.33992,9.25919,51.85715,4048.46905,-1.16074,38.83115,4.078701890125265,1.5194237711771772,0.0
10.3821,9.29371,51.73119,4046.4716,-1.21666,38.83981,4.147507677969782,1.5450557375384946,0.0
10.42425,9.32822,51.59945,4044.44841,-1.27116,38.84851,4.220850816109856,1.5723779862697784,0.0
10.46638,9.36273,51.46208,4042.39656,-1.32414,38.85726,4.298825539022531,1.6014256221931864,0.0
10.50848,9.39723,51.31927,4040.31304,-1.3755,38.86605,4.381526507871327,1.632233909082813,0.0
10.55055,9.43172,51.17118,4038.19475,-1.42514,38.87487,4.469047771894963,1.6648378827546675,0.0
10.5926,9.4662,51.01803,4036.03853,-1.47296,38.88374,4.561481600227309,1.699271915888863,0.0
10.63461,9.50068,50.86001,4033.84114,-1.51885,38.89265,4.658917174217761,1.7355692308845503,0.0
10.6766,9.53516,50.69734,4031.59925,-1.56271,38.9016,4.761439130784545,1.7737613572207025,0.0
10.71856,9.56962,50.53025,4029.30948,-1.60442,38.91059,4.869125948075227,1.8138775300721715,0.0
10.76049,9.60407,50.35898,4026.96837,-1.64387,38.91962,4.9820481658328575,1.8559440273492545,0.0
10.80239,9.63852,50.18377,4024.57239,-1.68095,38.92869,5.100266434447473,1.899983442918049,0.0
10.84426,9.67296,50.0049,4022.11794,-1.71555,38.93779,5.223829388721617,1.9460138945221612,0.0
10.8861,9.70739,49.82263,4019.60141,-1.74755,38.94693,5.352771345010065,1.9940481659066636,0.0
10.92791,9.74181,49.63725,4017.01909,-1.77684,38.95611,5.487109823679055,2.044092783868966,0.0
10.96969,9.77622,49.44907,4014.36727,-1.80329,38.96533,5.626842902759336,2.0961470324249536,0.0
11.01143,9.81062,49.25838,4011.64223,-1.8268,38.97458,5.7719464133513245,2.150201908023611,0.0
11.05314,9.845,49.06552,4008.8402,-1.84724,38.98386,5.922370992809165,2.2062390217805445,0.0
11.09482,9.87938,48.87082,4005.95744,-1.86451,38.99318,6.078039017944919,2.264229457015861,0.0
11.13646,9.91374,48.67463,4002.99025,-1.87849,39.00254,6.2388414475012155,2.324132592992141,0.0
11.17807,9.94809,48.47729,3999.93493,-1.88906,39.01192,6.4046346108146395,2.3858949086070576,0.0
11.21964,9.98243,48.27918,3996.78788,-1.89613,39.02134,6.575236987916632,2.4494487828962472,0.0
11.26117,10.01675,48.08069,3993.54557,-1.89958,39.03079,6.750426035101906,2.514711312474012,0.0
11.30266,10.05105,47.88218,3990.20458,-1.89932,39.04027,6.9299351189904055,2.581583169390735,0.0
11.34411,10.08534,47.68407,3986.76163,-1.89526,39.04978,7.113450631165599,2.6499475262597243,0.0
11.38553,10.11961,47.48676,3983.21361,-1.88731,39.05932,7.300609364110257,2.7196690787242463,0.0
11.4269,10.15387,47.29066,3979.5576,-1.8754,39.06889,7.490996237136885,2.79059319830678,0.0
11.46823,10.18811,47.0962,3975.79091,-1.85944,39.07848,7.684142467651328,2.8625452511565896,0.0
11.50951,10.22232,46.90379,3971.91111,-1.83939,39.0881,7.879524288146104,2.9353301200959865,0.0
11.55075,10.25652,46.71387,3967.91607,-1.8152,39.09774,8.076562311940176,3.008731968341701,0.0
11.59194,10.29069,46.52688,3963.80398,-1.78682,39.10741,8.274621650573364,3.0825142832373977,0.0
11.63308,10.32486,46.34309,3959.57372,-1.75701,39.14867,8.473184505359889,3.1564841711485196,9.99999982941839
11.67415,10.35902,46.16281,3955.22443,-1.72304,39.19073,8.671698204762738,3.230435747385867,9.99999982941839
11.71516,10.39319,45.98645,3950.7553,-1.68493,39.23361,8.869400790545951,3.3040851624582164,9.99999982941839
11.75609,10.42735,45.81445,3946.16595,-1.64269,39.27729,9.065482544989772,3.3771307752100017,9.99999982941839
11.79695,10.46151,45.64722,3941.45649,-1.59636,39.32178,9.259091235794545,3.4492551066860213,9.99999982941839
11.83773,10.49567,45.48518,3936.6275,-1.54599,39.36706,9.449337755532552,3.5201269409756266,9.99999982941839
11.87844,10.52983,45.32873,3931.68012,-1.49166,39.41312,9.635302876236205,3.589403841474546,9.99999982941839
11.91908,10.56398,45.17827,3926.61599,-1.43345,39.45994,9.816045089315804,3.656735071460536,9.99999982941839
11.95963,10.59814,45.03418,3921.43734,-1.3715,39.50751,9.990609467061583,3.7217648952360465,9.99999982941839
12.00011,10.63228,44.89681,3916.14694,-1.30592,39.5558,10.158037446215342,3.7841362227660817,9.99999982941839
12.0405,10.66642,44.76654,3910.74815,-1.23687,39.60478,10.317377397786293,3.8434945472127087,9.99999982941839
12.08082,10.70056,44.64367,3905.2449,-1.16453,39.65443,10.467695811919668,3.899492111592901,9.99999982941839
12.12104,10.73469,44.52853,3899.64166,-1.08911,39.70471,10.608088894005004,3.951792228633996,9.99999982941839
12.16118,10.76882,44.4214,3893.94347,-1.0108,39.75558,10.737694340084175,4.00007366742301,9.99999982941839
12.20124,10.80293,44.32253,3888.15587,-0.92985,39.807,10.855703037524982,4.044035012215411,9.99999982941839
12.2412,10.83704,44.23218,3882.28493,-0.84652,39.85893,10.96137042263351,4.083398893444569,9.99999982941839
12.28108,10.87114,44.15053,3876.33716,-0.76106,39.91133,11.054027221494335,4.117915988967331,9.99999982941839
12.32086,10.90524,44.07777,3870.31948,-0.67377,39.96413,11.133089304750435,4.1473686952288356,9.99999982941839
12.36055,10.93932,44.01404,3864.23921,-0.58494,40.01729,11.198066401623354,4.17157437346431,9.99999982941839
12.40015,10.97339,43.95945,3858.10397,-0.49488,40.07076,11.248569443231986,4.190388085278524,9.99999982941839
12.43966,11.00745,43.91409,3851.92168,-0.4039,40.12447,11.284316339255874,4.203704744604863,9.99999982941839
12.47907,11.0415,43.878,3845.70042,-0.31233,40.17839,11.305136034092564,4.211460628730671,9.99999982941839
12.51839,11.07554,43.8512,3839.44846,-0.22049,40.23243,11.310970737306272,4.213634209198057,9.99999982941839
12.55761,11.10957,43.83366,3833.17413,-0.12871,40.28656,11.301876275856207,4.210246283018226,9.99999982941839
12.59674,11.14358,43.82534,3826.88578,-0.03733,40.3407,11.278020570399695,4.201359405054289,9.99999982941839
12.63577,11.17758,43.82615,3820.59174,0.05335,40.39481,11.239680292212991,4.187076642636309,9.99999982941839
12.6747,11.21157,43.83597,3814.30022,0.14299,40.44883,11.187235808498475,4.167539692555237,9.99999982941839
12.71355,11.24555,43.85465,3808.01927,0.23129,40.50271,11.121164570133637,4.142926417825427,9.99999982941839
12.75229,11.27951,43.88202,3801.75673,0.31795,40.55638,11.042033135028628,4.113447876175446,9.99999982941839
12.79094,11.31346,43.91787,3795.52017,0.40268,40.6098,10.95048805117193,4.0793449237427035,9.99999982941839
12.8295,11.34739,43.96196,3789.31687,0.4852,40.66293,10.847245844828059,4.040884485413676,9.99999982941839
12.86796,11.38131,44.01405,3783.15372,0.56526,40.71571,10.733082371273321,3.998355587692764,9.99999982941839
12.90632,11.41521,44.07383,3777.03727,0.64261,40.7681,10.608821787576227,3.952065250772868,9.99999982941839
12.9446,11.4491,44.14103,3770.97364,0.71704,40.82007,10.475325400240031,3.902334333988788,9.99999982941839
12.98278,11.48298,44.2153,3764.96851,0.78833,40.87158,10.333480625817142,3.8494934233556286,9.99999982941839
13.02087,11.51684,44.29631,3759.02711,0.8563,40.92259,10.18419028118635,3.7938788419152845,9.99999982941839
13.05888,11.55068,44.38371,3753.15421,0.92077,40.97307,10.028362393669678,3.735828853736844,9.99999982941839
13.09679,11.58452,44.47712,3747.35412,0.98162,41.023,9.866900690902616,3.6756801211430323,9.99999982941839
13.13461,11.61833,44.57617,3741.63068,1.0387,41.07236,9.700695898241767,3.61376446276558,9.99999982941839
13.17235,11.65214,44.68047,3735.98726,1.09191,41.12112,9.530617938677723,3.550405947807532,9.99999982941839
13.21,11.68593,44.78962,3730.42679,1.14116,41.16927,9.357509098147744,3.4859183499423954,9.99999982941839
13.24757,11.7197,44.90322,3724.95174,1.18639,41.21681,9.182178189046478,3.4206029730683127,9.99999982941839
13.28505,11.75347,45.02086,3719.56417,1.22754,41.26371,9.005395717172803,3.3547468508685907,9.99999982941839
13.32246,11.78722,45.14214,3714.26572,1.26457,41.30997,8.82789003327052,3.28862131315936,9.99999982941839
13.35978,11.82095,45.26664,3709.05765,1.29747,41.35559,8.65034442989112,3.222480904394558,9.99999982941839
13.39702,11.85468,45.39396,3703.94086,1.32623,41.40056,8.47339512781639,3.156562633555377,9.99999982941839
13.43419,11.88839,45.52369,3698.91589,1.35086,41.4449,8.297630083584421,3.091085529922324,9.99999982941839
13.47128,11.92209,45.65543,3693.98296,1.3714,41.48859,8.12358854079308,3.026250475923956,9.99999982941839
13.50829,11.95578,45.78878,3689.14202,1.38787,41.53166,7.95176124223181,2.9622402861615633,9.99999982941839
13.54523,11.98945,45.92335,3684.39272,1.40032,41.5741,7.782591217483691,2.89922000081165,9.99999982941839
13.5821,12.02312,46.05877,3679.73448,1.40881,41.61593,7.616475060675773,2.8373373616215636,9.99999982941839
13.6189,12.05678,46.19464,3675.16648,1.41341,41.65715,7.453764615388873,2.7767234395827196,9.99999982941839
13.65563,12.09043,46.3306,3670.68772,1.41419,41.69779,7.294768987693709,2.7174933848395306,9.99999982941839
13.69229,12.12406,46.4663,3666.29699,1.41124,41.73785,7.139756813605945,2.65974727137607,9.99999982941839
13.72888,12.15769,46.60137,3661.99293,1.40463,41.77734,6.988958713438358,2.6035710113268338,9.99999982941839
13.76541,12.19131,46.73548,3657.77406,1.39447,41.8163,6.842569872338042,2.549037316294744,9.99999982941839
13.80187,12.22492,46.86831,3653.63875,1.38085,41.85472,6.700752693283846,2.4962066856625023,9.99999982941839
13.83827,12.25852,46.99952,3649.58526,1.36388,41.89264,6.563639475964056,2.4451284045450086,9.99999982941839
13.87461,12.29212,47.12881,3645.61178,1.34366,41.93006,6.431335081769021,2.3958415365692365,9.99999982941839
13.91089,12.32571,47.25588,3641.7164,1.3203,41.96701,6.303919551749576,2.348375899132632,9.99999982941839
13.94711,12.35929,47.38045,3637.89715,1.2939,42.00351,6.181450650505459,2.3027530110684715,9.99999982941839
13.98327,12.39287,47.50223,3634.15201,1.26459,42.03957,6.063966314569261,2.2589870047333185,9.99999982941839
14.01937,12.42644,47.62097,3630.47892,1.23247,42.07521,5.951486988915141,2.217085496417985,9.99999982941839
14.05542,12.46,47.73641,3626.87577,1.19766,42.11046,5.844017839706326,2.1770504106542043,9.99999982941839
14.09141,12.49356,47.84831,3623.34043,1.16026,42.14534,5.741550835295427,2.138878755441997,9.99999982941839
14.12734,12.52711,47.95644,3619.87074,1.1204,42.17986,5.6440666908375325,2.1025633466692213,9.99999982941839
14.16323,12.56066,48.06059,3616.46455,1.07819,42.21404,5.55153667472211,2.0680934810549774,9.99999982941839
14.19906,12.59421,48.16053,3613.11966,1.03374,42.2479,5.463924277348064,2.0354555578122326,9.99999982941839
14.23483,12.62775,48.25608,3609.8339,0.98717,42.28147,5.381186744664955,2.0046336499322717,9.99999982941839
14.27056,12.66129,48.34704,3606.60508,0.93858,42.31476,5.303276480413417,1.9756100265561471,9.99999982941839
14.30623,12.69482,48.43326,3603.43102,0.88809,42.34779,5.230142322101031,1.9483656283092672,9.99999982941839
14.34186,12.72836,48.51454,3600.30951,0.83581,42.38058,5.161730696618333,1.922880497798763,9.99999982941839
14.37744,12.76189,48.59076,3597.23838,0.78184,42.41315,5.097986661928953,1.8991341676704754,9.99999982941839
14.41297,12.79541,48.66176,3594.21545,0.72631,42.44552,5.038854841607951,1.8771060087490719,9.99999982941839
14.44845,12.82894,48.7274,3591.23854,0.6693,42.47771,4.984280259144423,1.8567755408377224,9.99999982941839
14.48388,12.86246,48.78757,3588.30548,0.61093,42.50973,4.934209078907093,1.838122708747275,9.99999982941839
14.51927,12.89599,48.84214,3585.41409,0.55131,42.54161,4.888589260503877,1.8211281260624144,9.99999982941839
14.55461,12.92951,48.89103,3582.5622,0.49054,42.57336,4.8473711330178535,1.8057732890596652,9.99999982941839
14.5899,12.96303,48.93413,3579.74765,0.42872,42.605,4.810507895263986,1.7920407630661899,9.99999982941839
14.62515,12.99655,48.97136,3576.96827,0.36595,42.63654,4.777956047798261,1.7799143433945537,9.99999982941839
14.66035,13.03007,49.00265,3574.22188,0.30234,42.66802,4.749675761951654,1.7693791928175888,9.99999982941839
14.69551,13.06359,49.02792,3571.50632,0.23799,42.69943,4.7256311906705735,1.7604219573646407,9.99999982941839
14.73063,13.09711,49.04713,3568.81939,0.17299,42.73081,4.705790725427586,1.753030862027569,9.99999982941839
14.7657,13.13063,49.06023,3566.1589,0.10745,42.76216,4.690127202923695,1.747195787762789,9.99999982941839
14.80072,13.16415,49.06718,3563.52266,0.04146,42.79351,4.678618064757131,1.7429083309720932,9.99999982941839
14.83571,13.19767,49.06796,3560.90844,-0.02487,42.82487,4.671245472675321,1.7401618464370465,9.99999982941839
14.87065,13.23119,49.06254,3558.31402,-0.09145,42.85626,4.667996381485678,1.7389514744801702,9.99999982941839
14.90555,13.26471,49.05092,3555.73714,-0.15818,42.8877,4.668862571111565,1.7392741529066338,9.99999982941839
14.9404,13.29823,49.0331,3553.17553,-0.22495,42.9192,4.673840638780011,1.7411286140939737,9.99999982941839
14.97521,13.33176,49.00908,3550.62689,-0.29168,42.95079,4.68293195172406,1.7445153673724716,9.99999982941839
15.00998,13.36528,48.97888,3548.0889,-0.35826,42.98247,4.696142560302399,1.7494366666599346,9.99999982941839
15.04471,13.39881,48.94253,3545.55921,-0.4246,43.01427,4.71348307085925,1.7558964630986533,9.99999982941839
15.07939,13.43234,48.90007,3543.03542,-0.49059,43.0462,4.73496847717149,1.7639003422650257,9.99999982941839
15.11403,13.46587,48.85154,3540.51511,-0.55614,43.07828,4.760617948799257,1.7734554453245845,9.99999982941839
15.14863,13.4994,48.79699,3537.99584,-0.62114,43.11054,4.790454574185375,1.7845703733297749,9.99999982941839
15.18318,13.53293,48.7365,3535.4751,-0.68549,43.14297,4.824505055875412,1.7972550736814077,9.99999982941839
15.21769,13.56647,48.67012,3532.95035,-0.74909,43.17562,4.8627993547905115,1.811520707610927,9.99999982941839
15.25216,13.60001,48.59796,3530.41901,-0.81184,43.20848,4.905370280081503,1.827379497390278,9.99999982941839
15.28658,13.63354,48.52009,3527.87845,-0.87364,43.24159,4.9522530207164,1.8448445518359242,9.99999982941839
15.32096,13.66708,48.43662,3525.326,-0.93438,43.27496,5.003484614637949,1.8639296685560642,9.99999982941839
15.3553,13.70063,48.34766,3522.75894,-0.99395,43.3086,5.059103351066164,1.8846491112926045,9.99999982941839
15.38959,13.73417,48.25334,3520.17449,-1.05225,43.34254,5.1191481013310405,1.907017360638734,9.99999982941839
15.42384,13.76772,48.15377,3517.56985,-1.10917,43.3768,5.183657573524579,1.9310488363771934,9.99999982941839
15.45804,13.80127,48.04911,3514.94214,-1.1646,43.41139,5.2526694862669725,1.9567575896864424,9.99999982941839
15.4922,13.83481,47.93951,3512.28844,-1.21843,43.44634,5.326219657010583,1.984156963509899,9.99999982941839
15.52631,13.86837,47.82511,3509.60579,-1.27055,43.48167,5.404341000600037,2.0132592194932286,9.99999982941839
15.56037,13.90192,47.7061,3506.89119,-1.32085,43.51738,5.487062434231374,2.0440751300528133,9.99999982941839
15.59439,13.93547,47.58266,3504.14157,-1.36922,43.55352,5.574407685641686,2.0766135343950345,9.99999982941839
15.62836,13.96903,47.45497,3501.35386,-1.41553,43.59009,5.666394002194763,2.1108808576167077,9.99999982941839
15.66229,14.00259,47.32325,3498.52492,-1.45969,43.62711,5.7630307596852415,2.1468805924480288,9.99999982941839
15.69616,14.03615,47.18769,3495.65159,-1.50157,43.66461,5.8643179710673,2.184612743714769,9.99999982941839
15.72998,14.0697,47.04852,3492.73069,-1.54107,43.7026,5.970244697054219,2.224073236244797,9.99999982941839
15.76376,14.10326,46.90597,3489.75901,-1.57806,43.74111,6.080787362524425,2.2652532876850247,9.99999982941839
15.79748,14.13683,46.76029,3486.73334,-1.61243,43.78016,6.195907985109902,2.3081387486039935,9.99999982941839
15.83116,14.17039,46.61172,3483.65045,-1.64407,43.81977,6.315552325048744,2.352709413263258,9.99999982941839
15.86478,14.20395,46.46053,3480.50713,-1.67288,43.85995,6.439647968494469,2.3989383055996805,9.99999982941839
15.89834,14.23751,46.30699,3477.30019,-1.69873,43.90074,6.568102359948945,2.446790946254924,9.99999982941839
15.93186,14.27107,46.15138,3474.02646,-1.72152,43.94213,6.700800803223426,2.4962246078808437,9.99999982941839
15.96532,14.30463,45.99399,3470.68283,-1.74115,43.98417,6.83760445446981,2.54718756749082,9.99999982941839
15.99872,14.33819,45.83512,3467.26622,-1.75752,44.02685,6.97834833505881,2.5996183662045946,9.99999982941839
16.03207,14.37175,45.67508,3463.77365,-1.77052,44.07021,7.122839396574472,2.653445088407814,9.99999982941839
16.06535,14.40531,45.51417,3460.20223,-1.78007,44.11426,7.270854674650105,2.7085846740073425,9.99999982941839
16.09858,14.43886,45.35273,3456.54916,-1.78608,44.15902,7.422139572747874,2.764942279093996,9.99999982941839
16.13175,14.47242,45.19108,3452.8118,-1.78846,44.20449,7.576406321142132,2.8224107018732947,9.99999982941839
16.16486,14.50597,45.02956,3448.98764,-1.78715,44.2507,7.733332659993336,2.8808698920758418,9.99999982941839
16.1979,14.53951,44.86851,3445.07434,-1.78206,44.29765,7.892560798469728,2.9401865632027664,9.99999982941839
16.23088,14.57306,44.70828,3441.06976,-1.77316,44.34536,8.053696703945665,3.0002139277333906,9.99999982941839
16.2638,14.6066,44.5492,3436.97198,-1.76039,44.39383,8.216309776349503,3.060791575811259,9.99999982941839
16.29665,14.64013,44.39165,3432.77933,-1.7437,44.44308,8.37993296233577,3.1217455177762714,9.99999982941839
16.32943,14.67366,44.23596,3428.49037,-1.72309,44.49311,8.544063361941468,3.1828884101601154,9.99999982941839
16.36215,14.70719,44.08249,3424.10397,-1.69852,44.54392,8.708163376581355,3.2440199833447165,9.99999982941839
16.39479,14.7407,43.9316,3419.61931,-1.67001,44.59551,8.871662441388104,3.304927686904533,9.99999982941839
16.42737,14.77422,43.78363,3415.03589,-1.63756,44.64788,9.033959376912007,3.365387565676564,9.99999982941839
16.45987,14.80772,43.63894,3410.35356,-1.60121,44.70103,9.19442538506071,3.4251653758267335,9.99999982941839
16.4923,14.84122,43.49786,3405.57254,-1.561,44.75494,9.352407701825362,3.4840179455864924,9.99999982941839
16.52465,14.8747,43.36073,3400.69343,-1.51699,44.80962,9.507233905023869,3.541694780000516,9.99999982941839
16.55693,14.90818,43.22789,3395.71723,-1.46925,44.86504,9.658216859208077,3.597939903034745,9.99999982941839
16.58912,14.94165,43.09963,3390.64535,-1.41789,44.9212,9.80466026242039,3.6524939238891694,9.99999982941839
16.62124,14.97511,42.97629,3385.47961,-1.36301,44.97806,9.945864741118077,3.7050963075174956,9.99999982941839
16.65328,15.00856,42.85814,3380.22226,-1.30475,45.03561,10.081134420902657,3.755487822396732,9.99999982941839
16.68524,15.04199,42.74547,3374.87596,-1.24325,45.09383,10.209783882450958,3.803413131794529,9.99999982941839
16.71712,15.07542,42.63855,3369.44379,-1.17867,45.15268,10.33114539487956,3.848623488387756,9.99999982941839
16.74891,15.10883,42.53762,3363.92927,-1.11121,45.21214,10.444576303590146,3.89087948642928,9.99999982941839
16.78062,15.14223,42.44291,3358.33626,-1.04104,45.27217,10.549466437160286,3.9299538210096685,9.99999982941839
16.81224,15.17561,42.35464,3352.66906,-0.9684,45.33273,10.645245388753398,3.96563400057399,9.99999982941839
16.84378,15.20898,42.27298,3346.93229,-0.89351,45.39378,10.731389522556837,3.997724957004343,9.99999982941839
16.87523,15.24233,42.19811,3341.13094,-0.8166,45.45529,10.807428555219328,4.026051497378481,9.99999982941839
16.90659,15.27566,42.13018,3335.27029,-0.73794,45.5172,10.872951566654958,4.050460543152443,9.99999982941839
16.93786,15.30898,42.06928,3329.35589,-0.65778,45.57947,10.927612303796844,4.070823105948347,9.99999982941839
16.96904,15.34228,42.01554,3323.39356,-0.57641,45.64206,10.971133654912668,4.087035954354657,9.99999982941839
17.00013,15.37556,41.969,3317.38931,-0.4941,45.70491,11.003311190413815,4.0990229329707475,9.99999982941839
17.03113,15.40883,41.92973,3311.34931,-0.41114,45.76798,11.024015688342686,4.10673590321738,9.99999982941839
17.06204,15.44207,41.89772,3305.27985,-0.32782,45.83121,11.033194587670941,4.11015528472853,9.99999982941839
17.09286,15.4753,41.87299,3299.18734,-0.24443,45.89455,11.03087233979846,4.109290186294012,9.99999982941839
17.12359,15.50851,41.85548,3293.07817,-0.16127,45.95796,11.017149656621958,4.104178125745242,9.99999982941839
17.15422,15.54169,41.84515,3286.95879,-0.07863,46.02137,10.99220168145562,4.0948843485750475,9.99999982941839
17.18477,15.57486,41.84192,3280.83555,0.0032,46.08474,10.956275135824677,4.081500765043215,9.99999982941839
17.21522,15.608,41.84566,3274.71475,0.08395,46.14803,10.909684519520633,4.064144534597065,9.99999982941839
17.24557,15.64112,41.85626,3268.60255,0.16334,46.21117,10.85280746266366,4.042956334392409,9.99999982941839
17.27584,15.67422,41.87356,3262.50497,0.24111,46.27413,10.786079346020353,4.018098355220362,9.99999982941839
17.30602,15.7073,41.89739,3256.42782,0.317,46.33687,10.709987319017563,3.9897520730600964,9.99999982941839
17.3361,15.74036,41.92755,3250.37669,0.39076,46.39933,10.625063853457481,3.958115847668109,9.99999982941839
17.3661,15.77339,41.96382,3244.35693,0.46217,46.46148,10.53187997494194,3.9234024011056654,9.99999982941839
17.396,15.8064,42.00598,3238.37362,0.53102,46.52327,10.431038313422428,3.885836228885846,9.99999982941839
17.42582,15.83939,42.05377,3232.43152,0.5971,46.58469,10.323166109642722,3.8456509946894033,9.99999982941839
17.45554,15.87236,42.10694,3226.53513,0.66022,46.64568,10.20890830583316,3.803086956466592,9.99999982941839
17.48518,15.9053,42.16522,3220.6886,0.72023,46.70622,10.08892083766778,3.758388467514696,9.99999982941839
17.51473,15.93823,42.2283,3214.89576,0.77696,46.76629,9.963864230650579,3.711801590963425,9.99999982941839
17.5442,15.97113,42.2959,3209.1601,0.83029,46.82586,9.834397588679684,3.6635718603569014,9.99999982941839
17.57358,16.004,42.3677,3203.48478,0.88008,46.88491,9.701173046095095,3.6139422128954592,9.99999982941839
17.60287,16.03686,42.44341,3197.87265,0.92625,46.94342,9.564830737767469,3.563151115661383,9.99999982941839
17.63208,16.0697,42.52268,3192.32619,0.9687,47.00138,9.425994325356452,3.5114308990324155,9.99999982941839
17.66121,16.10251,42.60521,3186.84758,1.00737,47.05877,9.285267102172686,3.4590063056403735,9.99999982941839
17.69026,16.1353,42.69066,3181.43869,1.0422,47.11558,9.14322868461522,3.406093257844528,9.99999982941839
17.71923,16.16807,42.7787,3176.10106,1.07315,47.1718,9.000432285222926,3.352897841871507,9.99999982941839
17.74811,16.20083,42.869,3170.83597,1.1002,47.22744,8.857402551086915,3.2996155025670455,9.99999982941839
17.77692,16.23356,42.96124,3165.6444,1.12333,47.28249,8.714633941976365,3.246430439205179,9.99999982941839
17.80565,16.26627,43.05507,3160.52706,1.14256,47.33694,8.572589614991188,3.1935151899920253,9.99999982941839
17.83431,16.29896,43.15019,3155.48442,1.15788,47.39081,8.431700776784176,3.1410303907514767,9.99999982941839
17.86289,16.33163,43.24626,3150.5167,1.16934,47.44408,8.292366460352941,3.089124691774335,9.99999982941839
17.8914,16.36429,43.34297,3145.62391,1.17696,47.49678,8.154953681008564,3.0379348159207313,9.99999982941839
17.91983,16.39692,43.43999,3140.80585,1.18079,47.54891,8.019797925015201,2.9875857406512387,9.99999982941839
17.94819,16.42954,43.53703,3136.06212,1.18089,47.60048,7.887203924576784,2.9381909867298095,9.99999982941839
17.97648,16.46214,43.63379,3131.39215,1.17732,47.65149,7.757446674023807,2.8898529967800877,9.99999982941839
18.00471,16.49472,43.72995,3126.79521,1.17015,47.70196,7.630772643999949,2.8426635876018773,9.99999982941839
18.03286,16.52729,43.82525,3122.27041,1.15946,47.75191,7.507401153095737,2.7967044611407696,9.99999982941839
18.06094,16.55984,43.9194,3117.81674,1.14533,47.80134,7.38752585939143,2.75204776012711,9.99999982941839
18.08896,16.59237,44.01212,3113.43306,1.12786,47.85028,7.27131633777193,2.70875665566731,9.99999982941839
18.11692,16.62489,44.10316,3109.1181,1.10713,47.89874,7.158919712359445,2.6668859553679605,9.99999982941839
18.14481,16.6574,44.19226,3104.87052,1.08325,47.94673,7.050462316981596,2.626482721903893,9.99999982941839
18.17263,16.68988,44.27918,3100.68887,1.05632,47.99428,6.946051360118364,2.587586893254725,9.99999982941839
18.20039,16.72236,44.36367,3096.57162,1.02645,48.0414,6.845776574133724,2.5502318970870377,9.99999982941839
18.22809,16.75482,44.44552,3092.51717,0.99374,48.08811,6.74971183182178,2.514445252960346,9.99999982941839
18.25573,16.78727,44.5245,3088.52385,0.9583,48.13443,6.657916716264839,2.480249157140534,9.99999982941839
18.28331,16.8197,44.60042,3084.58995,0.92025,48.18038,6.570438032729435,2.4476610458209063,9.99999982941839
18.31083,16.85212,44.67306,3080.71368,0.87971,48.22598,6.487311253777117,2.4166941334639787,9.99999982941839
18.33829,16.88453,44.74225,3076.89323,0.83678,48.27125,6.4085618909679205,2.3873579237971145,9.99999982941839
18.36569,16.91693,44.80781,3073.12673,0.79158,48.3162,6.33420678842029,2.35965869169763,9.99999982941839
18.39304,16.94931,44.86957,3069.41228,0.74424,48.36087,6.264255335160199,2.33359993482474,9.99999982941839
18.42033,16.98169,44.92737,3065.74796,0.69487,48.40527,6.198710594566157,2.309182794367542,9.99999982941839
18.44756,17.01405,44.98106,3062.13179,0.64359,48.44942,6.137570350413258,2.2864064447239447,9.99999982941839
18.47474,17.0464,45.03051,3058.56179,0.59052,48.49334,6.0808280699227115,2.2652684522619637,9.99999982941839
18.50186,17.07874,45.07559,3055.03594,0.53578,48.53705,6.028473785017395,2.2457651036105917,9.99999982941839
18.52893,17.11108,45.11617,3051.55219,0.47948,48.58058,5.98049489351356,2.227891704124801,9.99999982941839
18.55594,17.1434,45.15216,3048.10849,0.42176,48.62394,5.936876882440081,2.2116428473409884,9.99999982941839
18.5829,17.17571,45.18345,3044.70276,0.36272,48.66715,5.897603975915866,2.1970126563283574,9.99999982941839
18.60981,17.20801,45.20996,3041.33287,0.30249,48.71024,5.862659710207315,2.183994997912956,9.99999982941839
18.63666,17.24031,45.2316,3037.99672,0.24118,48.75323,5.8320274386140945,2.1725836707609076,9.99999982941839
18.66347,17.27259,45.2483,3034.69214,0.17892,48.79613,5.8056907688351655,2.16277256830877,9.99999982941839
18.69022,17.30487,45.26001,3031.41697,0.11582,48.83897,5.783633935332314,2.1545558174787405,9.99999982941839
18.71692,17.33713,45.26667,3028.16902,0.05201,48.88177,5.765842109067469,2.1479278940639626,9.99999982941839
18.74357,17.36939,45.26824,3024.94608,-0.0124,48.92455,5.752301646755132,2.142883715581612,9.99999982941839
18.77016,17.40164,45.2647,3021.74591,-0.07729,48.96732,5.743000281562915,2.1394187123138635,9.99999982941839
18.79671,17.43389,45.25601,3018.56626,-0.14254,49.01012,5.737927256867563,2.1375288771355314,9.99999982941839
18.8232,17.46612,45.24216,3015.40483,-0.20804,49.05296,5.737073404415178,2.1372107946308088,9.99999982941839
18.84965,17.49835,45.22316,3012.25932,-0.27365,49.09586,5.740431167921234,2.1384616498848894,9.99999982941839
18.87604,17.53057,45.19901,3009.12739,-0.33927,49.13884,5.747994572821682,2.1412792172154655,9.99999982941839
18.90239,17.56278,45.16971,3006.00669,-0.40478,49.18193,5.759759142600524,2.145661829002545,9.99999982941839
18.92868,17.59498,45.13531,3002.89481,-0.47005,49.22514,5.775721761815669,2.151608324661976,9.99999982941839
18.95492,17.62718,45.09582,2999.78935,-0.53497,49.2685,5.79588048568834,2.1591179797124926,9.99999982941839
18.98112,17.65937,45.0513,2996.68786,-0.59942,49.31202,5.82023429582485,2.1681904147756526,9.99999982941839
19.00726,17.69155,45.00179,2993.58784,-0.66327,49.35573,5.848782801487847,2.1788254842915107,9.99999982941839
19.03335,17.72373,44.94736,2990.48681,-0.72642,49.39965,5.881525885612117,2.191023144650195,9.99999982941839
19.05939,17.7559,44.88807,2987.38221,-0.78873,49.4438,5.918463294638709,2.2047833013943237,9.99999982941839
19.08539,17.78806,44.82402,2984.27148,-0.85009,49.4882,5.959594171194485,2.2201056351298445,9.99999982941839
19.11133,17.82021,44.75528,2981.15202,-0.91038,49.53288,6.004916528609557,2.236989405769952,9.99999982941839
19.13722,17.85236,44.68195,2978.0212,-0.96947,49.57784,6.05442666636332,2.2554332347733546,9.99999982941839
19.16305,17.88449,44.60415,2974.87637,-1.02725,49.62313,6.108118525709958,2.2754348650978202,9.99999982941839
19.18884,17.91663,44.52199,2971.71484,-1.0836,49.66875,6.16598298495946,2.296990898673813,9.99999982941839
19.21457,17.94875,44.4356,2968.53391,-1.13839,49.71473,6.228007094306818,2.320096511358239,9.99999982941839
19.24026,17.98086,44.34511,2965.33085,-1.1915,49.76108,6.2941732505581705,2.344745145498215,9.99999982941839
19.26589,18.01297,44.25067,2962.10291,-1.24281,49.80784,6.364458312718725,2.3709281804643054,9.99999982941839
19.29146,18.04507,44.15242,2958.84733,-1.29221,49.85503,6.4388326601888854,2.3986345818037975,9.99999982941839
19.31699,18.07716,44.05054,2955.56134,-1.33958,49.90265,6.517259196195072,2.427850529992456,9.99999982941839
19.34246,18.10925,43.9452,2952.24214,-1.38479,49.95075,6.599692300165313,2.4585590301668723,9.99999982941839
19.36787,18.14132,43.83657,2948.88697,-1.42772,49.99932,6.686076733995768,2.4907395046799636,9.99999982941839
19.39324,18.17338,43.72495,2945.49267,-1.4653,50.01431,6.776235396674437,2.5243259787449532,0.0
19.41857,18.20541,43.61067,2942.05621,-1.50033,50.02932,6.869972834314056,2.5592456406461324,0.0
19.44387,18.23742,43.49393,2938.57495,-1.53273,50.04434,6.967186791934815,2.595460397713033,0.0
19.46912,18.2694,43.37494,2935.04631,-1.56238,50.05937,7.067760682933845,2.632926818368506,0.0
19.49434,18.30135,43.25393,2931.46774,-1.58919,50.07442,7.171562241887149,2.6715956302620016,0.0
19.51952,18.33328,43.13113,2927.83674,-1.61305,50.08947,7.278442464010287,2.711411325190764,0.0
19.54466,18.36518,43.00676,2924.15087,-1.63387,50.10455,7.388234595787381,2.7523117830825794,0.0
19.56976,18.39705,42.88108,2920.40778,-1.65157,50.11963,7.5007531965592324,2.794227922412657,0.0
19.59482,18.4289,42.75433,2916.6052,-1.66607,50.13472,7.615793292604821,2.8370833850767365,0.0
19.61984,18.46071,42.62677,2912.74097,-1.67727,50.14982,7.733129646751454,2.880794264301642,0.0
19.64482,18.49249,42.49866,2908.81301,-1.68513,50.16494,7.8525161678112,2.9252688846448196,0.0
19.66976,18.52425,42.37025,2904.81941,-1.68956,50.18006,7.973685485075117,2.970407643482242,0.0
19.69465,18.55597,42.24181,2900.75837,-1.69052,50.19518,8.096348713532782,3.016102923546505,0.0
19.71951,18.58766,42.11361,2896.62826,-1.68796,50.21032,8.22019543547681,3.062239086074027,0.0
19.74432,18.61931,41.98593,2892.42761,-1.68184,50.22546,8.344893923444276,3.108692553856591,0.0
19.76908,18.65093,41.85903,2888.15513,-1.67214,50.24061,8.470091628132185,3.155331993002703,0.0
19.79381,18.68252,41.73319,2883.80974,-1.65883,50.25576,8.595415952763618,3.202018601409349,0.0
19.81849,18.71407,41.60868,2879.39055,-1.6419,50.27091,8.720475332436848,3.248606510847943,0.0
19.84312,18.74559,41.48577,2874.89692,-1.62137,50.28607,8.844860633228555,3.294943308167086,0.0
19.8677,18.77707,41.36474,2870.32841,-1.59725,50.30123,8.96814688110268,3.3408706793566085,0.0
19.89224,18.80851,41.24584,2865.68487,-1.56957,50.3164,9.089895325223004,3.386225178185787,0.0
19.91674,18.83991,41.12934,2860.96638,-1.53837,50.33156,9.20965583396481,3.43083911878074,0.0
19.94118,18.87128,41.0155,2856.17329,-1.50371,50.34672,9.326969614985062,3.4745415889221336,0.0
19.96558,18.9026,40.90457,2851.30622,-1.46566,50.36188,9.441372243162702,3.5171595780326133,0.0
19.98993,18.93388,40.79679,2846.36608,-1.4243,50.37704,9.55239697244959,3.5585192109284187,0.0
20.01423,18.96512,40.6924,2841.35407,-1.37974,50.3922,9.659578299536918,3.59844707537889,0.0
20.03848,18.99632,40.59162,2836.27165,-1.33208,50.40735,9.762455739445281,3.6367716286131104,0.0
20.06267,19.02748,40.49466,2831.12059,-1.28145,50.4225,9.860577765478013,3.673324665056187,0.0
20.08682,19.05859,40.40174,2825.90293,-1.22799,50.43765,9.953505859182098,3.70794282504626,0.0
20.11092,19.08965,40.31304,2820.62099,-1.17186,50.45279,10.040818609870906,3.7404691220145745,0.0
20.13496,19.12067,40.22874,2815.27736,-1.11322,50.46792,10.122115798612903,3.7707544638787422,0.0
20.15895,19.15164,40.14901,2809.8749,-1.05226,50.48305,10.197022398199962,3.7986591431361734,0.0
20.18289,19.18257,40.07399,2804.41671,-0.98916,50.49817,10.265192419010578,3.824054269549326,0.0
20.20677,19.21345,40.00381,2798.90611,-0.92413,50.51328,10.326312530844273,3.846823119374306,0.0
20.2306,19.24427,39.9386,2793.34668,-0.85738,50.52838,10.380105392948114,3.866862375883371,0.0
20.25438,19.27505,39.87844,2787.74216,-0.78914,50.54348,10.426332628428504,3.8840832374115846,0.0
20.2781,19.30578,39.82344,2782.09647,-0.71963,50.55856,10.46479738523684,3.8984123713913528,0.0
20.30176,19.33646,39.77364,2776.41372,-0.64909,50.57363,10.495346433502585,3.9097926956641773,0.0
20.32537,19.36709,39.72909,2770.69813,-0.57776,50.5887,10.51787175824396,3.918183971807303,0.0
20.34892,19.39767,39.68983,2764.95402,-0.50588,50.60375,10.532311616922396,3.923563199100569,0.0
20.37242,19.42819,39.65585,2759.18582,-0.43372,50.61879,10.538651042635633,3.9259248019790784,0.0
20.39586,19.45866,39.62716,2753.39801,-0.36151,50.63382,10.536921785729922,3.925280608282214,0.0
20.41925,19.48908,39.60372,2747.59508,-0.2895,50.64884,10.527201698644205,3.9216596200919014,0.0
20.44257,19.51945,39.5855,2741.78156,-0.21795,50.66385,10.509613580615937,3.915107583355134,0.0
20.46584,19.54976,39.57241,2735.96194,-0.1471,50.67885,10.484323510101055,3.9056863666665373,0.0
20.48906,19.58002,39.56439,2730.14069,-0.07718,50.69384,10.451538702950623,3.89347316338281,0.0
20.51222,19.61023,39.56134,2724.32218,-0.00845,50.70881,10.411504943282077,3.8785595345546646,0.0
20.53532,19.64039,39.56315,2718.51073,0.05889,50.72377,10.364503641384783,3.8610503129192404,0.0
20.55836,19.67049,39.56968,2712.71051,0.1246,50.73873,10.310848578692148,3.84106239031657,0.0
20.58135,19.70053,39.5808,2706.92561,0.18847,50.75367,10.25088240366744,3.8187234123148426,0.0
20.60428,19.73053,39.59634,2701.15992,0.25031,50.7686,10.184972944539687,3.794170404607515,0.0
20.62715,19.76047,39.61614,2695.41722,0.30992,50.78352,10.113509405016941,3.7675483558164014,0.0
20.64997,19.79036,39.64002,2689.70107,0.36713,50.79842,10.036898507684928,3.7390087808062016,0.0
20.67274,19.82019,39.66778,2684.01487,0.42176,50.81332,9.955560646880407,3.708708287528598,0.0
20.69544,19.84997,39.69922,2678.36181,0.47366,50.82821,9.869926108474663,3.676807168792148,0.0
20.7181,19.8797,39.73413,2672.74489,0.5227,50.84309,9.780431408718531,3.6434680383857185,0.0
20.74069,19.90938,39.77229,2667.16689,0.56873,50.85796,9.687515798099424,3.608854528673251,0.0
20.76323,19.93901,39.81348,2661.63037,0.61166,50.87282,9.591617969401991,3.573130064259727,0.0
20.78572,19.96858,39.85745,2656.13767,0.65137,50.88768,9.493173002120622,3.5364567237044353,0.0
20.80816,19.99811,39.90398,2650.69093,0.68778,50.90253,9.392609568181777,3.498994198579022,0.0
20.83054,20.02758,39.95283,2645.29207,0.72081,50.91737,9.290347416953413,3.4608988565673218,0.0
20.85287,20.05701,40.00374,2639.94278,0.75041,50.9322,9.186795150751957,3.422322912783176,0.0
20.87514,20.08638,40.05647,2634.64455,0.77652,50.94703,9.082348295831236,3.3834137111630596,0.0
20.89737,20.11571,40.11077,2629.39867,0.79912,50.96185,8.977387668115675,3.3443131156586885,0.0
20.91954,20.14499,40.1664,2624.20621,0.81817,50.97667,8.872278027927441,3.305157009087493,0.0
20.94166,20.17422,40.2231,2619.06807,0.83366,50.99148,8.767367013625732,3.2660748958851884,0.0
20.96374,20.20341,40.28064,2613.98494,0.8456,51.00629,8.662984340457365,3.2271896036565466,0.0
20.98576,20.23254,40.33875,2608.95734,0.85399,51.0211,8.55944124804454,3.1886170773500426,0.0
21.00773,20.26164,40.39721,2603.98562,0.85886,51.03591,8.457030177764624,3.150466259073344,0.0
21.02965,20.29068,40.45577,2599.06995,0.86023,51.05071,8.3560246597018,3.1128390459798148,0.0
21.05153,20.31969,40.5142,2594.21037,0.85815,51.06551,8.256679387994009,3.075830318337247,0.0
21.07335,20.34865,40.57225,2589.40675,0.85266,51.08031,8.159230462897561,3.0395280297032867,0.0
21.09513,20.37756,40.62972,2584.65882,0.84381,51.09512,8.063895778041395,3.0040133511878406,0.0
21.11687,20.40644,40.68637,2579.9662,0.83168,51.10992,7.970875531761985,2.9693608619387795,0.0
21.13855,20.43527,40.74199,2575.32836,0.81633,51.12472,7.880352842189026,2.9356387782775433,0.0
21.16019,20.46406,40.79638,2570.74466,0.79784,51.13953,7.792494446779662,2.902909214294044,0.0
21.18179,20.4928,40.84932,2566.21437,0.77628,51.15434,7.707451468265184,2.871228467181967,0.0
21.20334,20.52151,40.90062,2561.73663,0.75176,51.16915,7.625360230258632,2.8406473210740604,0.0
21.22485,20.55018,40.95009,2557.3105,0.72435,51.18397,7.546343107280243,2.8112113636989777,0.0
21.24631,20.57881,40.99754,2552.93495,0.69416,51.19879,7.470509395396991,2.782961310717422,0.0
21.26773,20.6074,41.04282,2548.60888,0.66129,51.21361,7.397956191148723,2.7559333331452476,0.0
21.2891,20.63595,41.08573,2544.33108,0.62585,51.22844,7.328769267896953,2.730159383816452,0.0
21.31043,20.66447,41.12614,2540.1003,0.58794,51.24327,7.263023940100964,2.7056675193487605,0.0
21.33173,20.69295,41.16388,2535.9152,0.54767,51.25811,7.200785907352346,2.6824822145687026,0.0
21.35298,20.72139,41.19881,2531.77439,0.50517,51.27295,7.142112071220318,2.660624666807981,0.0
21.37418,20.74979,41.2308,2527.67643,0.46053,51.28781,7.087051319066086,2.6401130878949495,0.0
21.39535,20.77816,41.25972,2523.61979,0.41389,51.30267,7.035645270041795,2.6209629820588476,0.0
21.41648,20.8065,41.28545,2519.60293,0.36537,51.31753,6.987928979380984,2.6031874082965274,0.0
21.43756,20.83479,41.30789,2515.62424,0.31508,51.33241,6.943931597887211,2.5867972260493186,0.0
21.45861,20.86306,41.32692,2511.68206,0.26316,51.34729,6.903676984262302,2.571801323311411,0.0
21.47961,20.89129,41.34247,2507.7747,0.20972,51.36218,6.867184268515954,2.5582068265147573,0.0
21.50058,20.91949,41.35443,2503.90042,0.15489,51.37708,6.834468365205806,2.5460192917245044,0.0
21.52151,20.94765,41.36275,2500.05744,0.0988,51.39198,6.805540435705085,2.5352428768458517,0.0
21.5424,20.97578,41.36735,2496.24394,0.04158,51.4069,6.780408299051229,2.5258804946759774,0.0
21.56325,21.00388,41.36817,2492.45807,-0.01664,51.42182,6.75907679121089,2.517933946739701,0.0
21.58406,21.03194,41.36516,2488.69795,-0.07573,51.43676,6.74154807284507,2.5114040379400957,0.0
21.60484,21.05997,41.35829,2484.96166,-0.13557,51.4517,6.7278218858085985,2.5062906721112927,0.0
21.62557,21.08797,41.34751,2481.24724,-0.19602,51.46665,6.717895758773191,2.502592928618483,0.0
21.64627,21.11594,41.33281,2477.55271,-0.25695,51.48161,6.7117651624751815,2.500309120191777,0.0
21.66693,21.14388,41.31418,2473.87606,-0.31823,51.49659,6.7094236151143996,2.499436832190067,0.0
21.68755,21.17178,41.29159,2470.21524,-0.37973,51.51157,6.710862738552635,2.499972943536426,0.0
21.70814,21.19965,41.26506,2466.56819,-0.44131,51.52656,6.7160722659454235,2.5019136295611553,0.0
21.72869,21.22749,41.2346,2462.9328,-0.50285,51.54156,6.725040001514036,2.5052543470157866,0.0
21.7492,21.2553,41.20022,2459.30696,-0.56422,51.55657,6.73775173319522,2.509989801532819,0.0
21.76967,21.28308,41.16196,2455.6885,-0.62527,51.57159,6.754191098966884,2.516113897828509,0.0
21.79011,21.31083,41.11984,2452.07527,-0.68588,51.58662,6.774339407711557,2.523619672969809,0.0
21.81051,21.33855,41.07392,2448.46506,-0.74592,51.60165,6.7981754155893315,2.532499213067392,0.0
21.83088,21.36623,41.02424,2444.85566,-0.80526,51.6167,6.8256750589966275,2.5427435537957748,0.0
21.8512,21.39388,40.97086,2441.24484,-0.86377,51.63176,6.856811145353798,2.554342565203558,0.0
21.87149,21.42151,40.91385,2437.63034,-0.92131,51.64682,6.891553003190852,2.567284821361156,0.0
21.89175,21.4491,40.8533,2434.0099,-0.97776,51.6619,6.929866093202736,2.5815574554686505,0.0
21.91196,21.47665,40.78928,2430.38124,-1.03299,51.67698,6.9717115822967575,2.5971460011772556,0.0
21.93214,21.50418,40.72189,2426.74207,-1.08687,51.69207,7.017045882953748,2.614034220989223,0.0
21.95228,21.53168,40.65122,2423.09011,-1.13927,51.70717,7.065820160679347,2.632203922770492,0.0
21.97239,21.55914,40.57739,2419.42304,-1.19008,51.72227,7.11797981276657,2.6516347655760257,0.0
21.99245,21.58657,40.50051,2415.73859,-1.23916,51.73738,7.173463922120434,2.672304056185119,0.0
22.01248,21.61397,40.42071,2412.03445,-1.2864,51.7525,7.232204690485788,2.6941865379638466,0.0
22.03248,21.64133,40.3381,2408.30834,-1.33168,51.76763,7.294126856056671,2.7172541739092337,0.0
22.05243,21.66867,40.25284,2404.558,-1.37488,51.78276,7.359147101147398,2.7414759259911397,0.0
22.07235,21.69597,40.16507,2400.78118,-1.41588,51.7979,7.427173456309145,2.766817533170017,0.0
22.09222,21.72323,40.07493,2396.97566,-1.45458,51.81304,7.4981047080763785,2.793241290766868,0.0
22.11206,21.75046,39.98259,2393.13925,-1.49086,51.82819,7.571829818306063,2.820705834151822,0.0
22.13187,21.77766,39.8882,2389.26978,-1.52463,51.84334,7.648227363843665,2.849165930004981,0.0
22.15163,21.80482,39.79193,2385.36517,-1.55578,51.85849,7.727165006048591,2.878572278700683,0.0
22.17135,21.83195,39.69397,2381.42334,-1.58422,51.87365,7.808499000460373,2.908871331645261,0.0
22.19103,21.85904,39.59448,2377.4423,-1.60985,51.88881,7.892073757551827,2.9400051276460295,0.0
22.21068,21.8861,39.49366,2373.42013,-1.63259,51.90397,7.977721466110903,2.9719111526111246,0.0
22.23028,21.91312,39.39169,2369.35498,-1.65236,51.91914,8.06526179128353,3.0045222270625076,0.0
22.24985,21.9401,39.28876,2365.24507,-1.66909,51.9343,8.154501659636619,3.037766426066284,0.0
22.26937,21.96704,39.18507,2361.08873,-1.68271,51.94946,8.245235143706397,3.071567036223922,0.0
22.28885,21.99395,39.08083,2356.88439,-1.69316,51.96463,8.337243458493282,3.1058425543664976,0.0
22.30829,22.02082,38.97623,2352.6306,-1.70039,51.97979,8.430295081955625,3.140506732441785,0.0
22.32769,22.04765,38.87147,2348.32602,-1.70435,51.99495,8.524146011025149,3.175468672886743,0.0
22.34705,22.07444,38.76676,2343.96942,-1.70502,52.01011,8.618540163712748,3.210632978422508,0.0
22.36637,22.10118,38.66231,2339.55976,-1.70237,52.02526,8.713209936632625,3.245899959746801,0.0
22.38564,22.12789,38.55832,2335.0961,-1.69637,52.04041,8.807876925723315,3.281165904021475,0.0
22.40487,22.15456,38.455,2330.57767,-1.68703,52.05556,8.902252815977029,3.316323406320104,0.0
22.42405,22.18118,38.35255,2326.00388,-1.67435,52.0707,8.996040443731173,3.351261765359525,0.0
22.4432,22.20776,38.25118,2321.37428,-1.65835,52.08583,9.088935032455367,3.3858674438630194,0.0
22.46229,22.2343,38.15108,2316.68863,-1.63905,52.10096,9.180625600101884,3.4200245928353774,0.0
22.48134,22.26079,38.05245,2311.94685,-1.61649,52.11608,9.27079653287351,3.4536156378328373,0.0
22.50035,22.28724,37.95549,2307.14905,-1.59072,52.13119,9.359129316936132,3.486521924071593,0.0
22.51931,22.31364,37.86038,2302.29556,-1.56181,52.14629,9.44530441612668,3.518624415923392,0.0
22.53823,22.34,37.7673,2297.38686,-1.52982,52.16138,9.529003280128004,3.5498044450135375,0.0
22.5571,22.36631,37.67643,2292.42366,-1.49485,52.17647,9.609910464118965,3.5799444998463015,0.0
22.57592,22.39257,37.58795,2287.40687,-1.45699,52.19154,9.687715837554645,3.608929048633675,0.0
22.5947,22.41879,37.502,2282.33758,-1.41636,52.2066,9.762116856633412,3.636645385849145,0.0
22.61342,22.44495,37.41876,2277.21708,-1.37307,52.22164,9.83282087227221,3.662984492009212,0.0
22.6321,22.47107,37.33835,2272.04686,-1.32726,52.23668,9.899547443137257,3.687841895338185,0.0
22.65073,22.49714,37.26092,2266.82859,-1.27907,52.2517,9.962030621578794,3.7111185233390276,0.0
22.66932,22.52315,37.18659,2261.56414,-1.22866,52.26671,10.020021179203253,3.7327215318775395,0.0
22.68785,22.54912,37.11547,2256.25552,-1.1762,52.2817,10.073288738532586,3.752565099281553,0.0
22.70633,22.57503,37.04768,2250.90494,-1.12185,52.29668,10.121623777540096,3.7705711730832676,0.0
22.72477,22.60089,36.98329,2245.51475,-1.06579,52.31164,10.164839475073387,3.7866701574878547,0.0
22.74315,22.6267,36.9224,2240.08745,-1.00823,52.32658,10.202773367138096,3.8008015303827287,0.0
22.76149,22.65245,36.86506,2234.62567,-0.94935,52.34151,10.23528878674744,3.812914379719389,0.0
22.77977,22.67815,36.81134,2229.13216,-0.88937,52.35642,10.26227606345777,3.8229678503719726,0.0
22.798,22.7038,36.76127,2223.60977,-0.82848,52.37132,10.283653462782508,3.8309314940936656,0.0
22.81618,22.72939,36.71489,2218.06146,-0.76691,52.38619,10.299367850173377,3.83678551686718,0.0
22.83431,22.75493,36.67221,2212.49024,-0.70486,52.40105,10.309395069297146,3.8405209198227976,0.0
22.85239,22.78041,36.63324,2206.89921,-0.64256,52.41589,10.313740029445869,3.8421395318009792,0.0
22.87042,22.80583,36.59796,2201.2915,-0.58023,52.43072,10.312436502288097,3.841653933636845,0.0
22.88839,22.8312,36.56635,2195.67025,-0.51807,52.44552,10.305546633391504,3.8390872761895034,0.0
22.90632,22.85652,36.53839,2190.03865,-0.45632,52.46031,10.293160179043765,3.8344729960377424,0.0
22.92419,22.88177,36.51401,2184.39985,-0.39518,52.47507,10.275393483642409,3.8278544345308476,0.0
22.94201,22.90698,36.49317,2178.75702,-0.33487,52.48982,10.252388217158947,3.819284367460766,0.0
22.95978,22.93212,36.47578,2173.11327,-0.27558,52.50455,10.224309896019324,3.808824454051165,0.0
22.97749,22.95721,36.46178,2167.47166,-0.21754,52.51926,10.191346213698036,3.7965446150598043,0.0
22.99516,22.98224,36.45106,2161.83522,-0.16092,52.53396,10.153705209830163,3.782522350724603,0.0
23.01277,23.00721,36.44353,2156.20687,-0.10591,52.54863,10.111613308210323,3.766842009866627,0.0
23.03033,23.03213,36.43907,2150.58948,-0.05271,52.56329,10.06531325502682,3.7495940218280555,0.0
23.04784,23.05699,36.43755,2144.9858,-0.00147,52.57792,10.01506198878868,3.7308741029639587,0.0
23.0653,23.08179,36.43886,2139.39849,0.04764,52.59254,9.961128472987815,3.7107824492519295,0.0
23.08271,23.10654,36.44284,2133.83008,0.09446,52.60715,9.903791521332648,3.6894229261343856,0.0
23.10006,23.13123,36.44936,2128.28301,0.13886,52.62173,9.84333764374465,3.6669022660956068,0.0
23.11737,23.15586,36.45826,2122.75955,0.1807,52.6363,9.780058939136618,3.6433292836661915,0.0
23.13462,23.18044,36.46939,2117.26188,0.21986,52.65085,9.714251058452563,3.618814116601831,0.0
23.15182,23.20496,36.48258,2111.79201,0.25624,52.66539,9.646211258595795,3.5934675009203074,0.0
23.16898,23.22943,36.49767,2106.35184,0.28973,52.67991,9.576236564941196,3.5674000863889703,0.0
23.18608,23.25384,36.51448,2100.94311,0.32024,52.69441,9.504622056877526,3.540721797844143,0.0
23.20313,23.27819,36.53284,2095.56741,0.34771,52.7089,9.431659287843807,3.5135412466130895,0.0
23.22014,23.3025,36.55257,2090.22621,0.37207,52.72337,9.357634848141586,3.4859651951237836,0.0
23.23709,23.32674,36.5735,2084.92082,0.39326,52.73783,9.282829075926042,3.4580980767151672,0.0
23.254,23.35094,36.59544,2079.6524,0.41124,52.75228,9.207514919007275,3.4300415716281956,0.0
23.27086,23.37508,36.61822,2074.42199,0.42599,52.76671,9.131956947578834,3.4018942392212246,0.0
23.28767,23.39916,36.64165,2069.23047,0.43748,52.78113,9.056410515690867,3.3737512055967036,0.0
23.30443,23.4232,36.66556,2064.07861,0.44571,52.79554,8.981121067310877,3.345703905090545,0.0
23.32115,23.44718,36.68976,2058.96701,0.45067,52.80994,8.906323581133263,3.317839873449078,0.0
23.33782,23.47111,36.71408,2053.89617,0.45237,52.82432,8.832242146836549,3.2902425899737056,0.0
23.35444,23.49499,36.73835,2048.86646,0.45084,52.8387,8.759089664420665,3.262991365516137,0.0
23.37102,23.51882,36.76239,2043.87812,0.4461,52.85307,8.687067657352845,3.2361612728703175,0.0
23.38755,23.5426,36.78603,2038.93127,0.4382,52.86742,8.616366189682017,3.209823115895361,0.0
23.40403,23.56633,36.80912,2034.02592,0.42717,52.88177,8.547163876895981,3.184043433560129,0.0
23.42047,23.59,36.83147,2029.16198,0.41307,52.89611,8.479627980154646,3.1588845350475925,0.0
23.43687,23.61363,36.85295,2024.33924,0.39596,52.91044,8.41391457354228,3.1344045620606984,0.0
23.45322,23.63721,36.87339,2019.55741,0.37591,52.92476,8.350168774161224,3.110657574538329,0.0
23.46953,23.66075,36.89265,2014.81607,0.35299,52.93907,8.288525025207171,3.087693656108294,0.0
23.48579,23.68423,36.91059,2010.11475,0.32729,52.95338,8.229107422586598,3.065559035760916,0.0
23.50201,23.70767,36.92705,2005.45285,0.29889,52.96768,8.172030076123114,3.044296222407898,0.0
23.51819,23.73106,36.94193,2000.82972,0.26788,52.98198,8.1173974969732,3.023944149204885,0.0
23.53432,23.7544,36.95508,1996.24461,0.23437,52.99627,8.065305003450492,3.004538324731681,0.0
23.55042,23.7777,36.96638,1991.69671,0.19844,53.01056,8.015839138117324,2.986110988369828,0.0
23.56647,23.80095,36.97573,1987.18512,0.16021,53.02484,7.969078089600845,2.968691267440205,0.0
23.58248,23.82416,36.98302,1982.70889,0.11979,53.03912,7.9250921132682,2.952305333915603,0.0
23.59845,23.84732,36.98814,1978.26698,0.0773,53.05339,7.883943945449808,2.9369765587297976,0.0
23.61437,23.87044,36.991,1973.85831,0.03284,53.06766,7.845689206575603,2.922725661956399,0.0
23.63026,23.89351,36.9915,1969.48173,-0.01346,53.08193,7.810376789108761,2.9095708573243777,0.0
23.64611,23.91654,36.98958,1965.13604,-0.06147,53.09619,7.778049226718704,2.8975279897447233,0.0
23.66191,23.93953,36.98515,1960.81997,-0.11108,53.11045,7.748743041652123,2.886610664715285,0.0
23.67768,23.96247,36.97816,1956.53223,-0.16215,53.12471,7.722489067715134,2.8768303686401286,0.0
23.69341,23.98537,36.96852,1952.27145,-0.21455,53.13897,7.6993127467420175,2.868196579271937,0.0
23.70909,24.00823,36.95621,1948.03622,-0.26816,53.15322,7.679234396802987,2.860716865626467,0.0
23.72474,24.03104,36.94116,1943.82511,-0.32283,53.16748,7.662269450797575,2.8543969768648565,0.0
23.74035,24.05381,36.92334,1939.63662,-0.37843,53.18173,7.648428664404308,2.8492409197603568,0.0
23.75592,24.07654,36.90272,1935.46922,-0.43483,53.19598,7.637718292677581,2.845251024485311,0.0
23.77145,24.09923,36.87927,1931.32135,-0.49188,53.21023,7.630140234880946,2.842427998565363,0.0
23.78695,24.12187,36.85297,1927.19141,-0.54946,53.22447,7.625692147386798,2.8407709689375675,0.0
23.8024,24.14448,36.82382,1923.07777,-0.60742,53.23872,7.62436752476182,2.8402775121568444,0.0
23.81782,24.16704,36.79181,1918.97876,-0.66562,53.25297,7.626155749366202,2.8409436728729975,0.0
23.8332,24.18956,36.75694,1914.8927,-0.72392,53.26721,7.631042110039088,2.8427639707915344,0.0
23.84854,24.21204,36.71923,1910.81786,-0.78219,53.28145,7.639007790659862,2.845731396412445,0.0
23.86384,24.23448,36.6787,1906.7525,-0.84028,53.29569,7.650029829609573,2.84983739592851,0.0
23.8791,24.25688,36.63536,1902.69487,-0.89805,53.30993,7.664081051358223,2.855071845739777,0.0
23.89433,24.27924,36.58924,1898.64317,-0.95538,53.32417,7.681129971646945,2.861423017131416,0.0
23.90952,24.30155,36.5404,1894.59562,-1.01211,53.33841,7.701140677966894,2.8688775317489688,0.0
23.92467,24.32383,36.48886,1890.5504,-1.06812,53.35265,7.724072687266203,2.8774203085904397,0.0
23.93979,24.34606,36.43469,1886.50569,-1.12326,53.36688,7.749880783082386,2.887034503333837,0.0
23.95486,24.36825,36.37794,1882.45966,-1.17741,53.38111,7.77851483454091,2.897701440909374,0.0
23.9699,24.3904,36.31867,1878.41048,-1.23043,53.39534,7.809919599963581,2.909400542338428,0.0
23.98491,24.41251,36.25695,1874.35631,-1.28219,53.40957,7.84403451806455,2.922109246948557,0.0
23.99987,24.43458,36.19287,1870.29532,-1.33257,53.4238,7.880793490058687,2.935802931203135,0.0
24.0148,24.45661,36.1265,1866.2257,-1.38143,53.43802,7.920124656260381,2.9504548254785306,0.0
24.02968,24.47859,36.05793,1862.14561,-1.42866,53.45224,7.961950171070137,2.966035930240692,0.0
24.04454,24.50053,35.98725,1858.05326,-1.47414,53.46646,8.006185980547299,2.982514933185132,0.0
24.05935,24.52244,35.91456,1853.94687,-1.51774,53.48067,8.05274160704456,2.9998581290076176,0.0
24.07412,24.54429,35.83997,1849.82468,-1.55936,53.49488,8.101519945675843,3.0180293435831023,0.0
24.08886,24.56611,35.76358,1845.68496,-1.59889,53.50908,8.15241707763574,3.036989864422303,0.0
24.10356,24.58788,35.68551,1841.526,-1.63622,53.52328,8.205322105618965,3.0566983793611184,0.0
24.11822,24.60962,35.60588,1837.34616,-1.67125,53.53748,8.260117016796038,3.0771109255154605,0.0
24.13284,24.6313,35.5248,1833.14382,-1.70389,53.55166,8.316676578909135,3.098180850574233,0.0
24.14743,24.65295,35.4424,1828.91739,-1.73405,53.56585,8.3748682751875,3.1198587885536018,0.0
24.16197,24.67455,35.35881,1824.66538,-1.76165,53.58002,8.434552283759517,3.142092652127456,0.0
24.17648,24.69611,35.27416,1820.38633,-1.78661,53.59419,8.495581507199086,3.164827643634206,0.0
24.19095,24.71762,35.18859,1816.07885,-1.80885,53.60835,8.557801657669975,3.188006286795299,0.0
24.20538,24.73909,35.10223,1811.74161,-1.82832,53.6225,8.62105140292012,3.211568481101934,0.0
24.21977,24.76051,35.01523,1807.37339,-1.84496,53.63665,8.685162577960472,3.235451580671003,0.0
24.23411,24.78188,34.92771,1802.97302,-1.85871,53.65078,8.749960466855756,3.259590499219563,0.0
24.24842,24.80322,34.83984,1798.53943,-1.86954,53.6649,8.815264158384949,3.2839178425577225,0.0
24.26269,24.8245,34.75174,1794.07164,-1.87742,53.67902,8.880886978673459,3.3083640697555103,0.0
24.27692,24.84574,34.66356,1789.56877,-1.88233,53.69312,8.946637003016118,3.33285768381041,0.0
24.29111,24.86693,34.57544,1785.03005,-1.88423,53.70722,9.01231764815064,3.357325452284801,0.0
24.30526,24.88807,34.48753,1780.45482,-1.88315,53.7213,9.077728345184582,3.381692657988963,0.0
24.31937,24.90917,34.39996,1775.84251,-1.87906,53.73536,9.142665292154318,3.4058833793290946,0.0
24.33343,24.93021,34.31288,1771.19269,-1.872,53.74942,9.206922283994698,3.4298207994928456,0.0
24.34746,24.95121,34.22643,1766.50505,-1.86198,53.76346,9.270291616280197,3.4534275431166734,0.0
24.36144,24.97216,34.14074,1761.77938,-1.84904,53.77748,9.332565057785391,3.4766260385902177,0.0
24.37538,24.99306,34.05594,1757.01563,-1.83322,53.7915,9.393534885467169,3.499338903614394,0.0
24.38928,25.01391,33.97216,1752.21385,-1.81457,53.80549,9.452994974122204,3.521489351127485,0.0
24.40314,25.03471,33.88953,1747.37423,-1.79317,53.81947,9.510741931575508,3.5430016121927346,0.0
24.41695,25.05545,33.80816,1742.4971,-1.76908,53.83343,9.566576269039121,3.5638013719877666,0.0
24.43072,25.07615,33.72818,1737.5829,-1.74239,53.84738,9.620303595117383,3.5838162146029466,0.0
24.44445,25.09679,33.6497,1732.63222,-1.7132,53.86131,9.671735820897371,3.602976071969297,0.0
24.45813,25.11738,33.57282,1727.64576,-1.68161,53.87522,9.720692362780497,3.6212136719449037,0.0
24.47177,25.13791,33.49764,1722.62436,-1.64773,53.88911,9.76700132907228,3.638464980350828,0.0
24.48537,25.1584,33.42425,1717.56898,-1.61169,53.90298,9.810500676002226,3.6546696316189333,0.0
24.49892,25.17883,33.35274,1712.48069,-1.57362,53.91683,9.851039318682862,3.6697713426533545,0.0
24.51243,25.1992,33.28319,1707.3607,-1.53366,53.93067,9.88847818273774,3.6837183045895956,0.0
24.52589,25.21952,33.21568,1702.2103,-1.49196,53.94448,9.922691182708899,3.6964635472770597,0.0
24.53931,25.23979,33.15025,1697.0309,-1.44867,53.95827,9.953566114112338,3.707965271593176,0.0
24.55268,25.26,33.08698,1691.82403,-1.40395,53.97204,9.981005447013425,3.718187145071132,0.0
24.56601,25.28015,33.02591,1686.59126,-1.35797,53.98579,10.004927010202985,3.7270985567734525,0.0
24.57929,25.30024,32.96709,1681.3343,-1.31091,53.99951,10.025264556595193,3.7346748279176,0.0
24.59253,25.32028,32.91053,1676.05491,-1.26294,54.01321,10.041968202110633,3.7408973753714645,0.0
24.60572,25.34027,32.85627,1670.75491,-1.21425,54.0269,10.055004732227005,3.7457538258515655,0.0
24.61886,25.36019,32.80432,1665.43619,-1.16501,54.04055,10.064357772254423,3.749238079355073,0.0
24.63196,25.38006,32.75468,1660.10071,-1.11541,54.05419,10.07002781957295,3.7513503211691472,0.0
24.64501,25.39987,32.70737,1654.75045,-1.06564,54.0678,10.072032138051457,3.752096982539184,0.0
24.65802,25.41962,32.66235,1649.38742,-1.01589,54.08139,10.070404516976149,3.751490650863344,0.0
24.67098,25.43932,32.61963,1644.01368,-0.96634,54.09495,10.065194898796623,3.7495499310181666,0.0
24.6839,25.45895,32.57917,1638.63127,-0.91719,54.10849,10.056468881883355,3.7462992601226515,0.0
24.69676,25.47853,32.54093,1633.24227,-0.86861,54.12201,10.044307106217103,3.741768678691396,0.0
24.70959,25.49805,32.50487,1627.84874,-0.82078,54.1355,10.028804531417984,3.735993561681432,0.0
24.72236,25.51751,32.47095,1622.45272,-0.77389,54.14897,10.010069617917331,3.7290143134571974,0.0
24.73509,25.5369,32.43911,1617.05626,-0.72811,54.16242,9.988223423056132,3.720876031063419,0.0
24.74777,25.55625,32.40928,1611.66135,-0.6836,54.17584,9.96339862475546,3.7116281405166647,0.0
24.76041,25.57553,32.3814,1606.26997,-0.64053,54.18924,9.935738485951935,3.7013240110302994,0.0
24.773,25.59475,32.35539,1600.88405,-0.59905,54.20262,9.905395773234499,3.6900205521782334,0.0
24.78555,25.61391,32.33116,1595.50545,-0.55931,54.21597,9.872531643168951,3.6777777990215137,0.0
24.79804,25.63302,32.30863,1590.13601,-0.52147,54.2293,9.83731450960021,3.664658490148606,0.0
24.8105,25.65206,32.28771,1584.77749,-0.48564,54.2426,9.799918904730406,3.6507276433970226,0.0
24.8229,25.67105,32.2683,1579.43159,-0.45195,54.25589,9.760524346143855,3.636052133790313,0.0
24.83526,25.68997,32.2503,1574.09993,-0.42053,54.26915,9.719314221175297,3.6207002779358795,0.0
24.84758,25.70884,32.23361,1568.78406,-0.39149,54.28239,9.676474698999364,3.6047414287496773,0.0
24.85985,25.72765,32.21811,1563.48547,-0.36491,54.29561,9.632193679783697,3.588245583988105,0.0
24.87207,25.7464,32.2037,1558.20554,-0.34089,54.3088,9.586659789083527,3.571283011633522,0.0
24.88425,25.7651,32.19026,1552.94558,-0.31951,54.32198,9.540061424462877,3.5539238947355667,0.0
24.89638,25.78373,32.17768,1547.70681,-0.30085,54.33513,9.492585860093456,3.5362379978506797,0.0
24.90847,25.80231,32.16584,1542.49038,-0.28495,54.34827,9.444418413858847,3.518294356766502,0.0
24.92052,25.82083,32.15463,1537.29733,-0.27188,54.36138,9.395741680313613,3.500160992758961,0.0
24.93252,25.83929,32.14392,1532.12862,-0.26168,54.37448,9.346734831691766,3.481904652199532,0.0
24.94447,25.8577,32.13359,1526.98511,-0.25436,54.38755,9.297572988086133,3.463590571930478,0.0
24.95639,25.87604,32.12354,1521.86759,-0.24997,54.40061,9.248426656929588,3.445282270456868,0.0
24.96826,25.89433,32.11364,1516.77674,-0.24851,54.41364,9.199461240985851,3.4270413646601927,0.0
24.98008,25.91257,32.10377,1511.71316,-0.24998,54.42666,9.150836613284806,3.4089274114506,0.0
24.99186,25.93075,32.09381,1506.67737,-0.25438,54.43967,9.102706756708194,3.39099777350307,0.0
25.0036,25.94887,32.08366,1501.6698,-0.26169,54.45265,9.055219465317558,3.3733075079942236,0.0
25.0153,25.96694,32.0732,1496.69078,-0.27189,54.46562,9.008516104074188,3.355909277091677,0.0
25.02695,25.98495,32.06232,1491.74056,-0.28495,54.47857,8.962731423137098,3.338853278775155,0.0
25.03857,26.00291,32.05091,1486.81933,-0.30084,54.49151,8.917993422677666,3.3221871964763796,0.0
25.05014,26.02081,32.03886,1481.92717,-0.31949,54.50443,8.874423263915403,3.3059561659375647,0.0
25.06166,26.03866,32.02608,1477.06411,-0.34086,54.51733,8.83213522193514,3.290202757634567,0.0
25.07315,26.05645,32.01247,1472.23006,-0.36489,54.53022,8.791236675834316,3.2749669731064976,0.0
25.0846,26.07419,31.99792,1467.42491,-0.39151,54.5431,8.75182813170988,3.260286253518944,0.0
25.096,26.09188,31.98236,1462.64843,-0.42064,54.55596,8.714003274097468,3.2461954988264203,0.0
25.10737,26.10952,31.96568,1457.90036,-0.4522,54.56881,8.677849041605686,3.2327270959481225,0.0
25.11869,26.1271,31.94781,1453.18033,-0.4861,54.58164,8.643445722600566,3.219910954412913,0.0
25.12997,26.14463,31.92867,1448.48794,-0.52225,54.59447,8.61086706704543,3.2077745480226083,0.0
25.14122,26.1621,31.90818,1443.82271,-0.56055,54.60728,8.580180410799407,3.1963429611564456,0.0
25.15242,26.17953,31.88627,1439.18409,-0.60091,54.62007,8.55144680893955,3.185638938437082,0.0
25.16359,26.1969,31.86288,1434.57149,-0.6432,54.63286,8.524721174910626,3.175682936567556,0.0
25.17471,26.21422,31.83794,1429.98426,-0.68733,54.64563,8.50005242260875,3.16649317726117,0.0
25.1858,26.2315,31.8114,1425.42168,-0.73317,54.65839,8.477483608778133,3.1580857002880345,0.0
25.19684,26.24872,31.7832,1420.88299,-0.78061,54.67115,8.45705207336012,3.150474415758774,0.0
25.20785,26.26588,31.75331,1416.36737,-0.82952,54.68389,8.438789575757301,3.1436711548864924,0.0
25.21882,26.283,31.72167,1411.87398,-0.87978,54.69662,8.42272242522725,3.1376857185618747,0.0
25.22975,26.30007,31.68826,1407.40189,-0.93125,54.70934,8.408871603905506,3.1325259231824836,0.0
25.24065,26.31709,31.65304,1402.95017,-0.98382,54.72204,8.397252881242862,3.1281976432836562,0.0
25.2515,26.33406,31.61599,1398.51782,-1.03734,54.73474,8.387876918889427,3.124704850610585,0.0
25.26232,26.35098,31.57708,1394.10381,-1.09168,54.74743,8.380749365314465,3.1220496493666907,0.0
25.2731,26.36785,31.5363,1389.70708,-1.14671,54.76011,8.375870939731357,3.1202323074778806,0.0
25.28385,26.38467,31.49364,1385.32653,-1.20229,54.77278,8.373237505088046,3.1192512837834117,0.0
25.29455,26.40144,31.4491,1380.96104,-1.25828,54.78544,8.372840130180043,3.119103251174617,0.0
25.30522,26.41816,31.40267,1376.60943,-1.31455,54.79809,8.374665141106513,3.119783115763655,0.0
25.31585,26.43484,31.35436,1372.27054,-1.37095,54.81073,8.378694162548973,3.1212840322609052,0.0
25.32644,26.45146,31.30418,1367.94315,-1.42735,54.82336,8.3849041495596,3.1235974158169557,0.0
25.337,26.46804,31.25214,1363.62602,-1.48361,54.83598,8.393267410725391,3.1267129506518576,0.0
25.34752,26.48457,31.19827,1359.31792,-1.53959,54.84859,8.403751623787597,3.130618595873777,0.0
25.35801,26.50105,31.14258,1355.01759,-1.59516,54.86119,8.416319844979999,3.135300588957749,0.0
25.36845,26.51748,31.08512,1350.72374,-1.65017,54.87379,8.430930513523887,3.1407434474201734,0.0
25.37886,26.53386,31.02591,1346.43509,-1.70451,54.88637,8.447537452864676,3.146929969279489,0.0
25.38924,26.55019,30.96498,1342.15035,-1.75804,54.89894,8.466089870425078,3.1538412329642234,0.0
25.39957,26.56648,30.90239,1337.86822,-1.81062,54.9115,8.48653235777835,3.1614565973775304,0.0
25.40988,26.58271,30.83819,1333.58742,-1.86214,54.92405,8.50880489325495,3.1697537028682423,0.0
25.42014,26.5989,30.77241,1329.30665,-1.91247,54.93659,8.532842849137143,3.178708473911044,0.0
25.43037,26.61504,30.70512,1325.02462,-1.96149,54.94913,8.5585770056853,3.188295124331642,0.0
25.44056,26.63113,30.63637,1320.74005,-2.00908,54.96164,8.585933574287962,3.1984861659307735,0.0
25.45072,26.64718,30.56623,1316.4517,-2.05513,54.97415,8.614834232151155,3.2092524214068874,0.0
25.46084,26.66317,30.49476,1312.15831,-2.09954,54.98665,8.645196170866864,3.220563042449175,0.0
25.47092,26.67911,30.42204,1307.85865,-2.14219,54.99914,8.676932161308908,3.2323855339130008,0.0
25.48096,26.69501,30.34813,1303.55154,-2.183,55.01161,8.709950637195167,3.2446857849490183,0.0
25.49097,26.71086,30.2731,1299.23578,-2.22187,55.02407,8.744155799638603,3.257428107951187,0.0
25.50095,26.72666,30.19704,1294.91026,-2.25871,55.03652,8.779447744887216,3.270575286143261,0.0
25.51088,26.7424,30.12003,1290.57385,-2.29344,55.04896,8.815722617336817,3.284088630580075,0.0
25.52079,26.7581,30.04213,1286.22551,-2.32598,55.06138,8.852872789709512,3.2979280472687673,0.0
25.53065,26.77375,29.96345,1281.86419,-2.35627,55.07379,8.89078707208081,3.3120521150368836,0.0
25.54048,26.78935,29.88406,1277.48893,-2.38425,55.08619,8.92935095120249,3.3264181746864376,0.0
25.55027,26.8049,29.80404,1273.0988,-2.40986,55.09857,8.968446861225424,3.3409824298452824,0.0
25.56002,26.8204,29.72349,1268.69294,-2.43305,55.11094,9.007954486645488,3.355700059822443,0.0
25.56974,26.83585,29.6425,1264.27051,-2.45379,55.12329,9.047751097885303,3.370525344621135,0.0
25.57942,26.85125,29.56114,1259.83077,-2.47205,55.13562,9.087711919515211,3.385411802110772,0.0
25.58906,26.8666,29.47951,1255.37303,-2.48779,55.14794,9.127710530696282,3.4003123372025215,0.0
25.59866,26.8819,29.39769,1250.89666,-2.50101,55.16025,9.167619296942746,3.4151794026921656,0.0
25.60823,26.89715,29.31578,1246.40111,-2.51171,55.17254,9.207309831815664,3.4299651712531514,0.0
25.61776,26.91234,29.23386,1241.88588,-2.51988,55.18481,9.246653486655202,3.4446217178747416,0.0
25.62726,26.92748,29.15201,1237.35057,-2.52553,55.19706,9.285521865980426,3.459101211861997,0.0
25.63671,26.94258,29.07032,1232.79484,-2.5287,55.2093,9.323787365616584,3.4733561173023557,0.0
25.64613,26.95761,28.98886,1228.21844,-2.52939,55.22151,9.361323730208445,3.487339400754017,0.0
25.65551,26.9726,28.90773,1223.62117,-2.52767,55.23371,9.398006626214624,3.501004744701401,0.0
25.66485,26.98753,28.827,1219.00295,-2.52356,55.24589,9.433714226140495,3.514306765197287,0.0
25.67415,27.00242,28.74674,1214.36375,-2.51714,55.25805,9.468327799274372,3.527201231927576,0.0
25.68342,27.01724,28.66702,1209.70364,-2.50846,55.27019,9.501732303946067,3.539645288843198,0.0
25.69265,27.03202,28.58793,1205.02275,-2.4976,55.28231,9.533816976002512,3.5515976733827537,0.0
25.70183,27.04674,28.50951,1200.3213,-2.48463,55.2944,9.564475907991659,3.563018932233761,0.0
25.71099,27.0614,28.43184,1195.5996,-2.46966,55.30648,9.593608613433629,3.5738716315385077,0.0
25.7201,27.07602,28.35497,1190.85804,-2.45278,55.31854,9.621120570531119,3.5841205594404806,0.0
25.72917,27.09057,28.27896,1186.09705,-2.43409,55.33057,9.64692373968422,3.5937329188722527,0.0
25.7382,27.10508,28.20387,1181.31718,-2.4137,55.34258,9.670937049341525,3.6026785085478004,0.0
25.7472,27.11952,28.12973,1176.51904,-2.39175,55.35457,9.69308684495388,3.6109298902096008,0.0
25.75615,27.13391,28.05659,1171.70329,-2.36835,55.36653,9.713307296099634,3.618462540293484,0.0
25.76507,27.14825,27.98448,1166.87068,-2.34363,55.37848,9.73154075727148,3.625254984331233,0.0
25.77395,27.16253,27.91345,1162.02201,-2.31774,55.39039,9.747738078291396,3.6312889125883165,0.0
25.78278,27.17676,27.84351,1157.15816,-2.29081,55.40229,9.761858860899906,3.6365492756501374,0.0
25.79158,27.19092,27.77469,1152.28004,-2.263,55.41416,9.773871658651634,3.6410243588883886,0.0
25.80034,27.20504,27.70702,1147.38864,-2.23445,55.42601,9.783754117960463,3.644705835004081,0.0
25.80906,27.21909,27.64049,1142.48498,-2.20531,55.43783,9.791493058814865,3.647588794096134,0.0
25.81774,27.23309,27.57513,1137.57012,-2.17575,55.44963,9.79708449440954,3.6496717509746754,0.0
25.82638,27.24703,27.51093,1132.64519,-2.14592,55.4614,9.800533589746653,3.65095662973891,0.0
25.83498,27.26092,27.44789,1127.71132,-2.11597,55.47315,9.801854559879818,3.65144872587033,0.0
25.84354,27.27474,27.38601,1122.76968,-2.08608,55.48488,9.801070509321754,3.6511566464078395,0.0
25.85206,27.28851,27.32528,1117.82149,-2.0564,55.49657,9.798213214718288,3.650092228988102,0.0
25.86054,27.30222,27.26567,1112.86795,-2.02709,55.50825,9.793322853595809,3.648270440796834,0.0
25.86898,27.31588,27.20718,1107.91031,-1.9983,55.5199,9.786447682528143,3.645709258677491,0.0
25.87738,27.32948,27.14977,1102.94982,-1.97019,55.53152,9.777643668640506,3.642429531856799,0.0
25.88574,27.34301,27.09341,1097.98772,-1.94292,55.54312,9.766974078743452,3.6384548288863403,0.0
25.89406,27.35649,27.03808,1093.02527,-1.91664,55.5547,9.754509030826664,3.6338112705621874,0.0
25.90234,27.36992,26.98373,1088.06372,-1.89148,55.56624,9.740325012858767,3.628527350665172,0.0
25.91058,27.38328,26.93032,1083.10431,-1.8676,55.57777,9.724504374079924,3.622633746453994,0.0
25.91878,27.39659,26.87782,1078.14829,-1.84512,55.58927,9.707134794072712,3.616163120880152,0.0
25.92694,27.40984,26.82616,1073.19685,-1.82419,55.60074,9.688308734886927,3.609149918490018,0.0
25.93506,27.42303,26.77531,1068.25121,-1.80492,55.6122,9.668122881518988,3.6016301569886937,0.0
25.94314,27.43616,26.72521,1063.31252,-1.78744,55.62362,9.646677575827239,3.5936412163585647,0.0
25.95118,27.44924,26.67579,1058.38193,-1.77185,55.63502,9.6240762488343,3.585221627376992,0.0
25.95918,27.46225,26.62701,1053.46056,-1.75827,55.6464,9.600424856090545,3.5764108612743466,0.0
25.96714,27.47521,26.5788,1048.54949,-1.7468,55.65776,9.575831320446655,3.5672491221521305,0.0
25.97507,27.48812,26.5311,1043.64976,-1.73751,55.66909,9.550404986270907,3.557777143664549,0.0
25.98295,27.50096,26.48385,1038.76237,-1.7305,55.6804,9.52425608872503,3.548035991309807,0.0
25.9908,27.51375,26.43697,1033.88829,-1.72585,55.69169,9.497495241307782,3.5380668715266106,0.0
25.9986,27.52648,26.39041,1029.02844,-1.7236,55.70295,9.470232944482596,3.527910948645028,0.0
26.00637,27.53915,26.3441,1024.18368,-1.72384,55.71419,9.44257911772072,3.5176091705602555,0.0
26.0141,27.55176,26.29796,1019.35484,-1.7266,55.72541,9.41464265691044,3.5072021038559034,0.0
26.02179,27.56432,26.25194,1014.54271,-1.73192,55.73661,9.386531018592628,3.4967297789207987,0.0
26.02944,27.57682,26.20595,1009.748,-1.73984,55.74779,9.358349832165324,3.4862315454849866,0.0
26.03705,27.58927,26.15994,1004.97139,-1.75038,55.75894,9.330202540698195,3.4757459388136716,0.0
26.04462,27.60165,26.11384,1000.21351,-1.76356,55.77008,9.30219007072267,3.465310556695344,0.0
26.05216,27.61399,26.06757,995.47492,-1.77939,55.78119,9.274410530976311,3.454961947216145,0.0
