0.05125,0.05125,54.58055,5417.35552,-0.49315,45.00011,4.979252227796453,1.8549024668651366,0.0
0.10247,0.10247,54.51115,5414.68459,-0.48568,45.00027,5.023136591138616,1.8712505468771845,0.0
0.15366,0.15367,54.44288,5411.9873,-0.47759,45.00048,5.06654556349231,1.8874215312377378,0.0
0.20484,0.20484,54.37584,5409.26379,-0.46889,45.00076,5.109398431453128,1.9033853520799577,0.0
0.25598,0.25599,54.31011,5406.51424,-0.45959,45.00108,5.15161363357427,1.9191116256189005,0.0
0.3071,0.30711,54.24577,5403.73887,-0.4497,45.00147,5.193109029835237,1.9345697525356957,0.0
0.35819,0.35821,54.1829,5400.93797,-0.43924,45.00191,5.233802188003521,1.9497290246548127,0.0
0.40926,0.40928,54.12158,5398.11185,-0.42821,45.0024,5.273610685564901,1.964558737421036,0.0
0.4603,0.46032,54.06189,5395.26091,-0.41663,45.00295,5.312452425699559,1.9790283076088855,0.0
0.51132,0.51135,54.00391,5392.38555,-0.40452,45.00355,5.350245965518409,1.9931073955992882,0.0
0.5623,0.56234,53.9477,5389.48626,-0.39189,45.00421,5.386910854587386,2.006766031488773,0.0
0.61326,0.61331,53.89335,5386.56356,-0.37876,45.00492,5.422367981529912,2.019974744208022,0.0
0.66419,0.66425,53.8409,5383.61803,-0.36516,45.00568,5.456539926310112,2.0327046927566266,0.0
0.71509,0.71517,53.79043,5380.65028,-0.3511,45.0065,5.4893513156553,2.0449277986073207,0.0
0.76597,0.76606,53.74201,5377.66099,-0.3366,45.00737,5.520729178886426,2.056616878262185,0.0
0.81681,0.81692,53.69567,5374.65086,-0.3217,45.0083,5.550603301345964,2.0677457749138313,0.0
0.86763,0.86776,53.65149,5371.62067,-0.30641,45.00928,5.578906572502253,2.0782894881234326,0.0
0.91842,0.91857,53.60951,5368.5712,-0.29076,45.01031,5.60557532576393,2.0882243004105367,0.0
0.96917,0.96936,53.56978,5365.5033,-0.27477,45.0114,5.63054966702741,2.09752789964565,0.0
1.0199,1.02011,53.53233,5362.41785,-0.25848,45.01254,5.653773789005264,2.106179496145826,0.0
1.0706,1.07084,53.49721,5359.31577,-0.24191,45.01373,5.675196268435787,2.1141599333930525,0.0
1.12127,1.12154,53.46446,5356.19801,-0.22509,45.01498,5.6947703433892,2.121451791338108,0.0
1.1719,1.17222,53.4341,5353.06556,-0.20806,45.01628,5.712454168030024,2.1280394813062435,0.0
1.22251,1.22287,53.40615,5349.91944,-0.19083,45.01763,5.7282110423750785,2.133909331588092,0.0
1.27309,1.27349,53.38065,5346.76068,-0.17345,45.01903,5.742009614800737,2.139049662878941,0.0
1.32363,1.32408,53.3576,5343.59036,-0.15594,45.02049,5.753824055319729,2.143450852828904,0.0
1.37415,1.37465,53.33702,5340.40955,-0.13834,45.022,5.763634197916907,2.147105389066739,0.0
1.42463,1.42518,53.31892,5337.21937,-0.12068,45.02356,5.771425650556953,2.150007910180614,0.0
1.47508,1.47569,53.3033,5334.02092,-0.10298,45.02517,5.7771898718021335,2.152155234260232,0.0
1.5255,1.52618,53.29016,5330.81536,-0.0853,45.02683,5.780924213314368,2.1535463747299777,0.0
1.57589,1.57663,53.27949,5327.6038,-0.06765,45.02855,5.782631927907275,2.154182543348511,0.0
1.62624,1.62706,53.27128,5324.3874,-0.05007,45.03032,5.782322143128634,2.1540671403675393,0.0
1.67657,1.67746,53.26552,5321.1673,-0.03259,45.03214,5.780009800770622,2.1532057319977906,0.0
1.72686,1.72783,53.26219,5317.94465,-0.01525,45.03401,5.775715563009404,2.151606015443542,0.0
1.77712,1.77818,53.26127,5314.72058,0.00192,45.03593,5.769465686257377,2.1492777719092575,0.0
1.82735,1.82849,53.26272,5311.49622,0.0189,45.03791,5.761291864101645,2.146232808090043,0.0
1.87754,1.87878,53.26651,5308.27269,0.03565,45.03993,5.751231041047228,2.142484886786086,0.0
1.92771,1.92905,53.27261,5305.0511,0.05214,45.04201,5.739325199002428,2.13804964736284,0.0
1.97784,1.97928,53.28098,5301.83254,0.06834,45.04414,5.725621118743976,2.132944516890514,0.0
2.02793,2.02949,53.29157,5298.61806,0.08423,45.04632,5.710170118755071,2.12718861285437,0.0
2.078,2.07967,53.30433,5295.40873,0.09976,45.04856,5.693027774056828,2.12080263841204,0.0
2.12803,2.12983,53.31921,5292.20554,0.11493,45.05084,5.674253617715994,2.113808771197297,0.0
2.17804,2.17995,53.33616,5289.00951,0.1297,45.05317,5.653910827893175,2.106230546737283,0.0
2.228,2.23005,53.35511,5285.82159,0.14404,45.05556,5.632065903270446,2.0980927375407568,0.0
2.27794,2.28013,53.376,5282.6427,0.15793,45.058,5.608788329766842,2.0894212289408447,0.0
2.32785,2.33018,53.39877,5279.47376,0.17136,45.06049,5.584150241408672,2.0802428927603063,0.0
2.37772,2.3802,53.42335,5276.31561,0.18429,45.06303,5.558226078166837,2.0705854598469355,0.0
2.42756,2.43019,53.44966,5273.16909,0.1967,45.06562,5.531092243492864,2.0604773924967232,0.0
2.47736,2.48016,53.47763,5270.03497,0.20859,45.06826,5.502826764163552,2.0499477577370335,0.0
2.52714,2.53011,53.50719,5266.91402,0.21992,45.07096,5.473508954897963,2.039026102387614,0.0
2.57688,2.58003,53.53825,5263.80692,0.23069,45.0737,5.443219090050603,2.027742330757663,0.0
2.62659,2.62992,53.57074,5260.71436,0.24088,45.0765,5.412038084488334,2.016126585764085,0.0
2.67627,2.67979,53.60458,5257.63695,0.25046,45.07935,5.38004718558383,2.0042091341909485,0.0
2.72589,2.72966,53.63734,5254.57922,0.22575,45.15137,5.349079604124323,1.9926728952911756,51.99999911297563
2.77542,2.77957,53.66667,5251.54431,0.20064,45.22312,5.320911899771209,1.9821796842827346,51.99999911297563
2.82485,2.82951,53.6925,5248.53074,0.17518,45.29461,5.295532583540889,1.972725221216941,51.99999911297563
2.8742,2.87949,53.7148,5245.53707,0.14938,45.3659,5.272932295590898,1.964306019306205,51.99999911297563
2.92345,2.9295,53.73352,5242.56181,0.12328,45.43701,5.253102622068973,1.9569189441691768,51.99999911297563
2.97262,2.97955,53.74863,5239.60349,0.09691,45.50797,5.236036217780338,1.950561259527538,51.99999911297563
3.02169,3.02964,53.76009,5236.66063,0.0703,45.57884,5.221726913972335,1.9452306673586142,51.99999911297563
3.07068,3.07975,53.76789,5233.73176,0.04346,45.64963,5.210169811794475,1.9409253427117021,51.99999911297563
3.11957,3.12991,53.772,5230.81539,0.01643,45.72039,5.201361361934461,1.9376439633745823,51.99999911297563
3.16838,3.18009,53.77239,5227.91002,-0.01076,45.79115,5.195299430852739,1.9353857345476349,51.99999911297563
3.2171,3.23032,53.76905,5225.01417,-0.03808,45.86194,5.19198335396812,1.93415040865688,51.99999911297563
3.26573,3.28057,53.76196,5222.12633,-0.06551,45.93281,5.191413976075036,1.9339383004104722,51.99999911297563
3.31427,3.33087,53.75113,5219.24498,-0.09302,46.00378,5.193593679175534,1.9347502971668487,51.99999911297563
3.36272,3.38119,53.73654,5216.3686,-0.12058,46.0749,5.198526397856213,1.9365878646630406,51.99999911297563
3.41108,3.43156,53.7182,5213.49567,-0.14817,46.1462,5.206217622251532,1.93945304811859,51.99999911297563
3.45935,3.48195,53.6961,5210.62464,-0.17575,46.2177,5.216674388529433,1.9433484686911877,51.99999911297563
3.50754,3.53239,53.67025,5207.75397,-0.2033,46.28946,5.22990525679953,1.9482773152468944,51.99999911297563
3.55563,3.58286,53.64067,5204.88208,-0.23078,46.36151,5.2459202762232335,1.954243331362746,51.99999911297563
3.60364,3.63336,53.60736,5202.0074,-0.25818,46.43388,5.264730937049681,1.961250797458871,51.99999911297563
3.65155,3.6839,53.57035,5199.12834,-0.28546,46.50661,5.28635010921489,1.9693045079250662,51.99999911297563
3.69938,3.73448,53.52966,5196.24329,-0.31259,46.57974,5.310791967062219,1.9784097430771812,51.99999911297563
3.74711,3.78509,53.48531,5193.35063,-0.33955,46.6533,5.338071899687385,1.9885722357582816,51.99999911297563
3.79475,3.83574,53.43734,5190.44872,-0.3663,46.72734,5.368206406312825,1.999798132362846,51.99999911297563
3.8423,3.88642,53.38578,5187.5359,-0.39282,46.80188,5.401212976055427,2.0120939480470827,51.99999911297563
3.88975,3.93714,53.33066,5184.61051,-0.41908,46.87697,5.437109951385217,2.025466515863695,51.99999911297563
3.93712,3.9879,53.27203,5181.67086,-0.44505,46.95265,5.475916374507563,2.039922929535212,51.99999911297563
3.98439,4.03869,53.20993,5178.71523,-0.47069,47.02896,5.517651815871779,2.0554704795689345,51.99999911297563
4.03156,4.08953,53.14441,5175.74189,-0.49599,47.10593,5.562336183966036,2.0721165824005294,51.99999911297563
4.07864,4.1404,53.07553,5172.74911,-0.5209,47.1836,5.60998951551668,2.0898687022377587,51.99999911297563
4.12563,4.19131,53.00335,5169.73512,-0.5454,47.26202,5.660631745226733,2.108734265282011,51.99999911297563
4.17251,4.24225,52.92792,5166.69813,-0.56946,47.34123,5.7142824541524835,2.128720565991962,51.99999911297563
4.2193,4.29324,52.84932,5163.63635,-0.59305,47.42126,5.770960595855152,2.1498346650678672,51.99999911297563
4.26599,4.34426,52.76761,5160.54795,-0.61614,47.50215,5.8306841994939855,2.172083278845919,51.99999911297563
4.31258,4.39533,52.68287,5157.4311,-0.63869,47.58396,5.89347004906888,2.1954726598076935,51.99999911297563
4.35907,4.44643,52.59517,5154.28394,-0.66067,47.66671,5.959333338110937,2.2200084679432917,51.99999911297563
4.40546,4.49757,52.5046,5151.10461,-0.68206,47.75046,6.028287299220606,2.2456956327445514,51.99999911297563
4.45174,4.54876,52.41124,5147.89121,-0.70282,47.83524,6.100342807970924,2.272538205648583,51.99999911297563
4.49792,4.59998,52.31519,5144.64185,-0.72292,47.92109,6.175507960866385,2.3005392028163416,51.99999911297563
4.54399,4.65125,52.21654,5141.35462,-0.74233,48.00807,6.253787627241924,2.3297004382032114,51.99999911297563
4.58996,4.70255,52.1154,5138.0276,-0.76101,48.09621,6.335182975222689,2.360022346966544,51.99999911297563
4.63582,4.7539,52.01185,5134.65887,-0.77894,48.18555,6.4196909721176665,2.391503799349144,51.99999911297563
4.68156,4.80529,51.90602,5131.24648,-0.79608,48.27614,6.507303859962479,2.424141905305154,51.99999911297563
4.7272,4.85673,51.79801,5127.78852,-0.8124,48.36802,6.598008607249643,2.4579318102551584,51.99999911297563
4.77272,4.9082,51.68795,5124.28304,-0.82788,48.46124,6.691786338323626,2.4928664825208218,51.99999911297563
4.81813,4.95972,51.57594,5120.72811,-0.84247,48.55583,6.788611742319421,2.5289364931389624,51.99999911297563
4.86342,5.01129,51.46211,5117.12182,-0.85614,48.65185,6.88845246406732,2.566129788957545,51.99999911297563
4.90859,5.06289,51.3466,5113.46225,-0.86888,48.74932,6.991268479865774,2.604431460094658,51.99999911297563
4.95365,5.11455,51.22953,5109.74752,-0.88064,48.8483,7.097011461670762,2.643823503082316,51.99999911297563
4.99858,5.16624,51.11105,5105.97575,-0.8914,48.94883,7.2056241338054985,2.684284581223901,51.99999911297563
5.04339,5.21799,50.99128,5102.1451,-0.90112,49.05094,7.317039627001939,2.725789783957633,51.99999911297563
5.08807,5.26977,50.87037,5098.25377,-0.90978,49.15468,7.431180835233246,2.7683103872597297,51.99999911297563
5.13262,5.32161,50.74848,5094.29997,-0.91735,49.26008,7.547959781539518,2.811813617397818,51.99999911297563
5.17705,5.37349,50.62574,5090.28199,-0.92381,49.36719,7.667276999715559,2.8562624205933473,51.99999911297563
5.22134,5.42542,50.50232,5086.19815,-0.92912,49.47603,7.789020939498741,2.9016152414384244,51.99999911297563
5.26549,5.4774,50.37837,5082.04683,-0.93327,49.58665,7.913067403549904,2.947825813156384,51.99999911297563
5.30952,5.52942,50.25405,5077.8265,-0.93622,49.69908,8.039279025208833,2.994842963051962,51.99999911297563
5.3534,5.5815,50.12952,5073.53568,-0.93797,49.81335,8.167504796629927,3.0426104367294173,51.99999911297563
5.39714,5.63362,50.00494,5069.17297,-0.93848,49.92949,8.29757965741263,3.091066744846539,51.99999911297563
5.44074,5.68579,49.88049,5064.73709,-0.93774,50.04754,8.42932415433697,3.1401450363571923,51.99999911297563
5.48419,5.73801,49.75633,5060.22683,-0.93573,50.1675,8.562544183116229,3.189773002307384,51.99999911297563
5.5275,5.79028,49.63263,5055.6411,-0.93244,50.28941,8.69703082328422,3.239872814326427,51.99999911297563
5.57066,5.8426,49.50957,5050.97893,-0.92785,50.4133,8.83256027735601,3.2903611019627217,51.99999911297563
5.61366,5.89497,49.38732,5046.23947,-0.92196,50.53916,8.968893925254738,3.341148972959165,51.99999911297563
5.65651,5.94739,49.26604,5041.42202,-0.91475,50.66703,9.105778504570457,3.3921420804043136,51.99999911297563
5.69919,5.99987,49.14592,5036.52601,-0.90623,50.79691,9.242946426674363,3.44324074049326,51.99999911297563
5.74172,6.05239,49.02712,5031.55101,-0.89638,50.9288,9.380116237769503,3.494340104281143,51.99999911297563
5.78409,6.10497,48.90983,5026.49678,-0.88522,51.06272,9.516993232875432,3.5453303864085934,51.99999911297563
5.82629,6.15759,48.79421,5021.36324,-0.87274,51.19866,9.653270229326216,3.5960971532500876,51.99999911297563
5.86833,6.21027,48.68044,5016.15047,-0.85894,51.33661,9.788628504635728,3.646521672293449,51.99999911297563
5.91019,6.26301,48.56868,5010.85874,-0.84385,51.47658,9.922738901686492,3.696481323851774,51.99999911297563
5.95188,6.31579,48.4591,5005.48853,-0.82748,51.61854,10.055263101915939,3.7458500753588084,51.99999911297563
5.9934,6.36863,48.35187,5000.04049,-0.80983,51.76247,10.18585506473909,3.794499017591771,51.99999911297563
6.03474,6.42152,48.24715,4994.51547,-0.79094,51.90836,10.31416262882746,3.842296961189881,51.99999911297563
6.07589,6.47446,48.14509,4988.91455,-0.77083,52.05618,10.439829267952964,3.889111090752405,51.99999911297563
6.11687,6.52745,48.04585,4983.23899,-0.74953,52.20589,10.56249599124434,3.93480767273418,51.99999911297563
6.15766,6.5805,47.94957,4977.49028,-0.72706,52.35746,10.681803374675532,3.9792528122284847,51.99999911297563
6.19827,6.6336,47.85641,4971.67008,-0.70347,52.51084,10.797393707628201,4.022313252618056,51.99999911297563
6.23868,6.68675,47.7665,4965.78032,-0.6788,52.666,10.90891323548715,4.0638572110008875,51.99999911297563
6.27891,6.73995,47.67996,4959.82307,-0.65309,52.82286,11.016014476524452,4.103755241290534,51.99999911297563
6.31894,6.79321,47.59694,4953.80066,-0.62638,52.98139,11.118358588781206,4.141881115941834,51.99999911297563
6.35877,6.84652,47.51753,4947.71559,-0.59873,53.14152,11.21561776057606,4.178112716478241,51.99999911297563
6.39841,6.89988,47.44187,4941.57055,-0.5702,53.30317,11.307477596455234,4.212332922320979,51.99999911297563
6.43785,6.95328,47.37004,4935.36843,-0.54084,53.46629,11.393639469110719,4.244430486940457,51.99999911297563
6.47709,7.00675,47.30214,4929.11229,-0.51071,53.63079,11.473822807045943,4.274300890071922,51.99999911297563
6.51612,7.06026,47.23826,4922.80536,-0.47987,53.79659,11.547767287568515,4.3018471546629575,51.99999911297563
6.55495,7.11382,47.17847,4916.45101,-0.44841,53.96362,11.615234905081346,4.326980617366341,51.99999911297563
6.59358,7.16743,47.12285,4910.05278,-0.41637,54.13179,11.676011885699207,4.349621641785097,51.99999911297563
6.632,7.22109,47.07145,4903.61433,-0.38385,54.301,11.72991042086302,4.369700264289429,51.99999911297563
6.67021,7.27479,47.02431,4897.13943,-0.3509,54.47116,11.776770194918706,4.38715676308003,51.99999911297563
6.70821,7.32855,46.98148,4890.63196,-0.31761,54.64219,11.816459684388661,4.401942142200907,51.99999911297563
6.74601,7.38235,46.94299,4884.09586,-0.28406,54.81397,11.848877210017307,4.414018523454011,51.99999911297563
6.78359,7.4362,46.90884,4877.53518,-0.25032,54.98642,11.873951726471203,4.423359440583322,51.99999911297563
6.82096,7.49009,46.87906,4870.95398,-0.21648,55.15943,11.891643338595939,4.4299500315941165,51.99999911297563
6.85819,7.54398,46.85877,4864.34778,-0.10193,55.16736,11.893297428881894,4.43056622374737,0.0
6.89537,7.5978,46.85308,4857.71852,0.01239,55.17531,11.870413453056585,4.422041340638801,0.0
6.93249,7.65156,46.86188,4851.07994,0.12606,55.18328,11.823347518403079,4.404508041601098,0.0
6.96955,7.70525,46.88504,4844.44562,0.23865,55.19127,11.752700772022722,4.3781902697466455,0.0
7.00655,7.75888,46.92234,4837.82884,0.34974,55.19929,11.659294365099763,4.343393925497365,0.0
7.0435,7.81244,46.97353,4831.24247,0.45894,55.20732,11.544150897077529,4.300499954052104,0.0
7.08038,7.86594,47.03832,4824.69885,0.56587,55.21538,11.408472249179807,4.249956087790125,0.0
7.11721,7.91938,47.11636,4818.20973,0.67018,55.22345,11.253614605231407,4.192267540869509,0.0
7.15398,7.97275,47.20726,4811.7861,0.77151,55.23155,11.081061514709154,4.127986974504914,0.0
7.19069,8.02606,47.31058,4805.43822,0.86957,55.23967,10.892395867457939,4.057704056811898,0.0
7.22735,8.0793,47.42588,4799.1755,0.96408,55.24781,10.689271624185439,3.982034931672396,0.0
7.26394,8.13249,47.55266,4793.00648,1.05478,55.25597,10.473386086594079,3.9016118886292572,0.0
7.30049,8.18561,47.6904,4786.93881,1.14146,55.26416,10.246453402568516,3.8170734928714602,0.0
7.33697,8.23867,47.83856,4780.97923,1.22392,55.27237,10.010179892793383,3.7290553937500337,0.0
7.3734,8.29168,47.99657,4775.13359,1.30199,55.2806,9.76624166361573,3.638181984980262,0.0
7.40978,8.34462,48.16387,4769.40683,1.37556,55.28886,9.516264844645319,3.545059042627829,0.0
7.44611,8.39751,48.33985,4763.80305,1.44451,55.29715,9.261808665229285,3.450267420650334,0.0
7.48238,8.45035,48.52394,4758.32553,1.50876,55.30546,9.004351467616253,3.3543578404329164,0.0
7.5186,8.50313,48.71551,4752.97674,1.56828,55.31379,8.745279650495934,3.257846771965839,0.0
7.55477,8.55586,48.91398,4747.75842,1.62303,55.32215,8.485879447717977,3.1612133712009447,0.0
7.5909,8.60854,49.11873,4742.67164,1.67301,55.33055,8.227331375176387,3.064897411369992,0.0
7.62697,8.66117,49.32917,4737.71683,1.71824,55.33897,7.970707124177089,2.9692981256823354,0.0
7.663,8.71375,49.54471,4732.89383,1.75875,55.34741,7.71696864188522,2.8747738647673398,0.0
7.69898,8.76629,49.76475,4728.20198,1.79461,55.35589,7.466969117034728,2.781642463877149,0.0
7.73492,8.81879,49.98873,4723.64014,1.82587,55.3644,7.221455580312517,2.6901822115981937,0.0
7.77082,8.87124,50.21608,4719.20679,1.85261,55.37294,6.981072831407553,2.600633312780315,0.0
7.80667,8.92364,50.44624,4714.90003,1.87494,55.38151,6.746368416447553,2.513199742762893,0.0
7.84248,8.97601,50.67869,4710.71765,1.89295,55.39012,6.517798398084336,2.428051396883462,0.0
7.87825,9.02834,50.91289,4706.6572,1.90676,55.39875,6.295733683917009,2.345326447981855,0.0
7.91398,9.08064,51.14834,4702.71602,1.91648,55.40742,6.080466705168133,2.265133834382804,0.0
7.94967,9.1329,51.38454,4698.89125,1.92224,55.41613,5.872218265203033,2.187555811149579,0.0
7.98532,9.18512,51.62103,4695.17992,1.92416,55.42487,5.671144405192086,2.1126505077238353,0.0
8.02094,9.23732,51.85734,4691.57894,1.92237,55.43364,5.477343160973254,2.040454445034693,0.0
8.05652,9.28948,52.09303,4688.08515,1.917,55.44245,5.290861110272257,1.9709849745105161,0.0
8.09206,9.34161,52.32767,4684.69535,1.90819,55.4513,5.111699632392088,1.9042426099779612,0.0
8.12757,9.39371,52.56087,4681.40631,1.89606,55.46019,4.939820822967608,1.8402132310636898,0.0
8.16305,9.44579,52.79222,4678.2148,1.88075,55.46911,4.775153024253499,1.778870143372142,0.0
8.19849,9.49784,53.02135,4675.1176,1.86239,55.47807,4.617595946755325,1.720175986427865,0.0
8.2339,9.54986,53.24791,4672.11153,1.8411,55.48707,4.467025370788574,1.6640844851299614,0.0
8.26928,9.60186,53.47156,4669.19345,1.81702,55.49611,4.323297427072372,1.6105420443858784,0.0
8.30463,9.65384,53.69195,4666.36026,1.79026,55.50518,4.186252463799647,1.5594891896967886,0.0
8.33995,9.7058,53.9088,4663.60894,1.76095,55.5143,4.05571851410992,1.5108618588824432,0.0
8.37524,9.75773,54.12179,4660.93653,1.7292,55.52346,3.9315143827081154,1.4645925519278917,0.0
8.4105,9.80965,54.33065,4658.34015,1.69514,55.53265,3.813452373775176,1.420611347201961,0.0
8.44574,9.86154,54.5351,4655.81698,1.65886,55.54189,3.7013406845277275,1.3788467931212087,0.0
8.48094,9.91342,54.7349,4653.3643,1.62049,55.55117,3.5949854900341203,1.3392266847987553,0.0
8.51612,9.96528,54.9298,4650.97945,1.58011,55.56049,3.4941927453210924,1.3016787353764294,0.0
8.55127,10.01713,55.11957,4648.65989,1.53785,55.56985,3.398769730618724,1.2661311516691747,0.0
8.5864,10.06896,55.304,4646.40312,1.49378,55.57926,3.3085263649438534,1.2325131235094302,0.0
8.6215,10.12078,55.48288,4644.20674,1.44802,55.58871,3.223276312189705,1.2007552357946252,0.0
8.65658,10.17258,55.65602,4642.06843,1.40064,55.5982,3.142837902621166,1.1707898117684112,0.0
8.69163,10.22437,55.82323,4639.98594,1.35174,55.60773,3.067034891222073,1.1425511955249825,0.0
8.72665,10.27614,55.98434,4637.95711,1.3014,55.6173,2.995697072832511,1.1159759811639025,0.0
8.76166,10.32791,56.13918,4635.97983,1.2497,55.62692,2.9286607724046294,1.0910031954232975,0.0
8.79664,10.37966,56.28761,4634.05209,1.19673,55.63659,2.8657692271512625,1.0675744400402714,0.0
8.83159,10.43141,56.42949,4632.1719,1.14256,55.64629,2.8068728758089967,1.045633999509009,0.0
8.86653,10.48314,56.56467,4630.33739,1.08725,55.65604,2.7518295687679117,1.0251289193596334,0.0
8.90144,10.53486,56.69303,4628.5467,1.03089,55.66584,2.7005047113963063,1.0060090595504378,0.0
8.93633,10.58658,56.81445,4626.79805,0.97354,55.67568,2.652771351587877,0.9882271270815133,0.0
8.97119,10.63828,56.92883,4625.0897,0.91527,55.68556,2.6085102213245075,0.971738691477982,0.0
9.00604,10.68998,57.03606,4623.41998,0.85614,55.69549,2.5676097409172334,0.9565021863698654,0.0
9.04086,10.74167,57.13605,4621.78724,0.79622,55.70546,2.5299659935607495,0.942478900012972,0.0
9.07567,10.79336,57.22871,4620.18987,0.73556,55.71548,2.495482676892354,0.9296329572433272,0.0
9.11045,10.84503,57.31396,4618.62632,0.67422,55.72554,2.464071037397264,0.9179312950414296,0.0
9.14521,10.89671,57.39173,4617.09506,0.61226,55.73565,2.4356497927352145,0.9073436335968629,0.0
9.17995,10.94837,57.46195,4615.59458,0.54974,55.7458,2.4101450463824166,0.8978424445101812,0.0
9.21467,11.00003,57.52457,4614.12341,0.48671,55.756,2.387490198354669,0.889402917534919,0.0
9.24937,11.05169,57.57952,4612.6801,0.42323,55.76624,2.3676258552502882,0.882002927066214,0.0
9.28405,11.10334,57.62677,4611.2632,0.35934,55.77653,2.3504997423362846,0.8756229993905967,0.0
9.31872,11.15499,57.66627,4609.87129,0.2951,55.78686,2.3360666199851634,0.8702462815564999,0.0
9.35336,11.20663,57.69798,4608.50297,0.23055,55.79724,2.3242882063735744,0.8658585125774693,0.0
9.38798,11.25827,57.72189,4607.15682,0.16575,55.80766,2.315133107998138,0.8624479975474832,0.0
9.42258,11.3099,57.73796,4605.83145,0.10075,55.81813,2.3085767592551414,0.8600055851327996,0.0
9.45717,11.36154,57.74618,4604.52546,0.0356,55.82865,2.304601372037552,0.8585246487955147,0.0
9.49173,11.41316,57.74654,4603.23743,-0.02966,55.83921,2.3031958960475847,0.8580010720089528,0.0
9.52628,11.46479,57.73903,4601.96596,-0.09498,55.84982,2.3043559902601687,0.858433237627056,0.0
9.5608,11.51642,57.72366,4600.70962,-0.16031,55.86047,2.3080840057498926,0.8598220214869693,0.0
9.59531,11.56804,57.70042,4599.46697,-0.2256,55.87117,2.3143889798587285,0.8621707902363636,0.0
9.6298,11.61966,57.66933,4598.23654,-0.2908,55.88191,2.323286641455506,0.8654854032927296,0.0
9.66427,11.67128,57.63041,4597.01686,-0.35586,55.8927,2.334799426810136,0.8697742187569429,0.0
9.69872,11.72289,57.58369,4595.80642,-0.42073,55.90354,2.3489565053560484,0.8750481030104503,0.0
9.73316,11.77451,57.52918,4594.60368,-0.48537,55.91442,2.3657938143797246,0.8813204436380325,0.0
9.76757,11.82612,57.46693,4593.40705,-0.54972,55.92535,2.3853541013845194,0.8886071652094442,0.0
9.80197,11.87773,57.39698,4592.21493,-0.61374,55.93632,2.407686972597438,0.8969267473494632,0.0
9.83634,11.92934,57.31938,4591.02567,-0.67736,55.94734,2.4328489457560774,0.9063002444024149,0.0
9.8707,11.98095,57.23418,4589.83755,-0.74053,55.9584,2.4609035049538006,0.9167513058634449,0.0
9.90504,12.03256,57.14144,4588.64883,-0.80321,55.96951,2.4919211549266973,0.9283061966018373,0.0
9.93936,12.08417,57.04123,4587.45769,-0.86533,55.98066,2.525979471724546,0.9409938157372835,0.0
9.97366,12.13577,56.93362,4586.26227,-0.92683,55.99186,2.563163146212398,0.954845712845366,0.0
10.00795,12.18738,56.8187,4585.06064,-0.98766,56.0031,2.6035640162990976,0.9698960999635301,0.0
10.04221,12.23898,56.69656,4583.85078,-1.04776,56.01439,2.6472810831849887,0.9861818576437821,0.0
10.07645,12.29058,56.56728,4582.63064,-1.10706,56.02572,2.6944205062456823,1.0037425330467582,0.0
10.11068,12.34218,56.43097,4581.39805,-1.1655,56.03709,2.7450955704204905,1.0226203277930588,0.0
10.14489,12.39378,56.28775,4580.15078,-1.22301,56.04852,2.799426619169117,1.0428600729878499,0.0
10.17907,12.44538,56.13774,4578.88652,-1.27952,56.05998,2.8575409451604243,1.0645091884995552,0.0
10.21324,12.49697,55.98106,4577.60285,-1.33496,56.07149,2.9195726299088904,1.0876176232202142,0.0
10.24739,12.54857,55.81785,4576.29726,-1.38925,56.08304,2.9856623225252927,1.1122377726442925,0.0
10.28152,12.60016,55.64826,4574.96715,-1.44233,56.09464,3.055956946673772,1.1384243697024767,0.0
10.31562,12.65175,55.47244,4573.60982,-1.4941,56.10628,3.130609323643023,1.1662343443457754,0.0
10.34971,12.70333,55.29056,4572.22244,-1.54448,56.11796,3.2097776982737103,1.1957266469410097,0.0
10.38378,12.75492,55.10279,4570.80209,-1.5934,56.12969,3.29362515323808,1.2269620300745532,0.0
10.41782,12.8065,54.90933,4569.34573,-1.64076,56.14146,3.3823188959654513,1.2600027829133202,0.0
10.45185,12.85807,54.71036,4567.85019,-1.68646,56.15327,3.4760294013189954,1.2949124118293058,0.0
10.48585,12.90965,54.5061,4566.3122,-1.73042,56.16512,3.5749293920167142,1.331755260579573,0.0
10.51983,12.96121,54.29677,4564.72835,-1.77253,56.17702,3.679192637836999,1.3705960629787317,0.0
10.55379,13.01278,54.0826,4563.09513,-1.8127,56.18895,3.788992553851645,1.4114994207038505,0.0
10.58772,13.06434,53.86383,4561.4089,-1.85082,56.20093,3.904500577445774,1.4545291986916757,0.0
10.62164,13.11589,53.64072,4559.66587,-1.88677,56.21295,4.0258843037455785,1.4997478305364078,0.0
10.65553,13.16744,53.41355,4557.86217,-1.92045,56.22501,4.153305359406577,1.5472155264198806,0.0
10.68939,13.21898,53.18259,4555.99379,-1.95175,56.2371,4.286916995686226,1.5969893764677792,0.0
10.72324,13.27051,52.94815,4554.05662,-1.98054,56.24924,4.426861383362268,1.6491223430355526,0.0
10.75705,13.32203,52.71053,4552.04644,-2.00671,56.26142,4.573266594640903,1.7036621363897915,0.0
10.79084,13.37355,52.47007,4549.95892,-2.03014,56.27363,4.726243260783875,1.7606499695863786,0.0
10.82461,13.42505,52.2271,4547.78965,-2.05069,56.28588,4.885880899009527,1.820119190144489,0.0
10.85835,13.47655,51.98198,4545.53417,-2.06824,56.29817,5.052243908387308,1.8820937884119315,0.0
10.89206,13.52803,51.73508,4543.18792,-2.08267,56.3105,5.225367242161522,1.9465867853918857,0.0
10.92578,13.57948,51.48475,4540.75038,-2.12844,56.2469,5.406823855511502,2.014184148275594,-48.99999916415011
10.95954,13.63086,51.22925,4538.21996,-2.172,56.18062,5.5984086003604245,2.085554506629837,-48.99999916415011
10.99334,13.68219,50.96886,4535.59034,-2.21323,56.11151,5.80051131656993,2.1608430860603782,-48.99999916415011
11.02718,13.73345,50.70387,4532.85492,-2.25201,56.03941,6.01350834374665,2.240190082972781,-48.99999916415011
11.06106,13.78463,50.43461,4530.00688,-2.28818,55.96416,6.237766569682242,2.3237321727228357,-48.99999916415011
11.09499,13.83575,50.16139,4527.03914,-2.32163,55.88557,6.47363824219288,2.4116005768902635,-48.99999916415011
11.12897,13.88679,49.88457,4523.94443,-2.35219,55.80348,6.7214550460724345,2.503918856787936,-48.99999916415011
11.163,13.93775,49.60451,4520.71523,-2.37972,55.7177,6.981521400374808,2.6008004165231773,-48.99999916415011
11.19708,13.98863,49.32158,4517.34383,-2.40406,55.62805,7.2541069401515985,2.7023457022472335,-48.99999916415011
11.23122,14.03942,49.03618,4513.82236,-2.42507,55.53433,7.539438159213388,2.808639088863956,-48.99999916415011
11.26542,14.09012,48.74874,4510.14277,-2.44257,55.43635,7.837689207058107,2.9197454516434758,-48.99999916415011
11.29967,14.14072,48.45969,4506.2969,-2.45641,55.3339,8.148971854204362,3.035706428044831,-48.99999916415011
11.33398,14.19123,48.16948,4502.27652,-2.46643,55.2268,8.473324666444654,3.156536384840455,-48.99999916415011
11.36836,14.24163,47.8786,4498.07334,-2.47246,55.11482,8.810701460131236,3.2822181174063987,-48.99999916415011
11.40281,14.29192,47.58752,4493.67908,-2.47433,54.99778,9.160959147821403,3.4126983219053955,-48.99999916415011
11.43733,14.34209,47.29677,4489.08555,-2.47189,54.87548,9.523845126307037,3.547882896996032,-48.99999916415011
11.47192,14.39214,47.00687,4484.28467,-2.46498,54.7477,9.898984406831092,3.687632149499762,-48.99999916415011
11.50658,14.44207,46.71836,4479.26858,-2.45344,54.61426,10.285866739274795,3.831755997821851,-48.99999916415011
11.54133,14.49186,46.43182,4474.02971,-2.43713,54.47497,10.683834037026363,3.9800092873841115,-48.99999916415011
11.57615,14.54152,46.14781,4468.56084,-2.4159,54.32966,11.092068465131911,4.132087353147687,-48.99999916415011
11.61106,14.59103,45.86693,4462.85526,-2.38963,54.17816,11.509581608733841,4.287621984571363,-48.99999916415011
11.64606,14.64039,45.58978,4456.9068,-2.3582,54.02031,11.935205188478776,4.446177966856726,-48.99999916415011
11.68114,14.68959,45.31697,4450.70998,-2.32151,53.85598,12.367583830861756,4.607250387711156,-48.99999916415011
11.71632,14.73862,45.04914,4444.26009,-2.27947,53.68505,12.805170430106006,4.770262909526002,-48.99999916415011
11.7516,14.78749,44.78689,4437.55334,-2.23202,53.50743,13.246224649464924,4.934567211072136,-48.99999916415011
11.78698,14.83617,44.53087,4430.58695,-2.17912,53.32304,13.68881509940355,5.0994437989298715,-48.99999916415011
11.82245,14.88467,44.2817,4423.35925,-2.12074,53.13185,14.130825693317293,5.264104375161408,-48.99999916415011
11.85804,14.93297,44.04001,4415.8698,-2.05691,52.93385,14.569966615000453,5.427695922981432,-48.99999916415011
11.89373,14.98107,43.80642,4408.11951,-1.98764,52.72906,15.003790233282457,5.589306635377853,-48.99999916415011
11.92952,15.02897,43.58154,4400.11068,-1.91302,52.51753,15.429712167473747,5.747973762544661,-48.99999916415011
11.96543,15.07665,43.36596,4391.84714,-1.83315,52.29938,15.845037544031264,5.902693393180678,-48.99999916415011
12.00146,15.1241,43.16025,4383.33425,-1.74816,52.07472,16.246992293842005,6.052432113551158,-48.99999916415011
12.0376,15.17133,42.96498,4374.579,-1.65823,51.84375,16.632759127535127,6.196140409238119,-48.99999916415011
12.07386,15.21832,42.78065,4365.58998,-1.56356,51.60667,16.999517602569778,6.33276759118478,-48.99999916415011
12.11023,15.26507,42.60778,4356.37742,-1.4644,51.36377,17.344487472125493,6.461277944297823,-48.99999916415011
12.14673,15.31156,42.44681,4346.95316,-1.36104,51.11534,17.664974295587765,6.58066771855335,-48.99999916415011
12.18335,15.3578,42.29816,4337.33055,-1.25378,50.86172,17.958416108132127,6.689982514644889,-48.99999916415011
12.22009,15.40378,42.16221,4327.52444,-1.14299,50.60331,18.222429806664074,6.788334563966525,-48.99999916415011
12.25695,15.44949,42.03929,4317.55103,-1.02903,50.34053,18.454855823945696,6.8749193709005,-48.99999916415011
12.29393,15.49493,41.92968,4307.42777,-0.91233,50.07384,18.653799642087044,6.949031177685043,-48.99999916415011
12.33104,15.54009,41.8336,4297.17318,-0.79332,49.80372,18.81766874668353,7.010076730802869,-48.99999916415011
12.36826,15.58498,41.75124,4286.80669,-0.67246,49.53068,18.94520374519667,7.057586873396782,-48.99999916415011
12.40561,15.62958,41.6827,4276.34846,-0.55021,49.25527,19.03550256337459,7.091225559072953,-48.99999916415011
12.44307,15.67389,41.62805,4265.81918,-0.42707,48.97803,19.088036883128343,7.110795975442369,-48.99999916415011
12.48066,15.71792,41.5873,4255.23983,-0.30353,48.69953,19.10266027983352,7.116243575479772,-48.99999916415011
12.51835,15.76165,41.5604,4244.63152,-0.1801,48.42032,19.07960783996665,7.107655935083167,-48.99999916415011
12.55616,15.8051,41.54723,4234.01523,-0.05726,48.14098,19.01948737150593,7.085259478716821,-48.99999916415011
12.59409,15.84825,41.54764,4223.41164,0.0645,47.86206,18.923262640228188,7.049413234490806,-48.99999916415011
12.63212,15.89111,41.56142,4212.84091,0.18469,47.58412,18.79222935592356,7.000599888394124,-48.99999916415011
12.67025,15.93369,41.58829,4202.32251,0.30286,47.30768,18.62798487810609,6.939414498874819,-48.99999916415011
12.70849,15.97597,41.62794,4191.87506,0.41856,47.03326,18.432392799134902,6.866551303120725,-48.99999916415011
12.74683,16.01797,41.68003,4181.51618,0.53138,46.76134,18.20754368591829,6.78278909231131,-48.99999916415011
12.78527,16.05968,41.74414,4171.26239,0.64092,46.49237,17.955713318031968,6.6889756542178915,-48.99999916415011
12.8238,16.10112,41.81986,4161.12896,0.74683,46.22678,17.679319751564346,6.586011778356291,-48.99999916415011
12.86242,16.14228,41.90669,4151.12989,0.84876,45.96497,17.38088047127627,6.474835294038928,-48.99999916415011
12.90113,16.18316,42.00416,4141.27782,0.94643,45.70727,17.06297077776363,6.35640556849801,-48.99999916415011
12.93992,16.22377,42.11173,4131.58404,1.03956,45.45401,16.72818440307036,6.231688835165101,-48.99999916415011
12.9788,16.26412,42.22885,4122.05843,1.12793,45.20547,16.379097169780536,6.101644655726741,-48.99999916415011
13.01775,16.30422,42.35496,4112.70952,1.21133,44.96188,16.01823431747772,5.967213748370856,-48.99999916415011
13.05677,16.34405,42.48948,4103.54447,1.28961,44.72345,15.648041927927718,5.829307342915497,-48.99999916415011
13.09587,16.38364,42.63183,4094.56917,1.36263,44.49034,15.270862696032946,5.688798154851825,-48.99999916415011
13.13503,16.42299,42.78139,4085.78823,1.4303,44.26269,14.888916125314992,5.546513007640285,-48.99999916415011
13.17426,16.4621,42.93758,4077.20511,1.49254,44.04059,14.504283079784626,5.403227077875712,-48.99999916415011
13.21355,16.50097,43.09979,4068.82215,1.54931,43.8241,14.118894502058536,5.259659692488985,-48.99999916415011
13.25289,16.53963,43.26741,4060.64065,1.60059,43.61326,13.734524011677093,5.116471571425631,-48.99999916415011
13.2923,16.57806,43.43985,4052.66098,1.64639,43.40808,13.352784027644095,4.974263383189858,-48.99999916415011
13.33176,16.61628,43.61652,4044.88265,1.68675,43.20853,12.975125013545556,4.833575463631455,-48.99999916415011
13.37126,16.65429,43.79684,4037.30439,1.72171,43.01459,12.602837419762741,4.694888539471231,-48.99999916415011
13.41082,16.6921,43.98024,4029.92422,1.75134,42.82617,12.23705589215322,4.558625296145464,-48.99999916415011
13.45042,16.72972,44.16615,4022.73958,1.77573,42.64322,11.878765326664322,4.425152633308703,-48.99999916415011
13.49007,16.76714,44.35402,4015.74735,1.79497,42.46562,11.528808371396234,4.2947844595496765,-48.99999916415011
13.52975,16.80439,44.54333,4008.94396,1.80917,42.29327,11.187894008262024,4.167784889285437,-48.99999916415011
13.56948,16.84145,44.73354,4002.32547,1.81845,42.12605,10.856606882811532,4.044371718366253,-48.99999916415011
13.60924,16.87834,44.92417,3995.88757,1.82294,41.96382,10.535417090324094,3.924720069652624,-48.99999916415011
13.64904,16.91506,45.11472,3989.62572,1.82278,41.80645,10.224690166961057,3.8089661149824905,-48.99999916415011
13.68887,16.95163,45.30473,3983.53516,1.81811,41.65378,9.924697074774093,3.69721079484954,-48.99999916415011
13.72873,16.98803,45.49373,3977.61095,1.80907,41.50565,9.635624007605506,3.5895234713590853,-48.99999916415011
13.76862,17.02428,45.68129,3971.84804,1.79581,41.36193,9.357581880268883,3.4859454631975324,-48.99999916415011
13.80855,17.06038,45.867,3966.24132,1.77848,41.22244,9.090615395557453,3.3864934233315607,-48.99999916415011
13.8485,17.09634,46.05044,3960.78558,1.75724,41.08702,8.83471161200634,3.291162530724992,-48.99999916415011
13.88847,17.13216,46.23124,3955.47566,1.73223,40.95551,8.589807960011301,3.1999294765539408,-48.99999916415011
13.92847,17.16785,46.40903,3950.30635,1.7036,40.82775,8.355799674959922,3.1127552332437607,-48.99999916415011
13.9685,17.2034,46.58344,3945.2725,1.67152,40.70357,8.13254663342954,3.02958760113264,-48.99999916415011
14.00855,17.23883,46.75416,3940.36901,1.63611,40.58282,7.919879592825765,2.95036353290113,-48.99999916415011
14.04862,17.27414,46.92085,3935.59083,1.59755,40.46534,7.717605846102576,2.8750112401041577,-48.99999916415011
14.08871,17.30932,47.08322,3930.933,1.55596,40.35096,7.525514311959132,2.803452089403277,-48.99999916415011
14.12882,17.34439,47.24097,3926.39064,1.51149,40.23955,7.343380087335501,2.735602298491107,-48.99999916415011
14.16895,17.37934,47.39383,3921.95895,1.46428,40.13093,7.17096849362202,2.6713744434107842,-48.99999916415011
14.2091,17.41419,47.54155,3917.63324,1.41446,40.02497,7.008038650877633,2.610678790046331,-48.99999916415011
14.24926,17.44893,47.68387,3913.40893,1.36218,39.92153,6.854346615995998,2.553424463172107,-48.99999916415011
14.28944,17.48356,47.82056,3909.28153,1.30755,39.82045,6.709648121268408,2.4995204666395474,-48.99999916415011
14.32964,17.51809,47.95142,3905.24666,1.25072,39.72161,6.573700949506608,2.4488765681729108,-48.99999916415011
14.36986,17.55252,48.07622,3901.30003,1.19179,39.62485,6.446266980900203,2.4014040618775137,-48.99999916415011
14.41009,17.58685,48.19479,3897.43747,1.1309,39.53006,6.327113945375652,2.3570164210395705,-48.99999916415011
14.45034,17.62109,48.30693,3893.6549,1.06816,39.43711,6.216016912401529,2.3156298531178456,-48.99999916415011
14.4906,17.65523,48.41249,3889.94832,1.00368,39.34586,6.112759548208177,2.277163768091058,-48.99999916415011
14.53087,17.68928,48.5113,3886.31384,0.93758,39.25619,6.017135168196976,2.241541170508022,-48.99999916415011
14.57116,17.72325,48.60322,3882.74764,0.86997,39.16799,5.928947610118062,2.208688984769325,-48.99999916415011
14.61147,17.75712,48.68811,3879.24599,0.80096,39.08113,5.84801195138016,2.17853832234411,-48.99999916415011
14.65178,17.79091,48.76586,3875.80522,0.73064,38.9955,5.77415509163741,2.151024698799001,-48.99999916415011
14.69211,17.82461,48.83635,3872.42175,0.65913,38.91098,5.707216219693612,2.1260882077322147,-48.99999916415011
14.73245,17.85823,48.89947,3869.09203,0.58652,38.82747,5.647047181745165,2.1036736579537503,-48.99999916415011
14.77281,17.89176,48.95514,3865.81258,0.51291,38.74486,5.593512766008363,2.083730679516539,-48.99999916415011
14.81318,17.92522,49.00326,3862.57998,0.4384,38.66303,5.546490917002902,2.066213803542697,-48.99999916415011
14.85356,17.95859,49.04378,3859.39084,0.36308,38.58189,5.505872890998068,2.051082520131312,-48.99999916415011
14.89395,17.99188,49.07661,3856.24178,0.28704,38.50132,5.471563362566875,2.038301318052669,-48.99999916415011
14.93435,18.0251,49.10172,3853.12949,0.21038,38.42123,5.443480490651083,2.027839709359206,-48.99999916415011
14.97477,18.05823,49.11904,3850.05064,0.13319,38.34151,5.4215559511577,2.0196722415285677,-48.99999916415011
15.0152,18.09129,49.12855,3847.00193,0.05557,38.26206,5.405734941754746,2.0137784992501566,-48.99999916415011
15.05564,18.12427,49.13023,3843.98007,-0.02241,38.18277,5.3959761633045735,2.010143097508553,-48.99999916415011
15.0961,18.15717,49.12404,3840.98175,-0.10065,38.10355,5.392251781164694,2.0087556671670566,-48.99999916415011
15.13656,18.19,49.10998,3838.00366,-0.17906,38.0243,5.39454736846953,2.009610833838645,-48.99999916415011
15.17704,18.22274,49.08806,3835.04247,-0.25756,37.94491,5.402861832363691,2.012708190405932,-48.99999916415011
15.21753,18.25541,49.05827,3832.09483,-0.33605,37.86528,5.4172073231361075,2.018052263171235,-48.99999916415011
15.25804,18.28801,49.02064,3829.15734,-0.41444,37.78531,5.4376091250875636,2.025652471201869,-48.99999916415011
15.29856,18.32052,48.97519,3826.22658,-0.49265,37.7049,5.464105526944301,2.0355230780557947,-48.99999916415011
15.33909,18.35296,48.92195,3823.29906,-0.57058,37.62393,5.496747668539178,2.0476831346663222,-48.99999916415011
15.37963,18.38532,48.86098,3820.37126,-0.64815,37.54231,5.535599359396826,2.0621564117603053,-48.99999916415011
15.42018,18.4176,48.79232,3817.43959,-0.72525,37.45992,5.580736863753049,2.0789713197722155,-48.99999916415011
15.46075,18.4498,48.71604,3814.50037,-0.8018,37.37666,5.632248645373652,2.0981608137824357,-48.99999916415011
15.50134,18.48192,48.63221,3811.54987,-0.8777,37.29242,5.690235064352983,2.1197622805667433,-48.99999916415011
15.54194,18.51396,48.54091,3808.58426,-0.95286,37.20708,5.754808016844037,2.1438174043862945,-48.99999916415011
15.58255,18.54592,48.44224,3805.59964,-1.02717,37.12052,5.826090507370729,2.1703720076626922,-48.99999916415011
15.62317,18.57779,48.33629,3802.59198,-1.10054,37.03263,5.904216142070159,2.1994758621973935,-48.99999916415011
15.66381,18.60958,48.22317,3799.55717,-1.17287,36.94329,5.989328529826759,2.231182466078428,-48.99999916415011
15.70447,18.64128,48.10301,3796.491,-1.24404,36.85237,6.081580576913557,2.265548780915704,-48.99999916415011
15.74514,18.6729,47.97594,3793.38912,-1.31395,36.75974,6.181133659313444,2.3026349235089056,-48.99999916415011
15.78583,18.70443,47.8421,3790.24707,-1.38249,36.66527,6.2881566555734,2.3425038055602463,-48.99999916415011
15.82653,18.73586,47.70165,3787.06028,-1.44956,36.56882,6.402824821665429,2.3852207145305586,-48.99999916415011
15.86725,18.76721,47.55476,3783.82403,-1.51503,36.47027,6.525318488137734,2.4308528282938306,-48.99999916415011
15.90799,18.79846,47.40159,3780.53349,-1.57878,36.36946,6.655821558701613,2.4794686558213193,-48.99999916415011
15.94875,18.82961,47.24235,3777.18367,-1.6407,36.26626,6.794519788552177,2.5311373958107155,-48.99999916415011
15.98952,18.86067,47.07722,3773.76947,-1.70067,36.1605,6.941598820064311,2.5859282049312107,-48.99999916415011
16.03031,18.89162,46.90643,3770.28565,-1.75855,36.05204,7.097241953316826,2.6439093672850746,-48.99999916415011
16.07112,18.92247,46.73019,3766.72682,-1.81421,35.94072,7.261627629085393,2.7051473567563074,-48.99999916415011
16.11195,18.95321,46.54876,3763.08748,-1.86753,35.82638,7.4349266028051275,2.769705784237332,-48.99999916415011
16.1528,18.98384,46.36238,3759.36199,-1.91837,35.70885,7.617298789547557,2.837644222299914,-48.99999916415011
16.19366,19.01436,46.17131,3755.5446,-1.96659,35.58797,7.808889762485095,2.909016900781037,-48.99999916415011
16.23455,19.04476,45.97584,3751.62945,-2.01206,35.46355,8.009826890791492,2.983871268049208,-48.99999916415011
16.27546,19.07505,45.77625,3747.61055,-2.05462,35.33543,8.220215107542815,3.062246414436216,-48.99999916415011
16.3164,19.10521,45.57286,3743.48186,-2.09414,35.20343,8.44013230425664,3.1441713565818095,-48.99999916415011
16.35735,19.13524,45.36598,3739.23725,-2.13047,35.06737,8.669624356178383,3.229663184221955,-48.99999916415011
16.39833,19.16514,45.15595,3734.87054,-2.16347,34.92706,8.908699791656044,3.3187250743906764,-48.99999916415011
16.43932,19.19491,44.94312,3730.37553,-2.19298,34.78232,9.157324129902447,3.411344182087507,-48.99999916415011
16.48035,19.22454,44.72785,3725.74598,-2.21886,34.63298,9.415413924248847,3.507489421232726,-48.99999916415011
16.5214,19.25403,44.5105,3720.97573,-2.24097,34.47883,9.682830562700623,3.607109155211235,-48.99999916415011
16.56247,19.28336,44.29148,3716.05863,-2.25916,34.31971,9.959373894025719,3.7101288224227984,-48.99999916415011
16.60356,19.31254,44.07118,3710.98865,-2.2733,34.15544,10.24477576573878,3.8164485290111028,-48.99999916415011
16.64468,19.34157,43.85002,3705.75988,-2.28324,33.98583,10.538693579732929,3.925940648167041,-48.99999916415011
16.68583,19.37043,43.62842,3700.36661,-2.28885,33.81072,10.840703991690765,4.038447472993518,-48.99999916415011
16.72701,19.39912,43.40682,3694.80332,-2.29001,33.62995,11.150296900950003,4.15377897757228,-48.99999916415011
16.76821,19.42764,43.18566,3689.06482,-2.28659,33.44335,11.46686989782151,4.27171074844377,-48.99999916415011
16.80943,19.45598,42.96541,3683.14621,-2.2785,33.25078,11.789723354041707,4.391982155671478,-48.99999916415011
16.85068,19.48413,42.74653,3677.043,-2.26563,33.05211,12.118056358474078,4.51429483878381,-48.99999916415011
16.89196,19.51209,42.52948,3670.75116,-2.24789,32.84721,12.450963712740899,4.6383115875678635,-48.99999916415011
16.93327,19.53985,42.31476,3664.26717,-2.2252,32.63598,12.787434208932124,4.7636557004706646,-48.99999916415011
16.9746,19.56741,42.10282,3657.58807,-2.19752,32.41833,13.126350412663143,4.889910903782477,-48.99999916415011
17.01596,19.59476,41.89417,3650.71157,-2.1648,32.19419,13.466490167778346,5.016621912178472,-48.99999916415011
17.05735,19.62189,41.68928,3643.63606,-2.12701,31.9635,13.8065300230557,5.143295705256346,-48.99999916415011
17.09876,19.6488,41.48863,3636.36071,-2.08416,31.72624,14.14505075506801,5.26940358494745,-48.99999916415011
17.1402,19.67548,41.2927,3628.88549,-2.03626,31.48242,14.48054512430688,5.394384064877054,-48.99999916415011
17.18167,19.70192,41.10196,3621.21126,-1.98335,31.23205,14.811427953477727,5.517646624794396,-48.99999916415011
17.22316,19.72813,40.91687,3613.33979,-1.92551,30.97519,15.136048558215968,5.638576341341552,-48.99999916415011
17.26467,19.75409,40.73788,3605.2738,-1.86282,30.71192,15.45270549189512,5.756539380882399,-48.99999916415011
17.30621,19.77979,40.56543,3597.01702,-1.79541,30.44236,15.759663489988482,5.870889311723187,-48.99999916415011
17.34777,19.80524,40.39993,3588.57416,-1.72341,30.16665,16.05517241803091,5.980974162726838,-48.99999916415011
17.38935,19.83042,40.24178,3579.95098,-1.64701,29.88496,16.337487943568412,6.086144124158091,-48.99999916415011
17.43095,19.85533,40.09137,3571.15422,-1.56641,29.59752,16.604893571067105,6.185759756266862,-48.99999916415011
17.47257,19.87996,39.94904,3562.19165,-1.48183,29.30456,16.855723603023886,6.279200542906103,-48.99999916415011
17.51421,19.90432,39.81512,3553.07199,-1.39353,29.00635,17.08838652569023,6.365873603329243,-48.99999916415011
17.55586,19.92839,39.68991,3543.80491,-1.30179,28.70319,17.301388267528814,6.44522235657724,-48.99999916415011
17.59753,19.95217,39.57367,3534.40095,-1.20692,28.39543,17.493354746933814,6.516734921097662,-48.99999916415011
17.63921,19.97565,39.46664,3524.87145,-1.10925,28.08342,17.663053115779338,6.579952028525428,-48.99999916415011
17.6809,19.99884,39.36902,3515.2285,-1.00913,27.76754,17.80941111897635,6.634474235627142,-48.99999916415011
17.7226,20.02174,39.28097,3505.48482,-0.90692,27.4482,17.931534028009725,6.679968232489199,-48.99999916415011
17.7643,20.04432,39.2026,3495.65366,-0.803,27.12583,18.028718667943583,6.716172067946332,-48.99999916415011
17.80601,20.06661,39.13402,3485.74874,-0.69778,26.80087,18.1004641398527,6.7428991439694554,-48.99999916415011
17.84773,20.08859,39.07526,3475.78407,-0.59166,26.47377,18.146478941189123,6.760040868189565,-48.99999916415011
17.88944,20.11026,39.02634,3465.77389,-0.48505,26.145,18.166684299928175,6.767567895954845,-48.99999916415011
17.93115,20.13162,38.98722,3455.73251,-0.37837,25.81502,18.161213659362872,6.765529938403052,-48.99999916415011
17.97286,20.15267,38.95785,3445.67424,-0.27202,25.4843,18.13040837281104,6.754054158626626,-48.99999916415011
18.01456,20.17341,38.93811,3435.61322,-0.16642,25.15331,18.07480978573736,6.733342222054811,-48.99999916415011
18.05625,20.19385,38.92786,3425.56335,-0.06198,24.82251,17.995147990619667,6.703666107345493,-48.99999916415011
18.09793,20.21397,38.92692,3415.53818,0.04091,24.49236,17.892327633233723,6.665362818852806,-48.99999916415011
18.1396,20.23379,38.9351,3405.55079,0.14188,24.16327,17.767411223452644,6.618828169460803,-48.99999916415011
18.18125,20.25331,38.95214,3395.61375,0.24055,23.83569,17.621600457032663,6.564509822457198,-48.99999916415011
18.22288,20.27252,38.97777,3385.739,0.33658,23.51,17.456216085861605,6.502899792671281,-48.99999916415011
18.2645,20.29144,39.0117,3375.93778,0.42964,23.1866,17.27267688305897,6.434526610420232,-48.99999916415011
18.3061,20.31006,39.05361,3366.22063,0.51943,22.86583,17.072478237189745,6.35994734729055,-48.99999916415011
18.34767,20.32838,39.10313,3356.59729,0.60565,22.54803,16.85717087950971,6.279739691477208,-48.99999916415011
18.38922,20.34642,39.15992,3347.0767,0.68806,22.23351,16.62834020224215,6.194494243297561,-48.99999916415011
18.43074,20.36417,39.22358,3337.66697,0.76642,21.92253,16.387586568202376,6.1048071800083905,-48.99999916415011
18.47224,20.38164,39.29372,3328.37537,0.84053,21.61536,16.136506946498365,6.011273414621205,-48.99999916415011
18.5137,20.39883,39.36992,3319.20834,0.91019,21.31221,15.876678138969439,5.914480347309305,-48.99999916415011
18.55514,20.41575,39.45176,3310.17149,0.97525,21.01327,15.609641791132983,5.815002281591051,-48.99999916415011
18.59655,20.4324,39.5388,3301.2696,1.03558,20.71872,15.336891312760482,5.713395551900298,-48.99999916415011
18.63792,20.44879,39.6306,3292.50669,1.09108,20.42868,15.059860768975879,5.610194385228237,-48.99999916415011
18.67926,20.46491,39.72674,3283.886,1.14165,20.14326,14.779915745169653,5.505907498063537,-48.99999916415011
18.72057,20.48079,39.82674,3275.41005,1.18724,19.86256,14.498346139156833,5.401015411281551,-48.99999916415011
18.76184,20.49641,39.93018,3267.08068,1.22781,19.58663,14.216360792556438,5.2959684501919,-48.99999916415011
18.80307,20.5118,40.03661,3258.89908,1.26334,19.31552,13.935083840714434,5.191185384788737,-48.99999916415011
18.84427,20.52694,40.14559,3250.86585,1.29383,19.04922,13.655552636272777,5.087052656225581,-48.99999916415011
18.88544,20.54185,40.25668,3242.98102,1.31929,18.78775,13.378717085224,4.983924129478185,-48.99999916415011
18.92656,20.55653,40.36945,3235.2441,1.33977,18.53107,13.105440225214782,4.882121308777818,-48.99999916415011
18.96765,20.57098,40.48347,3227.65415,1.35531,18.27915,12.836499873048563,4.781933951349358,-48.99999916415011
19.00871,20.58522,40.59834,3220.2098,1.36597,18.03193,12.572591170704953,4.683621015870496,-48.99999916415011
19.04972,20.59924,40.71363,3212.90928,1.37184,17.78933,12.314329865858834,4.587411884551418,-48.99999916415011
19.0907,20.61305,40.82896,3205.75049,1.37299,17.55128,12.062256172674623,4.493507801382263,-48.99999916415011
19.13163,20.62666,40.94394,3198.73103,1.36953,17.31767,11.816839070855547,4.40208347364208,-48.99999916415011
19.17254,20.64006,41.05819,3191.84821,1.36156,17.0884,11.578480914573332,4.313288788846415,-48.99999916415011
19.2134,20.65327,41.17135,3185.09912,1.34919,16.86336,11.3475222373164,4.227250604679678,-48.99999916415011
19.25422,20.66629,41.28306,3178.48065,1.33255,16.64241,11.124246653425617,4.144074574946181,-48.99999916415011
19.29501,20.67911,41.39299,3171.9895,1.31176,16.42543,10.908885771393335,4.063846979903318,-48.99999916415011
19.33576,20.69176,41.5008,3165.62224,1.28695,16.21228,10.701624047858667,3.986636534502501,-48.99999916415011
19.37647,20.70422,41.60618,3159.37529,1.25825,16.00283,10.502603524051404,3.9124961528391573,-48.99999916415011
19.41714,20.7165,41.70883,3153.245,1.22581,15.79692,10.311928398249828,3.841464651513569,-48.99999916415011
19.45778,20.72861,41.80846,3147.2276,1.18976,15.5944,10.129669398523452,3.773568378592596,-48.99999916415011
19.49838,20.74055,41.90479,3141.31929,1.15025,15.39513,9.955867929316456,3.708822758321114,-48.99999916415011
19.53894,20.75232,41.99755,3135.51617,1.10742,15.19895,9.790539973767304,3.647233744838741,-48.99999916415011
19.57946,20.76392,42.0865,3129.81436,1.06142,15.00571,9.63367974056603,3.5887991807301356,-48.99999916415011
19.61995,20.77537,42.17141,3124.20989,1.01239,14.81524,9.485263050088843,3.5335100584492345,-48.99999916415011
19.6604,20.78665,42.25203,3118.69883,0.96048,14.62739,9.345250459436455,3.481351684478244,-48.99999916415011
19.70082,20.79778,42.32817,3113.27719,0.90583,14.442,9.21359012985301,3.4323047475166497,-48.99999916415011
19.7412,20.80875,42.39962,3107.941,0.84859,14.25891,9.090220443160836,3.3863462931719974,-48.99999916415011
19.78154,20.81957,42.4662,3102.68628,0.7889,14.07797,8.975072376086445,3.3434506084588005,-48.99999916415011
19.82185,20.83025,42.52772,3097.50907,0.72692,13.89902,8.868071643091525,3.3035900200594672,-48.99999916415011
19.86212,20.84077,42.58404,3092.40539,0.66278,13.72189,8.769140619441663,3.266735610718001,-48.99999916415011
19.90235,20.85115,42.63499,3087.37129,0.59662,13.54643,8.678200056834733,3.232857858356709,-48.99999916415011
19.94255,20.86138,42.68044,3082.40282,0.5286,13.37249,8.595170604211724,3.201927202618259,-48.99999916415011
19.98272,20.87147,42.72026,3077.49603,0.45884,13.1999,8.519974146279043,3.173914543500451,-48.99999916415011
20.02285,20.88142,42.75434,3072.64698,0.3875,13.02852,8.452534971890861,3.1487916766093824,-48.99999916415011
20.06294,20.89123,42.78257,3067.85176,0.31471,12.85818,8.392780783925119,3.1265316693648346,-48.99999916415011
20.103,20.9009,42.80486,3063.10642,0.24062,12.68872,8.340643561509395,3.1071091822020946,-48.99999916415011
20.14303,20.91043,42.82113,3058.40706,0.16535,12.52001,8.296060284620722,3.090500738504449,-48.99999916415011
20.18302,20.91983,42.83132,3053.74973,0.08905,12.35187,8.258973530116851,3.0766849466405186,-48.99999916415011
20.22297,20.92908,42.83536,3049.13052,0.01186,12.18416,8.229331947214215,3.0656426770923013,-48.99999916415011
20.26288,20.93827,42.83638,3044.53606,0.01361,12.19167,8.203372003077842,3.0559719148542634,0.0
20.30272,20.94745,42.8375,3039.95578,0.01451,12.1992,8.177413088266789,3.0463015360669914,0.0
20.34251,20.95663,42.83866,3035.38986,0.01455,12.20673,8.151535562567917,3.0366614768654814,0.0
20.38223,20.9658,42.83979,3030.83846,0.01374,12.21428,8.125818111660656,3.0270810497356693,0.0
20.42189,20.97496,42.84082,3026.30168,0.01207,12.22184,8.100337617908808,3.017588895380966,0.0
20.4615,20.98412,42.84168,3021.77959,0.00955,12.22942,8.075168998558969,3.00821292244692,0.0
20.50104,20.99327,42.84231,3017.2722,0.0062,12.237,8.05038506017628,2.9989802532947034,0.0
20.54052,21.00241,42.84264,3012.77949,0.00202,12.2446,8.026056368870549,2.9899171756569243,0.0
20.57994,21.01155,42.84261,3008.3014,-0.00298,12.25221,8.002251135729086,2.9810490999583488,0.0
20.61931,21.02069,42.84215,3003.83782,-0.00878,12.25984,7.979035116791471,2.972400522053866,0.0
20.65861,21.02982,42.84121,2999.38861,-0.01537,12.26748,7.956471526813291,2.9639949911032115,0.0
20.69785,21.03894,42.83972,2994.95357,-0.02272,12.27513,7.934620965997867,2.955855082276609,0.0
20.73704,21.04806,42.83763,2990.5325,-0.03083,12.28279,7.913541358836884,2.9480023739712986,0.0
20.77616,21.05717,42.83487,2986.12512,-0.03966,12.29047,7.8932879041374,2.9404574291952748,0.0
20.81523,21.06628,42.83141,2981.73115,-0.0492,12.29817,7.873913035303251,2.933239780771075,0.0
20.85424,21.07538,42.82718,2977.35025,-0.05942,12.30587,7.855466389937901,2.9263679200120314,0.0
20.89319,21.08448,42.82213,2972.98207,-0.07029,12.31359,7.83799478778774,2.9198592885055774,0.0
20.93208,21.09357,42.81622,2968.6262,-0.08179,12.32133,7.821542216117841,2.913730272665326,0.0
20.97091,21.10266,42.8094,2964.28223,-0.09388,12.32907,7.806149821564128,2.9079962006957922,0.0
21.00969,21.11174,42.80163,2959.94969,-0.10655,12.33684,7.791855907589174,2.90267134164461,0.0
21.04841,21.12081,42.79288,2955.62811,-0.11975,12.34461,7.778695936648551,2.8977689062095533,0.0
21.08707,21.12988,42.78309,2951.31697,-0.13346,12.3524,7.766702536271549,2.8933010490037647,0.0
21.12567,21.13895,42.77224,2947.01574,-0.14764,12.36021,7.755905508245477,2.8892788719771474,0.0
21.16421,21.148,42.7603,2942.72385,-0.16225,12.36803,7.74633184019297,2.885712428729222,0.0
21.2027,21.15706,42.74723,2938.44073,-0.17727,12.37587,7.738005718862779,2.8826107294602887,0.0
21.24113,21.16611,42.73302,2934.16575,-0.19265,12.38372,7.730948544515109,2.8799817463303494,0.0
21.27951,21.17515,42.71763,2929.89831,-0.20836,12.39158,7.725178945844772,2.8778324190183713,0.0
21.31783,21.18419,42.70105,2925.63775,-0.22436,12.39946,7.720712794958623,2.876168660301779,0.0
21.35609,21.19322,42.68325,2921.38342,-0.24062,12.40735,7.717563221975511,2.874995361495317,0.0
21.39429,21.20225,42.66424,2917.13462,-0.25709,12.41526,7.715740628882338,2.8743163976127994,0.0
21.43244,21.21128,42.64398,2912.89067,-0.27373,12.42318,7.715252702378664,2.874134632152062,0.0
21.47053,21.22029,42.62248,2908.65086,-0.29051,12.43112,7.716104425458362,2.874451921409433,0.0
21.50856,21.22931,42.59974,2904.41448,-0.30739,12.43908,7.718298087600568,2.8752691182761287,0.0
21.54654,21.23832,42.57574,2900.18078,-0.32433,12.44704,7.721833293467006,2.8765860754782424,0.0
21.58446,21.24732,42.55049,2895.94903,-0.34129,12.45503,7.726706970105471,2.8784016482602204,0.0
21.62232,21.25632,42.52399,2891.71849,-0.35822,12.46302,7.732913372693994,2.880713696524725,0.0
21.66013,21.26531,42.49625,2887.48839,-0.37509,12.47104,7.740444088960946,2.883519086479235,0.0
21.69788,21.2743,42.46728,2883.25799,-0.39186,12.47906,7.749288042458508,2.8868136918554974,0.0
21.73558,21.28328,42.4371,2879.02653,-0.40849,12.4871,7.7594314949325325,2.8905923947923697,0.0
21.77322,21.29226,42.40571,2874.79323,-0.42495,12.49516,7.770858048116759,2.894849086504202,0.0
21.8108,21.30123,42.37314,2870.55734,-0.44118,12.50323,7.783548645303801,2.899576667866083,0.0
21.84833,21.3102,42.33941,2866.31811,-0.45716,12.51131,7.79748157313483,2.9047670500805363,0.0
21.88579,21.31916,42.30454,2862.07476,-0.47284,12.51941,7.812632464094503,2.910411155606947,0.0
21.92321,21.32812,42.26856,2857.82655,-0.48819,12.52752,7.828974300239592,2.91649891955058,0.0
21.96056,21.33707,42.2315,2853.57273,-0.50318,12.53565,7.846477418749513,2.9230192917302906,0.0
21.99786,21.34602,42.19339,2849.31257,-0.51776,12.54379,7.865109519924821,2.9299602396581794,0.0
22.0351,21.35496,42.15427,2845.04534,-0.5319,12.55195,7.884835678316455,2.9373087526855275,0.0
22.07229,21.36389,42.11417,2840.77031,-0.54558,12.56011,7.9056183576548404,2.9450508475642794,0.0
22.10942,21.37282,42.07313,2836.4868,-0.55875,12.5683,7.927417430341762,2.9531715757082804,0.0
22.14649,21.38175,42.0312,2832.19411,-0.57138,12.57649,7.95019020223087,2.961655032424663,0.0
22.1835,21.39067,41.98842,2827.89156,-0.58345,12.5847,7.973891443478353,2.9704843684065394,0.0
22.22046,21.39958,41.94483,2823.57852,-0.59493,12.59292,7.998473426210451,2.9796418037651384,0.0
22.25736,21.40849,41.90048,2819.25434,-0.60578,12.60115,8.023885969802645,2.989108644897494,0.0
22.2942,21.41739,41.85542,2814.91841,-0.61599,12.6094,8.05007649449566,2.99886530445982,0.0
22.33099,21.42629,41.80971,2810.57015,-0.62552,12.61766,8.076990084116355,3.008891324732692,0.0
22.36771,21.43518,41.76339,2806.209,-0.63436,12.62593,8.104569558569766,3.0191654046262335,0.0
22.40438,21.44407,41.71652,2801.83441,-0.64248,12.63422,8.13275555679135,3.0296654305820194,0.0
22.44099,21.45295,41.66916,2797.44589,-0.64986,12.64251,8.161486630752549,3.0403685115926193,0.0
22.47754,21.46182,41.62136,2793.04296,-0.65649,12.65082,8.19069935106818,3.051251018543122,0.0
22.51403,21.47069,41.57317,2788.62517,-0.66235,12.65914,8.22032842467108,3.0622886280480484,0.0
22.55047,21.47955,41.52467,2784.19212,-0.66742,12.66747,8.250306824932393,3.0734563709245695,0.0
22.58684,21.48841,41.4759,2779.74342,-0.6717,12.67581,8.280565934511937,3.08472868540804,0.0
22.62316,21.49726,41.42693,2775.27873,-0.67517,12.68416,8.31103570111159,3.09607947517422,0.0
22.65941,21.50611,41.37781,2770.79776,-0.67782,12.69253,8.341644806193026,3.10748217219108,0.0
22.69561,21.51495,41.32861,2766.30023,-0.67966,12.7009,8.372320846576502,3.1189098043691237,0.0
22.73175,21.52378,41.27939,2761.78593,-0.68067,12.70928,8.402990528716341,3.1303350679341175,0.0
22.76782,21.5326,41.2302,2757.25466,-0.68087,12.71768,8.433579875297522,3.1417304043897554,0.0
22.80384,21.54142,41.18111,2752.70629,-0.68023,12.72608,8.46401444366248,3.1530680818873904,0.0
22.8398,21.55024,41.13218,2748.14071,-0.67878,12.7345,8.494219555387277,3.164320280749198,0.0
22.87569,21.55904,41.08346,2743.55786,-0.67652,12.74292,8.524120536237938,3.175459182858225,0.0
22.91153,21.56784,41.03502,2738.95773,-0.67345,12.75135,8.55364296550362,3.1864570645415555,0.0
22.9473,21.57663,40.9869,2734.34035,-0.66959,12.75979,8.582712933614367,3.1972863925397026,0.0
22.98301,21.58542,40.93917,2729.7058,-0.66495,12.76824,8.611257306760471,3.207919922584285,0.0
23.01866,21.5942,40.89188,2725.05418,-0.65954,12.7767,8.63920399713949,3.2183308000721484,0.0
23.05425,21.60297,40.84509,2720.38567,-0.65339,12.78517,8.666482237243459,3.22849266224457,0.0
23.08977,21.61174,40.79884,2715.70046,-0.6465,12.79364,8.693022856589655,3.238379741276751,0.0
23.12524,21.6205,40.75318,2710.99881,-0.63891,12.80212,8.71875855907219,3.2479669675985816,0.0
23.16064,21.62925,40.70816,2706.28101,-0.63064,12.81061,8.74362419912681,3.2572300727732935,0.0
23.19598,21.63799,40.66383,2701.54739,-0.62171,12.81911,8.767557054775658,3.2661456912138203,0.0
23.23126,21.64673,40.62023,2696.79833,-0.61216,12.82762,8.790497095556852,3.274691459993613,0.0
23.26647,21.65546,40.57741,2692.03424,-0.60201,12.83613,8.812387243375369,3.282846116020464,0.0
23.30162,21.66418,40.53539,2687.25557,-0.59129,12.84465,8.833173624239981,3.2905895898151285,0.0
23.3367,21.6729,40.49422,2682.46283,-0.58005,12.85317,8.85280580891525,3.297903095160534,0.0
23.37173,21.6816,40.45394,2677.65653,-0.56831,12.86171,8.871237040545696,3.3047692138977665,0.0
23.40669,21.6903,40.41456,2672.83725,-0.55611,12.87025,8.888424447375549,3.3111719751697763,0.0
23.44158,21.699,40.37612,2668.00556,-0.5435,12.87879,8.904329238791101,3.3170969284523184,0.0
23.47641,21.70768,40.33864,2663.16211,-0.53051,12.88734,8.918916883027059,3.322531209754232,0.0
23.51118,21.71636,40.30215,2658.30755,-0.51719,12.8959,8.932157265006465,3.3274636004169773,0.0
23.54588,21.72502,40.26666,2653.44254,-0.50357,12.90447,8.94402482296497,3.3318845780107633,0.0
23.58052,21.73369,40.23219,2648.56781,-0.4897,12.91304,8.95449866268178,3.3357863588885843,0.0
23.61509,21.74234,40.19875,2643.68407,-0.47563,12.92161,8.963562648323514,3.3391629320279446,0.0
23.6496,21.75098,40.16636,2638.79207,-0.4614,12.93019,8.97120546913728,3.3420100838757905,0.0
23.68404,21.75962,40.13501,2633.89258,-0.44706,12.93878,8.9774206814458,3.3443254139927925,0.0
23.71842,21.76825,40.1047,2628.98636,-0.43265,12.94737,8.98220672559794,3.346108341367866,0.0
23.75273,21.77687,40.07545,2624.0742,-0.41821,12.95597,8.985566917804114,3.347360101376643,0.0
23.78698,21.78548,40.04724,2619.1569,-0.4038,12.96458,8.987509416995541,3.348083733435679,0.0
23.82117,21.79409,40.02007,2614.23526,-0.38947,12.97318,8.988047167053029,3.3482840594811494,0.0
23.85528,21.80268,39.99393,2609.31008,-0.37525,12.9818,8.987197815029285,3.3479676535045084,0.0
23.88933,21.81127,39.9688,2604.38217,-0.36119,12.99042,8.984983606140192,3.3471428024339787,0.0
23.92332,21.81985,39.94467,2599.45233,-0.34734,12.99904,8.981431256552963,3.345819458744793,0.0
23.95724,21.82842,39.92152,2594.52136,-0.33375,13.00767,8.976571805149952,3.3440091852373097,0.0
23.9911,21.83698,39.89932,2589.59005,-0.32044,13.01631,8.970440445631215,3.3417250924908024,0.0
24.02489,21.84554,39.87806,2584.65917,-0.30748,13.02495,8.963076340465802,3.338981769555417,0.0
24.05861,21.85408,39.8577,2579.7295,-0.29489,13.0336,8.954522418320277,3.3357952084889724,0.0
24.09227,21.86262,39.83822,2574.80178,-0.28273,13.04225,8.944825156704889,3.3321827233869312,0.0
24.12587,21.87115,39.81957,2569.87677,-0.27102,13.05091,8.934034351663072,3.328162864585686,0.0
24.1594,21.87967,39.80174,2564.95516,-0.2598,13.05957,8.922202876358401,3.323755328729846,0.0
24.19286,21.88818,39.78467,2560.03767,-0.24912,13.06824,8.90938643049673,3.3189808654253863,0.0
24.22626,21.89668,39.76833,2555.12495,-0.239,13.07691,8.89564328247757,3.3138611811842624,0.0
24.25959,21.90518,39.75268,2550.21767,-0.22947,13.08559,8.881034006193273,3.308418841375168,0.0
24.29286,21.91366,39.73767,2545.31644,-0.22057,13.09428,8.865621214332254,3.3026771708719784,0.0
24.32606,21.92214,39.72327,2540.42185,-0.21232,13.10297,8.84946929003413,3.296660154088222,0.0
24.3592,21.93061,39.70942,2535.53447,-0.20476,13.11167,8.832644118602792,3.2903923350331437,0.0
24.39227,21.93907,39.69607,2530.65483,-0.19789,13.12037,8.815212820961023,3.2838987180165415,0.0
24.42528,21.94752,39.68318,2525.78344,-0.19175,13.12908,8.797243490407443,3.277204669583791,0.0
24.45823,21.95596,39.67069,2520.92075,-0.18636,13.1378,8.778804934085485,3.270335822206247,0.0
24.49111,21.9644,39.65856,2516.06721,-0.18172,13.14652,8.759966420523659,3.2633179802333427,0.0
24.52392,21.97282,39.64674,2511.22322,-0.17787,13.15525,8.740797434401937,3.2561770285366216,0.0
24.55667,21.98124,39.63516,2506.38913,-0.1748,13.16399,8.721367439609104,3.24893884424236,0.0
24.58936,21.98965,39.62378,2501.56528,-0.17253,13.17273,8.701745651502378,3.2416292118922883,0.0
24.62198,21.99805,39.61254,2496.75196,-0.17107,13.18148,8.682000819146488,3.2342737423219123,0.0
24.65454,22.00644,39.6014,2491.94942,-0.17042,13.19024,8.662201018150158,3.2268977954866624,0.0
24.68703,22.01483,39.59029,2487.15789,-0.17059,13.199,8.642413454607988,3.219526407425073,0.0
24.71947,22.0232,39.57916,2482.37754,-0.17157,13.20777,8.622704280517393,3.212184221496745,0.0
24.75183,22.03157,39.56797,2477.60852,-0.17337,13.21655,8.603138420894274,3.204895423978383,0.0
24.78414,22.03993,39.55666,2472.85093,-0.17598,13.22534,8.583779412713962,3.197683684065056,0.0
24.81638,22.04828,39.54517,2468.10486,-0.1794,13.23413,8.564689255689224,3.19057209828108,0.0
24.84856,22.05662,39.53346,2463.37034,-0.18362,13.24294,8.54592827477414,3.183583139259093,0.0
24.88067,22.06495,39.52147,2458.64737,-0.18863,13.25175,8.527554994228398,3.1767386088257,0.0
24.91273,22.07328,39.50916,2453.93591,-0.19441,13.26056,8.509626022943396,3.17005959528241,0.0
24.94472,22.08159,39.49647,2449.2359,-0.20095,13.26939,8.492195950698306,3.1635664347583132,0.0
24.97665,22.0899,39.48337,2444.54724,-0.20825,13.27823,8.475317254933191,3.157278676480594,0.0
25.00851,22.0982,39.4698,2439.86978,-0.21627,13.28707,8.459040217566155,3.151215051786744,0.0
25.04032,22.10649,39.45573,2435.20337,-0.22499,13.29592,8.443412851359772,3.1453934466941154,0.0
25.07206,22.11478,39.4411,2430.5478,-0.23441,13.30478,8.42848083527897,3.139830877819028,0.0
25.10374,22.12305,39.42588,2425.90285,-0.24449,13.31365,8.414287458291296,3.134543471440895,0.0
25.13536,22.13132,39.41003,2421.26826,-0.25521,13.32253,8.400873571002078,3.129546445485045,0.0
25.16691,22.13958,39.39352,2416.64373,-0.26654,13.33142,8.388277544563282,3.124854094215192,0.0
25.19841,22.14783,39.3763,2412.02896,-0.27845,13.34031,8.376535236241947,3.1204797754067686,0.0
25.22984,22.15607,39.35834,2407.4236,-0.29092,13.34922,8.365679961075145,3.116435899787655,0.0
25.26122,22.1643,39.33961,2402.82729,-0.30392,13.35813,8.355742469049698,3.1127339225370245,0.0
25.29253,22.17253,39.32009,2398.23963,-0.3174,13.36706,8.346750927245946,3.1093843366334233,0.0
25.32378,22.18074,39.29975,2393.6602,-0.33135,13.37599,8.338730906436394,3.106396667862418,0.0
25.35497,22.18895,39.27856,2389.08858,-0.34572,13.38493,8.331705371646802,3.1037794713003497,0.0
25.3861,22.19715,39.2565,2384.5243,-0.36048,13.39389,8.325694676214221,3.1015403291007977,0.0
25.41717,22.20535,39.23354,2379.96689,-0.3756,13.40285,8.320716558938338,3.099685849433383,0.0
25.44818,22.21353,39.20969,2375.41585,-0.39104,13.41182,8.316786143952026,3.098221666435539,0.0
25.47913,22.22171,39.1849,2370.87067,-0.40675,13.4208,8.313915942966226,3.0971524410487956,0.0
25.51002,22.22988,39.15919,2366.33081,-0.42271,13.42979,8.312115859625015,3.096481862641151,0.0
25.54084,22.23804,39.13253,2361.79574,-0.43887,13.43879,8.311393195727211,3.0962126513247874,0.0
25.57161,22.24619,39.10491,2357.2649,-0.4552,13.4478,8.311752659127885,3.09634656089959,0.0
25.60232,22.25433,39.07634,2352.73772,-0.47166,13.45682,8.313196373190385,3.0968843823742747,0.0
25.63297,22.26247,39.04681,2348.21362,-0.4882,13.46585,8.315723887703784,3.097825948033425,0.0
25.66355,22.2706,39.01632,2343.69202,-0.50479,13.47489,8.31933219121755,3.099170136032482,0.0
25.69408,22.27872,38.98487,2339.17232,-0.52138,13.48394,8.32401572483333,3.1009148755355462,0.0
25.72455,22.28683,38.95246,2334.65391,-0.53795,13.49299,8.329766397498583,3.103057152412658,0.0
25.75496,22.29493,38.91911,2330.13619,-0.55444,13.50206,8.336573602910917,3.105593015537106,0.0
25.7853,22.30302,38.88482,2325.61856,-0.57082,13.51114,8.344424238197341,3.1085175837439443,0.0
25.81559,22.31111,38.84961,2321.10039,-0.58706,13.52022,8.353302724568664,3.1118250535242984,0.0
25.84582,22.31919,38.81348,2316.58108,-0.6031,13.52932,8.3631910301673,3.11550870753677,0.0
25.87598,22.32726,38.77646,2312.06002,-0.61892,13.53842,8.37406869541311,3.1195609240494306,0.0
25.90609,22.33532,38.73856,2307.53659,-0.63448,13.54753,8.385912861117825,3.1239731874131933,0.0
25.93614,22.34337,38.69981,2303.0102,-0.64973,13.55666,8.398698299755296,3.1287360997107876,0.0
25.96613,22.35142,38.66023,2298.48024,-0.66465,13.56579,8.41239745019669,3.133839393696548,0.0
25.99605,22.35945,38.61983,2293.94612,-0.6792,13.57493,8.426980456338141,3.139271947186223,0.0
26.02592,22.36748,38.57866,2289.40726,-0.69335,13.58407,8.442415210007157,3.1450217990407423,0.0
26.05573,22.3755,38.53673,2284.86308,-0.70705,13.59323,8.458667398546748,3.1510761668925564,0.0
26.08547,22.38351,38.49408,2280.31303,-0.72029,13.6024,8.475700557514081,3.157421466777273,0.0
26.11516,22.39151,38.45074,2275.75655,-0.73303,13.61157,8.493476128893239,3.1640433348194406,0.0
26.14479,22.3995,38.40675,2271.19312,-0.74524,13.62075,8.511953525236832,3.1709266511269862,0.0
26.17435,22.40749,38.36213,2266.6222,-0.75689,13.62994,8.53109020013245,3.178055566041825,0.0
26.20386,22.41546,38.31694,2262.04331,-0.76795,13.63914,8.550841725357172,3.1854135288819396,0.0
26.2333,22.42343,38.27119,2257.45595,-0.77841,13.64834,8.571161875071576,3.1929833193058714,0.0
26.26268,22.43139,38.22494,2252.85968,-0.78824,13.65755,8.59200271736026,3.2007470814139687,0.0
26.292,22.43934,38.17823,2248.25403,-0.79742,13.66677,8.61331471339468,3.208686360689155,0.0
26.32126,22.44728,38.13109,2243.63861,-0.80592,13.676,8.635046824420494,3.2167821438525253,0.0
26.35046,22.45521,38.08357,2239.01302,-0.81373,13.68523,8.657146626752478,3.225014901701985,0.0
26.3796,22.46313,38.03571,2234.37688,-0.82084,13.69447,8.67956043486581,3.233364634966985,0.0
26.40868,22.47104,37.98756,2229.72987,-0.82722,13.70372,8.702233432619114,3.2418109231925656,0.0
26.4377,22.47894,37.93915,2225.07165,-0.83288,13.71297,8.725109812567482,3.2503329766371154,0.0
26.46665,22.48684,37.89054,2220.40196,-0.83779,13.72223,8.748132923241007,3.2589096911375033,0.0
26.49554,22.49472,37.84177,2215.72053,-0.84196,13.7315,8.771245424198836,3.2675197058707934,0.0
26.52437,22.5026,37.79288,2211.02714,-0.84537,13.74077,8.794389448542255,3.276141463894647,0.0
26.55314,22.51046,37.74392,2206.32159,-0.84803,13.75004,8.817506772520588,3.2847532753299777,0.0
26.58184,22.51832,37.69493,2201.60373,-0.84993,13.75932,8.840538991752373,3.2933333830079774,0.0
26.61049,22.52617,37.64596,2196.87343,-0.85107,13.76861,8.863427703488417,3.301860030367905,0.0
26.63907,22.534,37.59705,2192.13058,-0.85146,13.7779,8.886114694262762,3.310311531362001,0.0
26.66758,22.54183,37.54825,2187.37514,-0.8511,13.7872,8.908542132178393,3.318666342086981,0.0
26.69604,22.54965,37.49959,2182.60707,-0.85,13.7965,8.930652762988759,3.326903133829551,0.0
26.72443,22.55745,37.45113,2177.82638,-0.84817,13.8058,8.95239010905946,3.3350008671848843,0.0
26.75276,22.56525,37.40289,2173.0331,-0.84563,13.81511,8.973698670216258,3.342938866877779,0.0
26.78102,22.57304,37.35493,2168.22732,-0.84239,13.82442,8.994524125393733,3.3506968968820923,0.0
26.80922,22.58082,37.30727,2163.40915,-0.83847,13.83374,9.014813533993518,3.3582552354319817,0.0
26.83736,22.58858,37.25997,2158.57871,-0.83388,13.84306,9.03451553573753,3.36559474947249,0.0
26.86544,22.59634,37.21304,2153.7362,-0.82865,13.85238,9.053580547822849,3.37269696810493,0.0
26.89345,22.60409,37.16653,2148.88182,-0.8228,13.8617,9.071960958113214,3.3795441545557923,0.0
26.92139,22.61182,37.12048,2144.01582,-0.81635,13.87103,9.089611313114952,3.3861193762027293,0.0
26.94927,22.61955,37.0749,2139.13845,-0.80935,13.88036,9.106488499485613,3.3924065721912995,0.0
26.97709,22.62726,37.02984,2134.25004,-0.8018,13.8897,9.122551917778873,3.3983906181595125,0.0
27.00484,22.63497,36.98532,2129.3509,-0.79375,13.89903,9.137763647245846,3.4040573876306492,0.0
27.03253,22.64266,36.94135,2124.44141,-0.78523,13.90837,9.152088600482081,3.4093938096233507,0.0
27.06015,22.65034,36.89798,2119.52195,-0.77626,13.91771,9.16549466678488,3.414387922055977,0.0
27.08771,22.65802,36.85522,2114.59294,-0.7669,13.92705,9.177952843162586,3.4190289205510207,0.0
27.1152,22.66568,36.81308,2109.65481,-0.75717,13.9364,9.189437352007122,3.423307202271225,0.0
27.14263,22.67333,36.77158,2104.70803,-0.74711,13.94575,9.199925744553864,3.427214404461103,0.0
27.16999,22.68097,36.73075,2099.75308,-0.73677,13.95509,9.20939898931131,3.4307434373893226,0.0
27.19729,22.68859,36.69059,2094.79046,-0.72617,13.96444,9.217841544826634,3.4338885114557853,0.0
27.22452,22.69621,36.65111,2089.8207,-0.71538,13.97379,9.225241416209464,3.436645158248224,0.0
27.25169,22.70382,36.61231,2084.84434,-0.70441,13.98314,9.231590195008861,3.439010245397422,0.0
27.27879,22.71141,36.57422,2079.86192,-0.69333,13.9925,9.236883082158641,3.440981985124958,0.0
27.30582,22.71899,36.53681,2074.87401,-0.68216,14.00185,9.241118893840376,3.442559936427317,0.0
27.33279,22.72657,36.50011,2069.88119,-0.67096,14.01121,9.244300050265863,3.4437450008970747,0.0
27.35969,22.73413,36.4641,2064.88405,-0.65977,14.02056,9.246432547509707,3.444539412229785,0.0
27.38653,22.74167,36.42877,2059.88316,-0.64863,14.02992,9.247525912658656,3.444946719515936,0.0
27.4133,22.74921,36.39414,2054.87913,-0.63758,14.03928,9.24759314268764,3.444971764470662,0.0
27.44,22.75674,36.36017,2049.87256,-0.62667,14.04864,9.24665062759566,3.444620652799835,0.0
27.46664,22.76425,36.32687,2044.86404,-0.61594,14.058,9.244718058450673,3.443900719944373,0.0
27.49321,22.77175,36.29422,2039.85418,-0.60542,14.06736,9.241818321095355,3.442820491482836,0.0
27.51972,22.77925,36.2622,2034.84356,-0.59517,14.07672,9.237977376398742,3.4413896385220095,0.0
27.54616,22.78672,36.2308,2029.83277,-0.58522,14.08608,9.233224127977861,3.4396189284197383,0.0
27.57253,22.79419,36.2,2024.82241,-0.57561,14.09545,9.227590278451043,3.4375201712354966,0.0
27.59884,22.80165,36.16977,2019.81304,-0.56638,14.10481,9.221110175291757,3.4351061623068877,0.0
27.62508,22.80909,36.14009,2014.80522,-0.55756,14.11417,9.213820647427163,3.4323906213783038,0.0
27.65126,22.81652,36.11094,2009.79951,-0.5492,14.12354,9.205760833791759,3.4293881287326564,0.0
27.67737,22.82394,36.08229,2004.79645,-0.54131,14.13291,9.196972005006574,3.426114058762172,0.0
27.70341,22.83135,36.05411,1999.79655,-0.53395,14.14228,9.187497379429592,3.4225845114423445,0.0
27.72939,22.83875,36.02637,1994.80033,-0.52713,14.15165,9.177381934765826,3.418816242151724,0.0
27.7553,22.84613,35.99905,1989.80826,-0.52089,14.16102,9.16667221646551,3.4148265902952084,0.0
27.78115,22.85351,35.9721,1984.82083,-0.51525,14.17039,9.155416144062714,3.410633407160078,0.0
27.80693,22.86087,35.94549,1979.83848,-0.51024,14.17976,9.143662816593961,3.406254983429309,0.0
27.83264,22.86822,35.91919,1974.86163,-0.50588,14.18914,9.13146231820424,3.4017099767647068,0.0
27.85829,22.87555,35.89317,1969.89068,-0.50219,14.19851,9.118865524946623,3.397017339834665,0.0
27.88388,22.88288,35.86738,1964.92603,-0.49919,14.20789,9.105923913761046,3.3921962491537543,0.0
27.9094,22.89019,35.8418,1959.96802,-0.49691,14.21727,9.092689374552867,3.3872660350770234,0.0
27.93485,22.89749,35.81638,1955.01699,-0.49534,14.22665,9.079214026164621,3.3822461132446464,0.0
27.96024,22.90478,35.79108,1950.07324,-0.49451,14.23603,9.065550037022053,3.3771559177678485,0.0
27.98556,22.91206,35.76587,1945.13705,-0.49443,14.24542,9.05174945110609,3.3720148363988836,0.0
28.01082,22.91932,35.74071,1940.20868,-0.4951,14.2548,9.037864019845689,3.3668421479066986,0.0
28.03601,22.92658,35.71556,1935.28834,-0.49653,14.26419,9.023945040453771,3.361656961852821,0.0
28.06114,22.93382,35.69039,1930.37624,-0.49872,14.27359,9.010043201098746,3.356478160913666,0.0
28.0862,22.94104,35.66514,1925.47255,-0.50168,14.28298,8.99620843328743,3.3513243458893025,0.0
28.1112,22.94826,35.6398,1920.5774,-0.5054,14.29238,8.98248977171872,3.346213783495248,0.0
28.13613,22.95547,35.61431,1915.69093,-0.50989,14.30178,8.968935221803317,3.3411643570100873,0.0
28.161,22.96266,35.58864,1910.81321,-0.51513,14.31118,8.955591634967647,3.336193519822901,0.0
28.1858,22.96984,35.56276,1905.9443,-0.52111,14.32058,8.942504591818333,3.3313182519089524,0.0
28.21054,22.97701,35.53662,1901.08424,-0.52784,14.32999,8.929718293155755,3.3265550192293762,0.0
28.23522,22.98417,35.5102,1896.23304,-0.53529,14.3394,8.917275458794977,3.3219197360393107,0.0
28.25983,22.99131,35.48347,1891.39067,-0.54346,14.34882,8.905217234074353,3.3174277300598916,0.0
28.28438,22.99844,35.45637,1886.55709,-0.55233,14.35823,8.89358310391905,3.3130937104646536,0.0
28.30887,23.00556,35.4289,1881.73223,-0.56188,14.36766,8.882410814277376,3.3089317386124972,0.0
28.33329,23.01267,35.401,1876.91598,-0.57209,14.37708,8.871736300707667,3.304955201444426,0.0
28.35765,23.01977,35.37267,1872.10824,-0.58295,14.38651,8.861593623870068,3.3011767874525306,0.0
28.38194,23.02685,35.34385,1867.30884,-0.59442,14.39594,8.852014911690215,3.29760846513445,0.0
28.40617,23.03393,35.31454,1862.51763,-0.60649,14.40538,8.84303030788636,3.2942614638183607,0.0
28.43034,23.04099,35.2847,1857.73441,-0.61912,14.41482,8.834667926602615,3.291146256762671,0.0
28.45444,23.04804,35.25431,1852.95896,-0.6323,14.42426,8.826953812843437,3.288272546416829,0.0
28.47849,23.05507,35.22335,1848.19106,-0.646,14.43371,8.819911908432436,3.2856492517400757,0.0
28.50246,23.0621,35.19179,1843.43044,-0.66018,14.44316,8.813564023211944,3.283284497472529,0.0
28.52638,23.06911,35.15962,1838.67684,-0.67481,14.45261,8.80792981120974,3.281185605256669,0.0
28.55023,23.07611,35.12682,1833.92996,-0.68986,14.46207,8.803026751504872,3.279359086509341,0.0
28.57403,23.0831,35.09338,1829.18949,-0.7053,14.47154,8.798870133558893,3.277810636957263,0.0
28.59775,23.09007,35.05927,1824.4551,-0.7211,14.48101,8.795473046785457,3.2765451327514263,0.0
28.62142,23.09704,35.02449,1819.72646,-0.73721,14.49048,8.792846374130553,3.2755666280755573,0.0
28.64502,23.10399,34.98903,1815.0032,-0.75361,14.49995,8.790998789509544,3.274878354191354,0.0
28.66857,23.11093,34.95287,1810.28496,-0.77026,14.50943,8.789936758927075,3.274482719855678,0.0
28.69205,23.11786,34.91602,1805.57136,-0.78711,14.51892,8.789664545133451,3.2743813130551773,0.0
28.71546,23.12478,34.87846,1800.862,-0.80414,14.52841,8.790184215735856,3.274574904027929,0.0
28.73882,23.13168,34.84019,1796.15647,-0.82131,14.5379,8.791495654660284,3.275063449533314,0.0
28.76211,23.13857,34.80122,1791.45438,-0.83858,14.5474,8.793596576918839,3.2758460983532167,0.0
28.78534,23.14545,34.76154,1786.75529,-0.85591,14.5569,8.796482546636758,3.2769211980075754,0.0
28.80851,23.15232,34.72115,1782.05879,-0.87326,14.56641,8.8001469983696,3.278286302695587,0.0
28.83162,23.15918,34.68006,1777.36444,-0.8906,14.57592,8.80458126168318,3.2799381824523857,0.0
28.85466,23.16602,34.63827,1772.6718,-0.90789,14.58544,8.809774589071695,3.2818728335492744,0.0
28.87765,23.17285,34.5958,1767.98045,-0.92509,14.59496,8.815714187261527,3.28408549015522,0.0
28.90057,23.17967,34.55264,1763.28993,-0.94217,14.60448,8.822385251985772,3.2865706372912786,0.0
28.92343,23.18648,34.50882,1758.5998,-0.95908,14.614,8.829771006311212,3.2893220251083966,0.0
28.94623,23.19327,34.46434,1753.90964,-0.9758,14.62354,8.83785274266004,3.292332684541616,0.0
28.96896,23.20005,34.41922,1749.21899,-0.99228,14.63307,8.846609868600714,3.295594944368368,0.0
28.99164,23.20682,34.37347,1744.52743,-1.0085,14.64261,8.856019956583541,3.299100449736288,0.0
29.01425,23.21358,34.32711,1739.83453,-1.02442,14.65215,8.866058797716972,3.3028401821962983,0.0
29.0368,23.22033,34.28016,1735.13985,-1.04001,14.6617,8.87670045972177,3.306804481292063,0.0
29.05929,23.22706,34.23263,1730.44299,-1.05523,14.67124,8.887917349214396,3.3109830677621916,0.0
29.08171,23.23378,34.18456,1725.74354,-1.07006,14.6808,8.899680278404766,3.315365068386899,0.0
29.10408,23.24049,34.13596,1721.04109,-1.08448,14.69035,8.911958536358892,3.3199390425352204,0.0
29.12638,23.24718,34.08685,1716.33525,-1.09844,14.69991,8.924719964881273,3.3246930104332004,0.0
29.14862,23.25386,34.03726,1711.62565,-1.11192,14.70947,8.937931039124308,3.329614483193014,0.0
29.1708,23.26053,33.98721,1706.91193,-1.12491,14.71903,8.951556952964884,3.3346904946179996,0.0
29.19292,23.26719,33.93673,1702.19372,-1.13738,14.7286,8.965561709169577,3.3399076347915595,0.0
29.21497,23.27384,33.88585,1697.4707,-1.1493,14.73817,8.979908214366402,3.3452520854566474,0.0
29.23697,23.28047,33.8346,1692.74254,-1.16066,14.74774,8.994558378762978,3.350709657163396,0.0
29.2589,23.28709,33.783,1688.00893,-1.17144,14.75731,9.009473220546084,3.3562658281607085,0.0
29.28076,23.29369,33.73108,1683.2696,-1.18162,14.76689,9.024612974855433,3.3619057849918517,0.0
29.30257,23.30028,33.67887,1678.52428,-1.1912,14.77647,9.039937207176207,3.3676144647361586,0.0
29.32431,23.30686,33.62641,1673.77271,-1.20015,14.78604,9.055404930931484,3.3733765988153057,0.0
29.34599,23.31343,33.57371,1669.01466,-1.20847,14.79562,9.070974729056772,3.3791767582830197,0.0
29.36761,23.31998,33.52082,1664.24994,-1.21615,14.80521,9.08660487924672,3.384999400482776,0.0
29.38917,23.32652,33.46776,1659.47836,-1.22318,14.81479,9.10225348253193,3.3908289169460506,0.0
29.41066,23.33305,33.41455,1654.69974,-1.22957,14.82437,9.117878594810552,3.396649682391285,0.0
29.43209,23.33956,33.36124,1649.91396,-1.23531,14.83395,9.133438360891569,3.4024461046585484,0.0
29.45346,23.34606,33.30785,1645.12089,-1.24039,14.84354,9.148891150568648,3.4082026754006267,0.0
29.47476,23.35255,33.25442,1640.32045,-1.24483,14.85312,9.164195696205162,3.4139040213370593,0.0
29.496,23.35903,33.20096,1635.51256,-1.24863,14.86271,9.17931123125624,3.419534955857249,0.0
29.51718,23.36549,33.14751,1630.69717,-1.2518,14.87229,9.194197629140454,3.4250805307538204,0.0
29.53829,23.37193,33.09409,1625.87427,-1.25434,14.88188,9.208815541806413,3.4305260878423196,0.0
29.55934,23.37836,33.04074,1621.04386,-1.25626,14.89146,9.223126537354538,3.435857310228952,0.0
29.58033,23.38478,32.98748,1616.20596,-1.25759,14.90105,9.237093235980186,3.4410602729529627,0.0
29.60125,23.39119,32.93434,1611.36063,-1.25833,14.91063,9.250679443582808,3.4461214927595765,0.0
29.62211,23.39758,32.88133,1606.50795,-1.2585,14.92021,9.263850282282068,3.4510279767206735,0.0
29.64291,23.40396,32.82849,1601.64801,-1.25813,14.9298,9.27657231713402,3.455767269439908,0.0
29.66364,23.41032,32.77584,1596.78094,-1.25724,14.93938,9.288813678311794,3.4603274985682253,0.0
29.68431,23.41667,32.72339,1591.90688,-1.25584,14.94896,9.300544178043586,3.464697418366342,0.0
29.70492,23.423,32.67118,1587.026,-1.25396,14.95853,9.311735421600966,3.468866451050806,0.0
29.72546,23.42932,32.61921,1582.1385,-1.25163,14.96811,9.322360911669339,3.472824725674745,0.0
29.74593,23.43563,32.56751,1577.24458,-1.24889,14.97768,9.332396145428564,3.4765631142929476,0.0
29.76635,23.44192,32.51608,1572.34448,-1.24575,14.98726,9.34181870377255,3.4800732651985133,0.0
29.78669,23.4482,32.46496,1567.43845,-1.24225,14.99683,9.35060833205569,3.4833476330030217,0.0
29.80698,23.45447,32.41414,1562.52677,-1.23842,15.0064,9.358747011887761,3.4863795053820223,0.0
29.8272,23.46072,32.36365,1557.60971,-1.2343,15.01596,9.366219023474837,3.489163026298666,0.0
29.84735,23.46695,32.31349,1552.6876,-1.22992,15.02553,9.37301099816333,3.491693215577739,0.0
29.86744,23.47317,32.26367,1547.76074,-1.22532,15.03509,9.37911196078611,3.4939659846807123,0.0
29.88747,23.47938,32.2142,1542.82948,-1.22054,15.04465,9.384513361598543,3.4959781486027524,0.0
29.90743,23.48557,32.16508,1537.89416,-1.21561,15.05421,9.389209097568656,3.497727433803869,0.0
29.92733,23.49174,32.11632,1532.95515,-1.21056,15.06376,9.393195522943513,3.499212482145167,0.0
29.94716,23.4979,32.06792,1528.01283,-1.20545,15.07331,9.39647144901104,3.500432850800123,0.0
29.96692,23.50405,32.01988,1523.06757,-1.20031,15.08286,9.399038133116196,3.501389008162817,0.0
29.98663,23.51018,31.97221,1518.11978,-1.19518,15.0924,9.400899257021093,3.5020823257865077,0.0
30.00626,23.5163,31.92489,1513.16984,-1.19009,15.10195,9.402060894806326,3.502515066426037,0.0
30.02584,23.5224,31.87792,1508.21817,-1.18509,15.11149,9.402531470554633,3.5026903682738744,0.0
30.04534,23.52849,31.83131,1503.26517,-1.18022,15.12102,9.402321706146623,3.5026122255126575,0.0
30.06479,23.53456,31.78503,1498.31126,-1.17551,15.13056,9.401444559556287,3.5022854653286415,0.0
30.08416,23.54062,31.73909,1493.35685,-1.171,15.14009,9.399915154080192,3.5017157215477157,0.0
30.10348,23.54666,31.69347,1488.40237,-1.16674,15.14962,9.397750699022417,3.5009094050884544,0.0
30.12273,23.55269,31.64816,1483.44822,-1.16276,15.15914,9.394970402371811,3.499873671432096,0.0
30.14191,23.5587,31.60316,1478.49482,-1.15909,15.16866,9.391595376073978,3.4986163853338663,0.0
30.16103,23.56469,31.55844,1473.54259,-1.15577,15.17818,9.387648534513005,3.497146083004753,0.0
30.18008,23.57067,31.51398,1468.59192,-1.15284,15.1877,9.383154486894421,3.4954719320213217,0.0
30.19907,23.57664,31.46979,1463.64322,-1.15033,15.19721,9.378139424177467,3.493603689205014,0.0
30.21799,23.58259,31.42583,1458.69688,-1.14826,15.20672,9.372631001282686,3.4915516567413785,0.0
30.23685,23.58852,31.38209,1453.75329,-1.14668,15.21623,9.366658215272027,3.4893266367989497,0.0
30.25565,23.59444,31.33854,1448.81283,-1.14561,15.22573,9.36025128022029,3.4869398849155715,0.0
30.27438,23.60035,31.29518,1443.87586,-1.14508,15.23523,9.353441499473309,3.4844030624112063,0.0
30.29304,23.60624,31.25197,1438.94275,-1.14511,15.24473,9.34626113602021,3.481728188098194,0.0
30.31164,23.61211,31.2089,1434.01382,-1.14573,15.25423,9.33874328162585,3.4789275895296408,0.0
30.33018,23.61797,31.16594,1429.08943,-1.14697,15.26372,9.330921725421936,3.476013854046154,0.0
30.34865,23.62381,31.12308,1424.16988,-1.14883,15.27322,9.322830822566939,3.472999779848201,0.0
30.36706,23.62964,31.08027,1419.25547,-1.15135,15.28271,9.314505363605345,3.469898327328998,0.0
30.3854,23.63545,31.03751,1414.34651,-1.15453,15.29219,9.305980445087856,3.466722570877128,0.0
30.40368,23.64125,30.99477,1409.44326,-1.1584,15.30168,9.297291342010206,3.463485651356641,0.0
30.42189,23.64703,30.95202,1404.54598,-1.16296,15.31116,9.288473382534413,3.4602007294374304,0.0
30.44004,23.65279,30.90924,1399.65491,-1.16823,15.32064,9.279561825513083,3.4568809399698086,0.0
30.45813,23.65854,30.86641,1394.77027,-1.17421,15.33012,9.270591741175984,3.453539347537116,0.0
30.47615,23.66427,30.82349,1389.89227,-1.18092,15.3396,9.261597895401835,3.4501889033439204,0.0
30.49411,23.66999,30.78046,1385.0211,-1.18835,15.34907,9.25261463788789,3.446842403556246,0.0
30.51201,23.6757,30.73731,1380.15693,-1.19652,15.35854,9.243675794514148,3.4435124492044027,0.0
30.52984,23.68138,30.694,1375.29991,-1.20541,15.36802,9.234814564168284,3.440211407747565,0.0
30.54761,23.68705,30.6505,1370.45018,-1.21503,15.37749,9.226063420227739,3.436951376373258,0.0
30.56531,23.69271,30.60681,1365.60784,-1.22538,15.38696,9.21745401687718,3.4337441470981394,0.0
30.58295,23.69835,30.56289,1360.77299,-1.23644,15.39643,9.20901710041204,3.430601173726242,0.0
30.60053,23.70398,30.51871,1355.94572,-1.24822,15.40589,9.200782425610674,3.4275335406954,0.0
30.61804,23.70959,30.47426,1351.12607,-1.2607,15.41536,9.192778677269205,3.4245519338469093,0.0
30.63549,23.71518,30.42952,1346.3141,-1.27387,15.42482,9.185033396919533,3.421666613126065,0.0
30.65288,23.72076,30.38447,1341.50982,-1.28772,15.43429,9.177572914772641,3.418887387229249,0.0
30.67021,23.72632,30.33907,1336.71324,-1.30223,15.44375,9.170422286846767,3.416223590182517,0.0
30.68747,23.73187,30.29332,1331.92435,-1.31738,15.45321,9.163605237296084,3.413684059857518,0.0
30.70467,23.7374,30.2472,1327.14311,-1.33316,15.46268,9.157144105839862,3.411277118387476,0.0
30.72181,23.74291,30.20069,1322.36947,-1.34955,15.47214,9.151059800277723,3.409010554477865,0.0
30.73888,23.74841,30.15376,1317.60338,-1.36653,15.4816,9.145371753987112,3.4068916075731077,0.0
30.7559,23.7539,30.10641,1312.84475,-1.38406,15.49106,9.140097888341932,3.4049269538565214,0.0
30.77285,23.75937,30.05863,1308.09348,-1.40213,15.50052,9.135254579926887,3.403122694036803,0.0
30.78973,23.76482,30.01039,1303.34947,-1.42071,15.50998,9.130856632500947,3.401484342903679,0.0
30.80656,23.77026,29.96168,1298.61259,-1.43978,15.51945,9.126917253552996,3.4000168205942685,0.0
30.82332,23.77568,29.91249,1293.8827,-1.45931,15.52891,9.123448035402422,3.3987244455525576,0.0
30.84003,23.78109,29.86282,1289.15965,-1.47926,15.53837,9.12045894070567,3.397610929130202,0.0
30.85667,23.78648,29.81265,1284.44326,-1.49961,15.54783,9.117958292298912,3.3966793718026653,0.0
30.87325,23.79185,29.76198,1279.73337,-1.52032,15.55729,9.115952767261012,3.395932260957508,0.0
30.88976,23.79721,29.71079,1275.02979,-1.54137,15.56675,9.114447395128511,3.3953714702294278,0.0
30.90622,23.80256,29.65909,1270.33231,-1.56272,15.57621,9.113445560166857,3.394998260346347,0.0
30.92261,23.80789,29.60686,1265.64072,-1.58434,15.58567,9.112949007632471,3.3948132814622043,0.0
30.93894,23.8132,29.55411,1260.95482,-1.6062,15.59514,9.112957853928595,3.3948165769402707,0.0
30.95522,23.8185,29.50082,1256.27437,-1.62826,15.6046,9.11347060063095,3.3950075885780757,0.0
30.97142,23.82378,29.44702,1251.59914,-1.65049,15.61406,9.114484152293787,3.3953851632406313,0.0
30.98757,23.82904,29.39268,1246.92888,-1.67285,15.62352,9.11599383799577,3.3959475608868424,0.0
31.00366,23.83429,29.33781,1242.26337,-1.69532,15.63298,9.117993436586872,3.3966924639746323,0.0
31.01969,23.83953,29.28242,1237.60233,-1.71785,15.64245,9.12047520557761,3.3976169882229543,0.0
31.03565,23.84475,29.22651,1232.94553,-1.74042,15.65191,9.123429913654107,3.3987176947244984,0.0
31.05156,23.84995,29.17009,1228.29271,-1.76299,15.66137,9.126846876767274,3.3999906033898633,0.0
31.0674,23.85513,29.11315,1223.6436,-1.78553,15.67084,9.130713997774992,3.4014312077153153,0.0
31.08318,23.86031,29.05571,1218.99794,-1.80801,15.6803,9.135017809592796,3.4030344908575514,0.0
31.09891,23.86546,28.99777,1214.35548,-1.83039,15.68976,9.139743521826116,3.404794943005436,0.0
31.11457,23.8706,28.93935,1209.71596,-1.85265,15.69923,9.144875070851628,3.4067065800366194,0.0
31.13017,23.87572,28.88045,1205.07912,-1.87475,15.70869,9.150395173280105,3.4087629634338636,0.0
31.14571,23.88083,28.82108,1200.44471,-1.89667,15.71815,9.156285382790289,3.4109572214571466,0.0
31.16119,23.88592,28.76126,1195.81247,-1.91837,15.72761,9.1625261502446,3.4132820715383514,0.0
31.17661,23.891,28.70099,1191.18215,-1.93984,15.73708,9.169096887019963,3.4157298438736645,0.0
31.19196,23.89606,28.6403,1186.55352,-1.96105,15.74654,9.175976031514516,3.4182925061990708,0.0
31.20726,23.90111,28.57919,1181.92634,-1.98196,15.756,9.183141118668281,3.420961689688637,0.0
31.2225,23.90613,28.51767,1177.30038,-2.00257,15.76546,9.190568852469042,3.4237287159648586,0.0
31.23767,23.91115,28.45577,1172.67541,-2.02284,15.77492,9.19823518125676,3.4265846251515337,0.0
31.25279,23.91614,28.3935,1168.05123,-2.04277,15.78438,9.206115375723215,3.4295202049306828,0.0
31.26785,23.92112,28.33087,1163.42762,-2.06232,15.79384,9.214184109428663,3.432526020537124,0.0
31.28284,23.92609,28.2679,1158.8044,-2.08149,15.80329,9.222415541671522,3.435592445629606,0.0
31.29778,23.93103,28.20461,1154.18139,-2.10026,15.81275,9.230783402496177,3.438709693958459,0.0
31.31265,23.93597,28.14101,1149.55841,-2.11862,15.82221,9.239261079630918,3.44186785175226,0.0
31.32746,23.94088,28.07712,1144.93529,-2.13655,15.83166,9.24782170710838,3.4450569107312803,0.0
31.34222,23.94578,28.01296,1140.3119,-2.15405,15.84111,9.256438255323815,3.4482668016565574,0.0
31.35691,23.95067,27.94855,1135.68809,-2.17111,15.85056,9.265083622211694,3.451487428295586,0.0
31.37154,23.95553,27.8839,1131.06376,-2.18773,15.86001,9.273730725286782,3.454708701710031,0.0
31.38611,23.96038,27.81902,1126.43878,-2.2039,15.86946,9.2823525941958,3.457920574733664,0.0
31.40063,23.96522,27.75395,1121.81307,-2.21962,15.8789,9.290922463453482,3.4611130765189824,0.0
31.41508,23.97004,27.68869,1117.18655,-2.23489,15.88834,9.29941386500417,3.464276347018834,0.0
31.42947,23.97484,27.62325,1112.55916,-2.24972,15.89779,9.307800720253192,3.4674006712705374,0.0
31.4438,23.97962,27.55767,1107.93085,-2.26411,15.90722,9.316057431180427,3.4704765133380726,0.0
31.45807,23.98439,27.49195,1103.30158,-2.27806,15.91666,9.324158970130403,3.473494549761257,0.0
31.47228,23.98914,27.42611,1098.67136,-2.2916,15.92609,9.332080967917266,3.4764457023771693,0.0
31.48643,23.99388,27.36016,1094.04017,-2.30472,15.93552,9.339799799809263,3.479321170351629,0.0
31.50052,23.9986,27.29413,1089.40803,-2.31745,15.94495,9.347292669023151,3.482112461283056,0.0
31.51455,24.0033,27.22801,1084.77497,-2.32979,15.95438,9.354537687287497,3.4848114212144283,0.0
31.52851,24.00799,27.16184,1080.14106,-2.34176,15.9638,9.361513952130947,3.487410263425189,0.0
31.54242,24.01266,27.09561,1075.50633,-2.35339,15.97322,9.368201620464152,3.489901595842452,0.0
31.55627,24.01731,27.02935,1070.87089,-2.36469,15.98263,9.374581978115977,3.492278446945069,0.0
31.57006,24.02194,26.96307,1066.23483,-2.37568,15.99205,9.380637504936157,3.494534290016087,0.0
31.58378,24.02656,26.89676,1061.59825,-2.38639,16.00146,9.386351935153897,3.4966630656279025,0.0
31.59745,24.03117,26.83046,1056.96129,-2.39685,16.01086,9.391710312641088,3.498659202229278,0.0
31.61105,24.03575,26.76416,1052.32408,-2.40708,16.02026,9.39669904082957,3.500517634740827,0.0
31.6246,24.04032,26.69787,1047.68678,-2.41711,16.02966,9.401305926980116,3.502233821046375,0.0
31.63808,24.04487,26.63161,1043.04956,-2.42696,16.03906,9.40552022058424,3.5038037562986495,0.0
31.65151,24.04941,26.56537,1038.4126,-2.43668,16.04845,9.409332645697093,3.5052239849641285,0.0
31.66487,24.05392,26.49916,1033.7761,-2.44629,16.05783,9.412735427031269,3.5064916105436743,0.0
31.67818,24.05842,26.433,1029.14027,-2.45582,16.06722,9.41572230967989,3.507604302919898,0.0
31.69142,24.06291,26.36687,1024.50532,-2.46531,16.0766,9.418288572379367,3.508560303297889,0.0
31.7046,24.06737,26.30079,1019.87148,-2.47479,16.08597,9.420431034256746,3.509358426718777,0.0
31.71772,24.07182,26.23476,1015.239,-2.48431,16.09534,9.422148055035988,3.50999806213658,0.0
31.73079,24.07626,26.16877,1010.60812,-2.49388,16.10471,9.423439528742218,3.5104791700728692,0.0
31.74379,24.08067,26.10283,1005.9791,-2.50356,16.11407,9.424306870959548,3.510802277869973,0.0
31.75673,24.08507,26.03694,1001.35221,-2.51337,16.12343,9.424752999730803,3.5109684725756187,0.0
31.76961,24.08945,25.9711,996.72772,-2.52336,16.13278,9.424782310273638,3.5109793915240317,0.0
