0.0466,0.0466,58.54908,4929.82036,-0.55236,45.00011,2.359637532119173,0.8790270665144421,0.0
0.09319,0.09319,58.47444,4928.6413,-0.60438,45.00027,2.3833983465211936,0.8878785950638476,0.0
0.13976,0.13977,58.39313,4927.46135,-0.65601,45.00048,2.4096561245951866,0.8976603082801317,0.0
0.18633,0.18633,58.30521,4926.279,-0.7072,45.00076,2.4384671487132796,0.9083931728277893,0.0
0.23289,0.23289,58.21074,4925.0927,-0.75792,45.00109,2.4698927621364355,0.9201000406855676,0.0
0.27943,0.27943,58.10979,4923.90084,-0.80812,45.00147,2.503999364674604,0.9328056475297575,0.0
0.32596,0.32597,58.00243,4922.70176,-0.85775,45.00191,2.540858395943981,0.9465366064970808,0.0
0.37248,0.37249,57.88874,4921.49375,-0.90676,45.00241,2.580546302873392,0.961321396079965,0.0
0.41899,0.41901,57.76881,4920.27505,-0.9551,45.00296,2.623144487706305,0.977190340755924,0.0
0.46549,0.46551,57.64273,4919.04385,-1.00272,45.00357,2.6687392322741967,0.9941755827773943,0.0
0.51197,0.512,57.5106,4917.79824,-1.04957,45.00423,2.7174215938393798,1.0123110433704483,0.0
0.55844,0.55849,57.37252,4916.53628,-1.09559,45.00495,2.7692872672701054,1.0316323713913929,0.0
0.6049,0.60496,57.22862,4915.25595,-1.14073,45.00572,2.824436407762486,1.0521768772860218,0.0
0.65135,0.65142,57.079,4913.95515,-1.18493,45.00655,2.8829734077440787,1.0739834499803302,0.0
0.69779,0.69787,56.92381,4912.63171,-1.22813,45.00743,2.9450066209730767,1.0970924541002043,0.0
0.74421,0.74431,56.76317,4911.28341,-1.27026,45.00836,3.010648026242153,1.1215456046922536,0.0
0.79062,0.79073,56.59723,4909.9079,-1.31127,45.00935,3.0800128224539494,1.1473858163787778,0.0
0.83701,0.83715,56.42614,4908.50279,-1.35109,45.0104,3.1532189462234963,1.1746570236519753,0.0
0.88339,0.88355,56.25007,4907.06559,-1.38966,45.01149,3.2303865025552096,1.2034039687861435,0.0
0.92976,0.92995,56.06919,4905.59372,-1.42689,45.01264,3.3116370985988404,1.2336719536442413,0.0
0.97611,0.97633,55.88367,4904.08453,-1.46272,45.01385,3.397093069995494,1.2655065514714252,0.0
1.02245,1.0227,55.6937,4902.53527,-1.49708,45.0151,3.4868765889393436,1.2989532746245684,0.0
1.06878,1.06905,55.49949,4900.94311,-1.52989,45.01641,3.5811086428324415,1.3340571940943056,0.0
1.11508,1.1154,55.30123,4899.30513,-1.56106,45.01777,3.679907872322745,1.370862506643624,0.0
1.16137,1.16173,55.09916,4897.61832,-1.59053,45.01919,3.7833892576797163,1.4094120454482115,0.0
1.20765,1.20804,54.89349,4895.8796,-1.61821,45.02065,3.8916626428642016,1.4497467302736518,0.0
1.25391,1.25435,54.68447,4894.0858,-1.64401,45.02217,4.004831087432318,1.4919049535162583,0.0
1.30015,1.30064,54.47235,4892.23366,-1.66785,45.02373,4.122989037564129,1.5359218988631338,0.0
1.34637,1.34691,54.25739,4890.31989,-1.68964,45.02535,4.2462203091500905,1.5818287899388017,0.0
1.39257,1.39317,54.03986,4888.34108,-1.70929,45.02702,4.374595878064813,1.6296520671240413,0.0
1.43876,1.43941,53.82005,4886.2938,-1.72671,45.02874,4.508171475557163,1.6794124917754345,0.0
1.48492,1.48564,53.59826,4884.17456,-1.74181,45.0305,4.646984990191261,1.7311241783800229,0.0
1.53107,1.53185,53.37478,4881.97982,-1.75449,45.03232,4.791053682045618,1.7847935567711917,0.0
1.57719,1.57804,53.14995,4879.70604,-1.76468,45.03419,4.9403712199603484,1.8404182684253017,0.0
1.62329,1.62422,52.92409,4877.34964,-1.77226,45.0361,5.09490455855084,1.8979860030671074,0.0
1.66937,1.67038,52.69754,4874.90705,-1.77716,45.03806,5.2545906785458465,1.9574732843599345,0.0
1.71542,1.71651,52.47066,4872.37473,-1.77928,45.04007,5.419333221651492,2.018844216303972,0.0
1.76145,1.76263,52.24382,4869.74919,-1.77854,45.04212,5.588999059635421,2.0820492051298563,0.0
1.80746,1.80873,52.01737,4867.02697,-1.77484,45.04422,5.7634148464969295,2.1470236748913147,0.0
1.85343,1.8548,51.79172,4864.20472,-1.76811,45.04637,5.942363612300719,2.213686798578627,0.0
1.89939,1.90085,51.56726,4861.27921,-1.75826,45.04856,6.12558146726042,2.2819402703030125,0.0
1.94531,1.94688,51.34439,4858.24734,-1.74523,45.05079,6.312754494734918,2.351667147856012,0.0
1.9912,1.99289,51.12352,4855.10618,-1.72895,45.05307,6.50351592142712,2.4227307985340714,0.0
2.03707,2.03887,50.90507,4851.85301,-1.70935,45.05539,6.697443661982228,2.494973984436796,0.0
2.0829,2.08482,50.68948,4848.48535,-1.68638,45.05776,6.89405834267597,2.568218126238811,0.0
2.1287,2.13075,50.47717,4845.00099,-1.66,45.06017,7.092821914507732,2.642262786530467,0.0
2.17447,2.17664,50.26857,4841.39801,-1.63016,45.06261,7.293136969060219,2.7168854149575603,0.0
2.2202,2.22251,50.06413,4837.67485,-1.59686,45.0651,7.494346870349568,2.79184139733897,0.0
2.2659,2.26835,49.86429,4833.83033,-1.56006,45.06763,7.695736811873976,2.8668644494450826,0.0
2.31156,2.31416,49.66947,4829.86368,-1.51979,45.0702,7.896535899758264,2.941667393023955,0.0
2.35718,2.35994,49.48013,4825.77458,-1.47604,45.0728,8.095920349515115,3.015943346678989,0.0
2.40277,2.40568,49.2967,4821.56316,-1.42885,45.07545,8.293017865549535,3.089367357349569,0.0
2.44831,2.45138,49.11959,4817.23011,-1.37826,45.07813,8.486913248709003,3.161598489271042,0.0
2.49384,2.49703,48.94847,4812.77798,-1.33651,45.02098,8.677596812001179,3.232633133783883,-22.999999607662296
2.53937,2.54259,48.78295,4808.20922,-1.29176,44.96248,8.865122107613365,3.3024912404869045,-22.999999607662296
2.58491,2.58807,48.62341,4803.52506,-1.24406,44.90267,9.048642337625166,3.370857354874163,-22.999999607662296
2.63045,2.63345,48.4702,4798.72724,-1.19349,44.84156,9.227284476111338,3.437406251817813,-22.999999607662296
2.67599,2.67875,48.32367,4793.81803,-1.14012,44.77919,9.40016121598498,3.5018073860815275,-22.999999607662296
2.72154,2.72395,48.18415,4788.80019,-1.08405,44.7156,9.566379504333801,3.5637280719578435,-22.999999607662296
2.7671,2.76906,48.05197,4783.67702,-1.0254,44.65083,9.725049791845018,3.622836928922297,-22.999999607662296
2.81266,2.81406,47.92743,4778.45235,-0.9643,44.58493,9.875295859137447,3.678807542200678,-22.999999607662296
2.85822,2.85897,47.81081,4773.13052,-0.90089,44.51797,10.0162650551936,3.7313222768543732,-22.999999607662296
2.90378,2.90378,47.70237,4767.71638,-0.83532,44.45001,10.147138758534913,3.78007617484339,-22.999999607662296
2.94935,2.94849,47.60236,4762.21525,-0.76777,44.38111,10.267142851853063,3.824780857102128,-22.999999607662296
2.99492,2.99309,47.511,4756.63294,-0.69842,44.31135,10.37555798649769,3.8651683473311227,-22.999999607662296
3.04049,3.03759,47.42848,4750.97567,-0.62745,44.24081,10.471729405911766,3.900994731485203,-22.999999607662296
3.08607,3.08198,47.35497,4745.25007,-0.55509,44.16957,10.555076097293925,3.93204356700849,-22.999999607662296
3.13164,3.12626,47.29061,4739.46312,-0.48154,44.09774,10.625099049194338,3.958128959006143,-22.999999607662296
3.17722,3.17043,47.23551,4733.6221,-0.40702,44.02539,10.6813884092742,3.9790982266980923,-22.999999607662296
3.22279,3.21449,47.18975,4727.73458,-0.33178,43.95262,10.72362936091608,3.9948340926110197,-22.999999607662296
3.26837,3.25845,47.15339,4721.8083,-0.25603,43.87954,10.751606568861535,4.005256338695347,-22.999999607662296
3.31394,3.30229,47.12646,4715.85117,-0.18003,43.80624,10.765207081463549,4.01032288749062,-22.999999607662296
3.35951,3.34602,47.10893,4709.87121,-0.104,43.73283,10.764421619049806,4.01003028207474,-22.999999607662296
3.40508,3.38964,47.10079,4703.87646,-0.0282,43.6594,10.749344222424112,4.004413555121488,-22.999999607662296
3.45065,3.43314,47.10196,4697.87493,0.04715,43.58605,10.720170280881241,3.99354549428417,-22.999999607662296
3.49622,3.47654,47.11235,4691.87457,0.12179,43.5129,10.677193003367389,3.9775353276100316,-22.999999607662296
3.54178,3.51982,47.13184,4685.8832,0.19552,43.44002,10.620798437644874,3.9565268680480674,-22.999999607662296
3.58734,3.56299,47.16027,4679.90846,0.26809,43.36753,10.551459179024905,3.9306961697864327,-22.999999607662296
3.63289,3.60605,47.19747,4673.95773,0.33929,43.29551,10.469726940768632,3.900248760531357,-22.999999607662296
3.67844,3.649,47.24323,4668.03816,0.40892,43.22404,10.37622418204805,3.865416522702294,-22.999999607662296
3.72399,3.69184,47.29733,4662.15655,0.47678,43.15322,10.271635005234367,3.826454302432334,-22.999999607662296
3.76953,3.73458,47.35953,4656.31936,0.54269,43.08313,10.15669554252578,3.7836363283341092,-22.999999607662296
3.81506,3.7772,47.42955,4650.5327,0.60647,43.01383,10.032184052358442,3.7372525221523003,-22.999999607662296
3.86058,3.81972,47.5071,4644.80223,0.66796,42.9454,9.898910939440174,3.687604780963602,-22.999999607662296
3.9061,3.86214,47.59189,4639.13322,0.72701,42.8779,9.757708899178908,3.6350033057170017,-22.999999607662296
3.95162,3.90445,47.68358,4633.5305,0.7835,42.81139,9.609423369087331,3.5797630441307757,-22.999999607662296
3.99712,3.94665,47.78186,4627.99847,0.83731,42.74592,9.4549034473264,3.5222003076110004,-22.999999607662296
4.04262,3.98876,47.88636,4622.54105,0.88833,42.68154,9.294993413308976,3.462629612453291,-22.999999607662296
4.08811,4.03077,47.99673,4617.16175,0.93647,42.61828,9.130524958510822,3.40136078561549,-22.999999607662296
4.13359,4.07268,48.11262,4611.86363,0.98165,42.55619,8.962310208287358,3.3386963651607964,-22.999999607662296
4.17906,4.1145,48.23364,4606.64932,1.02382,42.49528,8.791135588797763,3.274929315525621,-22.999999607662296
4.22453,4.15622,48.35943,4601.52103,1.06293,42.43559,8.61775656794977,3.210341068383153,-22.999999607662296
4.26998,4.19785,48.4896,4596.48057,1.09893,42.37713,8.442893276147425,3.1451998912566683,-22.999999607662296
4.31543,4.23939,48.62377,4591.52937,1.13181,42.31991,8.267226992271235,3.079759578454685,-22.999999607662296
4.36086,4.28084,48.76155,4586.66849,1.16155,42.26395,8.091397462930411,3.0142584524218785,-22.999999607662296
4.40629,4.3222,48.90258,4581.89864,1.18815,42.20923,7.916001008776254,2.948918658290998,-22.999999607662296
4.45171,4.36348,49.04645,4577.22023,1.21162,42.15578,7.74158936063463,2.8839457303115936,-22.999999607662296
4.49712,4.40468,49.19281,4572.63336,1.23198,42.10357,7.568669160168454,2.8195284058336423,-22.999999607662296
4.54252,4.4458,49.34127,4568.13783,1.24924,42.0526,7.397702054644387,2.7558386606106478,-22.999999607662296
4.58791,4.48684,49.49147,4563.73323,1.26346,42.00287,7.229105312716714,2.6930319381953303,-22.999999607662296
4.63329,4.5278,49.64304,4559.41889,1.27466,41.95434,7.0632528877615375,2.6312475460595923,-22.999999607662296
4.67866,4.56869,49.79563,4555.19394,1.2829,41.90701,6.900476856749564,2.570609191612494,-22.999999607662296
4.72402,4.6095,49.94888,4551.05731,1.28822,41.86086,6.741069165616536,2.511225632396659,-22.999999607662296
4.76937,4.65025,50.10246,4547.00779,1.29069,41.81586,6.585283616274063,2.4531914163020914,-22.999999607662296
4.81471,4.69092,50.25603,4543.044,1.29037,41.77199,6.433338035341593,2.3965876894759,-22.999999607662296
4.86005,4.73153,50.40927,4539.16444,1.28733,41.72923,6.285416570315441,2.341483051705674,-22.999999607662296
4.90537,4.77207,50.56186,4535.3675,1.28163,41.68754,6.141672064692797,2.287934441215671,-22.999999607662296
4.95068,4.81254,50.7135,4531.65148,1.27334,41.6469,6.002228469584517,2.235988033056035,-22.999999607662296
4.99599,4.85296,50.86388,4528.01457,1.26255,41.60728,5.86718325521058,2.185680137448304,-22.999999607662296
5.04128,4.89331,51.01271,4524.45494,1.24932,41.56865,5.7366097913554865,2.1370380865676797,-22.999999607662296
5.08657,4.9336,51.15972,4520.97067,1.23374,41.53098,5.610559671198806,2.0900811002310493,-22.999999607662296
5.13184,4.97383,51.30465,4517.55981,1.21588,41.49423,5.489064957903868,2.044821122810387,-22.999999607662296
5.17711,5.01401,51.44722,4514.22037,1.19582,41.45838,5.372140337839487,2.001263625364496,-22.999999607662296
5.22237,5.05413,51.58719,4510.95034,1.17364,41.4234,5.259785168369878,1.9594083684946388,-22.999999607662296
5.26762,5.0942,51.72433,4507.74771,1.14942,41.38924,5.1519854117179,1.919250122759474,-22.999999607662296
5.31286,5.13422,51.85839,4504.61043,1.12324,41.35589,5.048715449485672,1.880779344631731,-22.999999607662296
5.35809,5.17418,51.98917,4501.53648,1.09518,41.3233,4.949939775110495,1.8439828069825697,-22.999999607662296
5.40331,5.2141,52.11644,4498.52381,1.06531,41.29146,4.8556145637363075,1.808844183900006,-22.999999607662296
5.44852,5.25397,52.24001,4495.5704,1.03372,41.26031,4.765689120849278,1.7753445903437843,-22.999999607662296
5.49373,5.29378,52.35969,4492.67424,1.00047,41.22985,4.680107212507528,1.7434630776909517,-22.999999607662296
5.53893,5.33356,52.47529,4489.83331,0.96565,41.20002,4.598808281176797,1.713177086666631,-22.999999607662296
5.58411,5.37328,52.58663,4487.04563,0.92934,41.17081,4.521728552084516,1.6844628594900248,-22.999999607662296
5.62929,5.41296,52.69356,4484.30924,0.8916,41.14218,4.448802035653669,1.6572958133074047,-22.999999607662296
5.67447,5.4526,52.79592,4481.62217,0.8525,41.11411,4.379961432027177,1.6316508771512437,-22.999999607662296
5.71963,5.4922,52.89355,4478.9825,0.81212,41.08656,4.315138943953158,1.6075027947613612,-22.999999607662296
5.76479,5.53175,52.98633,4476.38831,0.77054,41.05951,4.254267004424474,1.584826395649804,-22.999999607662296
5.80994,5.57126,53.07411,4473.83772,0.72781,41.03292,4.197278925456556,1.563596836787654,-22.999999607662296
5.85508,5.61074,53.15677,4471.32885,0.68401,41.00678,4.144109474277197,1.5437898172508868,-22.999999607662296
5.90021,5.65017,53.23421,4468.85984,0.6392,40.98105,4.09469538302256,1.5253817680955442,-22.999999607662296
5.94534,5.68956,53.3063,4466.42886,0.59346,40.9557,4.0489757977731236,1.5083500196354425,-22.999999607662296
5.99046,5.72892,53.37296,4464.03409,0.54684,40.93071,4.006892672480367,1.4926729481902241,-22.999999607662296
6.03557,5.76824,53.43409,4461.67373,0.49941,40.90605,3.968391112990382,1.4783301042432053,-22.999999607662296
6.08068,5.80752,53.4896,4459.34598,0.45124,40.8817,3.933419676024389,1.4653023238194878,-22.999999607662296
6.12577,5.84677,53.53942,4457.04906,0.40238,40.85762,3.901930627595327,1.453571824752934,-22.999999607662296
6.17086,5.88598,53.58348,4454.78121,0.3529,40.83381,3.8738801649736656,1.4431222893742743,-22.999999607662296
6.21595,5.92515,53.62172,4452.54067,0.30286,40.81022,3.8492286059114114,1.4339389350020293,-22.999999607662296
6.26103,5.96429,53.65407,4450.32568,0.25232,40.78683,3.8279405484636504,1.4260085734802364,-22.999999607662296
6.3061,6.0034,53.68049,4448.13448,0.20134,40.76362,3.809985004370987,1.4193196608669207,-22.999999607662296
6.35116,6.04247,53.70095,4445.96534,0.14998,40.74057,3.7953355085712515,1.4138623382300866,-22.999999607662296
6.39622,6.08151,53.7154,4443.81648,0.09829,40.71764,3.7839702070571537,1.4096284643770052,-22.999999607662296
6.44127,6.12051,53.72381,4441.68617,0.04634,40.69482,3.7758719249325794,1.4066116412069742,-22.999999607662296
6.48632,6.15948,53.72617,4439.57263,-0.00581,40.67209,3.771028216159006,1.4048072322431702,-22.999999607662296
6.53136,6.19842,53.72246,4437.47409,-0.05811,40.6494,3.769431396128916,1.404212374767098,-22.999999607662296
6.57639,6.23732,53.71267,4435.38878,-0.1105,40.62675,3.7710785578865544,1.4048259858612528,-22.999999607662296
6.62142,6.2762,53.6968,4433.31488,-0.16292,40.60411,3.775971572442639,1.4066487625263557,-22.999999607662296
6.66644,6.31504,53.67485,4431.2506,-0.21531,40.58145,3.784117073316664,1.4096831759229567,-22.999999607662296
6.71145,6.35386,53.64718,4429.19338,-0.26177,40.58747,3.795344285173926,1.413865607745509,0.0
6.75643,6.39266,53.61415,4427.14081,-0.30807,40.59353,3.8094842659307435,1.4191331226227086,0.0
6.80139,6.43146,53.57578,4425.09119,-0.35414,40.59965,3.8265515381695483,1.4254911305986226,0.0
6.84632,6.47026,53.53211,4423.04283,-0.39993,40.60581,3.846563598207993,1.432946149511933,0.0
6.89123,6.50904,53.48318,4420.99399,-0.44539,40.61202,3.869540678330981,1.4415057164211091,0.0
6.93611,6.54781,53.42903,4418.94293,-0.49045,40.61827,3.895505603791005,1.4511783343332736,0.0
6.98097,6.58657,53.36972,4416.88786,-0.53506,40.62457,3.92448362507252,1.4619734097182655,0.0
7.02581,6.62532,53.30531,4414.82697,-0.57916,40.63091,3.956502223617266,1.473901180136214,0.0
7.07061,6.66407,53.23587,4412.7584,-0.62269,40.6373,3.991590889006647,1.4869726312321088,0.0
7.1154,6.7028,53.16147,4410.6803,-0.66558,40.64374,4.029780865400929,1.5011994022777333,0.0
7.16015,6.74153,53.08219,4408.59074,-0.70778,40.65022,4.07110486487416,1.5165936793813763,0.0
7.20488,6.78024,52.99812,4406.4878,-0.74923,40.65675,4.1155967451188245,1.5331680754243378,0.0
7.24959,6.81895,52.90936,4404.36947,-0.78986,40.66332,4.163291148868636,1.550935495736431,0.0
7.29427,6.85765,52.81601,4402.23377,-0.82961,40.66994,4.2142231022888845,1.5699089884858206,0.0
7.33893,6.89634,52.71818,4400.07863,-0.86842,40.67661,4.268427569542052,1.590101578742994,0.0
7.38355,6.93501,52.61598,4397.90197,-0.90623,40.68331,4.325938960688696,1.6115260851608915,0.0
7.42816,6.97368,52.50955,4395.70168,-0.94296,40.69006,4.3867905901697615,1.634194918245321,0.0
7.47273,7.01234,52.39901,4393.4756,-0.97855,40.69686,4.451014083187501,1.6581198592162312,0.0
7.51728,7.05099,52.2845,4391.22154,-1.01294,40.7037,4.51863872751515,1.6833118185397589,0.0
7.5618,7.08962,52.16617,4388.93728,-1.04606,40.71058,4.589690768506568,1.7097805733007738,0.0
7.60629,7.12825,52.04418,4386.62057,-1.07784,40.71751,4.664192645479144,1.7375344827354184,0.0
7.65076,7.16687,51.91868,4384.26914,-1.10822,40.72448,4.7421621680991795,1.7665801814129896,0.0
7.69519,7.20547,51.78985,4381.88067,-1.13712,40.73149,4.823611632025088,1.796922249789765,0.0
7.7396,7.24407,51.65786,4379.45285,-1.16448,40.73855,4.908546873793695,1.82856286212928,0.0
7.78398,7.28265,51.5229,4376.98332,-1.19023,40.74565,4.99696626585857,1.8615014121276674,0.0
7.82833,7.32122,51.38517,4374.46972,-1.2143,40.75278,5.088859653722017,1.895734116967353,0.0
7.87265,7.35978,51.24486,4371.90969,-1.23662,40.75996,5.184207238338678,1.9312536009829975,0.0
7.91694,7.39832,51.10219,4369.30085,-1.25713,40.76718,5.282978408402049,1.9680484606574955,0.0
7.9612,7.43686,50.95736,4366.64084,-1.27575,40.77445,5.385130528675175,2.006102813243281,0.0
8.00543,7.47538,50.8106,4363.9273,-1.29242,40.78175,5.490607692322683,2.0453958319731806,0.0
8.04962,7.51388,50.66215,4361.15788,-1.30708,40.78909,5.599339447142053,2.085901271548046,0.0
8.09379,7.55238,50.51224,4358.33027,-1.31966,40.79647,5.711239507665124,2.1275869883606813,0.0
8.13792,7.59085,50.36111,4355.4422,-1.3301,40.80389,5.826204467361811,2.170414460757838,0.0
8.18201,7.62932,50.20902,4352.49145,-1.33833,40.81134,5.944112527489847,2.2143383155033054,0.0
8.22608,7.66776,50.05623,4349.47583,-1.34431,40.81884,6.064822261536964,2.259305867500108,0.0
8.2701,7.70619,49.90299,4346.39325,-1.34797,40.82637,6.188171436615389,2.3052566807289456,0.0
8.31409,7.74461,49.74958,4343.24169,-1.34927,40.83394,6.313975915464375,2.352122159215248,0.0
8.35805,7.78301,49.59627,4340.01924,-1.34816,40.84155,6.4420286649913026,2.399825177684645,0.0
8.40197,7.82139,49.44334,4336.72409,-1.34459,40.84919,6.572098899188968,2.448279762277109,0.0
8.44585,7.85975,49.29108,4333.35454,-1.33852,40.85686,6.703931385978996,2.4973908323278837,0.0
8.48969,7.89809,49.13976,4329.90906,-1.32992,40.86457,6.837245948700693,2.54705401465897,0.0
8.53349,7.93641,48.98969,4326.38625,-1.31876,40.87232,6.971737193680906,2.597155542091727,0.0
8.57726,7.97472,48.84115,4322.78491,-1.30502,40.88009,7.107074495301758,2.647572247884212,0.0
8.62098,8.013,48.69443,4319.10399,-1.28869,40.8879,7.242902269204888,2.698171667506948,0.0
8.66466,8.05126,48.54984,4315.34268,-1.26975,40.89575,7.3788405626443545,2.748812258564913,0.0
8.7083,8.0895,48.40765,4311.50036,-1.2482,40.90362,7.514485988324482,2.7993437486767103,0.0
8.75189,8.12772,48.26818,4307.57665,-1.22406,40.91153,7.649413024385004,2.849607619753236,0.0
8.79545,8.16591,48.13169,4303.57142,-1.19733,40.91946,7.783175698411931,2.8994377353360385,0.0
8.83895,8.20408,47.99849,4299.4848,-1.16804,40.92743,7.915309667459981,2.948661115460402,0.0
8.88241,8.24222,47.86885,4295.31719,-1.13623,40.93542,8.045334699076191,2.997098860901922,0.0
8.92583,8.28034,47.74306,4291.06927,-1.10194,40.94344,8.172757550418037,3.0445672257237573,0.0
8.9692,8.31843,47.62137,4286.74201,-1.06523,40.95149,8.297075233666648,3.090878833728974,0.0
9.01252,8.3565,47.50406,4282.33667,-1.02615,40.95957,8.417778646508518,3.1358440309105,0.0
9.05579,8.39454,47.39138,4277.85484,-0.98478,40.96768,8.534356536475052,3.1792723622719254,0.0
9.09901,8.43255,47.28358,4273.29839,-0.9412,40.97581,8.646299757884282,3.2209741576502853,0.0
9.14218,8.47053,47.18087,4268.6695,-0.89552,40.98397,8.753105770206309,3.260762207475556,0.0
9.1853,8.50848,47.0835,4263.97065,-0.84783,40.99215,8.854283317274467,3.2984535058999267,0.0
9.22836,8.5464,46.99166,4259.20464,-0.79825,41.00035,8.949357218379822,3.333871035606563,0.0
9.27138,8.58429,46.90555,4254.37453,-0.74691,41.00859,9.03787319498627,3.366845565887978,0.0
9.31434,8.62215,46.82534,4249.48369,-0.69393,41.01684,9.119402651384185,3.397217433565305,0.0
9.35724,8.65998,46.7512,4244.53572,-0.63946,41.02512,9.193547323894256,3.424838274939051,0.0
9.4001,8.69777,46.68328,4239.5345,-0.58365,41.03342,9.259943711955904,3.449572676486125,0.0
9.44289,8.73553,46.62169,4234.48414,-0.52666,41.04174,9.318267205401572,3.471299712378107,0.0
9.48563,8.77326,46.56654,4229.38893,-0.46865,41.05009,9.368235825744085,3.4899143382092226,0.0
9.52832,8.81095,46.51793,4224.25339,-0.40979,41.05846,9.40961350534632,3.5053286125733267,0.0
9.57094,8.84861,46.47592,4219.08218,-0.35025,41.06685,9.442212836694647,3.51747272124061,0.0
9.61351,8.88624,46.44057,4213.88008,-0.29022,41.07526,9.465897234567706,3.5262957826223373,0.0
9.65603,8.92383,46.4119,4208.65201,-0.22988,41.08369,9.48058246627891,3.5317664178264616,0.0
9.69848,8.96138,46.38991,4203.40294,-0.16941,41.09214,9.486237519040221,3.533873073773444,0.0
9.74088,8.9989,46.37461,4198.13792,-0.10899,41.10061,9.482884788330967,3.532624093368592,0.0
9.78322,9.03638,46.36594,4192.86199,-0.0488,41.10911,9.470599586422606,3.528047532414612,0.0
9.82549,9.07383,46.36387,4187.58019,0.01096,41.11762,9.449508985507814,3.5201907286467433,0.0
9.86772,9.11124,46.36832,4182.29752,0.07013,41.12615,9.419790024530446,3.5091196337297497,0.0
9.90988,9.14861,46.37919,4177.01893,0.12852,41.13471,9.381667322394053,3.4949179241152817,0.0
9.95198,9.18595,46.39639,4171.74924,0.18597,41.14329,9.335410152305895,3.477685911158048,0.0
9.99402,9.22325,46.41977,4166.49319,0.24231,41.15188,9.281329042202692,3.457539274684957,0.0
10.03601,9.26052,46.4492,4161.25534,0.29737,41.1605,9.219771974271518,3.4346076472166605,0.0
10.07793,9.29775,46.48451,4156.04012,0.35101,41.16914,9.151120262270872,3.409033078161164,0.0
10.1198,9.33494,46.52552,4150.85176,0.40308,41.17779,9.075784188700233,3.380968408544708,0.0
10.16161,9.3721,46.57205,4145.69428,0.45345,41.18647,8.99419848479196,3.350575587189812,0.0
10.20336,9.40923,46.62388,4140.57151,0.50198,41.19518,8.906817735018285,3.3180239587732205,0.0
10.24506,9.44632,46.6808,4135.48702,0.54855,41.2039,8.814111784417209,3.2834885529339553,0.0
10.28669,9.48337,46.74258,4130.44418,0.59306,41.21264,8.716561221871208,3.2471484016757945,0.0
10.32827,9.52039,46.80898,4125.44608,0.63541,41.22141,8.614653005833645,3.2091849098352627,0.0
10.3698,9.55737,46.87974,4120.4956,0.67551,41.2302,8.508876291169216,3.169780300469898,0.0
10.41126,9.59433,46.95463,4115.59532,0.71328,41.23901,8.399718507138878,3.1291161538044445,0.0
10.45268,9.63125,47.03336,4110.74762,0.74864,41.24785,8.28766172746146,3.0873720549832857,0.0
10.49403,9.66813,47.11567,4105.95458,0.78154,41.25671,8.17317936417768,3.044724362447812,0.0
10.53533,9.70499,47.20128,4101.21808,0.81193,41.26559,8.056733207845642,3.0013451053313585,0.0
10.57658,9.74181,47.28992,4096.53972,0.83977,41.2745,7.93877082799677,2.957401015060641,0.0
10.61778,9.7786,47.38131,4091.92088,0.86502,41.28344,7.819723339580905,2.9130526932977956,0.0
10.65892,9.81536,47.47515,4087.36271,0.88767,41.29239,7.700003533811657,2.868453915631079,0.0
10.70001,9.85209,47.57118,4082.86614,0.9077,41.30138,7.580004365362496,2.823751068015622,0.0
10.74105,9.8888,47.6691,4078.43188,0.9251,41.31039,7.460097782299067,2.7790827108924168,0.0
10.78204,9.92547,47.76863,4074.06045,0.93987,41.31943,7.340633880587981,2.7345792642206077,0.0
10.82298,9.96211,47.86948,4069.75217,0.95202,41.32849,7.221940361438147,2.6903628053228497,0.0
10.86387,9.99873,47.97139,4065.50718,0.96158,41.33758,7.104322267034142,2.6465469704390414,0.0
10.90471,10.03532,48.07407,4061.32547,0.96856,41.3467,6.988061968447314,2.603236950222889,0.0
10.9455,10.07188,48.17726,4057.20685,0.97298,41.35585,6.873419378462999,2.560529569025648,0.0
10.98624,10.10842,48.28067,4053.15098,0.97489,41.36503,6.760632361798121,2.51851343771297,0.0
11.02694,10.14494,48.38405,4049.15742,0.97432,41.37424,6.649917315409079,2.4772691698448597,0.0
11.06759,10.18142,48.48714,4045.22555,0.97131,41.38347,6.54146989244193,2.4368696513661674,0.0
11.1082,10.21789,48.58969,4041.35468,0.96592,41.39274,6.435465844518939,2.3973803543804904,0.0
11.14876,10.25433,48.69145,4037.54399,0.95818,41.40204,6.332061958631909,2.3588596861675906,0.0
11.18927,10.29075,48.79217,4033.79259,0.94817,41.41137,6.231397066581181,2.321359365225977,0.0
11.22975,10.32714,48.89162,4030.09946,0.93592,41.42073,6.133593106865575,2.2849248168548577,0.0
11.27018,10.36352,48.98958,4026.46354,0.92151,41.43012,6.038756220853413,2.2495955815066786,0.0
11.31056,10.39987,49.08582,4022.88369,0.905,41.43954,5.946977867108689,2.215405729902947,0.0
11.35091,10.4362,49.18013,4019.3587,0.88644,41.449,5.858335939693047,2.1823842796311417,0.0
11.39121,10.47252,49.2723,4015.8873,0.86592,41.45849,5.772895878229197,2.1505556086725424,0.0
11.43148,10.50881,49.36213,4012.46819,0.84348,41.46801,5.690711759296655,2.1199398619758605,0.0
11.4717,10.54508,49.44944,4009.09999,0.81921,41.47757,5.611827360487835,2.090553347846125,0.0
11.51188,10.58134,49.53403,4005.78132,0.79317,41.48716,5.5362771899942596,2.0624089214926467,0.0
11.55203,10.61758,49.61573,4002.51074,0.76543,41.49679,5.46408747608849,2.0355163536370586,0.0
11.59213,10.6538,49.69438,3999.28679,0.73606,41.50645,5.395277112107476,2.009882682544491,0.0
11.6322,10.69,49.76981,3996.10798,0.70514,41.51614,5.329858553741375,1.9855125482872549,0.0
11.67223,10.72619,49.84186,3992.97281,0.67258,41.5199,5.267844784437862,1.9624107875412242,-2.999999948825517
11.71223,10.76235,49.91038,3989.87977,0.63861,41.52376,5.2092436641238375,1.9405803283359777,-2.999999948825517
11.75219,10.79849,49.97522,3986.82729,0.6033,41.52772,5.154052724653548,1.9200202512222797,-2.999999948825517
11.79212,10.83462,50.03627,3983.81379,0.56673,41.53177,5.102266185575015,1.9007284028296776,-2.999999948825517
11.83202,10.87072,50.0934,3980.8377,0.52897,41.5359,5.053875591630728,1.8827016333522753,-2.999999948825517
11.87188,10.90681,50.14649,3977.8974,0.49009,41.54012,5.008870403697252,1.8659360166892938,-2.999999948825517
11.91172,10.94288,50.19544,3974.99129,0.45016,41.54441,4.967238540424607,1.8504270522199848,-2.999999948825517
11.95152,10.97893,50.24015,3972.11773,0.40926,41.54879,4.928966872089559,1.8361698487769809,-2.999999948825517
11.99129,11.01496,50.28053,3969.27509,0.36745,41.55324,4.894041668345858,1.8231592914450365,-2.999999948825517
12.03103,11.05098,50.31649,3966.46171,0.32482,41.55775,4.86244900160835,1.811390191832224,-2.999999948825517
12.07074,11.08698,50.34796,3963.67596,0.28143,41.56234,4.834175107874735,1.8008574224855358,-2.999999948825517
12.11042,11.12296,50.37487,3960.91614,0.23735,41.56699,4.809206706742355,1.7915560361055523,-2.999999948825517
12.15006,11.15893,50.39717,3958.1806,0.19266,41.57169,4.787531282334533,1.7834813701988985,-2.999999948825517
12.18968,11.19488,50.41479,3955.46762,0.14742,41.57646,4.76913732675471,1.7766291377713153,-2.999999948825517
12.22927,11.23081,50.42769,3952.77553,0.10172,41.58127,4.754014547563563,1.770995504618345,-2.999999948825517
12.26883,11.26673,50.43583,3950.10258,0.05561,41.58613,4.742154040629208,1.7665771537165786,-2.999999948825517
12.30836,11.30263,50.43918,3947.44707,0.00917,41.59104,4.733548429535636,1.7633713371569681,-2.999999948825517
12.34785,11.33852,50.43771,3944.80725,-0.03753,41.59599,4.728191972567653,1.7613759159995293,-2.999999948825517
12.38732,11.37439,50.43142,3942.18136,-0.08442,41.60098,4.726080638074686,1.760589388348345,-2.999999948825517
12.42676,11.41025,50.42029,3939.56762,-0.13143,41.606,4.727212148850809,1.761010905884291,-2.999999948825517
12.46617,11.44609,50.40431,3936.96425,-0.17848,41.61105,4.731585995933292,1.7626402790053595,-2.999999948825517
12.50555,11.48192,50.3835,3934.36943,-0.22551,41.61612,4.7392034220454,1.7654779706586632,-2.999999948825517
12.54491,11.51774,50.35786,3931.78134,-0.27245,41.62122,4.7500673746976725,1.7695250788694323,-2.999999948825517
12.58423,11.55354,50.32742,3929.19814,-0.31922,41.62634,4.764182428734748,1.7747833078876665,-2.999999948825517
12.62353,11.58932,50.2922,3926.61794,-0.36575,41.63147,4.78155467797925,1.7812549278226308,-2.999999948825517
12.66279,11.62509,50.25223,3924.03886,-0.41198,41.63662,4.80219159537692,1.7889427225432388,-2.999999948825517
12.70203,11.66085,50.20757,3921.459,-0.45782,41.64177,4.826101860925881,1.7978499255771767,-2.999999948825517
12.74124,11.69659,50.15825,3918.8764,-0.50321,41.64692,4.853295156480013,1.8079801436697585,-2.999999948825517
12.78042,11.73232,50.10433,3916.28911,-0.54808,41.65208,4.88378192640358,1.8193372676214807,-2.999999948825517
12.81956,11.76803,50.04589,3913.69515,-0.59234,41.65723,4.917573102935004,1.8319253699788,-2.999999948825517
12.85869,11.80373,49.98298,3911.0925,-0.63594,41.66237,4.954679795012791,1.8457485891136043,-2.999999948825517
12.89778,11.83941,49.91568,3908.47913,-0.6788,41.6675,4.995112939299484,1.8608109992204513,-2.999999948825517
12.93684,11.87508,49.8441,3905.85298,-0.72083,41.67261,5.038882912084692,1.8771164657402366,-2.999999948825517
12.97587,11.91074,49.7683,3903.21198,-0.76198,41.6777,5.08599910080275,1.8946684857392488,-2.999999948825517
13.01488,11.94638,49.68841,3900.554,-0.80216,41.68276,5.136469433963192,1.9134700127959008,-2.999999948825517
13.05385,11.982,49.60452,3897.87693,-0.8413,41.6878,5.19029986843852,1.9335232660019341,-2.999999948825517
13.0928,12.01761,49.51675,3895.17861,-0.87932,41.6928,5.247493833246449,1.9548295227566708,-2.999999948825517
13.13171,12.05321,49.42523,3892.45688,-0.91616,41.69777,5.308051629211176,1.9773888951250387,-2.999999948825517
13.17059,12.08878,49.33008,3889.70954,-0.95173,41.70269,5.371969784286485,2.0012000896784685,-2.999999948825517
13.20945,12.12435,49.23145,3886.93439,-0.98597,41.70756,5.43924036471182,2.0262601508824023,-2.999999948825517
13.24827,12.15989,49.12948,3884.12921,-1.01879,41.71239,5.509850242713019,2.0525641882955528,-2.999999948825517
13.28706,12.19542,49.02432,3881.29177,-1.05012,41.71716,5.583780322095713,2.080105088083066,-2.999999948825517
13.32583,12.23093,48.91614,3878.41985,-1.0799,41.72186,5.6610047238050765,2.1088732096161005,-2.999999948825517
13.36456,12.26643,48.80509,3875.5112,-1.10804,41.72651,5.741489934370953,2.1388560682452313,-2.999999948825517
13.40325,12.30191,48.69137,3872.5636,-1.13447,41.73108,5.825193921096096,2.1700380056847868,-2.999999948825517
13.44192,12.33737,48.57514,3869.57481,-1.15912,41.73559,5.9120652189496905,2.202399849856661,-2.999999948825517
13.48055,12.37281,48.4566,3866.54263,-1.18192,41.74001,6.002041995266565,2.235918566466164,-2.999999948825517
13.51916,12.40823,48.33594,3863.46486,-1.2028,41.74436,6.095051099641221,2.2705669050625428,-2.999999948825517
13.55772,12.44363,48.21337,3860.33934,-1.2217,41.74862,6.191007107796879,2.30631304285505,-2.999999948825517
13.59626,12.47901,48.08909,3857.16393,-1.23854,41.75278,6.289811369636387,2.343120230086856,-2.999999948825517
13.63476,12.51438,47.96332,3853.93656,-1.25327,41.75686,6.3913510731856045,2.3809464413293324,-2.999999948825517
13.67323,12.54972,47.83629,3850.65518,-1.26582,41.76083,6.495498337681689,2.4197440376335746,-2.999999948825517
13.71166,12.58504,47.70821,3847.31781,-1.27613,41.76471,6.6021093505850095,2.459459445044633,-2.999999948825517
13.75005,12.62034,47.57932,3843.92255,-1.28415,41.76848,6.7110235647622005,2.5000328555310816,-2.999999948825517
13.78841,12.65561,47.44985,3840.46758,-1.28983,41.77214,6.822062973478488,2.541397956900578,-2.999999948825517
13.82674,12.69087,47.32005,3836.95116,-1.29312,41.77569,6.935031482096922,2.583481698741296,-2.999999948825517
13.86503,12.7261,47.19016,3833.37167,-1.29397,41.77912,7.04971439638914,2.6262041018042273,-2.999999948825517
13.90328,12.7613,47.06044,3829.72758,-1.29235,41.78243,7.16587804815892,2.6694781185380982,-2.999999948825517
13.94149,12.79648,46.93112,3826.01752,-1.28823,41.78563,7.283269579295648,2.7132095526436073,-2.999999948825517
13.97966,12.83164,46.80247,3822.24022,-1.28157,41.7887,7.4016169053993375,2.75729704552279,-2.999999948825517
14.0178,12.86677,46.67474,3818.3946,-1.27236,41.79164,7.5206288796915395,2.801632137340139,-2.999999948825517
14.05589,12.90187,46.54819,3814.47972,-1.26058,41.79446,7.639995676911073,2.846099410033872,-2.999999948825517
14.09395,12.93694,46.42308,3810.49481,-1.24623,41.79715,7.759389415349745,2.890576719040601,-2.999999948825517
14.13196,12.97198,46.29966,3806.43931,-1.2293,41.79971,7.878465032961089,2.934935519668886,-2.999999948825517
14.16994,13.007,46.17818,3802.31284,-1.20979,41.80214,7.996861430578345,2.9790412929780206,-2.999999948825517
14.20787,13.04199,46.0589,3798.11523,-1.18773,41.80444,8.114202891726649,3.0227540746954213,-2.999999948825517
14.24576,13.07694,45.94208,3793.84654,-1.16315,41.80661,8.230100784299339,3.0659290891358313,-2.999999948825517
14.2836,13.11187,45.82795,3789.50705,-1.13606,41.80866,8.344155544467304,3.1084174882597484,-2.999999948825517
14.3214,13.14676,45.71675,3785.09727,-1.10652,41.81057,8.455958937793937,3.1500671939982436,-2.999999948825517
14.35916,13.18162,45.60874,3780.61796,-1.07458,41.81236,8.565096586595507,3.1907238397611914,-2.999999948825517
14.39687,13.21644,45.50413,3776.07012,-1.04029,41.81403,8.671150746361452,3.23023180472689,-2.999999948825517
14.43454,13.25123,45.40314,3771.45501,-1.00373,41.81557,8.773703307556781,3.2684353320924315,-2.999999948825517
14.47216,13.28599,45.306,3766.77414,-0.96498,41.817,8.872338992707878,3.305179720072285,-2.999999948825517
14.50973,13.32071,45.21289,3762.02925,-0.92413,41.81831,8.966648712357332,3.3403125720797733,-2.999999948825517
14.54726,13.35539,45.12403,3757.22237,-0.88127,41.81952,9.056233037585324,3.3736850903326574,-2.999999948825517
14.58474,13.39004,45.03959,3752.35573,-0.83651,41.82062,9.140705741548665,3.40515339516961,-2.999999948825517
14.62217,13.42465,44.95974,3747.43184,-0.78998,41.82162,9.219697358047432,3.4345798507099166,-2.999999948825517
14.65955,13.45922,44.88464,3742.45343,-0.74179,41.82253,9.292858701726233,3.461834376221077,-2.999999948825517
14.69688,13.49375,44.81443,3737.42343,-0.69207,41.82335,9.359864292367238,3.486795721758047,-2.999999948825517
14.73416,13.52824,44.74925,3732.345,-0.64098,41.82409,9.420415624949323,3.509352686346318,-2.999999948825517
14.77139,13.56269,44.68921,3727.2215,-0.58866,41.82476,9.474244227824295,3.529405257233028,-2.999999948825517
14.80857,13.5971,44.6344,3722.05645,-0.53526,41.82536,9.521114453566833,3.5468656495519824,-2.999999948825517
14.8457,13.63147,44.58492,3716.85355,-0.48095,41.8259,9.560825950842132,3.5616592271594096,-2.999999948825517
14.88277,13.6658,44.54083,3711.61663,-0.42588,41.8264,9.593215770847419,3.5737252873388337,-2.999999948825517
14.9198,13.70009,44.50217,3706.34965,-0.37022,41.82685,9.618160068412958,3.583017694505967,-2.999999948825517
14.95677,13.73434,44.46899,3701.05666,-0.31416,41.82727,9.635575365684419,3.589505350963635,-2.999999948825517
14.99369,13.76854,44.44129,3695.74182,-0.25785,41.82767,9.645419354896639,3.593172495956131,-2.999999948825517
15.03055,13.8027,44.41909,3690.4093,-0.20148,41.82805,9.647691226221701,3.5940188278012495,-2.999999948825517
15.06736,13.83681,44.40235,3685.06334,-0.14523,41.82842,9.642431516383757,3.59205944749532,-2.999999948825517
15.10412,13.87089,44.39105,3679.70818,-0.08925,41.8288,9.629721483590826,3.587324625858863,-2.999999948825517
15.14083,13.90492,44.38514,3674.34804,-0.03374,41.82919,9.609682023975616,3.5798593998822827,-2.999999948825517
15.17748,13.9389,44.38454,3668.98711,0.02114,41.8296,9.582472153764693,3.5697230072939403,-2.999999948825517
15.21408,13.97285,44.38917,3663.62952,0.07523,41.83004,9.548287089738292,3.556988171480938,-2.999999948825517
15.25062,14.00675,44.39893,3658.27934,0.12836,41.83051,9.507355967718523,3.5417402515659377,-2.999999948825517
15.28711,14.0406,44.41371,3652.94052,0.18038,41.83104,9.459939244870872,3.5240762746961236,-2.999999948825517
15.32355,14.07441,44.43339,3647.61692,0.23113,41.83161,9.406325836237013,3.50410386932633,-2.999999948825517
15.35993,14.10818,44.45781,3642.31224,0.28046,41.83225,9.34683003908635,3.4819401194590713,-2.999999948825517
15.39626,14.14191,44.48682,3637.03006,0.32825,41.83296,9.281788300400477,3.4577103604474426,-2.999999948825517
15.43253,14.17559,44.52026,3631.77379,0.37436,41.83375,9.2115558831111,3.4315469370810345,-2.999999948825517
15.46876,14.20924,44.55795,3626.54666,0.41866,41.83462,9.136503485580922,3.403587944253617,-2.999999948825517
15.50492,14.24283,44.59969,3621.35175,0.46105,41.83557,9.057013866537197,3.3739759696620766,-2.999999948825517
15.54104,14.27639,44.6453,3616.1919,0.50142,41.83663,8.973478524235814,3.3428568567076744,-2.999999948825517
15.57711,14.30991,44.69456,3611.06981,0.53967,41.83778,8.886294474371685,3.310378504182875,-2.999999948825517
15.61312,14.34338,44.74726,3605.98795,0.57571,41.83904,8.795861166186953,3.2766897174405187,-2.999999948825517
15.64908,14.37682,44.80318,3600.94859,0.60948,41.84041,8.702577570810542,3.2419391237236934,-2.999999948825517
15.68499,14.41021,44.8621,3595.9538,0.64089,41.8419,8.606839469980123,3.206274162143325,-2.999999948825517
15.72085,14.44356,44.92377,3591.00544,0.6699,41.8435,8.50903696744384,3.1698401566098435,-2.999999948825517
15.75665,14.47688,44.98797,3586.10519,0.69644,41.84523,8.409552239447947,3.1327794778306415,-2.999999948825517
15.79241,14.51015,45.05446,3581.2545,0.72049,41.84708,8.308757535115351,3.095230798398466,-2.999999948825517
15.82812,14.54339,45.12299,3576.45464,0.742,41.84905,8.207013432178634,3.057328443006075,-2.999999948825517
15.86378,14.57659,45.19332,3571.7067,0.76096,41.85116,8.10466734869425,3.019201834020616,-2.999999948825517
15.89939,14.60975,45.26521,3567.01156,0.77734,41.85339,8.00205230703178,2.980975031037105,-2.999999948825517
15.93495,14.64288,45.33842,3562.36994,0.79114,41.85576,7.899485942591516,2.9427663615996407,-2.999999948825517
15.97046,14.67597,45.4127,3557.78238,0.80236,41.85826,7.797269746570682,2.9046881391118986,-2.999999948825517
16.00593,14.70902,45.4878,3553.24927,0.81101,41.86089,7.695688529455993,2.866846462973997,-2.999999948825517
16.04134,14.74205,45.5635,3548.77081,0.8171,41.86365,7.595010089889491,2.829341095226302,-2.999999948825517
16.07672,14.77503,45.63955,3544.34709,0.82065,41.86654,7.4954850720954616,2.7922654074372057,-2.999999948825517
16.11204,14.80798,45.71571,3539.97802,0.82168,41.86957,7.397346994077348,2.7557063912072204,-2.999999948825517
16.14732,14.8409,45.79177,3535.66342,0.82023,41.87272,7.300812428281418,2.7197447254709437,-2.999999948825517
16.18256,14.87379,45.86748,3531.40294,0.81633,41.87601,7.206081316332558,2.6844548937444275,-2.999999948825517
16.21775,14.90665,45.94263,3527.19615,0.81003,41.87942,7.113337399688972,2.649905344555382,-2.999999948825517
16.2529,14.93947,46.017,3523.04249,0.80138,41.88295,7.022748748605496,2.616158688495926,-2.999999948825517
16.288,14.97226,46.09038,3518.94131,0.79041,41.88661,6.9344683725763705,2.5832719256285874,-2.999999948825517
16.32306,15.00503,46.16256,3514.89184,0.77719,41.89039,6.848634896391897,2.5512966973351916,-2.999999948825517
16.35808,15.03776,46.23335,3510.89326,0.76178,41.89429,6.765373287038258,2.520279557106172,-2.999999948825517
16.39306,15.07047,46.30253,3506.94464,0.74424,41.89831,6.684795617857141,2.4902622552101312,-2.999999948825517
16.42799,15.10314,46.36994,3503.04498,0.72462,41.90244,6.607001857624536,2.461282032646465,-2.999999948825517
16.46289,15.13579,46.43538,3499.19323,0.703,41.90668,6.532080673459425,2.4333719202499644,-2.999999948825517
16.49774,15.16842,46.49868,3495.38824,0.67945,41.91103,6.460110237725282,2.4065610392828645,-2.999999948825517
16.53255,15.20101,46.55967,3491.62884,0.65403,41.91548,6.391159030291977,2.3808749002985037,-2.999999948825517
16.56733,15.23358,46.6182,3487.91378,0.62682,41.92003,6.325286628682921,2.3563356974919323,-2.999999948825517
16.60206,15.26612,46.6741,3484.24178,0.5979,41.92468,6.2625444797283745,2.3329625961610696,-2.999999948825517
16.63676,15.29864,46.72722,3480.61149,0.56733,41.92942,6.20297664735363,2.31077201127748,-2.999999948825517
16.67141,15.33113,46.77744,3477.02153,0.53519,41.93426,6.146620532046211,2.289777875506831,-2.999999948825517
16.70603,15.3636,46.82462,3473.4705,0.50157,41.93918,6.0935075584259275,2.2699918953468328,-2.999999948825517
16.74061,15.39605,46.86862,3469.95693,0.46654,41.94418,6.043663828037433,2.251423794309642,-2.999999948825517
16.77515,15.42847,46.90934,3466.47934,0.43018,41.94927,5.997110735189872,2.234081542338334,-2.999999948825517
16.80966,15.46086,46.94666,3463.03621,0.39258,41.95443,5.9538655442253345,2.2179715708545893,-2.999999948825517
16.84413,15.49324,46.98049,3459.626,0.3538,41.95966,5.913941927097924,2.2030989730210413,-2.999999948825517
16.87856,15.52559,47.01072,3456.24713,0.31394,41.96496,5.877350460558021,2.189467688955499,-2.999999948825517
16.91295,15.55792,47.03728,3452.898,0.27308,41.97032,5.844099082570418,2.1770806757587073,-2.999999948825517
16.94731,15.59023,47.06007,3449.57699,0.2313,41.97574,5.814193507915965,2.1659400623368974,-2.999999948825517
16.98163,15.62252,47.07903,3446.28244,0.18867,41.98122,5.78763760306481,2.156047289051933,-2.999999948825517
17.01592,15.65478,47.09409,3443.0127,0.14529,41.98675,5.764433720657618,2.147403232324364,-2.999999948825517
17.05017,15.68702,47.10521,3439.76606,0.10124,41.99233,5.744582993990198,2.1400083143366966,-2.999999948825517
17.08439,15.71925,47.11231,3436.54081,0.0566,41.99795,5.728085591991255,2.1338625980193195,-2.999999948825517
17.11857,15.75145,47.11538,3433.33521,0.01145,42.0036,5.714940935210317,2.128965867511685,-2.999999948825517
17.15272,15.78363,47.11436,3430.14752,-0.03412,42.0093,5.705147873351961,2.125317694298482,-2.999999948825517
17.18683,15.81579,47.10924,3426.97596,-0.08003,42.01502,5.698704824863265,2.1229174892096347,-2.999999948825517
17.22091,15.84793,47.1,3423.81872,-0.1262,42.02077,5.695609879041197,2.121764540457989,-2.999999948825517
17.25495,15.88005,47.08661,3420.67399,-0.17253,42.02654,5.6958608610845305,2.1218580378728653,-2.999999948825517
17.28896,15.91215,47.06909,3417.53995,-0.21895,42.03233,5.699455360436521,2.123197083458452,-2.999999948825517
17.32293,15.94423,47.04744,3414.41472,-0.26538,42.03813,5.706390722705847,2.1257806883841397,-2.999999948825517
17.35687,15.97629,47.02166,3411.29644,-0.31172,42.04394,5.716664005376066,2.1296077564851315,-2.999999948825517
17.39078,16.00834,46.99177,3408.1832,-0.3579,42.04975,5.730271897463691,2.134677054332961,-2.999999948825517
17.42465,16.04036,46.9578,3405.0731,-0.40383,42.05556,5.747210603188683,2.1409871678996915,-2.999999948825517
17.45849,16.07236,46.91978,3401.96421,-0.44942,42.06137,5.767475689725466,2.1485364458411604,-2.999999948825517
17.4923,16.10434,46.87776,3398.85455,-0.49459,42.06717,5.791061899031113,2.1573229293980303,-2.999999948825517
17.52607,16.13631,46.83178,3395.74218,-0.53926,42.07295,5.817962923764703,2.167344268919852,-2.999999948825517
17.5598,16.16825,46.7819,3392.6251,-0.58335,42.07871,5.848171147311007,2.178597627017048,-2.999999948825517
17.5935,16.20017,46.72818,3389.5013,-0.62676,42.08445,5.881677347995115,2.191079568373077,-2.999999948825517
17.62717,16.23207,46.67069,3386.36877,-0.66941,42.09016,5.918470367619772,2.204785936265871,-2.999999948825517
17.66081,16.26396,46.60952,3383.22547,-0.71123,42.09584,5.958536744629556,2.219711715911841,-2.999999948825517
17.69441,16.29582,46.54474,3380.06934,-0.75212,42.10148,6.001860312312283,2.2358508847853273,-2.999999948825517
17.72797,16.32766,46.47644,3376.89835,-0.792,42.10708,6.048421762722094,2.253196250168474,-2.999999948825517
17.7615,16.35948,46.40474,3373.7104,-0.83079,42.11263,6.098198177236669,2.2717392742714417,-2.999999948825517
17.795,16.39128,46.32973,3370.50344,-0.86841,42.11813,6.151162524996146,2.2914698873877084,-2.999999948825517
17.82846,16.42306,46.25153,3367.27537,-0.90477,42.12357,6.20728313085498,2.312376289692133,-2.999999948825517
17.86189,16.45482,46.17026,3364.02412,-0.93979,42.12895,6.26652311492958,2.3344447424577113,-2.999999948825517
17.89528,16.48656,46.08604,3360.74761,-0.9734,42.13426,6.328839806307388,2.357659349646776,-2.999999948825517
17.92863,16.51828,45.99902,3357.44376,-1.00551,42.1395,6.394184134101664,2.3820018310628837,-2.999999948825517
17.96195,16.54997,45.90934,3354.11052,-1.03604,42.14467,6.462499999620732,2.4074512884673394,-2.999999948825517
17.99524,16.58164,45.81714,3350.74581,-1.06492,42.14976,6.533723634154563,2.4339839663378013,-2.999999948825517
18.02849,16.61329,45.72257,3347.34762,-1.09207,42.15476,6.607782947623526,2.461573009222803,-2.999999948825517
18.0617,16.64492,45.6258,3343.91393,-1.11742,42.15967,6.684596874127291,2.4901882179415,-2.999999948825517
18.09487,16.67652,45.52699,3340.44277,-1.14089,42.16449,6.764074721295428,2.519795807199646,-2.999999948825517
18.12801,16.7081,45.42632,3336.93219,-1.16243,42.16921,6.846115531184298,2.550358167506873,-2.999999948825517
18.16112,16.73965,45.32396,3333.38029,-1.18195,42.17383,6.930607461378562,2.5818336346207165,-2.999999948825517
18.19418,16.77118,45.22011,3329.78521,-1.19939,42.17834,7.017427195804452,2.6141762700590556,-2.999999948825517
18.22721,16.80268,45.11493,3326.14516,-1.2147,42.18275,7.106439395618867,2.6473356565418564,-2.999999948825517
18.26019,16.83416,45.00864,3322.4584,-1.22782,42.18703,7.197496201347594,2.681256712524558,-2.999999948825517
18.29314,16.86561,44.90142,3318.72328,-1.23869,42.1912,7.2904367981136105,2.715879530234175,-2.999999948825517
18.32605,16.89704,44.79348,3314.93822,-1.24726,42.19525,7.385087056466323,2.7511392418687404,-2.999999948825517
18.35892,16.92844,44.68502,3311.10171,-1.25349,42.19918,7.48125926167087,2.7869659187504463,-2.999999948825517
18.39175,16.95981,44.57625,3307.21238,-1.25733,42.20297,7.578751944686674,2.8232845083607065,-2.999999948825517
18.42455,16.99115,44.46738,3303.26893,-1.25876,42.20664,7.677349828029827,2.8600148141724757,-2.999999948825517
18.4573,17.02246,44.35862,3299.27019,-1.25774,42.21017,7.776823899544138,2.8970715231318995,-2.999999948825517
18.49,17.05374,44.2502,3295.21511,-1.25424,42.21357,7.876931626583702,2.9343642854469594,-2.999999948825517
18.52267,17.085,44.14231,3291.10279,-1.24826,42.21683,7.977417322309675,2.971797851042662,-2.999999948825517
18.5553,17.11622,44.03518,3286.93245,-1.23977,42.21995,8.078012674591488,3.009272266590653,-2.999999948825517
18.58788,17.14741,43.92903,3282.70347,-1.22878,42.22293,8.178437446527342,3.0466831364715348,-2.999999948825517
18.62042,17.17857,43.82407,3278.4154,-1.21528,42.22578,8.278400355604731,3.083921950285295,-2.999999948825517
18.65291,17.20969,43.7205,3274.06794,-1.1993,42.22848,8.377600136306754,3.1208764787001155,-2.999999948825517
18.68537,17.24078,43.61856,3269.66098,-1.18084,42.23104,8.475726788239639,3.1574312384127152,-2.999999948825517
18.71777,17.27184,43.51843,3265.19458,-1.15994,42.23346,8.572463008911063,3.193468025895972,-2.999999948825517
18.75014,17.30287,43.42033,3260.66898,-1.13662,42.23574,8.667485806967303,3.2288665183722114,-2.999999948825517
18.78245,17.33385,43.32445,3256.08465,-1.11094,42.23788,8.760468288133609,3.263504939122981,-2.999999948825517
18.81472,17.36481,43.231,3251.4422,-1.08295,42.23989,8.85108160240403,3.2972607828685008,-2.999999948825517
18.84695,17.39572,43.14016,3246.74248,-1.05271,42.24176,8.93899703722895,3.3300115955350913,-2.999999948825517
18.87913,17.4266,43.05211,3241.98652,-1.02028,42.2435,9.023888237584668,3.3616358012895065,-2.999999948825517
18.91126,17.45744,42.96703,3237.17556,-0.98575,42.24511,9.105433530191936,3.3920135683714925,-2.999999948825517
18.94334,17.48824,42.88509,3232.31104,-0.94921,42.2466,9.183318325612973,3.42102770393813,-2.999999948825517
18.97537,17.51901,42.80645,3227.39458,-0.91074,42.24797,9.257237568894233,3.4485645669927445,-2.999999948825517
19.00735,17.54973,42.73124,3222.428,-0.87046,42.24922,9.326898206711546,3.4745149874613843,-2.999999948825517
19.03929,17.58041,42.65963,3217.41333,-0.82847,42.25036,9.392021636913109,3.4987751787120405,-2.999999948825517
19.07117,17.61106,42.59172,3212.35275,-0.7849,42.25139,9.452346104908631,3.521247630272652,-2.999999948825517
19.10301,17.64166,42.52765,3207.24862,-0.73987,42.25233,9.507629010704104,3.5418419672622603,-2.999999948825517
19.13479,17.67222,42.46751,3202.10347,-0.69352,42.25317,9.557649090485013,3.5604757630881556,-2.999999948825517
19.16653,17.70273,42.4114,3196.91998,-0.64598,42.25393,9.602208437678502,3.5770752923447167,-2.999999948825517
19.19821,17.73321,42.35941,3191.70096,-0.59741,42.2546,9.641134330216401,3.591576211516958,-2.999999948825517
19.22984,17.76364,42.31159,3186.44937,-0.54794,42.25521,9.674280833476796,3.603924156118445,-2.999999948825517
19.26142,17.79402,42.268,3181.16825,-0.49774,42.25575,9.701530151789074,3.614075244162483,-2.999999948825517
19.29294,17.82437,42.22869,3175.86077,-0.44697,42.25623,9.722793705628224,3.62199647744534,-2.999999948825517
19.32441,17.85467,42.19369,3170.53015,-0.39577,42.25667,9.73801291636016,3.6276660338845206,-2.999999948825517
19.35583,17.88492,42.163,3165.17971,-0.34433,42.25706,9.747159685733639,3.631073446142128,-2.999999948825517
19.3872,17.91513,42.13662,3159.81278,-0.29279,42.25742,9.750236562861241,3.6322196638296695,-2.999999948825517
19.41852,17.94529,42.11455,3154.43275,-0.24132,42.25775,9.747276597222148,3.631116998747724,-2.999999948825517
19.44978,17.97541,42.09675,3149.04302,-0.19009,42.25807,9.738342882019023,3.627788954774366,-2.999999948825517
19.48098,18.00549,42.08319,3143.64698,-0.13926,42.25839,9.72352779779958,3.6222699460942973,-2.999999948825517
19.51214,18.03551,42.07381,3138.248,-0.08898,42.2587,9.702951971607163,3.614604909455052,-2.999999948825517
19.54324,18.0655,42.06854,3132.84943,-0.03942,42.25902,9.676762971766959,3.604848817940519,-2.999999948825517
19.57428,18.09543,42.06731,3127.45456,0.00927,42.25936,9.645133762648317,3.593066105329248,-2.999999948825517
19.60528,18.12533,42.07003,3122.0666,0.05694,42.25972,9.608260947417042,3.5793300114734388,-2.999999948825517
19.63621,18.15517,42.07659,3116.68872,0.10346,42.26011,9.566362829539555,3.5637218601582465,-2.999999948825517
19.6671,18.18497,42.08687,3111.32395,0.14867,42.26054,9.519677325903675,3.5463302816843525,-2.999999948825517
19.69793,18.21473,42.10076,3105.97526,0.19245,42.26102,9.468459765607498,3.52725039285891,-2.999999948825517
19.72871,18.24444,42.11812,3100.64548,0.23468,42.26156,9.412980608883567,3.5065829472347776,-2.999999948825517
19.75944,18.2741,42.13881,3095.33732,0.27523,42.26215,9.353523120252675,3.4844334682990925,-2.999999948825517
19.79011,18.30372,42.16268,3090.05337,0.31399,42.26281,9.29038102893342,3.460911377914258,-2.999999948825517
19.82073,18.3333,42.18956,3084.79607,0.35086,42.26354,9.223856207802504,3.436129131669604,-2.999999948825517
19.85129,18.36283,42.21929,3079.5677,0.38575,42.26435,9.15425639993386,3.4102013719573754,-2.999999948825517
19.88181,18.39231,42.2517,3074.37043,0.41856,42.26523,9.081893019032234,3.3832441085763776,-2.999999948825517
19.91227,18.42176,42.28661,3069.20624,0.44922,42.26621,9.007079047005275,3.3553739355222603,-2.999999948825517
19.94268,18.45116,42.32383,3064.07697,0.47766,42.26728,8.93012704864834,3.326707291405368,-2.999999948825517
19.97304,18.48051,42.36318,3058.9843,0.50381,42.26844,8.85134731993504,3.2973597696402517,-2.999999948825517
20.00335,18.50983,42.40446,3053.92976,0.52763,42.2697,8.771046183024442,3.2674454832909814,-2.999999948825517
20.0336,18.5391,42.44749,3048.91466,0.54941,42.28393,8.689507721818645,3.237070261085788,0.0
20.0638,18.56834,42.4921,3043.94018,0.56876,42.29816,8.607009967258504,3.2063376768655747,0.0
20.09394,18.59755,42.53808,3039.00742,0.58566,42.31241,8.523840040680437,3.1753546908827737,0.0
20.12403,18.62672,42.58522,3034.11727,0.60009,42.32665,8.440275959580502,3.144224871969747,0.0
20.15406,18.65586,42.63334,3029.27053,0.61203,42.34091,8.35658572518627,3.1130480576353015,0.0
20.18403,18.68497,42.68223,3024.46781,0.62148,42.35517,8.273026574765431,3.0819200755299723,0.0
20.21395,18.71404,42.73169,3019.70962,0.62844,42.36945,8.189844388909036,3.0509325226434325,0.0
20.24382,18.74308,42.78153,3014.9963,0.63291,42.38373,8.107273246002938,3.0201725993333874,0.0
20.27363,18.77209,42.83154,3010.32807,0.63492,42.39801,8.025535114812431,2.989722994805256,0.0
20.30339,18.80107,42.88154,3005.70505,0.63447,42.41231,7.9448396750531,2.9596618202701004,0.0
20.3331,18.83001,42.93133,3001.1272,0.6316,42.42662,7.865384255129888,2.9300625857507856,0.0
20.36276,18.85893,42.98072,2996.5944,0.62634,42.44094,7.787353875808426,2.9009942163506963,0.0
20.39236,18.88781,43.02954,2992.10639,0.61872,42.45527,7.7109213883212515,2.8725211037019442,0.0
20.42191,18.91667,43.07759,2987.66284,0.60879,42.46961,7.636247695477024,2.8447031883343623,0.0
20.45141,18.9455,43.12471,2983.2633,0.5966,42.48396,7.563482044514628,2.817596068771365,0.0
20.48087,18.97429,43.17072,2978.90723,0.5822,42.49832,7.492762380760312,2.791251133276542,0.0
20.51027,19.00306,43.21546,2974.594,0.56564,42.51269,7.424215751660337,2.7657157103664436,0.0
20.53962,19.0318,43.25877,2970.32291,0.54699,42.52708,7.357958751294077,2.7410332344034107,0.0
20.56893,19.06052,43.30048,2966.09317,0.5263,42.54148,7.294097996109395,2.7172434228195224,0.0
20.59818,19.0892,43.34046,2961.90393,0.50365,42.5559,7.232730623318445,2.694382461782138,0.0
20.62739,19.11786,43.37854,2957.75424,0.4791,42.57032,7.173944804069416,2.67248319736388,0.0
20.65655,19.14649,43.41461,2953.64313,0.45273,42.58476,7.1178202642726935,2.6515753295640834,0.0
20.68567,19.1751,43.44852,2949.56952,0.4246,42.59922,7.064428806634971,2.6316856067802337,0.0
20.71473,19.20367,43.48014,2945.53233,0.39481,42.61369,7.013834828157308,2.612838018589613,0.0
20.74375,19.23223,43.50937,2941.53036,0.36342,42.62818,6.966095828041509,2.595053984957788,0.0
20.77273,19.26076,43.53608,2937.56242,0.33052,42.64268,6.921262901560858,2.5783525402184555,0.0
20.80165,19.28926,43.56017,2933.62724,0.2962,42.6572,6.879381216054756,2.5627505103939656,0.0
20.83054,19.31774,43.58154,2929.7235,0.26053,42.67173,6.840490465746461,2.5482626826268997,0.0
20.85937,19.34619,43.6001,2925.84986,0.2236,42.68628,6.804625302590615,2.5349019656821103,0.0
20.88817,19.37462,43.61577,2922.00492,0.1855,42.70084,6.771815740826206,2.5226795406533427,0.0
20.91692,19.40303,43.62846,2918.18726,0.14632,42.71542,6.742087533267596,2.511605001141544,0.0
20.94562,19.43141,43.6381,2914.3954,0.10614,42.73002,6.715462517814225,2.501686482338845,0.0
20.97428,19.45977,43.64464,2910.62786,0.06506,42.74464,6.691958932878931,2.4929307785339097,0.0
21.0029,19.4881,43.648,2906.8831,0.02318,42.75927,6.671591700789941,2.485343448686632,0.0
21.03147,19.51641,43.64815,2903.15956,-0.01943,42.77392,6.6543726784366575,2.478928909800289,0.0
21.06,19.5447,43.64503,2899.45564,-0.06267,42.78858,6.640310874618518,2.473690517889706,0.0
21.08849,19.57297,43.63862,2895.76973,-0.10643,42.80327,6.629412633757723,2.4696306364190854,0.0
21.11693,19.60121,43.62889,2892.10018,-0.15064,42.81797,6.621681785789327,2.466750692140005,0.0
21.14533,19.62943,43.61581,2888.44533,-0.1952,42.83269,6.61711976215478,2.4650512183020705,0.0
21.17369,19.65763,43.59936,2884.80347,-0.24001,42.84742,6.615725677956393,2.4645318852576086,0.0
21.20201,19.68581,43.57955,2881.17289,-0.28497,42.86218,6.617496380418742,2.4651915185148194,0.0
21.23028,19.71396,43.55637,2877.55186,-0.33,42.87695,6.622426463905021,2.467028104331762,0.0
21.25851,19.74209,43.52984,2873.93861,-0.37501,42.89173,6.630508251819045,2.4700387829743735,0.0
21.2867,19.7702,43.49995,2870.33136,-0.41988,42.90654,6.641731745827969,2.474219829800598,0.0
21.31485,19.79829,43.46674,2866.72832,-0.46454,42.92136,6.656084542890343,2.4795666243511514,0.0
21.34296,19.82635,43.43023,2863.12768,-0.50888,42.9362,6.673551720738658,2.4860736076887577,0.0
21.37102,19.8544,43.39047,2859.52761,-0.55281,42.95106,6.69411569251725,2.4937342282469444,0.0
21.39904,19.88242,43.34748,2855.92627,-0.59624,42.96593,6.717756031446115,2.502540876512699,0.0
21.42702,19.91042,43.30133,2852.32181,-0.63908,42.98082,6.7444492664957885,2.512484808909987,0.0
21.45495,19.93839,43.25206,2848.71237,-0.68123,42.99573,6.774168650266249,2.523556061328532,0.0
21.48285,19.96635,43.19974,2845.09607,-0.72259,43.01065,6.806883900393569,2.5357433527909956,0.0
21.5107,19.99428,43.14444,2841.47106,-0.76309,43.02559,6.842560916088236,2.549033979856038,0.0
21.53851,20.02219,43.08624,2837.83544,-0.80262,43.04055,6.881161471628232,2.5634137024364287,0.0
21.56628,20.05007,43.02521,2834.18734,-0.8411,43.05552,6.922642888887434,2.578866621807257,0.0
21.594,20.07794,42.96146,2830.52489,-0.87844,43.0705,6.966957691329914,2.595375051709707,0.0
21.62168,20.10578,42.89506,2826.84622,-0.91454,43.0855,7.014053242194883,2.612919383565429,0.0
21.64932,20.1336,42.82613,2823.14946,-0.94934,43.10052,7.063871369993944,2.6314779469644103,0.0
21.67692,20.16139,42.75478,2819.43278,-0.98273,43.11555,7.116347984803569,2.65102686672383,0.0
21.70447,20.18916,42.6811,2815.69433,-1.01464,43.1306,7.171412689294359,2.6715399179862223,0.0
21.73198,20.21691,42.60524,2811.93231,-1.04498,43.14565,7.2289883888207,2.6929883809676127,0.0
21.75945,20.24463,42.5273,2808.14494,-1.07369,43.16073,7.288990905382625,2.715340897148156,0.0
21.78687,20.27233,42.44742,2804.33045,-1.10067,43.17581,7.351328600720988,2.7385633288651747,0.0
21.81425,20.3,42.36574,2800.48712,-1.12587,43.19091,7.4159020142260355,2.7626186244245687,0.0
21.84158,20.32765,42.28239,2796.61327,-1.1492,43.20602,7.482603521834308,2.7874666910309402,0.0
21.86887,20.35528,42.19752,2792.70727,-1.1706,43.22114,7.551317022437218,2.813064277966536,0.0
21.89611,20.38287,42.11128,2788.76752,-1.19001,43.23627,7.621917658764773,2.8393648726130905,0.0
21.92331,20.41045,42.02382,2784.79249,-1.20736,43.25141,7.694271579971293,2.8663186120087616,0.0
21.95047,20.43799,41.9353,2780.78072,-1.2226,43.26657,7.768235753466061,2.893872212750092,0.0
21.97757,20.46551,41.84587,2776.73081,-1.23568,43.28173,7.843657833629865,2.921968922085472,0.0
22.00464,20.493,41.75571,2772.64143,-1.24655,43.2969,7.9203760952037285,2.950548493100685,0.0
22.03165,20.52047,41.66498,2768.51133,-1.25516,43.31208,7.998219439010989,2.979547186850533,0.0
22.05862,20.54791,41.57384,2764.33937,-1.26149,43.32727,8.077007477533218,3.0088978042381207,0.0
22.08554,20.57531,41.48246,2760.12449,-1.26549,43.34246,8.156550707506522,3.0385297503115174,0.0
22.11241,20.60269,41.39102,2755.86572,-1.26714,43.35767,8.236650776169686,3.0683691334481935,0.0
22.13924,20.63004,41.29969,2751.56221,-1.26642,43.37288,8.317100847159631,3.0983389016607124,0.0
22.16601,20.65737,41.20864,2747.21322,-1.26332,43.38809,8.397686071119876,3.1283590179107557,0.0
22.19274,20.68466,41.11804,2742.81814,-1.25784,43.40331,8.478184165070287,3.158346675939607,0.0
22.21942,20.71192,41.02807,2738.37646,-1.24996,43.41854,8.558366103297953,3.1882165576431793,0.0
22.24605,20.73914,40.93889,2733.88783,-1.2397,43.43376,8.637996921111467,3.217881132491628,0.0
22.27263,20.76634,40.85068,2729.35202,-1.22707,43.44899,8.716836631164561,3.2472509988840237,0.0
22.29915,20.79351,40.7636,2724.76893,-1.21209,43.46423,8.794641250327272,3.27623526668487,0.0
22.32563,20.82064,40.67782,2720.13863,-1.1948,43.47947,8.871163933138721,3.304741979465096,0.0
22.35206,20.84774,40.59349,2715.46132,-1.17523,43.4947,8.946156205921232,3.3326785742420317,0.0
22.37843,20.8748,40.51078,2710.73734,-1.15343,43.50994,9.019369293570545,3.3599523757436724,0.0
22.40475,20.90184,40.42984,2705.9672,-1.12945,43.52518,9.090555528975665,3.38647112145466,0.0
22.43102,20.92883,40.35082,2701.15156,-1.10335,43.54042,9.159469832989876,3.41214351294442,0.0
22.45724,20.9558,40.27385,2696.29122,-1.0752,43.55566,9.225871250932283,3.436879788254423,0.0
22.4834,20.98272,40.19908,2691.38714,-1.04508,43.5709,9.289524529820923,3.4605923094590056,0.0
22.50951,21.00961,40.12663,2686.44044,-1.01307,43.58613,9.35020171891168,3.4831961589082434,0.0
22.53556,21.03647,40.05663,2681.45236,-0.97926,43.60137,9.407683774802717,3.504609737171569,0.0
22.56156,21.06328,39.98918,2676.42431,-0.94376,43.6166,9.461762151308664,3.5247553553077555,0.0
22.58751,21.09006,39.92441,2671.35783,-0.90668,43.63182,9.512240353612208,3.543559813827263,0.0
22.6134,21.1168,39.8624,2666.25459,-0.86811,43.64705,9.55893543594525,3.5609549606178805,0.0
22.63923,21.14351,39.80325,2661.11639,-0.82819,43.66227,9.601679422096744,3.5768782201212748,0.0
22.66501,21.17017,39.74703,2655.94516,-0.78704,43.67748,9.64032062863215,3.5912730862670466,0.0
22.69073,21.1968,39.69383,2650.74293,-0.74478,43.69269,9.674724871695018,3.6040895720380814,0.0
22.71639,21.22338,39.64369,2645.51183,-0.70156,43.7079,9.70477653963346,3.6152846090521216,0.0
22.742,21.24993,39.59666,2640.2541,-0.65751,43.72309,9.730379515522733,3.6248223912257154,0.0
22.76755,21.27643,39.5528,2634.97205,-0.61277,43.73829,9.75145793585473,3.632674657406002,0.0
22.79304,21.3029,39.51213,2629.66808,-0.5675,43.75347,9.767956774080416,3.6388209087556302,0.0
22.81848,21.32932,39.47467,2624.34462,-0.52183,43.76865,9.779842240590398,3.643248557756043,0.0
22.84386,21.35571,39.44043,2619.00419,-0.47592,43.78383,9.787101993510726,3.6459530067344605,0.0
22.86918,21.38205,39.40941,2613.64932,-0.42992,43.79899,9.789745157899889,3.6469376550152646,0.0
22.89444,21.40835,39.38159,2608.28258,-0.38398,43.81415,9.787802153977038,3.6462138349304927,0.0
22.91964,21.43461,39.35696,2602.90656,-0.33824,43.82931,9.781324338089252,3.643800678070699,0.0
22.94479,21.46082,39.33548,2597.52383,-0.29286,43.84445,9.770383463180366,3.639724914295394,0.0
22.96987,21.487,39.31711,2592.13699,-0.24799,43.85959,9.755070968178188,3.634020607011092,0.0
22.9949,21.51313,39.3018,2586.74858,-0.20377,43.87472,9.735497108383553,3.6267288292183437,0.0
23.01987,21.53922,39.28949,2581.36114,-0.16033,43.88984,9.711789941081166,3.617897285625091,0.0
23.04479,21.56527,39.28011,2575.97715,-0.11783,43.90496,9.684094182517452,3.6075798868408415,0.0
23.06964,21.59127,39.27357,2570.59905,-0.07638,43.92006,9.652569953884829,3.595836282222815,0.0
23.09444,21.61724,39.2698,2565.22923,-0.03613,43.93516,9.617391435021487,3.5827313583436826,0.0
23.11917,21.64316,39.26868,2559.86998,0.00281,43.95026,9.578745445215656,3.5683347103038208,0.0
23.14385,21.66904,39.27014,2554.52354,0.04031,43.96535,9.536829970802996,3.5527200932225984,0.0
23.16848,21.69487,39.27404,2549.19206,0.07627,43.98043,9.491852659059067,3.5359648611736896,0.0
23.19304,21.72067,39.28028,2543.87759,0.11058,43.9955,9.444029297444892,3.5181494006640346,0.0
23.21755,21.74642,39.28873,2538.5821,0.14314,44.01057,9.393582296414387,3.499356565439689,0.0
23.242,21.77213,39.29926,2533.30743,0.17387,44.02563,9.340739192893453,3.479671118992409,0.0
23.26639,21.7978,39.31174,2528.05536,0.20267,44.04068,9.285731190125842,3.4591791906138134,0.0
23.29073,21.82342,39.32604,2522.82751,0.22946,44.05573,9.228791748082518,3.4379677502857895,0.0
23.315,21.84901,39.34201,2517.62542,0.25419,44.07078,9.170155236878875,3.4161241070429695,0.0
23.33923,21.87455,39.3595,2512.4505,0.27679,44.08582,9.110055663876366,3.393735434784599,0.0
23.3634,21.90006,39.37837,2507.30406,0.2972,44.10085,9.048725483262569,3.370888328811789,0.0
23.38751,21.92552,39.39846,2502.18729,0.31538,44.11589,8.986394495048058,3.3476683956748805,0.0
23.41156,21.95094,39.41964,2497.10123,0.3313,44.13091,8.923288838668736,3.324159878263833,0.0
23.43556,21.97632,39.44173,2492.04686,0.34491,44.14594,8.859630084522042,3.300445317381562,0.0
23.45951,22.00166,39.46459,2487.02501,0.35619,44.16096,8.795634425224556,3.2766052504661123,0.0
23.4834,22.02697,39.48806,2482.03639,0.36514,44.17598,8.731511966800008,3.2527179475395465,0.0
23.50724,22.05223,39.51199,2477.08162,0.37173,44.19099,8.667466118637636,3.2288591839513794,0.0
23.53103,22.07745,39.53622,2472.16119,0.37597,44.206,8.603693079871976,3.205102049041533,0.0
23.55476,22.10264,39.56061,2467.2755,0.37787,44.22102,8.540381418693643,3.1815167894225427,0.0
23.57844,22.12778,39.58499,2462.42483,0.37743,44.23603,8.477711740313685,3.1581706852875304,0.0
23.60206,22.15289,39.60922,2457.60937,0.37467,44.25104,8.41585643845285,3.1351279578334266,0.0
23.62564,22.17796,39.63315,2452.8292,0.36961,44.26605,8.354979524744799,3.112449705709177,0.0
23.64916,22.203,39.65664,2448.08432,0.36229,44.28106,8.29523652992132,3.0901938682046324,0.0
23.67263,22.22799,39.67954,2443.3746,0.35273,44.29607,8.236774470453156,3.0684152128233784,0.0
23.69605,22.25295,39.70172,2438.69987,0.34099,44.31108,8.179731874044618,3.047165344780158,0.0
23.71942,22.27787,39.72304,2434.05985,0.3271,44.32609,8.124238857423556,3.02649273597967,0.0
23.74273,22.30276,39.74336,2429.45416,0.31112,44.34111,8.07041724982719,3.0064427710182984,0.0
23.766,22.32761,39.76257,2424.88238,0.29309,44.35612,8.018380755772142,2.987057807820234,0.0
23.78922,22.35243,39.78054,2420.34398,0.27309,44.37114,7.968235150864855,2.9683772505819954,0.0
23.81239,22.37721,39.79714,2415.83838,0.25116,44.38616,7.9200785046654145,2.9504376327950848,0.0
23.83551,22.40195,39.81227,2411.36491,0.22738,44.40118,7.87400142493565,2.9332727082348145,0.0
23.85858,22.42666,39.82581,2406.92285,0.20182,44.41621,7.8300873179185855,2.9169135479212627,0.0
23.88161,22.45134,39.83767,2402.51142,0.17455,44.43124,7.788412659653368,2.901388641191217,0.0
23.90458,22.47598,39.84774,2398.12976,0.14565,44.44628,7.749047273748522,2.8867239991760214,0.0
23.92751,22.50058,39.85593,2393.77698,0.11519,44.46132,7.71205461133537,2.8729432590915955,0.0
23.95039,22.52516,39.86215,2389.45212,0.08327,44.47636,7.677492029392165,2.86006778792149,0.0
23.97322,22.5497,39.86632,2385.15416,0.04996,44.49141,7.645411063943593,2.848116784190893,0.0
23.99601,22.57421,39.86836,2380.88205,0.01535,44.50646,7.615857695040237,2.837107376678459,0.0
24.01875,22.59868,39.86821,2376.63468,-0.02048,44.52152,7.588872600748521,2.8270547190342317,0.0
24.04144,22.62312,39.86579,2372.4109,-0.05742,44.53658,7.564491397765299,2.817972079414923,0.0
24.06409,22.64753,39.86106,2368.20952,-0.0954,44.55165,7.542744866528953,2.809870924343711,0.0
24.08669,22.67191,39.85395,2364.02932,-0.1343,44.56672,7.52365915907251,2.802760996140999,0.0
24.10925,22.69625,39.84442,2359.86902,-0.17405,44.5818,7.507255988075267,2.7966503833511225,0.0
24.13176,22.72056,39.83243,2355.72732,-0.21454,44.59688,7.493552795917173,2.791545583719547,0.0
24.15422,22.74485,39.81795,2351.60288,-0.25568,44.61198,7.482562902719376,2.787451559341875,0.0
24.17664,22.76909,39.80094,2347.49435,-0.29737,44.62707,7.474295632635982,2.7843717837108435,0.0
24.19901,22.79331,39.78139,2343.40031,-0.33951,44.64218,7.468756417867949,2.782308280464238,0.0
24.22134,22.8175,39.75928,2339.31935,-0.38199,44.65729,7.465946880081985,2.781261653715579,0.0
24.24363,22.84165,39.7346,2335.25003,-0.42473,44.6724,7.465864889105229,2.781231109919425,0.0
24.26587,22.86577,39.70735,2331.19086,-0.46762,44.68752,7.468504598998968,2.78221447130979,0.0
24.28807,22.88987,39.67752,2327.14036,-0.51056,44.70265,7.473856461739474,2.7842081809966124,0.0
24.31022,22.91393,39.64514,2323.09701,-0.55345,44.71779,7.481907218962629,2.7872072998904085,0.0
24.33233,22.93796,39.61021,2319.05928,-0.59619,44.73293,7.4926398724040455,2.791205495690444,0.0
24.35439,22.96195,39.57276,2315.02564,-0.63868,44.74807,7.506033633830127,2.7961950242327314,0.0
24.37641,22.98592,39.5328,2310.99453,-0.68082,44.76322,7.522063855437694,2.8021667035620657,0.0
24.39838,23.00986,39.49039,2306.96437,-0.72251,44.77838,7.540701941916749,2.809109881173083,0.0
24.42031,23.03376,39.44555,2302.9336,-0.76365,44.79354,7.561915245516368,2.8170123949195514,0.0
24.4422,23.05763,39.39833,2298.90063,-0.80415,44.80871,7.585666945694547,2.825860528180766,0.0
24.46404,23.08147,39.34877,2294.86389,-0.84391,44.82389,7.611915915089138,2.835638959932202,0.0
24.48584,23.10528,39.29695,2290.82178,-0.88283,44.83907,7.640616573801225,2.846330710462234,0.0
24.50759,23.12906,39.24291,2286.77274,-0.92082,44.85425,7.6717187341539095,2.8579170835406993,0.0
24.5293,23.15281,39.18672,2282.71518,-0.95779,44.86944,7.705167438331613,2.8703776059352686,0.0
24.55097,23.17652,39.12846,2278.64753,-0.99365,44.88463,7.740902791523805,2.8836899652530903,0.0
24.57259,23.2002,39.0682,2274.56826,-1.0283,44.89983,7.778859793410512,2.8978299471647153,0.0
24.59417,23.22385,39.00603,2270.47581,-1.06167,44.91503,7.818968171043707,2.912771373148009,0.0
24.6157,23.24747,38.94202,2266.36868,-1.09367,44.93023,7.86115221641429,2.928486039977584,0.0
24.63718,23.27106,38.87628,2262.24536,-1.12421,44.94544,7.905330632174207,2.9449436622522307,0.0
24.65863,23.29461,38.8089,2258.10438,-1.15322,44.96065,7.951416389188682,2.962111819329368,0.0
24.68002,23.31813,38.73998,2253.94431,-1.18063,44.97586,7.999316599778373,2.979955908104421,0.0
24.70137,23.34162,38.66961,2249.76374,-1.20635,44.99108,8.048932410612126,2.9984391031105457,0.0
24.72268,23.36507,38.59792,2245.56132,-1.23033,45.00629,8.100158919393897,3.0175223254823202,0.0
24.74394,23.38849,38.525,2241.33571,-1.25249,45.02151,8.152885119518844,3.0371642223386828,0.0
24.76516,23.41187,38.45098,2237.08564,-1.27277,45.03673,8.206993876914925,3.0573211581558133,0.0
24.78633,23.43523,38.37597,2232.80989,-1.29113,45.05195,8.262361943276577,3.077947219697032,0.0
24.80745,23.45854,38.30009,2228.50731,-1.3075,45.06717,8.318860009831596,3.0989942360423743,0.0
24.82853,23.48182,38.22346,2224.17677,-1.32184,45.08238,8.37635280558695,3.1204118151877434,0.0
24.84956,23.50507,38.14621,2219.81725,-1.3341,45.0976,8.434699243875857,3.1421473986375457,0.0
24.87054,23.52828,38.06845,2215.42778,-1.34425,45.11281,8.493752620628703,3.1641463352658366,0.0
24.89147,23.55146,37.99033,2211.00746,-1.35226,45.12803,8.553360867514273,3.1863519756180794,0.0
24.91236,23.5746,37.91196,2206.55548,-1.3581,45.14324,8.61336686256826,3.2087057876284413,0.0
24.9332,23.5977,37.83348,2202.07111,-1.36175,45.15845,8.673608800421528,3.2311474945395635,0.0
24.954,23.62077,37.75501,2197.55371,-1.3632,45.17365,8.733920623619353,3.253615235580328,0.0
24.97474,23.64379,37.67668,2193.00272,-1.36244,45.18885,8.794132515766618,3.2760457496754145,0.0
24.99544,23.66678,37.59863,2188.41769,-1.35946,45.20405,8.854071456501968,3.2983745821877792,0.0
25.01609,23.68974,37.52096,2183.79826,-1.35429,45.21924,8.913561837413559,3.320536314363473,0.0
25.03669,23.71265,37.44383,2179.14416,-1.34691,45.23442,8.972426137110595,3.3424648148135585,0.0
25.05724,23.73553,37.36734,2174.45524,-1.33737,45.2496,9.03048565268834,3.3640935120040623,0.0
25.07774,23.75836,37.29162,2169.73146,-1.32568,45.26477,9.087561283863892,3.385355686367194,0.0
25.09819,23.78116,37.21678,2164.97288,-1.31188,45.27993,9.143474365030578,3.4061847802634904,0.0
25.11859,23.80391,37.14296,2160.17965,-1.29601,45.29509,9.198047539469828,3.4265147236487494,0.0
25.13894,23.82663,37.07025,2155.35206,-1.27811,45.31024,9.251105669065119,3.446280272966405,0.0
25.15924,23.84931,36.99876,2150.4905,-1.25825,45.32538,9.302476771853584,3.4654173604101706,0.0
25.17948,23.87194,36.92861,2145.59545,-1.23649,45.34051,9.351992978983853,3.4838634504160164,0.0
25.19968,23.89453,36.8599,2140.66754,-1.21289,45.35563,9.399491501874461,3.501557899954121,0.0
25.21983,23.91708,36.79271,2135.70748,-1.18753,45.37074,9.444815599761862,3.518442318965965,0.0
25.23992,23.93959,36.72714,2130.71607,-1.1605,45.38584,9.48781553733012,3.5344609271065908,0.0
25.25996,23.96205,36.66327,2125.69426,-1.13188,45.40093,9.528349521822866,3.5495609028434583,0.0
25.27995,23.98447,36.60119,2120.64305,-1.10176,45.41601,9.566284608876316,3.5636927209030795,0.0
25.29988,24.00685,36.54097,2115.56358,-1.07026,45.43107,9.601497566332972,3.5768104740643563,0.0
25.31977,24.02919,36.48267,2110.45705,-1.03747,45.44612,9.633875685596871,3.588872175409749,0.0
25.3396,24.05148,36.42635,2105.32477,-1.00351,45.46116,9.663317530430177,3.599840037271715,0.0
25.35937,24.07372,36.37207,2100.16811,-0.96849,45.47619,9.689733613808825,3.609680723379246,0.0
25.3791,24.09592,36.31987,2094.98854,-0.93254,45.49121,9.713046994170574,3.618365570975952,0.0
25.39877,24.11808,36.26979,2089.78759,-0.89577,45.50621,9.733193783462337,3.625870780081064,0.0
25.41838,24.14018,36.22187,2084.56684,-0.85831,45.52119,9.750123560424584,3.6321775674487413,0.0
25.43795,24.16225,36.17612,2079.32795,-0.8203,45.53616,9.763799683919016,3.6372722832908826,0.0
25.45745,24.18427,36.13257,2074.07262,-0.78187,45.55112,9.77419950237394,3.6411464893010352,0.0
25.47691,24.20624,36.09122,2068.80259,-0.74314,45.56606,9.781314456955386,3.643796997088345,0.0
25.49631,24.22816,36.05207,2063.51963,-0.70425,45.58099,9.785150077480836,3.6452258666553257,0.0
25.51565,24.25004,36.01512,2058.22556,-0.66535,45.5959,9.785725871662148,3.6454403651379215,0.0
25.53494,24.27187,35.98036,2052.92219,-0.62656,45.6108,9.783075109662242,3.64445288654721,0.0
25.55417,24.29366,35.94777,2047.61137,-0.58801,45.62568,9.777244507476142,3.6422808338205117,0.0
25.57336,24.31539,35.91731,2042.29492,-0.54984,45.64055,9.76829381388439,3.638946464950661,0.0
25.59248,24.33708,35.88896,2036.9747,-0.51219,45.6554,9.7562953070321,3.6344767054484683,0.0
25.61155,24.35872,35.86267,2031.65252,-0.47518,45.67024,9.741333207746063,3.628902929787894,0.0
25.63057,24.38032,35.83839,2026.33019,-0.43893,45.68506,9.723503017668277,3.6222607148433825,0.0
25.64953,24.40187,35.81608,2021.0095,-0.40357,45.69986,9.702910791037404,3.614589568609291,0.0
25.66844,24.42337,35.79567,2015.6922,-0.36922,45.71466,9.679672349576778,3.6059326377250143,0.0
25.68729,24.44482,35.77709,2010.38001,-0.336,45.72943,9.653912450310262,3.5963363974644955,0.0
25.70609,24.46622,35.76027,2005.07459,-0.304,45.74419,9.62576391642203,3.5858503279586285,0.0
25.72483,24.48758,35.74515,1999.77757,-0.27335,45.75893,9.595366741246737,3.5745265804080177,0.0
25.74352,24.50889,35.73162,1994.49052,-0.24413,45.77367,9.56286717543867,3.562419637029471,0.0
25.76215,24.53015,35.71962,1989.21495,-0.21645,45.78838,9.528416806992103,3.549585968339378,0.0
25.78073,24.55136,35.70905,1983.9523,-0.19038,45.80308,9.492171643441257,3.5360836912490394,0.0
25.79926,24.57253,35.69981,1978.70396,-0.16602,45.81777,9.454291204953499,3.5219722312180277,0.0
25.81773,24.59365,35.69182,1973.47124,-0.14344,45.83244,9.414937636399067,3.5073119914767954,0.0
25.83615,24.61472,35.68496,1968.25538,-0.12271,45.8471,9.374274845706369,3.4921640320413503,0.0
25.85451,24.63574,35.67914,1963.05753,-0.10388,45.86174,9.332467675049548,3.476589760958822,0.0
25.87283,24.65672,35.67424,1957.87879,-0.08703,45.87638,9.28968111046311,3.4606506398681054,0.0
25.89109,24.67765,35.67018,1952.72017,-0.07218,45.891,9.246079534704311,3.4444079056714494,0.0
25.90929,24.69853,35.66683,1947.58258,-0.0594,45.9056,9.201826027196645,3.4279223097449845,0.0
25.92745,24.71937,35.66408,1942.46688,-0.0487,45.92019,9.157081714082377,3.411253875816186,0.0
25.94555,24.74016,35.66184,1937.37384,-0.04013,45.93478,9.112005170487821,3.3944616772919725,0.0
25.9636,24.76091,35.65998,1932.30413,-0.0337,45.94935,9.066751876359469,3.377603634543332,0.0
25.98159,24.78161,35.65839,1927.25837,-0.02942,45.9639,9.021473726408614,3.3607363323468133,0.0
25.99954,24.80226,35.65697,1922.23706,-0.02731,45.97845,8.976318594032032,3.343914857433499,0.0
26.01743,24.82287,35.65561,1917.24066,-0.02737,45.99299,8.931429948419517,3.3271926558514875,0.0
26.03527,24.84343,35.65419,1912.26952,-0.02958,46.00751,8.88694652348516,3.3106214096340882,0.0
26.05307,24.86395,35.65261,1907.32393,-0.03394,46.02203,8.843002036778923,3.2942509320869826,0.0
26.07081,24.88442,35.65076,1902.40409,-0.04044,46.03654,8.799724956092026,3.278129080842589,0.0
26.0885,24.90485,35.64855,1897.51015,-0.04905,46.05103,8.757238311128237,3.2623016877026703,0.0
26.10614,24.92523,35.64586,1892.64215,-0.05973,46.06552,8.715659547326627,3.246812504183453,0.0
26.12373,24.94557,35.64259,1887.80008,-0.07247,46.08,8.675100418701703,3.231703161595767,0.0
26.14127,24.96586,35.63866,1882.98386,-0.0872,46.09447,8.63566691642982,3.217013144441602,0.0
26.15876,24.98611,35.63397,1878.19333,-0.1039,46.10893,8.597459229798629,3.2027797758667447,0.0
26.17621,25.00632,35.62841,1873.42828,-0.12252,46.12339,8.560571736094886,3.1890382138937285,0.0
26.1936,25.02649,35.62192,1868.68842,-0.14298,46.13783,8.525093016035608,3.1758214571703407,0.0
26.21095,25.04661,35.6144,1863.9734,-0.16525,46.15227,8.491105891362215,3.1631603589744315,0.0
26.22825,25.06668,35.60576,1859.28283,-0.18926,46.16671,8.458687481332312,3.151083648258589,0.0
26.2455,25.08672,35.59595,1854.61623,-0.21493,46.18113,8.427909274925316,3.1396179565486335,0.0
26.2627,25.10671,35.58487,1849.97309,-0.2422,46.19555,8.39883721575375,3.128787849575312,0.0
26.27985,25.12667,35.57246,1845.35283,-0.271,46.20997,8.371531796808544,3.1186158625694103,0.0
26.29696,25.14657,35.55866,1840.75484,-0.30124,46.22437,8.346048162353636,3.1091225382201806,0.0
26.31402,25.16644,35.54341,1836.17842,-0.33285,46.23878,8.322436214484942,3.100326466371353,0.0
26.33103,25.18627,35.52664,1831.62287,-0.36575,46.25317,8.300740722052682,3.092244324597575,0.0
26.348,25.20605,35.50832,1827.08741,-0.39984,46.26756,8.281001429868676,3.0848909188869973,0.0
26.36492,25.22579,35.48838,1822.57124,-0.43504,46.28195,8.263253166313262,3.078279223727687,0.0
26.3818,25.2455,35.46679,1818.07351,-0.47126,46.29633,8.24752594769926,3.0724204209859445,0.0
26.39862,25.26516,35.44351,1813.59332,-0.5084,46.31071,8.233845077922922,3.0673239370289105,0.0
26.41541,25.28478,35.4185,1809.12975,-0.54638,46.32508,8.222231242176237,3.062997477634861,0.0
26.43214,25.30435,35.39174,1804.68184,-0.58509,46.33944,8.212700593673913,3.059447060301291,0.0
26.44883,25.32389,35.36321,1800.2486,-0.62444,46.35381,8.205264832580957,3.0566770436475155,0.0
26.46548,25.34339,35.33288,1795.82901,-0.66434,46.36817,8.199931276500777,3.0546901536733424,0.0
26.48208,25.36285,35.30074,1791.42201,-0.70467,46.38252,8.196702922096627,3.0534875067146796,0.0
26.49863,25.38226,35.26678,1787.02653,-0.74535,46.39687,8.195578497588736,3.0530686290001006,0.0
26.51514,25.40164,35.231,1782.64147,-0.78627,46.41121,8.19655250609221,3.053431472795351,0.0
26.53161,25.42098,35.19339,1778.2657,-0.82733,46.42556,8.19961525988729,3.054572429169921,0.0
26.54803,25.44027,35.15397,1773.89809,-0.86843,46.43989,8.204752905942659,3.0564863375051488,0.0
26.5644,25.45953,35.11274,1769.53749,-0.90947,46.45422,8.211947443153537,3.0591664919158674,0.0
26.58073,25.47874,35.06971,1765.18271,-0.95035,46.46855,8.221176731921911,3.0626046448192894,0.0
26.59702,25.49792,35.02491,1760.83257,-0.99097,46.48288,8.232414496872982,3.0667910079469545,0.0
26.61326,25.51705,34.97836,1756.48589,-1.03122,46.4972,8.245630323676648,3.071714251160651,0.0
26.62946,25.53615,34.93009,1752.14147,-1.07102,46.51151,8.260789651052622,3.077361499474111,0.0
26.64561,25.55521,34.88012,1747.79809,-1.11027,46.52582,8.277853759212016,3.0837183287471923,0.0
26.66172,25.57422,34.8285,1743.45456,-1.14886,46.54012,8.29677975611529,3.09076876056661,0.0
26.67778,25.59319,34.77527,1739.10966,-1.18671,46.55442,8.31752056305245,3.0984952568741764,0.0
26.6938,25.61213,34.72046,1734.76221,-1.22372,46.56872,8.340024901191764,3.1068787149558452,0.0
26.70978,25.63102,34.66414,1730.41099,-1.2598,46.58301,8.36423728080535,3.115898463427954,0.0
26.72571,25.64988,34.60635,1726.05484,-1.29487,46.59729,8.390097995033551,3.1255322599143014,0.0
26.7416,25.66869,34.54714,1721.69258,-1.32883,46.61157,8.417543120100206,3.135756291126331,0.0
26.75744,25.68746,34.48659,1717.32304,-1.36162,46.62584,8.446504523958783,3.1465451760840484,0.0
26.77324,25.70619,34.42474,1712.9451,-1.39313,46.6401,8.476909885422074,3.157871973242333,0.0
26.78899,25.72488,34.36167,1708.55763,-1.42331,46.65436,8.5086827258368,3.1697081922905634,0.0
26.8047,25.74353,34.29745,1704.15955,-1.45208,46.66861,8.54174245536438,3.182023811393422,0.0
26.82036,25.76214,34.23214,1699.74979,-1.47936,46.68286,8.576004435975943,3.1947873006581946,0.0
26.83598,25.78071,34.16583,1695.32731,-1.50509,46.69709,8.611380063111936,3.2079656525551203,0.0
26.85155,25.79923,34.09858,1690.89113,-1.52921,46.71132,8.64777686802114,3.2215244200413715,0.0
26.86708,25.81772,34.03048,1686.44028,-1.55166,46.72554,8.685098642568617,3.2354277630552954,0.0
26.88257,25.83616,33.96161,1681.97383,-1.5724,46.73975,8.723245588255443,3.2496385040301865,0.0
26.898,25.85456,33.89205,1677.49092,-1.59136,46.75396,8.762114490974046,3.264118192995247,0.0
26.9134,25.87291,33.82188,1672.99071,-1.60851,46.76815,8.801598922858508,3.2788271827701374,0.0
26.92874,25.89123,33.7512,1668.47243,-1.62382,46.78233,8.841589472289025,3.293724714647687,0.0
26.94405,25.9095,33.68007,1663.93535,-1.63724,46.7965,8.881974002933015,3.308769014893525,0.0
26.9593,25.92773,33.6086,1659.37881,-1.64875,46.81067,8.92263794230467,3.3239174022421043,0.0
26.97451,25.94591,33.53687,1654.80218,-1.65834,46.82482,8.963464600061853,3.3391264064706703,0.0
26.98968,25.96405,33.46496,1650.20491,-1.66598,46.83896,9.0043355158388,3.3543518979760996,0.0
27.0048,25.98215,33.39297,1645.58653,-1.67167,46.85309,9.045130836074925,3.369549228153531,0.0
27.01987,26.00021,33.32098,1640.94661,-1.6754,46.8672,9.085729718837527,3.3846733802034965,0.0
27.0349,26.01822,33.24907,1636.2848,-1.67718,46.8813,9.126010765282068,3.3996791298622067,0.0
27.04987,26.03618,33.17733,1631.60081,-1.67701,46.89539,9.165852475850338,3.4145212153473827,0.0
27.06481,26.0541,33.10585,1626.89443,-1.67492,46.90947,9.205133729005086,3.4291545156995,0.0
27.07969,26.07197,33.03471,1622.16552,-1.67092,46.92353,9.243734279754822,3.4435342364953936,0.0
27.09453,26.0898,32.96398,1617.41401,-1.66504,46.93758,9.281535274858827,3.457616101775676,0.0
27.10932,26.10759,32.89374,1612.63991,-1.65733,46.95161,9.318419781213887,3.4713565508827053,0.0
27.12407,26.12532,32.82408,1607.8433,-1.64781,46.96563,9.354273323507002,3.484712938750365,0.0
27.13876,26.14302,32.75506,1603.02433,-1.63655,46.97963,9.388984426970238,3.4976437380945176,0.0
27.15341,26.16066,32.68676,1598.18323,-1.62358,46.99362,9.422445160703138,3.5101087418149146,0.0
27.16801,26.17826,32.61924,1593.32032,-1.60898,47.00759,9.454551676876042,3.522069263862603,0.0
27.18256,26.19581,32.55257,1588.43596,-1.59281,47.02154,9.485204740922416,3.5334883367505334,0.0
27.19707,26.21331,32.4868,1583.5306,-1.57514,47.03548,9.514310247743987,3.544330903853542,0.0
27.21152,26.23077,32.422,1578.60476,-1.55605,47.04939,9.541779718931746,3.5545640046362688,0.0
27.22593,26.24817,32.35822,1573.65903,-1.53562,47.06329,9.567530776036934,3.5641569509590423,0.0
27.24029,26.26553,32.2955,1568.69405,-1.51394,47.07717,9.591487585084785,3.5730814926709487,0.0
27.25459,26.28284,32.2339,1563.71055,-1.4911,47.09104,9.613581267698189,3.581311970764218,0.0
27.26885,26.3001,32.17344,1558.7093,-1.4672,47.10488,9.633750274493867,3.5888254564741144,0.0
27.28307,26.31732,32.11418,1553.69113,-1.44234,47.11871,9.651940716783022,3.5956018748461673,0.0
27.29723,26.33448,32.05613,1548.65693,-1.41663,47.13251,9.668106652985045,3.601624111432802,0.0
27.31134,26.3516,31.99933,1543.60764,-1.39016,47.1463,9.68221032670255,3.6068781009825615,0.0
27.3254,26.36866,31.94379,1538.54423,-1.36306,47.16006,9.694222353900857,3.611352897169388,0.0
27.33941,26.38567,31.88954,1533.46775,-1.33543,47.17381,9.704121857205928,3.6150407226221355,0.0
27.35338,26.40264,31.83658,1528.37925,-1.30739,47.18753,9.711896545998854,3.617936998761874,0.0
27.36729,26.41955,31.78492,1523.27982,-1.27906,47.20124,9.717542741562587,3.620040355169711,0.0
27.38115,26.43642,31.73457,1518.17061,-1.25055,47.21492,9.721065347196816,3.621352618453793,0.0
27.39497,26.45323,31.68552,1513.05276,-1.22199,47.22859,9.72247776386851,3.621878780826918,0.0
27.40873,26.46999,31.63776,1507.92745,-1.19348,47.24223,9.721801752588476,3.621626948838178,0.0
27.42245,26.48671,31.59129,1502.79586,-1.16516,47.25585,9.719067245280538,3.620608272916754,0.0
27.43611,26.50337,31.54608,1497.6592,-1.13713,47.26945,9.714312106510077,3.6188368586095256,0.0
27.44972,26.51998,31.50212,1492.51867,-1.10951,47.28303,9.7075818489363,3.616329660579559,0.0
27.46329,26.53654,31.45937,1487.37548,-1.08242,47.29659,9.698929305808745,3.6131063606024343,0.0
27.4768,26.55304,31.41781,1482.23083,-1.05597,47.31013,9.688414264273815,3.6091892309632794,0.0
27.49026,26.5695,31.37741,1477.08593,-1.03027,47.32364,9.676103063532944,3.604602984760118,0.0
27.50368,26.5859,31.33812,1471.94197,-1.00543,47.33714,9.662068162209362,3.5993746147366044,0.0
27.51704,26.60226,31.29991,1466.8001,-0.98154,47.35061,9.646387679470493,3.593533222338045,0.0
27.53035,26.61856,31.26273,1461.6615,-0.95872,47.36406,9.629144914523758,3.5871098387109353,0.0
27.54362,26.63481,31.22652,1456.52729,-0.93704,47.3775,9.610427849248513,3.5801372394202806,0.0
27.55683,26.65101,31.19125,1451.39856,-0.91662,47.39091,9.59032863858926,3.5726497546076477,0.0
27.56999,26.66715,31.15685,1446.27641,-0.89753,47.4043,9.56894309336272,3.5646830763232016,0.0
27.58311,26.68325,31.12327,1441.16186,-0.87986,47.41767,9.546370159897238,3.5562740646776856,0.0
27.59617,26.69929,31.09044,1436.05593,-0.86367,47.43102,9.522711400771728,3.547460554404016,0.0
27.60919,26.71528,31.05831,1430.95957,-0.84906,47.44435,9.498070480674787,3.5382811633262787,0.0
27.62215,26.73123,31.0268,1425.87373,-0.83607,47.45766,9.472552661076616,3.528775104111717,0.0
27.63507,26.74712,30.99587,1420.79927,-0.82478,47.47095,9.44626430711931,3.5189820005743995,0.0
27.64794,26.76295,30.96543,1415.73704,-0.81522,47.48422,9.419312409781488,3.508941709668962,0.0
27.66075,26.77874,30.93542,1410.68783,-0.80747,47.49747,9.39180412598769,3.498694150169266,0.0
27.67352,26.79448,30.90576,1405.65238,-0.80155,47.5107,9.363846338966317,3.4882791388901557,0.0
27.68624,26.81016,30.8764,1400.63138,-0.7975,47.52392,9.335545240802066,3.4777362351772627,0.0
27.69892,26.8258,30.84726,1395.62549,-0.79535,47.53711,9.307005938706496,3.4671045942324326,0.0
27.71154,26.84138,30.81826,1390.63528,-0.79513,47.55029,9.278332086211659,3.4564228297236403,0.0
27.72412,26.85692,30.78934,1385.6613,-0.79685,47.56345,9.249625540088616,3.44572888597812,0.0
27.73664,26.8724,30.76042,1380.70404,-0.80053,47.57659,9.220986043510226,3.435059919952163,0.0
27.74912,26.88783,30.73144,1375.76393,-0.80617,47.58971,9.19251093560635,3.4244521930327885,0.0
27.76155,26.90321,30.70233,1370.84135,-0.81377,47.60282,9.164294887300514,3.4139409726299523,0.0
27.77394,26.91855,30.67301,1365.93663,-0.82333,47.61591,9.136429663074896,3.403560443427735,0.0
27.78627,26.93383,30.64342,1361.05005,-0.83482,47.62898,9.109003908013033,3.393343628052145,0.0
27.79856,26.94906,30.6135,1356.18182,-0.84824,47.64204,9.082102959331989,3.383322316861898,0.0
27.81081,26.96424,30.58317,1351.33211,-0.86356,47.65508,9.055808681388207,3.373527006483748,0.0
27.823,26.97938,30.55238,1346.50106,-0.88075,47.6681,9.030199323032113,3.3639868466733316,0.0
27.83515,26.99446,30.52106,1341.68872,-0.89978,47.68111,9.005349396050983,3.3547295950319307,0.0
27.84725,27.0095,30.48915,1336.89511,-0.9206,47.69411,8.98132957333432,3.3457815790704015,0.0
27.85931,27.02448,30.4566,1332.1202,-0.94318,47.70708,8.958206605376958,3.3371676651043813,0.0
27.87132,27.03942,30.42335,1327.36392,-0.96746,47.72005,8.936043253648483,3.3289112334326436,0.0
27.88328,27.05431,30.38935,1322.62614,-0.99339,47.733,8.91489823937563,3.321034159257197,0.0
27.8952,27.06915,30.35454,1317.90669,-1.02091,47.74594,8.894826206269489,3.3135567987981833,0.0
27.90708,27.08394,30.31889,1313.20534,-1.04997,47.75886,8.87587769576119,3.3064979800685244,0.0
27.9189,27.09869,30.28234,1308.52185,-1.08048,47.77176,8.85809913335703,3.299874997790846,0.0
27.93069,27.11338,30.24485,1303.85591,-1.11239,47.78466,8.841532824766006,3.293703611954877,0.0
27.94242,27.12803,30.20639,1299.20718,-1.14563,47.79754,8.826216960544544,3.28799804954774,0.0
27.95412,27.14263,30.16691,1294.57527,-1.1801,47.81041,8.812185628051857,3.282771009007638,0.0
27.96577,27.15718,30.12639,1289.95977,-1.21575,47.82326,8.799468829639201,3.27803366699982,0.0
27.97737,27.17169,30.08479,1285.36022,-1.25248,47.83611,8.788092506056993,3.2737956871363587,0.0
27.98893,27.18614,30.04209,1280.77613,-1.2902,47.84894,8.778078564185673,3.270065230306624,0.0
28.00044,27.20055,29.99827,1276.20698,-1.32884,47.86175,8.76944490833389,3.266848966336678,0.0
28.01192,27.21492,29.9533,1271.65222,-1.36831,47.87456,8.762205474376467,3.2641520867065665,0.0
28.02334,27.22923,29.90717,1267.11126,-1.4085,47.88735,8.756370266223216,3.2619783181359137,0.0
28.03473,27.2435,29.85986,1262.58349,-1.44934,47.90013,8.751945394138424,3.2603299368589376,0.0
28.04607,27.25773,29.81136,1258.06827,-1.49073,47.9129,8.748933114610479,3.259207783476933,0.0
28.05736,27.2719,29.76167,1253.56495,-1.53257,47.92566,8.74733187152914,3.2586112782978924,0.0
28.06862,27.28603,29.71078,1249.07283,-1.57477,47.9384,8.747136338566266,3.2585384371244412,0.0
28.07983,27.30011,29.65869,1244.59122,-1.61724,47.95113,8.748337462788305,3.2589858875006303,0.0
28.09099,27.31415,29.6054,1240.1194,-1.65987,47.96385,8.750922509575263,3.2599488854454473,0.0
28.10212,27.32814,29.55093,1235.65661,-1.70257,47.97656,8.754875109058506,3.2614213327521067,0.0
28.1132,27.34208,29.49527,1231.20213,-1.74526,47.98926,8.760175304389795,3.2633957949695445,0.0
28.12423,27.35598,29.43844,1226.75517,-1.78782,48.00195,8.766799602212867,3.2658635202044035,0.0
28.13523,27.36983,29.38046,1222.31496,-1.83018,48.01462,8.774721025798305,3.268814458915178,0.0
28.14618,27.38364,29.32134,1217.88074,-1.87223,48.02728,8.783909171388663,3.272237284902246,0.0
28.15709,27.39739,29.2611,1213.45169,-1.91388,48.03993,8.794330268352237,3.276119417716741,0.0
28.16796,27.41111,29.19977,1209.02705,-1.95505,48.05257,8.805947243789136,3.2804470467280056,0.0
28.17878,27.42477,29.13737,1204.606,-1.99565,48.06519,8.81871979229799,3.2852051571135314,0.0
28.18957,27.43839,29.07393,1200.18777,-2.03559,48.07781,8.832604451627375,3.2903775580411003,0.0
28.20031,27.45197,29.00948,1195.77157,-2.07479,48.09041,8.847554684959348,3.295946913321574,0.0
28.211,27.46549,28.94407,1191.35662,-2.11316,48.10299,8.863520970593822,3.301894774818673,0.0
28.22166,27.47898,28.87771,1186.94214,-2.15064,48.11557,8.880450899773468,3.3082016188913372,0.0
28.23227,27.49241,28.81045,1182.52737,-2.18714,48.12813,8.898289283409612,3.3148468861519227,0.0
28.24284,27.5058,28.74233,1178.11157,-2.22259,48.14068,8.916978268396987,3.321809024796509,0.0
28.25337,27.51914,28.6734,1173.694,-2.25693,48.15321,8.936457464181252,3.3290655377546354,0.0
28.26386,27.53244,28.60369,1169.27394,-2.29008,48.16574,8.956664080186485,3.3365930338846495,0.0
28.2743,27.54569,28.53324,1164.8507,-2.322,48.17824,8.977533074635641,3.344367283413251,0.0
28.2847,27.55889,28.46212,1160.42361,-2.35263,48.19074,8.998997315181636,3.352363277774793,0.0
28.29506,27.57205,28.39036,1155.99201,-2.38191,48.20322,9.020987751710416,3.3605552939849703,0.0
28.30538,27.58516,28.318,1151.55529,-2.4098,48.21568,9.043433601508598,3.3689169636206455,0.0
28.31565,27.59822,28.24512,1147.11285,-2.43626,48.22813,9.066262546924717,3.3774213464538545,0.0
28.32589,27.61124,28.17174,1142.66412,-2.46124,48.24057,9.089400945438998,3.3860410087083297,0.0
28.33608,27.62421,28.09792,1138.20858,-2.48473,48.25299,9.112774051967916,3.3947481058737963,0.0
28.34623,27.63713,28.02372,1133.74573,-2.50669,48.26539,9.136306253034766,3.403514469940672,0.0
28.35633,27.65,27.94918,1129.27512,-2.5271,48.27778,9.15992131229723,3.4123117008655455,0.0
28.36639,27.66283,27.87436,1124.79632,-2.54595,48.29016,9.183542626715708,3.4211112620006157,0.0
28.37641,27.67561,27.79931,1120.30895,-2.56323,48.30251,9.207093492530916,3.429884579177354,0.0
28.38639,27.68835,27.72407,1115.81267,-2.57893,48.31485,9.230497379982559,3.4386031430464303,0.0
28.39633,27.70103,27.6487,1111.30718,-2.59307,48.32718,9.253678215574405,3.447238614228885,0.0
28.40622,27.71367,27.57325,1106.79224,-2.60563,48.33948,9.27656067051779,3.455762930768922,0.0
28.41607,27.72626,27.49777,1102.26763,-2.61665,48.35177,9.29907045381172,3.4641484173139543,0.0
28.42588,27.7388,27.4223,1097.73318,-2.62614,48.36404,9.32113460830242,3.4723678954045845,0.0
28.43564,27.75129,27.3469,1093.18879,-2.63412,48.37629,9.342681807911479,3.4803947941999014,0.0
28.44536,27.76374,27.2716,1088.63438,-2.64064,48.38852,9.363642654106824,3.488203260920723,0.0
28.45504,27.77613,27.19645,1084.06993,-2.64571,48.40074,9.383949969629764,3.4957682702706467,0.0
28.46468,27.78848,27.12149,1079.49546,-2.6494,48.41294,9.403539087372117,3.503065732050382,0.0
28.47427,27.80078,27.04676,1074.91104,-2.65174,48.42511,9.422348132282035,3.5100725961750823,0.0
28.48382,27.81303,26.97231,1070.31679,-2.65279,48.43727,9.44031829416507,3.5167669542999285,0.0
28.49333,27.82523,26.89816,1065.71287,-2.65262,48.44941,9.45739408920624,3.523128137243971,0.0
28.50279,27.83739,26.82435,1061.09949,-2.65128,48.46152,9.473523608111115,3.5291368074292224,0.0
28.51221,27.84949,26.75092,1056.4769,-2.64884,48.47362,9.488658748837691,3.5347750455793907,0.0
28.52159,27.86154,26.67789,1051.84541,-2.64538,48.4857,9.502755431920761,3.5400264309338882,0.0
28.53092,27.87355,26.60529,1047.20536,-2.64097,48.49775,9.515773796584872,3.5448761143050596,0.0
28.54022,27.8855,26.53314,1042.55712,-2.6357,48.50979,9.527678375914533,3.5493108833336926,0.0
28.54946,27.89741,26.46147,1037.90112,-2.62966,48.5218,9.538438249588621,3.553319219386605,0.0
28.55867,27.90926,26.39029,1033.23782,-2.62292,48.53379,9.548027172805408,3.5568913455846127,0.0
28.56783,27.92107,26.31962,1028.56772,-2.61559,48.54576,9.556423680302768,3.560019265552788,0.0
28.57694,27.93282,26.24948,1023.89134,-2.60776,48.55771,9.563611164545563,3.5626967925473205,0.0
28.58602,27.94453,26.17987,1019.20926,-2.59953,48.56964,9.56957792744903,3.5649195687238433,0.0
28.59504,27.95618,26.1108,1014.52205,-2.59099,48.58154,9.574317205199018,3.5666850743836163,0.0
28.60403,27.96778,26.04228,1009.83036,-2.58225,48.59343,9.57782716604192,3.5679926271502245,0.0
28.61297,27.97934,25.97431,1005.13482,-2.57341,48.60529,9.580110881113887,3.568843371102693,0.0
28.62187,27.99084,25.90689,1000.4361,-2.56457,48.61713,9.581176268695742,3.5692402560089684,0.0
28.63073,28.00229,25.84002,995.7349,-2.55583,48.62895,9.58103601247288,3.569188006875588,0.0
