0.05046,0.05046,53.08657,5332.81112,-0.47986,45.0001,5.953292607217534,2.2177581367443033,0.0
0.10089,0.10089,53.02104,5329.58973,-0.45902,45.00026,6.001156924618529,2.2355888543621605,0.0
0.15129,0.15129,52.95851,5326.33685,-0.43751,45.00047,6.046783068268316,2.2525857933677953,0.0
0.20166,0.20167,52.89906,5323.05361,-0.41535,45.00073,6.090041426556053,2.2687006700258863,0.0
0.252,0.25201,52.84277,5319.74122,-0.39261,45.00104,6.130807962607437,2.2838872773371457,0.0
0.30231,0.30232,52.78973,5316.40095,-0.36931,45.0014,6.16896501052293,2.29810178165802,0.0
0.35259,0.3526,52.73999,5313.03415,-0.34549,45.00182,6.204402047865149,2.311303010472565,0.0
0.40283,0.40285,52.69364,5309.64226,-0.32121,45.00228,6.237016435636721,2.323452728053664,0.0
0.45305,0.45307,52.65071,5306.22676,-0.2965,45.0028,6.266714117133111,2.334515895804097,0.0
0.50323,0.50326,52.61127,5302.7892,-0.27143,45.00336,6.2934102673304055,2.3444609141705754,0.0
0.55337,0.55341,52.57536,5299.3312,-0.24602,45.00398,6.317029884934593,2.353259843197677,0.0
0.60349,0.60354,52.54302,5295.85442,-0.22035,45.00465,6.337508319771945,2.360888598994639,0.0
0.65357,0.65363,52.51427,5292.36056,-0.19445,45.00537,6.354791728957071,2.367327123669964,0.0
0.70362,0.70369,52.48914,5288.85138,-0.16838,45.00614,6.368837456104067,2.3725595265975428,0.0
0.75363,0.75372,52.46765,5285.32865,-0.14219,45.00696,6.379614328804373,2.3765741952349937,0.0
0.80361,0.80372,52.4498,5281.79418,-0.11594,45.00783,6.387102870706234,2.379363874128832,0.0
0.85356,0.85368,52.43559,5278.24981,-0.08967,45.00875,6.391295425562216,2.380925711125443,0.0
0.90347,0.90362,52.42501,5274.69738,-0.06345,45.00972,6.392196191895804,2.381261270285293,0.0
0.95335,0.95352,52.41806,5271.13874,-0.03732,45.01074,6.3898211680630075,2.380376511416938,0.0
1.00319,1.00339,52.4147,5267.57575,-0.01134,45.01181,6.384198008734788,2.3782817366129505,0.0
1.053,1.05323,52.41492,5264.01025,0.01443,45.01293,6.375365794982157,2.3749915046005654,0.0
1.10277,1.10303,52.41867,5260.44409,0.03995,45.01409,6.363374721289807,2.370524514146027,0.0
1.15251,1.15281,52.42591,5256.87907,0.06517,45.01531,6.348285703873086,2.364903458142357,0.0
1.20222,1.20255,52.43659,5253.31701,0.09003,45.01658,6.330169915656122,2.358154850376463,0.0
1.25189,1.25226,52.45065,5249.75966,0.11449,45.0179,6.309108254101051,2.350308827281531,0.0
1.30152,1.30194,52.46803,5246.20875,0.13849,45.01926,6.285190748844175,2.3413989272659075,0.0
1.35112,1.35159,52.48867,5242.66597,0.162,45.02068,6.258515916665491,2.3314618504222726,0.0
1.40068,1.4012,52.51248,5239.13296,0.18496,45.02215,6.2291900717934165,2.3205372015980075,0.0
1.45021,1.45079,52.53938,5235.61133,0.20734,45.02366,6.197326599838944,2.308667219916562,0.0
1.49971,1.50034,52.56928,5232.1026,0.22908,45.02523,6.163045203833244,2.295896497906624,0.0
1.54917,1.54986,52.6021,5228.60826,0.25017,45.02684,6.126471130848733,2.282271693398117,0.0
1.59859,1.59935,52.63774,5225.12972,0.27055,45.0285,6.087734387567958,2.2678412373009715,0.0
1.64798,1.64881,52.67609,5221.66834,0.29019,45.03022,6.046968952932874,2.2526550402962635,0.0
1.69734,1.69824,52.71704,5218.22541,0.30906,45.03198,6.004311995632318,2.236764201329711,0.0
1.74666,1.74764,52.76049,5214.80213,0.32713,45.03379,5.959903103724721,2.2202207206258615,0.0
1.79595,1.79702,52.80632,5211.39967,0.34437,45.03565,5.913883533159415,2.2030772197425095,0.0
1.8452,1.84636,52.85442,5208.01908,0.36076,45.03756,5.866395481341226,2.185386670954392,0.0
1.89442,1.89567,52.90466,5204.66138,0.37627,45.03952,5.8175813911821095,2.1672021379941095,0.0
1.9436,1.94495,52.95692,5201.32749,0.39088,45.04153,5.76758329041574,2.1485765299294317,0.0
1.99276,1.9942,53.01107,5198.01825,0.40457,45.04359,5.716542170204379,2.129562369678002,0.0
2.04187,2.04343,53.06699,5194.73445,0.41733,45.04571,5.664597406311547,2.110211578378927,0.0
2.09096,2.09263,53.12454,5191.47679,0.42914,45.04787,5.611886225429486,2.0905752765857204,0.0
2.14001,2.14179,53.18359,5188.24591,0.43998,45.05008,5.558543218489215,2.0707036029614856,0.0
2.18903,2.19094,53.24401,5185.04237,0.44986,45.05234,5.504699902147884,2.0506455509214243,0.0
2.23801,2.24005,53.30568,5181.86665,0.45876,45.05465,5.45048432897812,2.030448823418104,0.0
2.28697,2.28914,53.36844,5178.71917,0.46667,45.05701,5.396020746310862,2.0101597058514455,0.0
2.33589,2.3382,53.43217,5175.6003,0.4736,45.05942,5.341429303145079,1.9898229568848735,0.0
2.38478,2.38723,53.49674,5172.51032,0.47954,45.06188,5.286825804038025,1.969481716762968,0.0
2.43364,2.43624,53.562,5169.44945,0.48449,45.0644,5.232321508487062,1.9491774325759088,0.0
2.48246,2.48523,53.62783,5166.41786,0.48845,45.06696,5.1780229739537145,1.9289497997818092,0.0
2.53126,2.53419,53.69409,5163.41566,0.49144,45.06957,5.124031940358219,1.908836719177896,0.0
2.58002,2.58312,53.76064,5160.44288,0.49344,45.07224,5.070445253645205,1.8888742684267141,0.0
2.62876,2.63203,53.82737,5157.49954,0.49448,45.07495,5.017354825839592,1.8690966871758972,0.0
2.67746,2.68091,53.89413,5154.58557,0.49456,45.07772,4.964847628850134,1.8495363747498244,0.0
2.72613,2.72978,53.9608,5151.70085,0.49368,45.08054,4.913005719225902,1.8302238993720612,0.0
2.77478,2.77861,54.02726,5148.84525,0.49187,45.08341,4.8619062910012065,1.8111880178514879,0.0
2.82339,2.82743,54.09337,5146.01855,0.48913,45.08633,4.811621753772655,1.7924557046680503,0.0
2.87197,2.87622,54.15901,5143.22051,0.48549,45.0893,4.762219833200107,1.7740521894120163,0.0
2.92053,2.92499,54.22406,5140.45086,0.48094,45.09232,4.713763691144685,1.7560010015385414,0.0
2.96905,2.97374,54.28841,5137.70927,0.47551,45.0954,4.666312062809251,1.7383240214561095,0.0
3.01755,3.02247,54.35194,5134.99539,0.46922,45.09852,4.619919408289325,1.7210415369832324,0.0
3.06602,3.07117,54.41453,5132.30882,0.46209,45.1017,4.574636076125642,1.704172304276083,0.0
3.11445,3.11986,54.47608,5129.64914,0.45413,45.10493,4.530508476557356,1.687733612369874,0.0
3.16287,3.16852,54.53647,5127.01591,0.44536,45.10821,4.48757926233255,1.6717413505355272,0.0
3.21125,3.21717,54.5956,5124.40863,0.43581,45.11154,4.445887515094541,1.656210077713479,0.0
3.2596,3.26579,54.65337,5121.82682,0.42549,45.11493,4.405468935510309,1.641153093341519,0.0
3.30793,3.3144,54.70968,5119.26993,0.41443,45.11837,4.366356035482481,1.6265825089588164,0.0
3.35623,3.36298,54.76442,5116.73741,0.40264,45.12186,4.328578330911169,1.6125093200147729,0.0
3.40451,3.41155,54.81752,5114.22869,0.39016,45.1254,4.2921625336725935,1.5989434773861124,0.0
3.45275,3.4601,54.86887,5111.74318,0.377,45.12899,4.257132741578883,1.585893958141904,0.0
3.50097,3.50863,54.91839,5109.28025,0.36319,45.13264,4.223510625258082,1.5733688351612836,0.0
3.54917,3.55714,54.966,5106.83929,0.34875,45.13634,4.191315611018686,1.5613753452553019,0.0
3.59733,3.60563,55.01162,5104.41965,0.33371,45.14009,4.160565058872832,1.5499199554852496,0.0
3.64547,3.65411,55.05517,5102.02065,0.31809,45.14389,4.131274435035206,1.5390084274230378,0.0
3.69359,3.70257,55.09657,5099.64163,0.30191,45.14775,4.1034574782868285,1.5286458791260855,0.0
3.74168,3.75101,55.13576,5097.2819,0.2852,45.15166,4.077126359732173,1.5188368446510512,0.0
3.78974,3.79944,55.17267,5094.94075,0.26799,45.15562,4.0522918355191235,1.5095853309460314,0.0
3.83778,3.84785,55.20723,5092.61747,0.2503,45.15963,4.028963392210129,1.5008948720051467,0.0
3.88579,3.89624,55.23939,5090.31132,0.23216,45.1637,4.007149384539313,1.4927685801866823,0.0
3.93378,3.94462,55.26909,5088.02159,0.21358,45.16782,3.9868571653541283,1.4852091946197803,0.0
3.98174,3.99298,55.29627,5085.74751,0.19461,45.17199,3.968093207607318,1.4782191266496516,0.0
4.02968,4.04133,55.32089,5083.48833,0.17526,45.17621,3.9508632182788386,1.4718005022764897,0.0
4.07759,4.08966,55.3429,5081.24328,0.15556,45.18049,3.9351722441921164,1.4659552015748099,0.0
4.12548,4.13798,55.36227,5079.01159,0.13553,45.18482,3.9210247696668192,1.4606848950716789,0.0
4.17334,4.18628,55.37893,5076.79248,0.11521,45.1892,3.9084248060118374,1.455991077085202,0.0
4.22118,4.23457,55.39288,5074.58514,0.09461,45.19364,3.897375972872148,1.4518750960283717,0.0
4.26899,4.28284,55.40406,5072.38877,0.07377,45.19813,3.887881571441619,1.4483381816827632,0.0
4.31678,4.3311,55.41246,5070.20257,0.05272,45.20267,3.879944649587717,1.4453814694592024,0.0
4.36454,4.37935,55.41805,5068.02571,0.03147,45.20726,3.873568058914707,1.4430060216553076,0.0
4.41228,4.42758,55.42081,5065.85737,0.01005,45.21191,3.8687545038041495,1.4412128457243676,0.0
4.46,4.4758,55.42071,5063.69672,-0.01151,45.21661,3.865506582472463,1.4400029095703608,0.0
4.50769,4.524,55.41775,5061.5429,-0.03317,45.22136,3.8638268200675587,1.4393771538773252,0.0
4.55536,4.5722,55.41192,5059.39506,-0.05493,45.22616,3.863717693829821,1.439336501482484,0.0
4.603,4.62037,55.4032,5057.25236,-0.07674,45.23102,3.8651816503291037,1.4398818637974804,0.0
4.65062,4.66854,55.3916,5055.11391,-0.09858,45.23593,3.8682211147787875,1.4410141442781104,0.0
4.69821,4.71669,55.37711,5052.97884,-0.12043,45.24089,3.8728384924101698,1.4427342389363176,0.0
4.74578,4.76483,55.35973,5050.84627,-0.14226,45.24591,3.8790361618968383,1.4450430338906,0.0
4.79333,4.81296,55.33949,5048.71531,-0.16404,45.25097,3.886816460783482,1.447941399937859,0.0
4.84085,4.86107,55.31637,5046.58505,-0.18574,45.25609,3.8961816628719776,1.4514301841291208,0.0
4.88835,4.90917,55.29041,5044.45458,-0.20735,45.26127,3.907133947516016,1.4555101983309775,0.0
4.93582,4.95726,55.26162,5042.323,-0.22882,45.26649,3.919675360746616,1.4601822047438178,0.0
4.98327,5.00534,55.23001,5040.18937,-0.25013,45.27177,3.933807768162289,1.4654468983521745,0.0
5.03069,5.0534,55.19561,5038.05276,-0.27127,45.2771,3.949532799501092,1.471304886276354,0.0
5.07809,5.10146,55.15846,5035.91223,-0.29219,45.28248,3.9668517848075786,1.4777566639929491,0.0
5.12547,5.1495,55.11858,5033.76684,-0.31287,45.28791,3.985765682122655,1.4848025883974045,0.0
5.17282,5.19752,55.07601,5031.61563,-0.33329,45.2934,4.006274996612286,1.4924428476773337,0.0
5.22015,5.24554,55.03079,5029.45763,-0.35341,45.29893,4.028379691074478,1.5006774279740147,0.0
5.26745,5.29354,54.98296,5027.29189,-0.37322,45.30452,4.052079087766485,1.5095060768104436,0.0
5.31473,5.34153,54.93256,5025.11742,-0.39268,45.31016,4.077371761521714,1.5189282632745649,0.0
5.36198,5.38951,54.87966,5022.93325,-0.41176,45.31585,4.1042554241556575,1.5289431349574438,0.0
5.4092,5.43748,54.82429,5020.73838,-0.43045,45.3216,4.13272680017797,1.539549471652744,0.0
5.45641,5.48544,54.76652,5018.53183,-0.4487,45.32739,4.162781493887281,1.5507456358460472,0.0
5.50358,5.53338,54.7064,5016.31261,-0.4665,45.33324,4.194413847957154,1.5625295200344014,0.0
5.55073,5.58131,54.64401,5014.07971,-0.48382,45.33913,4.227616793688912,1.5748984909415618,0.0
5.59786,5.62923,54.57941,5011.83213,-0.50063,45.34508,4.262381693165952,1.5878493307163155,0.0
5.64496,5.67713,54.51266,5009.56888,-0.51691,45.35108,4.29869817362913,1.601378175232959,0.0
5.69203,5.72503,54.44385,5007.28895,-0.53262,45.35713,4.336553954455249,1.6154804496362278,0.0
5.73908,5.77291,54.37305,5004.99134,-0.54774,45.36323,4.37593466724732,1.6301508013201889,0.0
5.7861,5.82077,54.30034,5002.67506,-0.56225,45.36938,4.416823669618601,1.6453830305578931,0.0
5.83309,5.86863,54.2258,5000.33909,-0.57612,45.37557,4.459201853385585,1.6611700190482168,0.0
5.88006,5.91647,54.14953,4997.98246,-0.58933,45.38182,4.503047448010844,1.6775036566931516,0.0
5.927,5.9643,54.07161,4995.60418,-0.60185,45.38812,4.548335820246973,1.6943747669598992,0.0
5.97392,6.01212,53.99214,4993.20328,-0.61365,45.39447,4.59503927111841,1.7117730312512587,0.0
6.0208,6.05992,53.91121,4990.77878,-0.62471,45.40087,4.6431268314761684,1.7296869127443852,0.0
6.06766,6.10771,53.82893,4988.32974,-0.63501,45.40732,4.692564057572148,1.7481035802368423,0.0
6.11449,6.15548,53.74539,4985.85521,-0.64452,45.41382,4.743312828217377,1.7670088325827082,0.0
6.16129,6.20325,53.66071,4983.35428,-0.65323,45.42036,4.795331145285728,1.786387024374964,0.0
6.20807,6.251,53.57499,4980.82603,-0.66111,45.42696,4.848572939479248,1.806220993587966,0.0
6.25481,6.29873,53.48834,4978.2696,-0.66814,45.4336,4.902987883454582,1.826491991962122,0.0
6.30153,6.34645,53.40087,4975.68411,-0.6743,45.44029,4.9585212145393145,1.847179618961065,0.0
6.34821,6.39415,53.31271,4973.06875,-0.67957,45.44703,5.015113569475534,1.8682617602092815,0.0
6.39487,6.44184,53.22396,4970.4227,-0.68394,45.45382,5.072700833725077,1.8897145313543504,0.0
6.44149,6.48952,53.13476,4967.74521,-0.68739,45.46066,5.131214008035236,1.9115122283591586,0.0
6.48809,6.53718,53.04521,4965.03554,-0.68989,45.46754,5.19057909506377,1.9336272852667344,0.0
6.53466,6.58483,52.95545,4962.29299,-0.69145,45.47447,5.250717008943082,1.9560302405105232,0.0
6.58119,6.63245,52.8656,4959.51691,-0.69204,45.48144,5.311543510742469,1.9786897128723786,0.0
6.62769,6.68007,52.77579,4956.70671,-0.69165,45.48847,5.372969172800354,2.0015723881953793,0.0
6.67417,6.72766,52.68614,4953.86182,-0.69028,45.49554,5.4348993748867755,2.024643017954257,0.0
6.72061,6.77524,52.59679,4950.98174,-0.68791,45.50265,5.497234335105925,2.0478644307674037,0.0
6.76701,6.82281,52.50786,4948.06602,-0.68455,45.50981,5.559869178347204,2.0711975578966904,0.0
6.81339,6.87036,52.41948,4945.11426,-0.68018,45.51702,5.622694044933476,2.094601473721802,0.0
6.85973,6.91788,52.33179,4942.12615,-0.6748,45.52428,5.685594241912849,2.118033452100406,0.0
6.90604,6.9654,52.24491,4939.10141,-0.66841,45.53157,5.748450439149889,2.1414490394172883,0.0
6.95231,7.01289,52.15898,4936.03985,-0.66102,45.53892,5.811138912081484,2.1648021450172994,0.0
6.99855,7.06036,52.07412,4932.94135,-0.65263,45.5463,5.873531832570952,2.188045149556166,0.0
7.04475,7.10782,51.99046,4929.80585,-0.64324,45.55374,5.935497608875685,2.211129031647379,0.0
7.09092,7.15526,51.90813,4926.63338,-0.63286,45.56121,5.99690127520796,2.2340035129838482,0.0
7.13706,7.20268,51.82726,4923.42404,-0.6215,45.56873,6.057604930813136,2.256617221906082,0.0
7.18316,7.25008,51.74796,4920.17801,-0.60918,45.5763,6.117468227896503,2.2789178751677786,0.0
7.22922,7.29746,51.67036,4916.89557,-0.59591,45.5839,6.176348907009142,2.300852477381144,0.0
7.27525,7.34482,51.59459,4913.57707,-0.5817,45.59155,6.234103377888728,2.3223675373953743,0.0
7.32124,7.39215,51.52075,4910.22293,-0.56659,45.59925,6.290587342957953,2.3434093005662264,0.0
7.36719,7.43947,51.44896,4906.83369,-0.55059,45.60698,6.345656459999519,2.363923995619883,0.0
7.4131,7.48677,51.37933,4903.40995,-0.53373,45.61476,6.399167039787725,2.38385809453908,0.0
7.45898,7.53405,51.31196,4899.95241,-0.51603,45.62258,6.450976773700307,2.4031585836176594,0.0
7.50482,7.5813,51.24697,4896.46185,-0.49753,45.63044,6.500945485724778,2.4217732436027157,0.0
7.55062,7.62853,51.18444,4892.93914,-0.47826,45.63835,6.548935902544458,2.4396509365719075,0.0
7.59638,7.67574,51.12447,4889.38523,-0.45825,45.64629,6.594814434893002,2.456741897008577,0.0
7.6421,7.72293,51.06716,4885.80115,-0.43755,45.65428,6.638451962813884,2.4729980243315666,0.0
7.68778,7.77009,51.01257,4882.18803,-0.41619,45.66231,6.6797246170787865,2.488373173994133,0.0
7.73342,7.81724,50.96079,4878.54704,-0.39421,45.67037,6.718514548725963,2.502823444157234,0.0
7.77902,7.86436,50.9119,4874.87948,-0.37167,45.67848,6.754710678483595,2.5163074548694437,0.0
7.82459,7.91145,50.86595,4871.18666,-0.34859,45.68663,6.788209417803947,2.528786616671153,0.0
7.87011,7.95852,50.823,4867.47,-0.32505,45.69482,6.818915353337893,2.5402253855793355,0.0
7.91558,8.00557,50.78312,4863.73098,-0.30107,45.70305,6.846741886861549,2.550591501477059,0.0
7.96102,8.05259,50.74635,4859.97111,-0.27672,45.71132,6.871611823076245,2.559856207084438,0.0
8.00642,8.09959,50.71272,4856.19199,-0.25205,45.71963,6.893457898194805,2.5679944448709318,0.0
8.05177,8.14657,50.68227,4852.39524,-0.22711,45.72798,6.91222324284503,2.574985029499074,0.0
8.09708,8.19352,50.65502,4848.58254,-0.20196,45.73636,6.927861773610088,2.5808107936835665,0.0
8.14235,8.24044,50.631,4844.75559,-0.17664,45.74479,6.940338508361713,2.585458705661196,0.0
8.18758,8.28735,50.61022,4840.91614,-0.15122,45.75326,6.949629801524883,2.588919956833112,0.0
8.23276,8.33422,50.59267,4837.06596,-0.12576,45.76176,6.955723496447734,2.5911900185266385,0.0
8.27791,8.38107,50.57836,4833.20682,-0.10031,45.77031,6.958618993108729,2.5922686672179602,0.0
8.32301,8.4279,50.56728,4829.34052,-0.07492,45.77889,6.9583272305493225,2.5921599779878464,0.0
8.36806,8.4747,50.55941,4825.46886,-0.04966,45.78751,6.954870584537458,2.590872286398597,0.0
8.41307,8.52147,50.55472,4821.59364,-0.02458,45.79617,6.948282682070991,2.5884181193916915,0.0
8.45804,8.56822,50.55319,4817.71664,0.00026,45.80487,6.938608135422321,2.58481409621242,0.0
8.50297,8.61495,50.55478,4813.83965,0.02482,45.81361,6.925902199438348,2.580080800745094,0.0
8.54785,8.66165,50.55943,4809.96442,0.04903,45.82238,6.910230356762146,2.574242626997211,0.0
8.59269,8.70832,50.56711,4806.09269,0.07284,45.8312,6.891667836481461,2.567327599783353,0.0
8.63749,8.75497,50.57774,4802.22614,0.09621,45.84005,6.870299072446911,2.5593671729344627,0.0
8.68224,8.8016,50.59128,4798.36644,0.11908,45.84894,6.846217108124224,2.5503960075896455,0.0
8.72695,8.8482,50.60763,4794.51522,0.1414,45.85787,6.8195229553351835,2.5404517333102974,0.0
8.77162,8.89477,50.62675,4790.67405,0.16313,45.86684,6.790324914582258,2.5295746948831437,0.0
8.81625,8.94132,50.64853,4786.84444,0.18422,45.87584,6.75873786487716,2.517807687762698,0.0
8.86083,8.98784,50.67289,4783.02788,0.20463,45.88489,6.724882531067165,2.5051956851310306,0.0
8.90536,9.03434,50.69974,4779.22576,0.22433,45.89397,6.688884736619156,2.4917855595401717,0.0
8.94986,9.08082,50.72899,4775.43944,0.24326,45.90309,6.650874649625541,2.477625802029471,0.0
8.99431,9.12727,50.76053,4771.67019,0.26141,45.91226,6.610986029542898,2.462766241515927,0.0
9.03872,9.1737,50.79427,4767.91925,0.27872,45.92146,6.56935548175387,2.4472577670988778,0.0
9.08309,9.2201,50.83008,4764.18774,0.29518,45.93069,6.526121726614291,2.4311520557608244,0.0
9.12741,9.26648,50.86786,4760.47676,0.31076,45.93997,6.481424889063874,2.414501307728719,0.0
9.1717,9.31284,50.9075,4756.78731,0.32542,45.94929,6.435405814293474,2.3973579915420147,0.0
9.21594,9.35918,50.94887,4753.12031,0.33915,45.95864,6.388205414332499,2.379774600639285,0.0
9.26013,9.40549,50.99186,4749.47663,0.35193,45.96804,6.339964049717466,2.36180342301349,0.0
9.30429,9.45177,51.03635,4745.85707,0.36373,45.97747,6.290820949737356,2.3434963252381182,0.0
9.34841,9.49804,51.08221,4742.26232,0.37454,45.98695,6.24091367406351,2.3249045519101577,0.0
9.39248,9.54428,51.12931,4738.69303,0.38435,45.99646,6.190377617888314,2.306078541301233,0.0
9.43651,9.59051,51.17753,4735.14978,0.39315,46.00601,6.139345562056609,2.287067757769723,0.0
9.48051,9.63671,51.22674,4731.63306,0.40092,46.01561,6.087947269050923,2.2679205412546244,0.0
9.52446,9.68289,51.27681,4728.14329,0.40766,46.02524,6.036309125111846,2.2486839739559805,0.0
9.56837,9.72905,51.32762,4724.68084,0.41338,46.03491,5.984553828235346,2.2294037641056668,0.0
9.61224,9.77518,51.37903,4721.24601,0.41806,46.04462,5.932800121321172,2.210124146558154,0.0
9.65607,9.8213,51.43092,4717.83901,0.4217,46.05438,5.881162569308716,2.1908877997677507,0.0
9.69986,9.8674,51.48316,4714.46003,0.42432,46.06417,5.82975137874796,2.1717357785740337,0.0
9.74362,9.91348,51.53562,4711.10915,0.4259,46.074,5.7786722579721586,2.1527074621124944,0.0
9.78733,9.95954,51.58817,4707.78643,0.42647,46.08388,5.728026315721604,2.133840516049222,0.0
9.831,10.00558,51.6407,4704.49185,0.42603,46.09379,5.677909995922892,2.115170868284467,0.0
9.87464,10.0516,51.69307,4701.22535,0.42458,46.10375,5.628415046098037,2.096732697184201,0.0
9.91824,10.0976,51.74517,4697.9868,0.42214,46.11375,5.579628516817968,2.0785584313765346,0.0
9.9618,10.14359,51.79687,4694.77604,0.41873,46.12379,5.531632789523176,2.060678760115636,0.0
10.00532,10.18955,51.84806,4691.59285,0.41435,46.13387,5.484505630003706,2.0431226532044393,0.0
10.0488,10.2355,51.89862,4688.43696,0.40903,46.14399,5.4383202648370075,2.02591738946975,0.0
10.09225,10.28143,51.94843,4685.30806,0.40278,46.15415,5.393145478143159,2.0090885928061173,0.0
10.13566,10.32735,51.99739,4682.20581,0.39562,46.16435,5.349045726020526,1.9926602748061246,0.0
10.17903,10.37325,52.04539,4679.12981,0.38757,46.1746,5.306081266192,1.9766548830570245,0.0
10.22236,10.41913,52.09231,4676.07964,0.37864,46.18489,5.264308300421623,1.9610933541946807,0.0
10.26566,10.465,52.13806,4673.05483,0.36888,46.19522,5.223779127428434,1.9459951708679968,0.0
10.30893,10.51085,52.18253,4670.05489,0.35828,46.20559,5.1845423041322585,1.9313784218072176,0.0
10.35215,10.55669,52.22564,4667.07928,0.34689,46.21601,5.146642813204992,1.9172598642411893,0.0
10.39534,10.60251,52.26727,4664.12745,0.33472,46.22646,5.110122235052946,1.9036549879653089,0.0
10.4385,10.64831,52.30735,4661.1988,0.3218,46.23696,5.075018922489645,1.890578080411738,0.0
10.48162,10.6941,52.34578,4658.29273,0.30816,46.24751,5.041368176500762,1.878042292126465,0.0
10.5247,10.73988,52.38248,4655.40858,0.29382,46.25809,5.009202421657906,1.8660597021155556,0.0
10.56775,10.78565,52.41738,4652.5457,0.27881,46.26872,4.978551379857114,1.854641382567314,0.0
10.61076,10.83139,52.45038,4649.7034,0.26316,46.27939,4.94944224120362,1.8437974625113536,0.0
10.65374,10.87713,52.48142,4646.88096,0.2469,46.2901,4.921899830990756,1.8335371900226343,0.0
10.69669,10.92285,52.51043,4644.07766,0.23005,46.30086,4.895946771819883,1.8238689926154,0.0
10.7396,10.96856,52.53734,4641.29274,0.21265,46.31166,4.871603640054563,1.8148005355264734,0.0
10.78247,11.01426,52.56209,4638.52544,0.19472,46.3225,4.84888911586916,1.8063387776123099,0.0
10.82531,11.05995,52.58461,4635.77498,0.1763,46.33339,4.827820126263144,1.7984900246255886,0.0
10.86812,11.10562,52.60486,4633.04053,0.15742,46.34431,4.808411980507151,1.7912599796724327,0.0
10.9109,11.15128,52.62278,4630.3213,0.1381,46.35529,4.7906784975445325,1.7846537906728392,0.0
10.95364,11.19693,52.63833,4627.61644,0.11838,46.3663,4.774632124957588,1.7786760946787292,0.0
10.99634,11.24257,52.65145,4624.92511,0.0983,46.37736,4.76028404915626,1.7733310589221398,0.0
11.03902,11.28819,52.66212,4622.24645,0.07787,46.38846,4.747644296516351,1.7686224184918662,0.0
11.08166,11.33381,52.67029,4619.57957,0.05713,46.39961,4.73672182523072,1.7645535105504528,0.0
11.12426,11.37941,52.67593,4616.92359,0.03612,46.4108,4.727524607678017,1.7611273050187133,0.0
11.16684,11.425,52.67901,4614.27761,0.01487,46.42203,4.720059703153056,1.758346431669706,0.0
11.20938,11.47058,52.67952,4611.64073,-0.00659,46.4333,4.714333320827059,1.756213203583085,0.0
11.25188,11.51615,52.67742,4609.012,-0.02823,46.44462,4.710350872844395,1.7547296369250303,0.0
11.29436,11.56171,52.6727,4606.3905,-0.05002,46.45599,4.7081170174591,1.753897467017735,0.0
11.3368,11.60726,52.66535,4603.77529,-0.07191,46.46739,4.707635692151881,1.7537181606763648,0.0
11.37921,11.6528,52.65536,4601.1654,-0.09389,46.47884,4.708910136682179,1.7541929247965542,0.0
11.42158,11.69833,52.64273,4598.55988,-0.11592,46.49033,4.711942906022847,1.7553227111729173,0.0
11.46392,11.74385,52.62745,4595.95774,-0.13796,46.50187,4.716735873166015,1.757108217544303,0.0
11.50623,11.78935,52.60953,4593.358,-0.15998,46.51345,4.723290221772422,1.7595498848554803,0.0
11.54851,11.83485,52.58898,4590.75967,-0.18195,46.52507,4.731606428661751,1.7626478907343275,0.0
11.59075,11.88034,52.5658,4588.16175,-0.20383,46.53673,4.741684236148713,1.7664021391862947,0.0
11.63296,11.92582,52.54001,4585.56323,-0.2256,46.54844,4.7535226142429545,1.7708122465128735,0.0
11.67514,11.97128,52.51164,4582.96309,-0.24722,46.56019,4.767119712741902,1.7758775234649251,0.0
11.71729,12.01674,52.4807,4580.3603,-0.26865,46.57199,4.782472803264027,1.7815969536485399,0.0
11.7594,12.06219,52.44722,4577.75384,-0.28987,46.58383,4.799578211305947,1.7879691682145282,0.0
11.80148,12.10763,52.41123,4575.14266,-0.31083,46.59571,4.818431238396188,1.7949924168586402,0.0
11.84352,12.15306,52.37277,4572.52574,-0.33152,46.60763,4.8390260744820575,1.8026645351833765,0.0
11.88554,12.19848,52.33188,4569.90201,-0.35189,46.61959,4.86135570071657,1.810982908483558,0.0
11.92751,12.24388,52.28859,4567.27043,-0.37191,46.6316,4.885411782824097,1.8199444320222267,0.0
11.96946,12.28928,52.24295,4564.62995,-0.39155,46.64365,4.911184555307626,1.8295454678947973,0.0
12.01137,12.33467,52.19503,4561.97951,-0.41077,46.65574,4.938662696794643,1.839781798592126,0.0
12.05325,12.38005,52.14485,4559.31804,-0.42956,46.66788,4.967833196883441,1.850648577397254,0.0
12.0951,12.42542,52.0925,4556.6445,-0.44786,46.68005,4.998681214918875,1.8621402757756562,0.0
12.13691,12.47078,52.03802,4553.95783,-0.46566,46.69227,5.031189931225305,1.8742506279556064,0.0
12.17866,12.51615,51.97939,4551.26115,-0.51824,46.77861,5.066849033268471,1.8875345817141282,50.99999913003379
12.22031,12.56157,51.91454,4548.55649,-0.57046,46.86561,5.107194002858343,1.902564144426393,50.99999913003379
12.26188,12.60704,51.84355,4545.84113,-0.62227,46.95334,5.15228985613869,1.9193635363166337,50.99999913003379
12.30335,12.65255,51.76646,4543.11227,-0.67361,47.04187,5.202206463312635,1.9379587858739074,50.99999913003379
12.34473,12.6981,51.68334,4540.36709,-0.72444,47.13128,5.257020137904062,1.9583783218937927,50.99999913003379
12.38601,12.74371,51.59426,4537.60267,-0.77468,47.22164,5.316813360149112,1.9806528704344355,50.99999913003379
12.4272,12.78935,51.49931,4534.81607,-0.82428,47.31302,5.3816744547217334,2.0048153347608455,50.99999913003379
12.46829,12.83505,51.39858,4532.00425,-0.87318,47.4055,5.451697216685163,2.030900656001974,50.99999913003379
12.50928,12.88079,51.29215,4529.16412,-0.92131,47.49916,5.526980479051265,2.058945652055194,50.99999913003379
12.55017,12.92658,51.18014,4526.29251,-0.96862,47.59408,5.607627614716337,2.0889888320442807,50.99999913003379
12.59096,12.97242,51.06264,4523.38617,-1.01504,47.69034,5.693745965085186,2.1210701834668466,50.99999913003379
12.63165,13.01831,50.93979,4520.44179,-1.06049,47.78803,5.785446187140852,2.155230928960635,50.99999913003379
12.67224,13.06424,50.81169,4517.45597,-1.10493,47.88723,5.882841510297282,2.1915132494615874,50.99999913003379
12.71272,13.11023,50.6785,4514.42522,-1.14827,47.98803,5.986046893953368,2.2299599703705533,50.99999913003379
12.7531,13.15626,50.54034,4511.34598,-1.19044,48.09051,6.095178076378247,2.270614207238044,50.99999913003379
12.79337,13.20235,50.39737,4508.21461,-1.23138,48.19478,6.210350505367168,2.3135189674054035,50.99999913003379
12.83352,13.24848,50.24975,4505.02737,-1.27102,48.30093,6.331678141012608,2.358716704005551,50.99999913003379
12.87357,13.29467,50.09764,4501.78046,-1.30927,48.40904,6.459272121100154,2.406248818787829,50.99999913003379
12.91349,13.34091,49.94122,4498.46998,-1.34606,48.51923,6.593239279930629,2.456155110340272,50.99999913003379
12.95331,13.38721,49.78068,4495.09198,-1.38132,48.63158,6.733680511987028,2.50847316451249,50.99999913003379
12.993,13.43355,49.61621,4491.64241,-1.41496,48.7462,6.880688972716409,2.5632376841595796,50.99999913003379
13.03257,13.47995,49.44801,4488.11715,-1.44691,48.86319,7.034348109966423,2.620479755800437,50.99999913003379
13.07202,13.52641,49.2763,4484.51204,-1.47709,48.98267,7.194729521225076,2.6802260513831855,50.99999913003379
13.11134,13.57292,49.10129,4480.82284,-1.50542,49.10472,7.361890633925233,2.742497964137575,50.99999913003379
13.15053,13.61949,48.92322,4477.04527,-1.5318,49.22947,7.53587220866452,2.8073106784586974,50.99999913003379
13.18959,13.66611,48.74234,4473.17502,-1.55617,49.35702,7.716695668338819,2.8746721749389392,50.99999913003379
13.22851,13.7128,48.55888,4469.20774,-1.57843,49.48748,7.904360259953821,2.944582173068107,50.99999913003379
13.2673,13.75954,48.37311,4465.13907,-1.59851,49.62095,8.098840060241214,3.017031015746673,50.99999913003379
13.30594,13.80633,48.18529,4460.96465,-1.61631,49.75756,8.300080841267574,3.091998501642614,50.99999913003379
13.34443,13.85319,47.99572,4456.68015,-1.63177,49.8974,8.507996817878148,3.1694526735286406,50.99999913003379
13.38278,13.90011,47.80467,4452.28126,-1.64479,50.04059,8.722467305175064,3.249348573104885,50.99999913003379
13.42097,13.94709,47.61244,4447.76373,-1.6553,50.18723,8.94333332114955,3.3316269753900123,50.99999913003379
13.45901,13.99413,47.41933,4443.1234,-1.66321,50.33743,9.17039417695038,3.4162131185064966,50.99999913003379
13.49688,14.04124,47.22567,4438.35622,-1.66846,50.49129,9.403404105170024,3.5030154476285063,50.99999913003379
13.5346,14.08841,47.03176,4433.45824,-1.67097,50.6489,9.642068984476108,3.5919243948209325,50.99999913003379
13.57214,14.13564,46.83794,4428.4257,-1.67066,50.81037,9.88604322700188,3.682811219510446,50.99999913003379
13.60951,14.18293,46.64455,4423.25502,-1.66748,50.97578,10.134926902696735,3.775526937230405,50.99999913003379
13.6467,14.23029,46.45192,4417.94285,-1.66137,51.14522,10.388263182048874,3.869901366967754,50.99999913003379
13.68371,14.27772,46.26041,4412.4861,-1.65226,51.31876,10.645536184892318,3.9657423297870436,50.99999913003379
13.72053,14.32521,46.07036,4406.88195,-1.64012,51.49648,10.9061693280228,4.062835033273867,50.99999913003379
13.75717,14.37277,45.88213,4401.12792,-1.62489,51.67843,11.16952426750737,4.16094167751736,50.99999913003379
13.7936,14.4204,45.69608,4395.22191,-1.60654,51.86467,11.434900532636508,4.259801318747733,50.99999913003379
13.82984,14.46809,45.51258,4389.16219,-1.58506,52.05524,11.701535946787487,4.359130026118947,50.99999913003379
13.86587,14.51585,45.33198,4382.94751,-1.56042,52.25017,11.96860792573001,4.458621365361723,50.99999913003379
13.9017,14.56368,45.15464,4376.57704,-1.53262,52.44948,12.235235735738364,4.557947239989731,50.99999913003379
13.93731,14.61158,44.98093,4370.0505,-1.50165,52.65317,12.500483781946595,4.656759116298423,50.99999913003379
13.97269,14.65954,44.8112,4363.36813,-1.46755,52.86123,12.763365981514841,4.75468965248455,50.99999913003379
14.00786,14.70758,44.6458,4356.53075,-1.43033,53.07364,13.022851256479935,4.851354744877537,50.99999913003379
14.04279,14.75568,44.48508,4349.53976,-1.39005,53.29035,13.277870157557055,4.946355995479884,50.99999913003379
14.0775,14.80385,44.32937,4342.3972,-1.34674,53.51132,13.527322603241373,5.0392835949861565,50.99999913003379
14.11196,14.85209,44.17901,4335.10572,-1.30049,53.73646,13.770086688790347,5.129719604360667,50.99999913003379
14.14618,14.9004,44.03431,4327.66865,-1.25138,53.96568,14.005028487800402,5.217241606182685,50.99999913003379
14.18016,14.94877,43.89557,4320.08996,-1.19949,54.19888,14.231012736233447,5.301426684727425,50.99999913003379
14.21388,14.99721,43.7631,4312.37427,-1.14495,54.43593,14.44691425604741,5.381855681569,50.99999913003379
14.24735,15.04572,43.63715,4304.52688,-1.08787,54.67668,14.651629944338486,5.458117661851362,50.99999913003379
14.28056,15.09429,43.518,4296.5537,-1.02841,54.92096,14.844091125540015,5.529814515807379,50.99999913003379
14.31351,15.14292,43.40589,4288.46128,-0.9667,55.16861,15.02327604022619,5.59656561116683,50.99999913003379
14.34619,15.19162,43.30102,4280.25676,-0.90292,55.41942,15.188222225657466,5.658012405235319,50.99999913003379
14.3786,15.24039,43.2036,4271.94786,-0.83724,55.67318,15.338038531751213,5.713822921159492,50.99999913003379
14.41073,15.28921,43.11381,4263.54278,-0.76986,55.92967,15.471916512425441,5.763695991502315,50.99999913003379
14.4426,15.3381,43.03179,4255.05024,-0.70098,56.18864,15.58914093707022,5.807365174042737,50.99999913003379
14.47418,15.38704,42.95767,4246.47937,-0.6308,56.44984,15.689099180328952,5.844602249716282,50.99999913003379
14.50549,15.43604,42.89157,4237.83964,-0.55954,56.713,15.771289270482027,5.875220220849727,50.99999913003379
14.53651,15.4851,42.83354,4229.14086,-0.48744,56.97787,15.835326406665077,5.899075738996371,50.99999913003379
14.56725,15.53421,42.78364,4220.39307,-0.41471,57.24415,15.88094779219007,5.916070905475328,50.99999913003379
14.5977,15.58337,42.7419,4211.60646,-0.3416,57.51156,15.908015673871033,5.926154403600315,50.99999913003379
14.62787,15.63259,42.70831,4202.79135,-0.26833,57.77981,15.916518523788561,5.929321938918042,50.99999913003379
14.65776,15.68185,42.68284,4193.95808,-0.19515,58.04862,15.906570348598677,5.925615981907567,50.99999913003379
14.68735,15.73117,42.66543,4185.11694,-0.1223,58.31769,15.878408160309332,5.915124825778017,50.99999913003379
14.71667,15.78052,42.65601,4176.27814,-0.05001,58.58674,15.832387689354817,5.897980989475993,50.99999913003379
14.74569,15.82993,42.65446,4167.45169,0.0215,58.85548,15.76897746416262,5.874359012168462,50.99999913003379
14.77443,15.87937,42.66065,4158.64739,0.09199,59.12363,15.688751419445571,5.844472699637084,50.99999913003379
14.80289,15.92885,42.67443,4149.87473,0.16126,59.39093,15.592380226941744,5.8085718947507265,50.99999913003379
14.83106,15.97837,42.69563,4141.14287,0.22908,59.65712,15.480621566355724,5.7669388531351,50.99999913003379
14.85895,16.02793,42.72403,4132.46057,0.29526,59.92195,15.354309570316643,5.7198843111419055,50.99999913003379
14.88657,16.07752,42.75944,4123.83615,0.35961,60.18517,15.21434368495311,5.667743336119904,50.99999913003379
14.9139,16.12715,42.8016,4115.27747,0.42195,60.44657,15.0616771876704,5.610871048984798,50.99999913003379
14.94096,16.17681,42.85027,4106.79187,0.48212,60.70593,14.897305596342349,5.549638306338243,50.99999913003379
14.96775,16.22649,42.90518,4098.38619,0.53994,60.96306,14.722255190295309,5.4844274242323365,50.99999913003379
14.99427,16.2762,42.96604,4090.06672,0.59529,61.21778,14.537571844141805,5.415628018478867,50.99999913003379
15.02052,16.32594,43.03256,4081.83918,0.64804,61.46992,14.344310352125563,5.343633027686924,50.99999913003379
15.04651,16.3757,43.10444,4073.70875,0.69807,61.71934,14.14352439415716,5.268834975347186,50.99999913003379
15.07225,16.42548,43.18135,4065.68006,0.74527,61.96591,13.936257266590067,5.191622516802103,50.99999913003379
15.09772,16.47528,43.26298,4057.75715,0.78957,62.2095,13.723533471995694,5.112377306215806,50.99999913003379
15.12294,16.52511,43.34899,4049.94355,0.83088,62.45002,13.50635123400532,5.031471208155794,50.99999913003379
15.14791,16.57495,43.43905,4042.24224,0.86914,62.68739,13.285675976363414,4.949263868368707,50.99999913003379
15.17264,16.6248,43.53282,4034.6557,0.9043,62.92153,13.062434780517746,4.866100649086821,50.99999913003379
15.19712,16.67467,43.62996,4027.18591,0.93633,63.15239,12.83751181392016,4.782310925949796,50.99999913003379
15.22137,16.72456,43.73013,4019.83435,0.96519,63.37993,12.611744701951412,4.698206736451209,50.99999913003379
15.24538,16.77446,43.83299,4012.6021,0.99088,63.60413,12.38592180039025,4.614081763861536,50.99999913003379
15.26916,16.82437,43.93819,4005.48978,1.01338,63.82498,12.160780312482165,4.530210635786708,50.99999913003379
15.29272,16.87429,44.0454,3998.49761,1.03271,64.04246,11.937005184946345,4.446848512901654,50.99999913003379
15.31605,16.92421,44.15428,3991.62547,1.04887,64.25659,11.715228710546993,4.36423094089766,50.99999913003379
15.33916,16.97415,44.26449,3984.87287,1.0619,64.46739,11.49603076077435,4.282573937162185,50.99999913003379
15.36206,17.0241,44.37572,3978.23901,1.07182,64.6749,11.279939570502671,4.202074283084579,50.99999913003379
15.38475,17.07405,44.48763,3971.7228,1.07866,64.87914,11.067432996934869,4.122909993046109,50.99999913003379
15.40723,17.12401,44.59992,3965.32289,1.08249,65.08018,10.858940177144005,4.045240931897768,50.99999913003379
15.42951,17.17397,44.71227,3959.0377,1.08334,65.27805,10.654843512117045,3.9692095540687724,50.99999913003379
15.45158,17.22394,44.82438,3952.86541,1.08126,65.47283,10.455480909599972,3.8949417390853918,50.99999913003379
15.47346,17.27391,44.93595,3946.80402,1.07634,65.66458,10.26114822338028,3.8225477002678483,50.99999913003379
15.49515,17.32389,45.0467,3940.85137,1.06861,65.85338,10.072101832366778,3.752122945505409,50.99999913003379
15.51665,17.37387,45.15634,3935.00515,1.05817,66.03929,9.888561308806926,3.683749271237546,50.99999913003379
15.53795,17.42385,45.26462,3929.26289,1.04507,66.22241,9.71071213107299,3.6174957730381574,50.99999913003379
15.55908,17.47383,45.37125,3923.62205,1.02939,66.40282,9.538708402360985,3.553419858402458,50.99999913003379
15.58002,17.52382,45.476,3918.07995,1.01122,66.58061,9.372675542401662,3.4915682494801445,50.99999913003379
15.60079,17.5738,45.57862,3912.63387,0.99062,66.75587,9.212712924675357,3.4319779655073166,50.99999913003379
15.62138,17.62379,45.67886,3907.28097,0.96768,66.92868,9.058896436636902,3.3746772765576174,50.99999913003379
15.6418,17.67378,45.7765,3902.01841,0.94248,67.09916,8.911280945038618,3.3196866219399177,50.99999913003379
15.66205,17.72376,45.87134,3896.84326,0.91511,67.26738,8.769902652584232,3.267019488113907,50.99999913003379
15.68214,17.77375,45.96315,3891.75257,0.88565,67.43346,8.63478133574807,3.21668324233662,50.99999913003379
15.70205,17.82374,46.05174,3886.74337,0.85418,67.59749,8.505922456892742,3.1686799194818547,50.99999913003379
15.72181,17.87372,46.13691,3881.81264,0.82078,67.75957,8.383319146494797,3.123006960471376,50.99999913003379
15.74141,17.92371,46.2185,3876.95739,0.78555,67.91979,8.266954053682959,3.0796579016491052,50.99999913003379
15.76084,17.97369,46.29632,3872.17457,0.74857,68.07826,8.156801065244556,3.0386230151562432,50.99999913003379
15.78012,18.02368,46.37021,3867.46117,0.70992,68.23508,8.052826894851469,2.999889900959748,50.99999913003379
15.79925,18.07366,46.44002,3862.81414,0.66968,68.39035,7.954992545541003,2.963444031664945,50.99999913003379
15.81823,18.12364,46.50561,3858.23047,0.62794,68.54417,7.863254649480321,2.9292692516130243,50.99999913003379
15.83705,18.17361,46.56683,3853.70713,0.58479,68.69663,7.777566689803749,2.897348232047592,50.99999913003379
15.85572,18.22359,46.62356,3849.2411,0.54031,68.84784,7.697880109775451,2.8676628843069434,50.99999913003379
15.87425,18.27356,46.67569,3844.82936,0.49457,68.99789,7.62414531491929,2.840194733143809,50.99999913003379
15.89263,18.32353,46.72309,3840.46891,0.44767,69.14689,7.556312573869426,2.8149252523159016,50.99999913003379
15.91086,18.3735,46.76567,3836.15675,0.39969,69.29492,7.494332823720413,2.7918361646000203,50.99999913003379
15.92896,18.42347,46.80334,3831.88989,0.3507,69.4421,7.438158385592889,2.7709097083590963,50.99999913003379
15.9469,18.47343,46.83601,3827.66533,0.30079,69.58851,7.387743595882518,2.752128872699032,50.99999913003379
15.96471,18.52339,46.8636,3823.4801,0.25004,69.73426,7.343045358435843,2.7354776031687376,50.99999913003379
15.98237,18.57335,46.88605,3819.33122,0.19853,69.87943,7.304023622522282,2.720940979817271,50.99999913003379
15.9999,18.6233,46.90328,3815.2157,0.14633,70.02413,7.270641791102921,2.708505369284713,50.99999913003379
16.01728,18.67325,46.91526,3811.13057,0.09354,70.16846,7.242867063474612,2.698158552446102,50.99999913003379
16.03452,18.7232,46.92194,3807.07284,0.04022,70.3125,7.220670715884142,2.6898898289475976,50.99999913003379
16.05163,18.77314,46.92327,3803.03953,-0.01354,70.45635,7.204028323264359,2.6836900998090254,50.99999913003379
16.0686,18.82308,46.91923,3799.02764,-0.06767,70.60012,7.192919924730454,2.6795519290755894,50.99999913003379
16.08543,18.87301,46.9098,3795.03416,-0.12208,70.7439,7.187330134972391,2.6774695853144905,50.99999913003379
16.10212,18.92294,46.89497,3791.05608,-0.17671,70.88777,7.187248203181378,2.677439063566583,50.99999913003379
16.11867,18.97286,46.87472,3787.09037,-0.23146,71.03185,7.1926680206524365,2.679458088178532,50.99999913003379
16.13509,19.02278,46.84907,3783.13397,-0.28626,71.17622,7.203588077685505,2.6835260967473435,50.99999913003379
16.15136,19.0727,46.81803,3779.18381,-0.34103,71.32099,7.2200113699113295,2.6896442052242886,50.99999913003379
16.1675,19.12261,46.7816,3775.2368,-0.3957,71.46625,7.24194525372815,2.6978151540612707,50.99999913003379
16.1835,19.17251,46.73982,3771.28982,-0.45017,71.6121,7.269401250013198,2.7080432350881907,50.99999913003379
16.19936,19.22241,46.69272,3767.33973,-0.50439,71.75864,7.302394794856311,2.7203341986546614,50.99999913003379
16.21508,19.2723,46.64034,3763.38334,-0.55825,71.90597,7.340944935651298,2.734695140416044,50.99999913003379
16.23067,19.32219,46.58274,3759.41745,-0.61169,72.05419,7.385073970429901,2.751134366975859,50.99999913003379
16.24611,19.37207,46.51996,3755.43881,-0.66463,72.2034,7.434807028030386,2.7696612394875397,50.99999913003379
16.26141,19.42194,46.45207,3751.44416,-0.71697,72.35371,7.49017158632945,2.7902859941831424,50.99999913003379
16.27656,19.4718,46.37916,3747.43017,-0.76864,72.50521,7.551196925481963,2.8130195386907624,50.99999913003379
16.29158,19.52165,46.30129,3743.39349,-0.81956,72.65801,7.617913512956184,2.8378732229439736,50.99999913003379
16.30645,19.5715,46.21856,3739.33074,-0.86965,72.81222,7.69035231693657,2.8648585834063103,50.99999913003379
16.32117,19.62134,46.13106,3735.23849,-0.91882,72.96794,7.768544044648679,2.8939870593272468,50.99999913003379
16.33575,19.67117,46.0389,3731.11326,-0.96698,73.12528,7.852518302182783,2.925269679754392,50.99999913003379
16.35018,19.72099,45.9422,3726.95157,-1.01405,73.28435,7.942302672503401,2.958716720067783,50.99999913003379
16.36446,19.7708,45.84107,3722.74986,-1.05995,73.44525,8.03792170860944,2.9943373269055393,50.99999913003379
16.37859,19.82059,45.73564,3718.50457,-1.10459,73.60811,8.13939583922892,3.032139110506361,50.99999913003379
16.39256,19.87038,45.62606,3714.21209,-1.14789,73.77302,8.246740184951673,3.0721277036878054,50.99999913003379
16.40638,19.92015,45.51247,3709.86878,-1.18976,73.94011,8.3599632834624,3.1143062869620675,50.99999913003379
16.42005,19.96991,45.39503,3705.471,-1.2301,74.10947,8.479065723472926,3.1586750796397878,50.99999913003379
16.43356,20.01966,45.27388,3701.01505,-1.26884,74.28124,8.60403868810053,3.2052307972001692,50.99999913003379
16.4469,20.06939,45.14922,3696.49725,-1.30589,74.45552,8.734862409785963,3.2539660757072757,50.99999913003379
16.46009,20.11911,45.02122,3691.91389,-1.34115,74.63242,8.87150454051064,3.3048688646730553,50.99999913003379
16.47311,20.16881,44.89005,3687.26128,-1.37455,74.81206,9.013918442919582,3.357921790455676,50.99999913003379
16.48596,20.2185,44.75593,3682.53573,-1.406,74.99455,9.162041410131925,3.4131014930921006,50.99999913003379
16.49864,20.26816,44.61905,3677.73356,-1.43541,75.18,9.315792824372416,3.4703779403398642,50.99999913003379
16.51115,20.31781,44.47962,3672.85113,-1.4627,75.36853,9.475072267301055,3.52971372372515,50.99999913003379
16.52349,20.36744,44.33786,3667.88483,-1.48778,75.56025,9.63975759776682,3.5910633424554788,50.99999913003379
16.53565,20.41705,44.194,3662.83111,-1.51057,75.75527,9.809703015848873,3.6543724822241086,50.99999913003379
16.54763,20.46663,44.04827,3657.68649,-1.531,75.95369,9.984737135387974,3.719577297177282,50.99999913003379
16.55943,20.51619,43.9009,3652.44758,-1.54899,76.15562,10.164661090570688,3.7866037045670207,50.99999913003379
16.57104,20.56573,43.75216,3647.11108,-1.56445,76.36116,10.349246705677002,3.8553667029339547,50.99999913003379
16.58246,20.61524,43.60228,3641.6738,-1.57733,76.57041,10.538234760508608,3.9257697259337196,50.99999913003379
16.59369,20.66473,43.45152,3636.1327,-1.58755,76.78346,10.731333387344762,3.9977040451608383,50.99999913003379
16.60473,20.71418,43.30015,3630.48489,-1.59505,77.0004,10.928216638336892,4.071048236465514,50.99999913003379
16.61557,20.76361,43.14844,3624.72766,-1.59977,77.22131,11.12852326493781,4.145667725258894,50.99999913003379
16.6262,20.813,42.99666,3618.85849,-1.60166,77.44627,11.331855753078386,4.221414427091008,50.99999913003379
16.63664,20.86236,42.84509,3612.87509,-1.60067,77.67536,11.5377796592851,4.298126500337069,50.99999913003379
16.64686,20.91169,42.694,3606.7754,-1.59676,77.90863,11.745823293447401,4.375628228019987,50.99999913003379
16.65688,20.96098,42.54367,3600.55764,-1.58989,78.14614,11.955477793584844,4.453730045663079,50.99999913003379
16.66668,21.01022,42.3944,3594.2203,-1.58003,78.38793,12.16619763623693,4.532228731423725,50.99999913003379
16.67626,21.05943,42.24645,3587.76219,-1.56718,78.63405,12.377401623193652,4.610907773676451,50.99999913003379
16.68562,21.1086,42.10013,3581.18244,-1.55131,78.88451,12.588474380830208,4.689537929554563,50.99999913003379
16.69475,21.15772,41.9557,3574.48055,-1.53243,79.13933,12.798768402359093,4.767877985742787,50.99999913003379
16.70366,21.20679,41.81344,3567.65637,-1.51054,79.39852,13.007606655819185,4.845675730021825,50.99999913003379
16.71234,21.25582,41.67365,3560.71014,-1.48567,79.66205,13.214285771455515,4.922669138651175,50.99999913003379
16.72078,21.3048,41.53658,3553.64253,-1.45784,79.92992,13.418079811671916,4.998587780775698,50.99999913003379
16.72899,21.35372,41.40251,3546.4546,-1.42709,80.20207,13.618244614730136,5.0731544365678225,50.99999913003379
16.73695,21.40258,41.27169,3539.14786,-1.39348,80.47847,13.814022690458756,5.146086921007928,50.99999913003379
16.74468,21.45139,41.14439,3531.72426,-1.35706,80.75904,14.00464863232932,5.217100100025108,50.99999913003379
16.75215,21.50014,41.02085,3524.18618,-1.31792,81.04371,14.18935499605431,5.285908080429586,50.99999913003379
16.75938,21.54882,40.9013,3516.53646,-1.27613,81.33238,14.367378580520619,5.352226549725701,50.99999913003379
16.76635,21.59744,40.78597,3508.77839,-1.23181,81.62495,14.537967033127945,5.415775236774252,50.99999913003379
16.77308,21.64599,40.67508,3500.91571,-1.18505,81.92128,14.70038568874326,5.4762804594829815,50.99999913003379
16.77954,21.69447,40.56882,3492.95256,-1.13599,82.22124,14.853924540128284,5.533477721474218,50.99999913003379
16.78575,21.74287,40.46739,3484.89353,-1.08475,82.52467,14.99790522855118,5.587114316271658,50.99999913003379
16.79169,21.79121,40.37096,3476.74361,-1.03148,82.83141,15.13168793627792,5.63695189493476,50.99999913003379
16.79738,21.83946,40.27968,3468.50818,-0.97633,83.14128,15.254678058986462,5.682768951708581,50.99999913003379
16.8028,21.88763,40.1937,3460.19295,-0.91947,83.45409,15.366332535314472,5.724363181946845,50.99999913003379
16.80795,21.93572,40.11314,3451.80398,-0.86108,83.76963,15.466165713541075,5.761553667605263,50.99999913003379
16.81284,21.98372,40.03811,3443.34764,-0.80133,84.08769,15.553754641673793,5.7941828479381,50.99999913003379
16.81746,22.03164,39.9687,3434.83054,-0.7404,84.40804,15.628743676802635,5.822118236603856,50.99999913003379
16.82181,22.07947,39.90497,3426.25954,-0.67851,84.73045,15.690848322452444,5.845253851179983,50.99999913003379
16.82589,22.1272,39.84699,3417.64168,-0.61585,85.05468,15.739858218305674,5.86351132691328,50.99999913003379
16.82971,22.17483,39.79478,3408.98414,-0.55261,85.38049,15.775639224732894,5.87684069326236,50.99999913003379
16.83326,22.22237,39.74836,3400.29422,-0.48902,85.70763,15.798134564257174,5.88522079912316,50.99999913003379
16.83653,22.26981,39.70771,3391.57927,-0.42528,86.03585,15.807365003021449,5.888659380430312,50.99999913003379
16.83954,22.31715,39.67282,3382.84667,-0.36159,86.36488,15.803428076533327,5.887192771726717,50.99999913003379
16.84228,22.36439,39.64365,3374.10377,-0.29817,86.69449,15.786496384806915,5.8808852710590065,50.99999913003379
16.84476,22.41152,39.62012,3365.35786,-0.23523,87.02441,15.756815001920275,5.869828174969547,50.99999913003379
16.84697,22.45854,39.60217,3356.61613,-0.17296,87.3544,15.71469806307439,5.8541385070861,50.99999913003379
16.84891,22.50545,39.58969,3347.88562,-0.11158,87.68422,15.660524608223755,5.833957469764856,50.99999913003379
16.8506,22.55226,39.58257,3339.17319,-0.05127,88.01361,15.594733774440657,5.809448653119633,50.99999913003379
16.85202,22.59895,39.58068,3330.48551,0.00778,88.34237,15.5178194394785,5.780796039608279,50.99999913003379
16.85318,22.64552,39.58387,3321.82897,0.06538,88.67025,15.430324425931133,5.748201844929527,50.99999913003379
16.85409,22.69199,39.59199,3313.20973,0.12136,88.99704,15.33283437912732,5.711884237377595,50.99999913003379
16.85474,22.73833,39.60487,3304.63362,0.17555,89.32254,15.225971432561174,5.672074978048361,50.99999913003379
16.85513,22.78456,39.62231,3296.10617,0.2278,89.64656,15.11038777219945,5.629017023374483,50.99999913003379
16.85528,22.83068,39.64412,3287.63259,0.27797,89.96891,14.986759206003244,5.5829621296030485,50.99999913003379
16.85518,22.87667,39.67009,3279.21771,0.32591,90.28942,14.855778837587355,5.534168496067225,50.99999913003379
16.85484,22.92254,39.7,3270.86605,0.3715,90.60794,14.71815093374882,5.482898480679281,50.99999913003379
16.85425,22.9683,39.73363,3262.58171,0.41463,90.92431,14.574585064802875,5.429416417051561,50.99999913003379
16.85343,23.01393,39.77075,3254.36847,0.45519,91.23841,14.42579058507898,5.373986558336027,50.99999913003379
16.85237,23.05945,39.81111,3246.22971,0.49309,91.55012,14.272471508618374,5.316871168286765,50.99999913003379
16.85107,23.10484,39.85448,3238.16844,0.52825,91.85934,14.115321822856234,5.258328775483281,50.99999913003379
16.84955,23.15011,39.9006,3230.18734,0.5606,92.16596,13.955021270884988,5.198612602112628,50.99999913003379
16.8478,23.19526,39.94921,3222.28868,0.59008,92.46992,13.79223162137293,5.137969174415923,50.99999913003379
16.84583,23.24029,40.00007,3214.47443,0.61665,92.77115,13.627593434516227,5.076637117920392,50.99999913003379
16.84364,23.2852,40.05291,3206.74618,0.64025,93.06959,13.461723322632453,5.014846136938383,50.99999913003379
16.84123,23.32999,40.10748,3199.10521,0.66087,93.36521,13.295211695463157,4.952816174633231,50.99999913003379
16.8386,23.37466,40.16352,3191.55248,0.67849,93.65797,13.128620972936654,4.890756747226396,50.99999913003379
16.83577,23.4192,40.22077,3184.08864,0.6931,93.94786,12.96248424202344,4.82886644364075,50.99999913003379
16.83273,23.46363,40.27899,3176.71408,0.7047,94.23487,12.79730432955782,4.767332580102241,50.99999913003379
16.82948,23.50793,40.3379,3169.42888,0.7133,94.519,12.633553259228588,4.706330997854636,50.99999913003379
16.82603,23.55212,40.39727,3162.23287,0.71892,94.80028,12.471672058471219,4.6460259912217765,50.99999913003379
16.82239,23.59618,40.45685,3155.12566,0.72157,95.07872,12.3120708794931,4.586570352692674,50.99999913003379
16.81855,23.64013,40.51639,3148.10661,0.7213,95.35435,12.155129398110063,4.528105521498595,50.99999913003379
16.81452,23.68396,40.57566,3141.17487,0.71814,95.62722,12.001197454243037,4.470761822214927,50.99999913003379
16.81029,23.72767,40.63443,3134.32939,0.71214,95.89738,11.850595898838996,4.414658780261516,50.99999913003379
16.80588,23.77127,40.69246,3127.56895,0.70334,96.16487,11.703617613335908,4.359905501680178,50.99999913003379
16.80129,23.81475,40.74953,3120.89215,0.6918,96.42976,11.560528669632681,4.306601105254029,50.99999913003379
16.79652,23.85811,40.80543,3114.29744,0.67759,96.69213,11.421569600649518,4.254835195824648,50.99999913003379
16.79165,23.90137,40.86469,3107.76976,0.77697,96.70826,11.279352228192021,4.201855482619956,0.0
16.78678,23.94453,40.93174,3101.29973,0.87228,96.72437,11.127015657162655,4.145106101695101,0.0
16.78192,23.9876,41.0062,3094.89375,0.96325,96.74045,10.965650484251388,4.084993329012427,0.0
16.77705,24.03057,41.08769,3088.55772,1.04963,96.7565,10.796349371635872,4.021924209982779,0.0
16.77218,24.07346,41.17579,3082.29694,1.13119,96.77252,10.620203017692397,3.9563050584493284,0.0
16.76731,24.11625,41.2701,3076.11619,1.20774,96.78851,10.438288479779331,3.8885371066171497,0.0
16.76243,24.15896,41.37016,3070.01971,1.27911,96.80448,10.251658709530735,3.819012606674757,0.0
16.75756,24.20157,41.47554,3064.01116,1.34517,96.82041,10.061333397388218,3.748111420141319,0.0
16.75268,24.2441,41.5858,3058.09371,1.4058,96.83632,9.868291177650907,3.6761981140426796,0.0
16.7478,24.28654,41.70047,3052.27,1.46092,96.8522,9.673463204096512,3.6036195676611644,0.0
16.74292,24.3289,41.8191,3046.54218,1.51048,96.86805,9.477728070147213,3.5307030801637223,0.0
16.73804,24.37117,41.94123,3040.91195,1.55444,96.88388,9.281908017287655,3.457754958137858,0.0
16.73316,24.41337,42.06642,3035.38057,1.5928,96.89968,9.086766351211482,3.385059553038234,0.0
16.72827,24.45548,42.1942,3029.94886,1.62555,96.91545,8.893005966954824,3.312878711760092,0.0
16.72338,24.49751,42.32412,3024.61731,1.65274,96.9312,8.701268871706638,3.2414515988735437,0.0
16.71849,24.53947,42.45576,3019.38602,1.67441,96.94692,8.51213658667871,3.1709948463307223,0.0
16.7136,24.58135,42.58866,3014.25478,1.69063,96.96261,8.326131306587083,3.1017029854031257,0.0
16.70871,24.62316,42.7224,3009.22308,1.70147,96.97828,8.143717696348247,3.033749115998215,0.0
16.70381,24.6649,42.85657,3004.29015,1.70703,96.99392,7.965305208853496,2.96728577009135,0.0
16.69891,24.70656,42.99075,2999.45497,1.70742,97.00954,7.7912508142330275,2.902445928448482,0.0
16.694,24.74815,43.12455,2994.71634,1.70274,97.02514,7.6218620394916865,2.8393441529704346,0.0
16.6891,24.78968,43.25758,2990.07282,1.69313,97.04071,7.457400226925854,2.778077800538941,0.0
16.68418,24.83114,43.38946,2985.52283,1.67871,97.05625,7.298083929967886,2.718728288058042,0.0
16.67927,24.87253,43.51984,2981.06466,1.65962,97.07178,7.144092375525905,2.661362382266755,0.0
16.67435,24.91386,43.64836,2976.69644,1.63602,97.08728,6.995568932232951,2.606033491753143,0.0
16.66943,24.95513,43.77468,2972.41622,1.60805,97.10275,6.852624533826181,2.5527829422531414,0.0
16.66451,24.99633,43.89849,2968.22195,1.57585,97.11821,6.71534101621782,2.5016412197972846,0.0
16.65958,25.03748,44.01946,2964.11148,1.5396,97.13364,6.583774335303092,2.452629169428833,0.0
16.65465,25.07856,44.13731,2960.08263,1.49944,97.14905,6.457957640228474,2.4057591400770546,0.0
16.64972,25.11959,44.25174,2956.13314,1.45553,97.16444,6.337904183655261,2.3610360687069805,0.0
16.64478,25.16056,44.36249,2952.26072,1.40805,97.1798,6.223610056467353,2.3184584990700094,0.0
16.63983,25.20148,44.46929,2948.46306,1.35714,97.19515,6.1150567394418625,2.2780195322683445,0.0
16.63488,25.24234,44.57191,2944.73778,1.30297,97.21047,6.012213468658843,2.239707707932359,0.0
16.62993,25.28315,44.6701,2941.08252,1.2457,97.22577,5.915039414920699,2.2035078161116672,0.0
16.62498,25.3239,44.76365,2937.49489,1.18549,97.24105,5.8234856802880195,2.1694016410372576,0.0
16.62001,25.36461,44.85236,2933.97249,1.12251,97.25631,5.737497117033427,2.137368638729656,0.0
16.61505,25.40526,44.93602,2930.5129,1.0569,97.27155,5.6570139759712,2.107386551045087,0.0
16.61008,25.44587,45.01446,2927.11371,0.98883,97.28677,5.58197339234688,2.0794319592084425,0.0
16.6051,25.48642,45.08751,2923.7725,0.91845,97.30197,5.512310718232879,2.0534807801657076,0.0
16.60012,25.52693,45.15501,2920.48685,0.84592,97.31715,5.447960710828029,2.0295087092568056,0.0
16.59514,25.56739,45.21682,2917.25433,0.7714,97.33231,5.388858586251794,2.0074916127816698,0.0
16.59015,25.6078,45.27279,2914.07251,0.69502,97.34745,5.334940948323948,1.9874058739951124,0.0
16.58516,25.64817,45.32282,2910.93897,0.61696,97.36257,5.2861466015646945,1.9692286959707594,0.0
16.58016,25.6885,45.36679,2907.85127,0.53734,97.37767,5.242417257276108,1.9529383646349656,0.0
16.57516,25.72877,45.4046,2904.80695,0.45633,97.39275,5.203698140973089,1.938514475050828,0.0
16.57015,25.76901,45.43617,2901.80358,0.37407,97.40782,5.169938508880271,1.9259381238268736,0.0
16.56513,25.8092,45.46141,2898.8387,0.2907,97.42286,5.141092080482498,1.9151920702534921,0.0
16.56011,25.84935,45.48027,2895.90982,0.20637,97.43788,5.117117393392956,1.9062608685006555,0.0
16.55509,25.88945,45.49269,2893.01447,0.12123,97.45289,5.097978086050388,1.8991309729300647,0.0
16.55006,25.92951,45.49862,2890.15014,0.03542,97.46788,5.083643112952584,1.8937908182752903,0.0
16.54503,25.96953,45.49804,2887.3143,-0.05092,97.48284,5.074086896356671,1.890230876154122,0.0
16.53999,26.00951,45.49092,2884.50441,-0.13765,97.49779,5.069289417561917,1.8884436890738125,0.0
16.53494,26.04945,45.47725,2881.71788,-0.22461,97.51272,5.069236250112159,1.888423882799857,0.0
16.5299,26.08935,45.45703,2878.95213,-0.31168,97.52764,5.073918536456716,1.890168157661573,0.0
16.52484,26.12921,45.43027,2876.2045,-0.39871,97.54253,5.083332908847334,1.893675259084124,0.0
16.51978,26.16902,45.39699,2873.47232,-0.48555,97.55741,5.09748135449095,1.8989459273543805,0.0
16.51472,26.2088,45.35723,2870.75289,-0.57207,97.57226,5.116371024238877,1.9059828263526069,0.0
16.50965,26.24853,45.31102,2868.04345,-0.65811,97.5871,5.140013983384482,1.914790450718039,0.0
16.50457,26.28823,45.25842,2865.3412,-0.74354,97.60192,5.16842690246997,1.925375010666278,0.0
16.4995,26.32788,45.1995,2862.6433,-0.82821,97.61672,5.201630685338293,1.937744293428835,0.0
16.49441,26.36749,45.13431,2859.94685,-0.91197,97.63151,5.239650031081475,1.951907500067362,0.0
16.48932,26.40707,45.06297,2857.24891,-0.99468,97.64627,5.282512925982655,1.9678750562086915,0.0
16.48423,26.4466,44.98555,2854.54648,-1.07619,97.66102,5.330250061046958,1.9856583950597615,0.0
16.47913,26.48609,44.90216,2851.8365,-1.15635,97.67575,5.382894170314533,2.0052697109118123,0.0
16.47402,26.52555,44.81293,2849.11586,-1.23501,97.69046,5.440479284836553,2.026721681226816,0.0
16.46892,26.56496,44.71798,2846.38139,-1.31201,97.70516,5.503039896958012,2.050027155310832,0.0
16.4638,26.60433,44.61746,2843.62987,-1.38721,97.71983,5.57061002950187,2.075198807560606,0.0
16.45868,26.64366,44.51151,2840.85801,-1.46045,97.73449,5.643222204504486,2.1022487532903886,0.0
16.45356,26.68295,44.4003,2838.06247,-1.53157,97.74912,5.720906306430438,2.1311881252495435,0.0
16.44844,26.72219,44.28401,2835.23985,-1.60042,97.76374,5.803688335252091,2.162026609111876,0.0
16.4433,26.7614,44.16281,2832.38671,-1.66684,97.77834,5.891589045535151,2.1947719364991984,0.0
16.43817,26.80056,44.03691,2829.49953,-1.73068,97.79293,5.984622468630388,2.2294293344588576,0.0
16.43303,26.83968,43.90652,2826.57479,-1.79176,97.80749,6.08279431644765,2.2660009308275626,0.0
16.42789,26.87875,43.77185,2823.6089,-1.84994,97.82204,6.186100266918688,2.30448511552117,0.0
16.42274,26.91778,43.63314,2820.59822,-1.90506,97.83656,6.294524133338557,2.34487585856619,0.0
16.41759,26.95677,43.49064,2817.53913,-1.95695,97.85107,6.408035922257128,2.387161986613275,0.0
16.41243,26.99571,43.34459,2814.42794,-2.00545,97.86556,6.526589787508419,2.431326420759311,0.0
16.40727,27.0346,43.19526,2811.26098,-2.05041,97.88003,6.650121891320183,2.477345379754462,0.0
16.40211,27.07345,43.04293,2808.03457,-2.09168,97.89448,6.778548187323575,2.5251875541149413,0.0
16.39694,27.11225,42.88789,2804.74506,-2.12909,97.90892,6.911762144517143,2.5748132582397085,0.0
16.39177,27.151,42.73043,2801.38881,-2.16251,97.92333,7.049632435979805,2.6261735693952417,0.0
16.3866,27.18971,42.57087,2797.96223,-2.19177,97.93772,7.192000621157304,2.679209464306258,0.0
16.38143,27.22836,42.40952,2794.46179,-2.21675,97.9521,7.338678855907687,2.733850966087403,0.0
16.37625,27.26696,42.24671,2790.88403,-2.2373,97.96645,7.489447669993913,2.790016316300769,0.0
16.37107,27.30551,42.08278,2787.2256,-2.2533,97.98079,7.6440538572377195,2.8476111889826985,0.0
16.36588,27.34401,41.91807,2783.48327,-2.26461,97.99511,7.8022085289412635,2.906527965492126,0.0
16.3607,27.38245,41.75293,2779.65394,-2.27114,98.0094,7.963585386159433,2.9666450908865536,0.0
16.35551,27.42084,41.58773,2775.73468,-2.27277,98.02368,8.127819270795193,3.027826534166949,0.0
16.35032,27.45917,41.42282,2771.72276,-2.26942,98.03793,8.294505058924644,3.089921376012209,0.0
16.34513,27.49745,41.25859,2767.61565,-2.26099,98.05217,8.46319696204563,3.1527635484758783,0.0
16.33994,27.53567,41.09539,2763.41107,-2.24743,98.06638,8.6334083026257,3.2161717513718613,0.0
16.33474,27.57382,40.93361,2759.10701,-2.22869,98.08057,8.804611829199928,3.279949569656653,0.0
16.32955,27.61192,40.77362,2754.70175,-2.20473,98.09474,8.9762406329868,3.3438858148928707,0.0
16.32435,27.64995,40.61581,2750.19389,-2.17552,98.10889,9.147689722283902,3.407755111753078,0.0
16.31916,27.68792,40.46055,2745.58238,-2.14108,98.12302,9.318318302599963,3.4713187474289557,0.0
16.31396,27.72583,40.30821,2740.86653,-2.10142,98.13713,9.487452799390224,3.5343257976797693,0.0
16.30876,27.76366,40.15916,2736.04606,-2.05659,98.15122,9.654390646479754,3.59651453811973,0.0
16.30356,27.80144,40.01377,2731.12109,-2.00664,98.16528,9.818404846764615,3.657614143199173,0.0
16.29837,27.83914,39.87239,2726.09217,-1.95167,98.17932,9.978749292972429,3.7173466683278753,0.0
16.29317,27.87677,39.73536,2720.9603,-1.89178,98.19334,10.134664815382449,3.775429302809901,0.0
16.28798,27.91433,39.60302,2715.72693,-1.82712,98.20734,10.28538590123874,3.831576873001811,0.0
16.28278,27.95181,39.4757,2710.39399,-1.75783,98.22131,10.43014800760778,3.885504566544533,0.0
16.27759,27.98923,39.3537,2704.96387,-1.68411,98.23526,10.568195366749972,3.9369308400696217,0.0
16.2724,28.02656,39.23731,2699.43941,-1.60616,98.24919,10.69878916136754,3.985580464694203,0.0
16.26721,28.06382,39.1268,2693.82394,-1.5242,98.26309,10.821215927613826,4.0311876563630324,0.0
16.26202,28.101,39.02243,2688.12123,-1.4385,98.27697,10.934796027410384,4.073499232009534,0.0
16.25683,28.1381,38.92442,2682.33548,-1.34934,98.29082,11.03889201924236,4.112277727897331,0.0
16.25165,28.17512,38.833,2676.47132,-1.257,98.30465,11.132916749340467,4.147304413798416,0.0
16.24647,28.21206,38.74834,2670.53374,-1.1618,98.31846,11.216340983322572,4.178382135980453,0.0
16.24129,28.24891,38.67061,2664.52813,-1.06409,98.33224,11.288700402682991,4.205337923583116,0.0
16.23612,28.28569,38.59993,2658.46018,-0.96421,98.346,11.349601800860098,4.2280252968163134,0.0
16.23095,28.32237,38.53643,2652.33588,-0.86252,98.35973,11.398728330075096,4.2463262215456785,0.0
16.22578,28.35897,38.48018,2646.16146,-0.7594,98.37344,11.43584367210341,4.2601526630146465,0.0
16.22061,28.39548,38.43123,2639.94337,-0.65524,98.38712,11.460795032866045,4.2694477014085415,0.0
16.21545,28.43191,38.38961,2633.68821,-0.55042,98.40077,11.473514891272593,4.274186183344598,0.0
16.21029,28.46825,38.35532,2627.40269,-0.44534,98.4144,11.474021465839238,4.274374895699453,0.0
16.20514,28.5045,38.32833,2621.0936,-0.3404,98.42801,11.462417896811623,4.27005226092839,0.0
16.19999,28.54066,38.30858,2614.76775,-0.23599,98.44159,11.438890175661342,4.261287565748311,0.0
16.19485,28.57673,38.29599,2608.43189,-0.13249,98.45514,11.403703886150767,4.248179747098625,0.0
16.18971,28.61271,38.29045,2602.09275,-0.03029,98.46867,11.357199850835425,4.23085577034885,0.0
16.18457,28.6486,38.29182,2595.7569,0.07024,98.48217,11.299788802341745,4.209468644209355,0.0
16.17944,28.6844,38.29994,2589.43079,0.16874,98.49564,11.231945219530283,4.18419512453999,0.0
16.17431,28.72012,38.31463,2583.12066,0.26486,98.50909,11.154200483958178,4.155233164952274,0.0
16.16919,28.75574,38.33569,2576.83252,0.35827,98.52251,11.067135521437566,4.122799175596312,0.0
16.16407,28.79127,38.36289,2570.57214,0.44867,98.53591,10.971373097454883,4.087125153001744,0.0
16.15896,28.82672,38.39599,2564.34501,0.53575,98.54928,10.867569933252689,4.048455743110801,0.0
16.15385,28.86207,38.43473,2558.1563,0.61925,98.56262,10.756408802703092,4.0070452971557025,0.0
16.14874,28.89734,38.47884,2552.01088,0.69891,98.57594,10.638590758932803,3.9631549758719697,0.0
16.14364,28.93252,38.52802,2545.91326,0.77451,98.58923,10.514827624931334,3.917049952052382,0.0
16.13855,28.96762,38.58198,2539.86765,0.84583,98.6025,10.385834864992349,3.868996754971331,0.0
16.13345,29.00262,38.6404,2533.87786,0.91269,98.61574,10.25232493471344,3.819260793084755,0.0
16.12837,29.03755,38.70296,2527.94738,0.97493,98.62895,10.115001187146142,3.768104083910679,0.0
16.12328,29.07238,38.76933,2522.07934,1.03241,98.64214,9.97455239259239,3.715783212509215,0.0
16.11821,29.10714,38.83917,2516.27652,1.08502,98.65531,9.831647909923243,3.6625475326717245,0.0
16.11313,29.14181,38.91216,2510.54137,1.13266,98.66844,9.686933529001323,3.6086376181137854,0.0
16.10806,29.1764,38.98794,2504.87599,1.17525,98.68156,9.541027987042975,3.5542839647284445,0.0
16.103,29.21091,39.06617,2499.28217,1.21276,98.69465,9.394520147110292,3.499705939500252,0.0
16.09793,29.24534,39.14652,2493.7614,1.24513,98.70771,9.247966814362588,3.445110967001474,0.0
16.09287,29.27969,39.22863,2488.31484,1.27237,98.72075,9.101891155523612,3.3906939406020546,0.0
16.08782,29.31396,39.31216,2482.94341,1.29447,98.73376,8.956781678992659,3.336636842534161,0.0
16.08277,29.34816,39.39679,2477.64774,1.31145,98.74675,8.813091727332157,3.2831085548304566,0.0
16.07772,29.38228,39.48217,2472.4282,1.32336,98.75972,8.671239429981988,3.2302648417089466,0.0
16.07267,29.41633,39.56798,2467.28496,1.33024,98.77266,8.53160806217245,3.1782484832774944,0.0
16.06763,29.45031,39.6539,2462.21792,1.33215,98.78557,8.394546755568067,3.1271895402673433,0.0
16.06259,29.48421,39.73961,2457.22683,1.32918,98.79847,8.260371507120693,3.0772057298574382,0.0
16.05756,29.51804,39.82479,2452.31122,1.32141,98.81134,8.129366434629596,3.0284028934035954,0.0
16.05252,29.55181,39.90916,2447.47044,1.30894,98.82418,8.001785230365531,2.9808755379517167,0.0
16.04749,29.5855,39.99242,2442.7037,1.29188,98.83701,7.877852767595753,2.934707434710628,0.0
16.04247,29.61913,40.07429,2438.01006,1.27035,98.84981,7.7577668187303415,2.889972259106786,0.0
16.03744,29.65269,40.15449,2433.38843,1.24446,98.86258,7.641699847945012,2.8467342585834534,0.0
16.03242,29.68618,40.23275,2428.83762,1.21436,98.87534,7.529800845377953,2.805048935887269,0.0
16.02739,29.71962,40.30883,2424.35631,1.18017,98.88807,7.422197174178939,2.764963737142653,0.0
16.02238,29.75298,40.38247,2419.94309,1.14205,98.90078,7.318996405734781,2.7265187355215637,0.0
16.01736,29.78629,40.45345,2415.59645,1.10012,98.91347,7.220288122262951,2.6897473027570595,0.0
16.01234,29.81954,40.52153,2411.31481,1.05456,98.92613,7.1261456695542424,2.654676762086057,0.0
16.00733,29.85272,40.58651,2407.09649,1.00551,98.93878,7.036627845897538,2.621329017418239,0.0
16.00232,29.88584,40.64819,2402.93978,0.95312,98.9514,6.951780516217762,2.5897211546449195,0.0
15.99731,29.91891,40.70637,2398.84288,0.89756,98.964,6.871638143064726,2.5598660119726673,0.0
15.9923,29.95192,40.76086,2394.80392,0.83899,98.97657,6.796225228395118,2.5317727170250337,0.0
15.98729,29.98487,40.81151,2390.82102,0.77757,98.98913,6.725557662078697,2.5054471891965924,0.0
15.98229,30.01777,40.85815,2386.89221,0.71346,99.00166,6.659643974722161,2.4808926063627914,0.0
15.97728,30.05061,40.90063,2383.0155,0.64684,99.01418,6.598486493813716,2.458109835574228,0.0
15.97228,30.08339,40.93881,2379.18885,0.57787,99.02667,6.5420824032953435,2.4370978277751947,0.0
15.96727,30.11612,40.97257,2375.41017,0.50671,99.03914,6.4904247076077715,2.4178539769357985,0.0
15.96227,30.1488,41.00179,2371.67736,0.43353,99.05159,6.443503101878017,2.4003744442197155,0.0
15.95727,30.18142,41.02637,2367.98827,0.35851,99.06402,6.401304750472879,2.3846544480158536,0.0
15.95227,30.214,41.04621,2364.34069,0.2818,99.07643,6.3638149764166005,2.3706885207645674,0.0
15.94727,30.24652,41.06123,2360.73242,0.20358,99.08882,6.331017864416876,2.3584707336007185,0.0
15.94228,30.27899,41.07136,2357.16119,0.12402,99.10119,6.302896780255588,2.347994889840383,0.0
15.93728,30.31141,41.07652,2353.62471,0.04328,99.11354,6.27943480931364,2.3392546883428995,0.0
15.93228,30.34377,41.07667,2350.12068,-0.03846,99.12587,6.260615116879636,2.332243857735323,0.0
15.92729,30.37609,41.07178,2346.64672,-0.12104,99.13817,6.246421232674909,2.3269562624054925,0.0
15.92229,30.40836,41.06179,2343.20045,-0.20429,99.15046,6.2368372618798285,2.323385981114877,0.0
15.9173,30.44058,41.04671,2339.77945,-0.28803,99.16273,6.231848024588429,2.3215273589490972,0.0
15.9123,30.47275,41.0265,2336.38126,-0.37211,99.17498,6.231439125421451,2.3213750332506127,0.0
15.90731,30.50487,41.00119,2333.00338,-0.45634,99.1872,6.235596954671445,2.3229239340453067,0.0
15.90232,30.53695,40.97076,2329.64329,-0.54057,99.19941,6.244308622089085,2.3261692593761434,0.0
15.89733,30.56897,40.93526,2326.29842,-0.62462,99.2116,6.257561824125809,2.331106425847555,0.0
15.89234,30.60095,40.8947,2322.96618,-0.70832,99.22377,6.275344645194139,2.33773099458969,0.0
15.88735,30.63288,40.84912,2319.64391,-0.79151,99.23592,6.2976452932856315,2.3460385727691366,0.0
15.88236,30.66476,40.79859,2316.32896,-0.874,99.24804,6.3244517700854965,2.35602469069794,0.0
15.87737,30.69659,40.74315,2313.01861,-0.95565,99.26015,6.355751475617428,2.3676846545534014,0.0
15.87238,30.72838,40.68288,2309.71011,-1.03626,99.27224,6.3915307473544765,2.3810133746847493,0.0
15.86739,30.76011,40.61786,2306.40069,-1.11568,99.28431,6.431774333790805,2.396005169504768,0.0
15.86241,30.7918,40.54819,2303.08753,-1.19374,99.29636,6.47646480252236,2.4126535449842734,0.0
15.85742,30.82344,40.47396,2299.76779,-1.27026,99.30839,6.5255818830993,2.430950949847352,0.0
15.85244,30.85504,40.39528,2296.43858,-1.34507,99.3204,6.579101745231263,2.4508885066838326,0.0
15.84745,30.88658,40.31228,2293.09701,-1.41802,99.3324,6.636996213337747,2.472455719348632,0.0
15.84247,30.91808,40.22509,2289.74014,-1.48892,99.34437,6.699231918997237,2.4956401572267604,0.0
15.83749,30.94953,40.13384,2286.36501,-1.55762,99.35632,6.76576939355413,2.5204271172055237,0.0
15.83251,30.98093,40.03869,2282.96866,-1.62394,99.36825,6.836562104014843,2.546799264520454,0.0
15.82753,31.01228,39.9398,2279.54811,-1.68773,99.38017,6.911555436327544,2.5747362540002636,0.0
15.82255,31.04358,39.83734,2276.10035,-1.74881,99.39206,6.990685631364758,2.604214333692363,0.0
15.81758,31.07483,39.73148,2272.62239,-1.80703,99.40394,7.073878680234797,2.6352059333373075,0.0
15.8126,31.10603,39.62241,2269.11123,-1.86223,99.41579,7.161049187041309,2.6676792407168057,0.0
15.80763,31.13718,39.51033,2265.56391,-1.91426,99.42763,7.252099208863004,2.701597769515642,0.0
15.80266,31.16827,39.39544,2261.97745,-1.96295,99.43945,7.3469170845236205,2.7369199230076786,0.0
15.79769,31.19932,39.27796,2258.34892,-2.00817,99.45125,7.445376265568651,2.77359855856392,0.0
15.79272,31.23031,39.15811,2254.67542,-2.04976,99.46302,7.547334164893469,2.8115805587362,0.0
15.78775,31.26126,39.03611,2250.95411,-2.08759,99.47478,7.652631040472457,2.850806415416911,0.0
15.78279,31.29214,38.9122,2247.1822,-2.12153,99.48652,7.761088933640915,2.8912098343210784,0.0
15.77783,31.32298,38.78662,2243.35698,-2.15144,99.49824,7.872510683358215,2.9327173677734493,0.0
15.77287,31.35376,38.65963,2239.4758,-2.17721,99.50994,7.986679039692984,2.975248084458395,0.0
15.76791,31.38448,38.53147,2235.53614,-2.19873,99.52162,8.10335590139179,3.0187132853941945,0.0
15.76296,31.41515,38.40241,2231.53558,-2.21589,99.53328,8.222281703689577,3.063016275876302,0.0
15.75801,31.44576,38.27272,2227.47181,-2.22859,99.54492,8.343174983466362,3.108052203486785,0.0
15.75306,31.47631,38.14265,2223.34268,-2.23676,99.55655,8.465732149290067,3.1537079724292227,0.0
15.74812,31.50681,38.01248,2219.14619,-2.24033,99.56815,8.58962748370705,3.19986224438199,0.0
15.74318,31.53724,37.88249,2214.88052,-2.23923,99.57973,8.714513404348613,3.246385535767306,0.0
15.73824,31.56762,37.75296,2210.54401,-2.23342,99.59129,8.840021008783479,3.2931404207231125,0.0
15.7333,31.59793,37.62415,2206.13523,-2.22286,99.60283,8.96576092560911,3.339981848156986,0.0
15.72837,31.62819,37.49634,2201.65296,-2.20754,99.61436,9.091324490904992,3.3867575800059395,0.0
15.72345,31.65838,37.36982,2197.0962,-2.18746,99.62586,9.216285264912633,3.4333087562396316,0.0
15.71853,31.6885,37.24485,2192.46421,-2.16263,99.63734,9.3402008985208,3.4794705901752185,0.0
15.71361,31.71856,37.1217,2187.75648,-2.13308,99.6488,9.462615353073025,3.52507319541407,0.0
15.7087,31.74856,37.00065,2182.97281,-2.09887,99.66025,9.583061470022319,3.56994254310575,0.0
15.70379,31.77849,36.88194,2178.11323,-2.06006,99.67167,9.701063879291679,3.613901545388836,0.0
15.69889,31.80835,36.76584,2173.1781,-2.01674,99.68307,9.816142227047777,3.656771257821543,0.0
15.69399,31.83814,36.65259,2168.16805,-1.96901,99.69445,9.927814695023306,3.698372190421898,0.0
15.6891,31.86787,36.54243,2163.084,-1.917,99.70581,10.035601774899853,3.7385257137246675,0.0
15.68422,31.89752,36.43559,2157.9272,-1.86085,99.71715,10.139030252876607,3.777055543138048,0.0
15.67934,31.9271,36.33228,2152.69917,-1.80074,99.72847,10.23763735156001,3.81378928190653,0.0
15.67446,31.95661,36.23272,2147.40176,-1.73683,99.73976,10.330974969232935,3.8485600003502194,0.0
15.66959,31.98604,36.13709,2142.03707,-1.66933,99.75104,10.418613950512386,3.8812078267971923,0.0
15.66473,32.0154,36.04558,2136.60753,-1.59846,99.76229,10.500148317855555,3.91158152393084,0.0
15.65988,32.04469,35.95834,2131.11582,-1.52446,99.77353,10.575199390375019,3.939540023156905,0.0
15.65503,32.0739,35.87554,2125.5649,-1.44757,99.78474,10.64341971547117,3.9649538892400047,0.0
15.65019,32.10303,35.79729,2119.95797,-1.36806,99.79593,10.704496739697648,3.9877066877975924,0.0
15.64536,32.13209,35.72373,2114.29848,-1.28622,99.8071,10.758156148373658,4.00769622939342,0.0
15.64053,32.16106,35.65495,2108.59007,-1.20234,99.81825,10.804164808618609,4.024835665895372,0.0
15.63571,32.18996,35.59102,2102.83659,-1.11671,99.82938,10.84233325759741,4.039054417412309,0.0
15.6309,32.21878,35.53202,2097.04206,-1.02966,99.84048,10.872517686748033,4.050298911471046,0.0
15.6261,32.24752,35.47798,2091.21064,-0.94149,99.85157,10.894621383134275,4.058533119958176,0.0
15.6213,32.27617,35.42894,2085.34663,-0.85255,99.86263,10.90859560079591,4.063738883720929,0.0
15.61652,32.30475,35.3849,2079.45441,-0.76315,99.87367,10.914439847394561,4.065916019350309,0.0
15.61174,32.33324,35.34584,2073.53844,-0.67362,99.88468,10.912201584326867,4.065082207465348,0.0
15.60697,32.36165,35.31175,2067.60322,-0.58431,99.89568,10.901975351227001,4.061272666567261,0.0
15.6022,32.38998,35.28257,2061.65327,-0.49553,99.90665,10.883901338134159,4.054539621134272,0.0
15.59745,32.41823,35.25823,2055.6931,-0.40761,99.9176,10.858163440036753,4.044951576888132,0.0
15.5927,32.44639,35.23866,2049.7272,-0.32088,99.92853,10.824986838652435,4.032592419943556,0.0
15.58797,32.47447,35.22376,2043.75998,-0.23563,99.93943,10.784635165004323,4.017560359793201,0.0
15.58324,32.50246,35.21341,2037.79579,-0.15218,99.95032,10.737407303224712,3.9999667386404654,0.0
15.57852,32.53038,35.20748,2031.83888,-0.07082,99.96118,10.683633901008761,3.979934731451659,0.0
15.57381,32.55821,35.20582,2025.89337,0.00817,99.97201,10.623673655169476,3.9575979622275073,0.0
15.56911,32.58595,35.20829,2019.96325,0.08453,99.98283,10.55790944184428,3.9330990624032798,0.0
15.56441,32.61362,35.21471,2014.05236,0.158,99.99362,10.48674436007739,3.9065881969791185,0.0
15.55973,32.6412,35.22489,2008.16435,0.22835,100.00439,10.41059775506823,3.878221583075448,0.0
15.55505,32.6687,35.23865,2002.30272,0.29535,100.01514,10.329901283385455,3.8481600241216585,0.0
15.55039,32.69612,35.25579,1996.47077,0.3588,100.02586,10.245095077231456,3.8165674809437165,0.0
15.54573,32.72345,35.27609,1990.67158,0.41851,100.03656,10.15662405857112,3.783609698680142,0.0
15.54108,32.75071,35.29933,1984.90807,0.47432,100.04724,10.064934447102363,3.7494529059091586,0.0
15.53644,32.77788,35.32531,1979.18291,0.52606,100.0579,9.970470498647677,3.7142625996137166,0.0
15.5318,32.80497,35.35377,1973.49858,0.57362,100.06853,9.873671502957706,3.6782024267843396,0.0
15.52718,32.83199,35.3845,1967.85735,0.61687,100.07914,9.774969062570106,3.641433170722453,0.0
15.52256,32.85892,35.41725,1962.26128,0.65571,100.08973,9.674784667018542,3.6041118473694036,0.0
15.51796,32.88578,35.45179,1956.7122,0.69006,100.10029,9.573527570023254,3.566390914504092,0.0
15.51336,32.91256,35.48787,1951.21175,0.71987,100.11084,9.471592971033974,3.528417594319868,0.0
15.50877,32.93927,35.52525,1945.76137,0.74509,100.12136,9.369360496965946,3.490333307831246,0.0
15.50418,32.96589,35.56369,1940.36229,0.76568,100.13185,9.267192975215291,3.452273217789844,0.0
15.49961,32.99244,35.60296,1935.01557,0.78163,100.14233,9.165435484988564,3.4143658752796813,0.0
15.49504,33.01892,35.64281,1929.72204,0.79295,100.15278,9.064414670661364,3.3767329639252055,0.0
15.49048,33.04532,35.683,1924.4824,0.79965,100.16321,8.964438298464538,3.3394891347452185,0.0
15.48593,33.07165,35.7233,1919.29715,0.80176,100.17362,8.86579503588713,3.30274192397469,0.0
15.48139,33.09791,35.76349,1914.16664,0.79932,100.18401,8.768754432068908,3.2665917457604485,0.0
15.47685,33.1241,35.80334,1909.09103,0.79239,100.19437,8.673567076849219,3.231131951411065,0.0
15.47233,33.15021,35.84262,1904.07037,0.78103,100.20471,8.580464916043644,3.196448946845706,0.0
15.4678,33.17626,35.88113,1899.10455,0.76533,100.21503,8.489661700917663,3.162622360034898,0.0
15.46329,33.20224,35.91865,1894.19331,0.74536,100.22533,8.401353550492756,3.129725250474343,0.0
15.45878,33.22815,35.95499,1889.33629,0.72123,100.2356,8.315719606328953,3.097824353108652,0.0
15.45428,33.25399,35.98994,1884.53299,0.69305,100.24586,8.232922760656448,3.0669803495795214,0.0
15.44979,33.27976,36.02331,1879.7828,0.66092,100.25609,8.153110440063564,3.037248160170131,0.0
15.44531,33.30547,36.05493,1875.08499,0.62498,100.2663,8.076415428455926,3.0086772503790806,0.0
15.44083,33.33111,36.08461,1870.43875,0.58534,100.27649,8.002956714474072,2.9813119466057505,0.0
15.43635,33.35669,36.1122,1865.84316,0.54215,100.28666,7.93284035011469,2.955191756009303,0.0
15.43189,33.3822,36.13753,1861.29721,0.49555,100.2968,7.866160308782867,2.93035168615572,0.0
15.42743,33.40765,36.16044,1856.79981,0.44569,100.30692,7.802999332470826,2.906822560614181,0.0
15.42298,33.43304,36.18081,1852.34977,0.39271,100.31703,7.74342975911261,2.884631327168439,0.0
15.41853,33.45837,36.19849,1847.94585,0.33678,100.32711,7.6875143224706335,2.8638013557956206,0.0
15.41409,33.48364,36.21335,1843.58672,0.27804,100.33717,7.635306918104293,2.8443527240096773,0.0
15.40965,33.50884,36.22529,1839.27097,0.21668,100.34721,7.586853330049142,2.826302487568504,0.0
15.40523,33.53399,36.23419,1834.99717,0.15285,100.35722,7.542191913805424,2.809664934905134,0.0
15.4008,33.55907,36.23994,1830.76377,0.08673,100.36722,7.501354232142254,2.7944518239815306,0.0
15.39639,33.5841,36.24247,1826.56919,0.01848,100.3772,7.4643656409686026,2.780672600540939,0.0
15.39198,33.60907,36.24169,1822.41181,-0.05171,100.38715,7.4312458231998315,2.76833459698722,0.0
15.38757,33.63398,36.23751,1818.28991,-0.12367,100.39709,7.402009269152587,2.757443211344587,0.0
15.38317,33.65883,36.22989,1814.20177,-0.19723,100.407,7.376665702484293,2.748002065931276,0.0
15.37878,33.68362,36.21876,1810.14558,-0.27219,100.41689,7.355220451123978,2.740013145541035,0.0
15.37439,33.70836,36.20408,1806.11949,-0.34838,100.42676,7.33767476301229,2.7334769150645934,0.0
15.37001,33.73304,36.1858,1802.12163,-0.42562,100.43661,7.324026066762988,2.728392416592917,0.0
15.36564,33.75767,36.16391,1798.15005,-0.50372,100.44644,7.314268177639095,2.7247573461487513,0.0
15.36127,33.78224,36.13837,1794.20278,-0.5825,100.45625,7.308391449419895,2.7225681102610744,0.0
15.3569,33.80676,36.10919,1790.27781,-0.66176,100.46604,7.30638287297999,2.7218198626883825,0.0
15.35254,33.83122,36.07634,1786.37307,-0.74134,100.47581,7.308226122535288,2.722506521646546,0.0
15.34819,33.85562,36.03985,1782.48648,-0.82103,100.48556,7.313901550715593,2.724620767973213,0.0
15.34384,33.87997,35.99972,1778.61591,-0.90066,100.49529,7.323386133728012,2.728154024699737,0.0
15.3395,33.90427,35.95599,1774.75919,-0.98004,100.505,7.336653368130629,2.733096418596658,0.0
15.33516,33.92851,35.90867,1770.91414,-1.05898,100.51468,7.35367312082816,2.739436724293133,0.0
15.33083,33.9527,35.85781,1767.07853,-1.13729,100.52435,7.3744114341746725,2.747162291672573,0.0
15.3265,33.97683,35.80347,1763.25011,-1.21481,100.534,7.39883028825574,2.75625895731649,0.0
15.32218,34.00091,35.74569,1759.42661,-1.29133,100.54363,7.426887322691956,2.766710940868986,0.0
15.31787,34.02494,35.68454,1755.60575,-1.36669,100.55324,7.458535520614569,2.7785007273093627,0.0
15.31356,34.04891,35.62009,1751.78519,-1.44069,100.56282,7.493722857782384,2.791608936238935,0.0
15.30926,34.07282,35.55244,1747.96263,-1.51317,100.57239,7.532391920190415,2.8060141794301923,0.0
15.30496,34.09669,35.48165,1744.13571,-1.58394,100.58194,7.574479493946299,2.8216929080449726,0.0
15.30066,34.1205,35.40784,1740.3021,-1.65283,100.59147,7.619916131659713,2.8386192511031076,0.0
15.29638,34.14425,35.3311,1736.45944,-1.71967,100.60098,7.668625700065968,2.8567648469603166,0.0
15.2921,34.16795,35.25155,1732.60539,-1.7843,100.61047,7.720524914199934,2.8760986697757267,0.0
15.28782,34.1916,35.1693,1728.7376,-1.84653,100.61994,7.775522863957135,2.896586853143434,0.0
15.28355,34.21519,35.08448,1724.85375,-1.90623,100.62939,7.833520539528678,2.91819251330452,0.0
15.27929,34.23873,34.99722,1720.95151,-1.96322,100.63882,7.894410362778752,2.9408755745728428,0.0
15.27503,34.26221,34.90765,1717.02861,-2.01735,100.64824,7.958075732288214,2.964592599851806,0.0
15.27078,34.28564,34.81594,1713.08278,-2.06848,100.65763,8.02439059035369,2.989296629330123,0.0
15.26654,34.30901,34.72221,1709.1118,-2.11648,100.667,8.09321902087095,3.014937030682803,0.0
15.2623,34.33232,34.62663,1705.11349,-2.16119,100.67636,8.164414887508158,3.0414593642811556,0.0
15.25807,34.35558,34.52936,1701.08572,-2.20249,100.68569,8.237821522071307,3.0688052671007267,0.0
15.25384,34.37878,34.43056,1697.02641,-2.24027,100.69501,8.31327147332376,3.09691235914996,0.0
15.24962,34.40193,34.33041,1692.93358,-2.27441,100.70431,8.39058632677477,3.125714176336688,0.0
15.24541,34.42501,34.22906,1688.80529,-2.3048,100.71358,8.469576606048541,3.155140133725498,0.0
15.2412,34.44804,34.12672,1684.63969,-2.33134,100.72284,8.550041766373779,3.185115523112438,0.0
15.23701,34.47101,34.02354,1680.43503,-2.35396,100.73208,8.631770290490916,3.215561548752962,0.0
15.23281,34.49393,33.91972,1676.18966,-2.37258,100.7413,8.714539896737822,3.2463954048793435,0.0
15.22863,34.51678,33.81543,1671.90204,-2.38713,100.75051,8.798117868388509,3.2775303983880066,0.0
15.22445,34.53957,33.71087,1667.57074,-2.39755,100.75969,8.882261512285275,3.3088761196920693,0.0
15.22028,34.56231,33.60622,1663.19447,-2.40381,100.76886,8.966718753554302,3.34033866426854,0.0
15.21612,34.58498,33.50166,1658.77205,-2.40588,100.778,9.051228871614537,3.3718209068410094,0.0
15.21196,34.60759,33.39738,1654.30247,-2.40375,100.78713,9.135523380920498,3.403222829479503,0.0
15.20782,34.63014,33.29357,1649.78486,-2.3974,100.79624,9.21932705767563,3.434441904078231,0.0
15.20368,34.65262,33.19041,1645.21848,-2.38686,100.80533,9.302359111551693,3.4653735288518863,0.0
15.19955,34.67504,33.08808,1640.60281,-2.37215,100.8144,9.384334498762474,3.4959115174901516,0.0
15.19542,34.6974,32.98675,1635.93744,-2.35331,100.82346,9.464965370207837,3.525948638629459,0.0
15.19131,34.7197,32.88661,1631.22217,-2.3304,100.83249,9.543962645513552,3.555377202224247,0.0
15.1872,34.74193,32.78782,1626.45696,-2.30349,100.84151,9.621037700924493,3.5840896883315807,0.0
15.1831,34.76409,32.69055,1621.64196,-2.27267,100.8505,9.695904156101443,3.6119794127399856,0.0
15.17901,34.78619,32.59496,1616.77751,-2.23804,100.85948,9.768279742139836,3.638941222855565,0.0
15.17493,34.80822,32.50119,1611.86412,-2.19972,100.86844,9.837888230463173,3.6648722162655627,0.0
15.17086,34.83018,32.4094,1606.90247,-2.15784,100.87739,9.904461399964399,3.689672473550281,0.0
15.1668,34.85208,32.31972,1601.89347,-2.11255,100.88631,9.967741017760828,3.7132457961664014,0.0
15.16274,34.8739,32.23229,1596.83817,-2.06401,100.89522,10.027480807348534,3.735500439636285,0.0
15.1587,34.89566,32.14723,1591.7378,-2.01241,100.9041,10.083448376907475,3.756349831892372,0.0
15.15467,34.91734,32.06464,1586.59378,-1.95792,100.91297,10.135427080010222,3.775713266440136,0.0
15.15064,34.93896,31.98464,1581.40768,-1.90076,100.92182,10.183217781006196,3.7935165600101572,0.0
15.14663,34.96051,31.90731,1576.18125,-1.84114,100.93065,10.226640498181318,3.809692664678341,0.0
15.14262,34.98198,31.83274,1570.91636,-1.77927,100.93946,10.265535899040186,3.824182224897858,0.0
15.13863,35.00338,31.76101,1565.61504,-1.71541,100.94826,10.299766624092838,3.836934070644553,0.0
15.13464,35.02471,31.69216,1560.27947,-1.64979,100.95703,10.329218418037813,3.847905638812393,0.0
15.13067,35.04596,31.62626,1554.91191,-1.58267,100.96579,10.353801050300556,3.8570633161382464,0.0
15.12671,35.06714,31.56334,1549.51475,-1.5143,100.97452,10.373449010460927,3.864382698266931,0.0
15.12275,35.08825,31.50342,1544.09048,-1.44496,100.98324,10.38812196792038,3.869848760989323,0.0
15.11881,35.10929,31.44653,1538.64167,-1.3749,100.99194,10.397804989324277,3.8734559412379,0.0
15.11488,35.13024,31.39267,1533.17096,-1.30441,101.00062,10.402508511548422,3.875208127023513,0.0
15.11096,35.15113,31.34182,1527.68104,-1.23375,101.00928,10.402268072337487,3.875118557091103,0.0
15.10705,35.17194,31.29398,1522.17466,-1.16321,101.01793,10.397143804912849,3.8732096326478347,0.0
15.10315,35.19267,31.24911,1516.65458,-1.09304,101.02655,10.387219706817584,3.869512644988613,0.0
15.09926,35.21333,31.20717,1511.12358,-1.02353,101.03515,10.372602697072534,3.864067424261908,0.0
15.09539,35.23391,31.16811,1505.58445,-0.95494,101.04374,10.353421478859858,3.8569219157894614,0.0
15.09152,35.25441,31.13187,1500.03997,-0.88753,101.05231,10.329825227909886,3.848131691455869,0.0
15.08767,35.27484,31.09838,1494.49289,-0.82156,101.06085,10.301982128934847,3.8377594044916425,0.0
15.08382,35.29519,31.06755,1488.94593,-0.75727,101.06938,10.270077784247595,3.8258741966418106,0.0
15.07999,35.31547,31.03931,1483.40176,-0.69491,101.07789,10.234313519768728,3.812551067108999,0.0
15.07617,35.33567,31.01355,1477.86299,-0.6347,101.08638,10.194904614190229,3.797870212870297,0.0
15.07236,35.35579,30.99016,1472.33219,-0.57687,101.09484,10.152078477018582,3.7819163499503734,0.0
15.06856,35.37584,30.96904,1466.81182,-0.52162,101.10329,10.106072800665551,3.7647780250266725,0.0
15.06478,35.39581,30.95006,1461.30427,-0.46915,101.11172,10.057133710674222,3.746546926339948,0.0
15.061,35.41571,30.9331,1455.81184,-0.41965,101.12013,10.005513936746537,3.7273172023538903,0.0
15.05724,35.43553,30.91803,1450.33674,-0.37328,101.12852,9.95147102537316,3.70718479591273,0.0
15.05349,35.45528,30.90471,1444.88107,-0.33021,101.13689,9.895265612763023,3.686246800862045,0.0
15.04975,35.47495,30.893,1439.44682,-0.29059,101.14524,9.837159774490855,3.6646008472490443,0.0
15.04602,35.49454,30.88276,1434.03587,-0.25453,101.15357,9.7774154657986,3.6423445202938107,0.0
15.0423,35.51406,30.87384,1428.64999,-0.22216,101.16189,9.71629306398369,3.619574817390575,0.0
15.03859,35.53351,30.86609,1423.29083,-0.19358,101.17018,9.654050021822451,3.5963876464725097,0.0
15.0349,35.55288,30.85936,1417.95992,-0.16888,101.17845,9.590939638507148,3.5728773681534367,0.0
15.03121,35.57218,30.8535,1412.65867,-0.14813,101.1867,9.527209952225727,3.5491363831846425,0.0
15.02754,35.59141,30.84835,1407.38838,-0.13138,101.19493,9.463102756376667,3.5252547659690294,0.0
15.02387,35.61056,30.84377,1402.1502,-0.11869,101.20314,9.398852739315302,3.50131994409398,0.0
15.02022,35.62965,30.83959,1396.94521,-0.11008,101.21133,9.334686745838374,3.4774164232149247,0.0
15.01658,35.64866,30.83566,1391.77432,-0.10557,101.2195,9.270823156920589,3.4536255559908953,0.0
15.01295,35.6676,30.83184,1386.63836,-0.10516,101.22765,9.207471382952976,3.4300253533024674,0.0
15.00933,35.68647,30.82798,1381.53803,-0.10884,101.23578,9.1448314645475,3.4066903355409814,0.0
15.00572,35.70527,30.82392,1376.47391,-0.1166,101.24389,9.083093774106318,3.383691421435241,0.0
15.00213,35.72399,30.81953,1371.44649,-0.12839,101.25197,9.022438810673938,3.3610958516285416,0.0
14.99854,35.74266,30.81466,1366.45613,-0.14418,101.26004,8.963037080051043,3.338967144017916,0.0
14.99496,35.76125,30.80917,1361.5031,-0.1639,101.26809,8.905049051917299,3.3173650777812504,0.0
14.9914,35.77977,30.80293,1356.58756,-0.18748,101.27612,8.848625185503556,3.296345702940856,0.0
14.98784,35.79823,30.79581,1351.70956,-0.21486,101.28412,8.79390601543222,3.2759613723412686,0.0
14.98429,35.81662,30.78768,1346.86908,-0.24593,101.29211,8.741022289381323,3.2562607929327334,0.0
14.98076,35.83494,30.77843,1342.06597,-0.28061,101.30008,8.690095149585835,3.237289093385221,0.0
14.97723,35.85319,30.76792,1337.30003,-0.31878,101.30802,8.641236350386253,3.219087905131,0.0
14.97372,35.87139,30.75607,1332.57095,-0.36033,101.31595,8.594548504532112,3.2016954541191756,0.0
14.97021,35.88951,30.74275,1327.87832,-0.40515,101.32385,8.550125351336755,3.1851466607103998,0.0
14.96672,35.90757,30.72787,1323.22167,-0.45309,101.33174,8.508052040269483,3.169473245322401,0.0
14.96323,35.92557,30.71133,1318.60045,-0.50403,101.3396,8.468405424108195,3.154703837637068,0.0
14.95976,35.9435,30.69304,1314.01403,-0.55781,101.34745,8.431254356260109,3.1408640873602307,0.0
14.95629,35.96137,30.67292,1309.4617,-0.6143,101.35527,8.396659987410436,3.1279767747311022,0.0
14.95283,35.97918,30.6509,1304.94268,-0.67333,101.36307,8.364676057165775,3.1160619191671133,0.0
14.94939,35.99693,30.62689,1300.45613,-0.73475,101.37086,8.335349176893821,3.10513688462915,0.0
14.94595,36.01461,30.60085,1296.00114,-0.79838,101.37862,8.308719100423716,3.0952164804645537,0.0
14.94252,36.03223,30.5727,1291.57674,-0.86407,101.38636,8.28481897978302,3.0863130566758743,0.0
14.93911,36.04979,30.5424,1287.1819,-0.93164,101.39408,8.26367560359617,3.0784365927305632,0.0
14.9357,36.06729,30.5099,1282.81552,-1.00092,101.40178,8.245309616195003,3.0715947791854177,0.0
14.9323,36.08473,30.47516,1278.47647,-1.07172,101.40946,8.229735715932689,3.0657930915637275,0.0
14.92891,36.10211,30.43815,1274.16354,-1.14386,101.41713,8.216962831564214,3.0610348560616565,0.0
14.92553,36.11943,30.39885,1269.87549,-1.21716,101.42477,8.206994275943913,3.05732130680461,0.0
14.92215,36.1367,30.35722,1265.61101,-1.29144,101.43239,8.199827876641375,3.0546516345051007,0.0
14.91879,36.1539,30.31327,1261.36878,-1.3665,101.43999,8.195456083414355,3.0530230264992326,0.0
14.91544,36.17104,30.26698,1257.14741,-1.44216,101.44757,8.193866052795606,3.0524306982575258,0.0
14.91209,36.18813,30.21835,1252.94548,-1.51823,101.45513,8.195039710373608,3.0528679165861208,0.0
14.90876,36.20515,30.16739,1248.76153,-1.59452,101.46267,8.1989537916267,3.054326014838573,0.0
14.90543,36.22212,30.11411,1244.59407,-1.67084,101.47019,8.205579862448674,3.0567944005621754,0.0
14.90212,36.23903,30.05853,1240.44157,-1.74701,101.47769,8.214884320810754,3.0602605561170826,0.0
14.89881,36.25589,30.00067,1236.3025,-1.82282,101.48517,8.226828381259093,3.0647100329012336,0.0
14.89551,36.27268,29.94056,1232.17526,-1.89811,101.49264,8.24136804417376,3.070126439898502,0.0
14.89222,36.28942,29.87825,1228.05827,-1.97267,101.50008,8.258454052052342,3.076491427393197,0.0
14.88894,36.3061,29.81376,1223.94992,-2.04634,101.5075,8.278031835215367,3.083784666743902,0.0
14.88567,36.32272,29.74715,1219.84857,-2.11892,101.5149,8.300041449714083,3.091983827252484,0.0
14.8824,36.33929,29.67847,1215.75259,-2.19024,101.52229,8.324417510284471,3.101064551187708,0.0
14.87915,36.3558,29.60778,1211.66032,-2.26013,101.52965,8.351089121564272,3.1110004281617623,0.0
14.8759,36.37225,29.53514,1207.57013,-2.32842,101.537,8.3799798108914,3.121762970095903,0.0
14.87267,36.38865,29.46062,1203.48037,-2.39493,101.54433,8.41100746623795,3.133321588099238,0.0
14.86944,36.40499,29.3843,1199.38939,-2.45951,101.55163,8.444084282986061,3.145643572641337,0.0
14.86622,36.42127,29.30624,1195.29557,-2.522,101.55892,8.479116723376686,3.158694078445827,0.0
14.86302,36.4375,29.22654,1191.19728,-2.58225,101.56619,8.516005492605293,3.1724361155854157,0.0
14.85982,36.45366,29.14527,1187.09293,-2.64012,101.57344,8.554645535562774,3.186830548267796,0.0
14.85663,36.46978,29.06252,1182.98096,-2.69546,101.58067,8.594926058294055,3.201836102829537,0.0
14.85345,36.48583,28.9784,1178.85981,-2.74814,101.58789,8.636730578197888,3.2174093864368323,0.0
14.85027,36.50183,28.89299,1174.72798,-2.79805,101.59508,8.679937006908135,3.2335049179609583,0.0
14.84711,36.51777,28.8064,1170.58399,-2.84506,101.60226,8.724417769705802,3.2500751724623953,0.0
14.84396,36.53365,28.71872,1166.42643,-2.88907,101.60942,8.770039965060407,3.26707064062419,0.0
14.84081,36.54947,28.63006,1162.25391,-2.92998,101.61656,8.816665567653228,3.2844399043834533,0.0
14.83768,36.56524,28.54053,1158.06512,-2.9677,101.62368,8.864151677901862,3.302129729885827,0.0
14.83456,36.58095,28.45023,1153.8588,-3.00216,101.63079,8.912350820551193,3.320085178718471,0.0
14.83144,36.5966,28.35927,1149.63374,-3.03327,101.63787,8.961111294443251,3.3382497382085443,0.0
14.82834,36.61219,28.26776,1145.38883,-3.061,101.64494,9.010277574959714,3.3565654713436244,0.0
14.82524,36.62773,28.17582,1141.123,-3.08528,101.65199,9.05969077001802,3.3749731866422534,0.0
14.82215,36.6432,28.08355,1136.83529,-3.10608,101.65903,9.109189129779224,3.39341262803353,0.0
14.81908,36.65862,27.99106,1132.52481,-3.12339,101.66604,9.158608609416575,3.411822684503209,0.0
14.81601,36.67397,27.89846,1128.19075,-3.13718,101.67304,9.207783483535286,3.430141618981238,0.0
14.81296,36.68927,27.80587,1123.83241,-3.14746,101.68002,9.256547009867969,3.4483073155857595,0.0
14.80991,36.70451,27.71338,1119.44917,-3.15425,101.68699,9.304732139058414,3.4662575440362526,0.0
14.80687,36.71968,27.62111,1115.04051,-3.15757,101.69393,9.352172266396828,3.483930239694685,0.0
14.80385,36.7348,27.52916,1110.60602,-3.15746,101.70086,9.398702020455742,3.5012637973531415,0.0
14.80083,36.74986,27.43763,1106.14539,-3.15397,101.70778,9.444158082750803,3.5181973765790318,0.0
14.79783,36.76485,27.34661,1101.6584,-3.14717,101.71467,9.488380031675078,3.534671216102828,0.0
14.79483,36.77978,27.25621,1097.14497,-3.13713,101.72155,9.531211203224025,3.5506269544607596,0.0
14.79185,36.79465,27.16652,1092.60509,-3.12395,101.72842,9.572499560351584,3.5660079538528326,0.0
14.78887,36.80946,27.07761,1088.03888,-3.10773,101.73526,9.61209856223295,3.580759623966087,0.0
14.78591,36.82421,26.98959,1083.44657,-3.08859,101.74209,9.649868024289287,3.5948297423564286,0.0
14.78296,36.8389,26.90251,1078.82848,-3.06665,101.7489,9.685674959514316,3.6081687678649197,0.0
14.78002,36.85352,26.81646,1074.18506,-3.04205,101.7557,9.71939439155338,3.620730143511124,0.0
14.77709,36.86808,26.73152,1069.51685,-3.01494,101.76248,9.750910129952493,3.6324705852937775,0.0
14.77417,36.88257,26.64773,1064.82448,-2.98549,101.76925,9.780115498283507,3.6433503534365697,0.0
14.77126,36.897,26.56516,1060.1087,-2.95386,101.77599,9.806914006160651,3.6533335027319835,0.0
14.76836,36.91137,26.48386,1055.37035,-2.92024,101.78272,9.831219956771985,3.6623881088627557,0.0
14.76548,36.92567,26.40387,1050.61035,-2.88482,101.78944,9.852958982236105,3.6704864678363243,0.0
14.7626,36.93991,26.32524,1045.82973,-2.84778,101.79614,9.872068499969355,3.6776052659936336,0.0
14.75974,36.95408,26.248,1041.02958,-2.80934,101.80282,9.888498084296758,3.6837257184439713,0.0
14.75689,36.96819,26.17218,1036.21107,-2.7697,101.80949,9.902209748591881,3.688833674169505,0.0
14.75405,36.98223,26.09779,1031.37546,-2.72909,101.81614,9.91317813453202,3.6929196865278096,0.0
14.75122,36.99621,26.02486,1026.52407,-2.68771,101.82277,9.921390606252158,3.6959790483266968,0.0
14.7484,37.01012,25.95339,1021.65825,-2.6458,101.82939,9.926847248591463,3.698011791170989,0.0
14.7456,37.02396,25.88338,1016.77945,-2.60357,101.83599,9.92956076987224,3.69902264924512,0.0
14.74281,37.03774,25.81482,1011.88914,-2.56127,101.84257,9.929556311011767,3.699020988202274,0.0
14.74002,37.05145,25.74771,1006.98883,-2.5191,101.84914,9.926871164033171,3.698020700302278,0.0
14.73726,37.0651,25.68204,1002.08007,-2.47731,101.85569,9.921554404171696,3.6960400673615066,0.0
14.7345,37.07867,25.61777,997.16443,-2.43611,101.86223,9.91366644093817,3.6931015935122162,0.0
