0.04867,0.04867,52.38187,5142.72171,-0.48197,45.0001,6.113300903134849,2.2773654370451486,0.0
0.09731,0.09731,52.31825,5139.41198,-0.46323,45.00025,6.160307692461147,2.294876702892258,0.0
0.14591,0.14591,52.25724,5136.0717,-0.4438,45.00045,6.205319773781192,2.311644887523114,0.0
0.19449,0.19449,52.19893,5132.70187,-0.42372,45.0007,6.24821426554772,2.3276242143281483,0.0
0.24303,0.24304,52.1434,5129.30353,-0.40302,45.001,6.288872915070272,2.342770631068752,0.0
0.29154,0.29155,52.09072,5125.87782,-0.38176,45.00134,6.327182814594195,2.3570420766355356,0.0
0.34002,0.34003,52.04096,5122.42593,-0.35995,45.00174,6.363037101654922,2.3703987419487254,0.0
0.38847,0.38848,51.9942,5118.94914,-0.33765,45.00218,6.3963356362061585,2.3828033222062355,0.0
0.43688,0.4369,51.95048,5115.44879,-0.3149,45.00267,6.426985647071687,2.3942212577039657,0.0
0.48527,0.48529,51.90987,5111.92626,-0.29174,45.00321,6.4549023404164,2.4046209605072804,0.0
0.53361,0.53365,51.87241,5108.383,-0.26822,45.00379,6.480009463201749,2.4139740243529815,0.0
0.58193,0.58197,51.83814,5104.82054,-0.2444,45.00442,6.502239815028036,2.4222554153240323,0.0
0.6302,0.63026,51.8071,5101.2404,-0.2203,45.0051,6.521535702243733,2.4294436410172278,0.0
0.67845,0.67852,51.77931,5097.6442,-0.196,45.00583,6.5378493288700055,2.4355208961728643,0.0
0.72666,0.72674,51.75479,5094.03355,-0.17153,45.0066,6.551143119606785,2.440473183003001,0.0
0.77484,0.77493,51.73356,5090.41012,-0.14695,45.00742,6.56138997103003,2.444290404769047,0.0
0.82298,0.82309,51.71562,5086.77559,-0.12231,45.00829,6.56857342796638,2.4469664314859645,0.0
0.87108,0.87122,51.70098,5083.13167,-0.09766,45.0092,6.572687783004126,2.4484991369927207,0.0
0.91915,0.91931,51.68963,5079.48008,-0.07306,45.01016,6.573738098091977,2.4488904069983986,0.0
0.96719,0.96737,51.68154,5075.82254,-0.04854,45.01117,6.571740148174694,2.4481461180849844,0.0
1.01519,1.0154,51.67672,5072.16077,-0.02418,45.01222,6.566720287831661,2.4462760880267296,0.0
1.06316,1.06339,51.67511,5068.49652,-1e-05,45.01332,6.558715242889169,2.443293998160243,0.0
1.11108,1.11135,51.6767,5064.83147,0.02391,45.01447,6.547771829881661,2.4392172888764208,0.0
1.15898,1.15928,51.68144,5061.16733,0.04753,45.01566,6.533946607157129,2.43406702964803,0.0
1.20684,1.20718,51.68928,5057.50578,0.0708,45.0169,6.5173054622104996,2.4278677653005345,0.0
1.25466,1.25504,51.70017,5053.84846,0.09369,45.01818,6.497923140560168,2.420647340506211,0.0
1.30244,1.30287,51.71405,5050.19697,0.11613,45.01951,6.475882722080137,2.4124367047040876,0.0
1.35019,1.35066,51.73085,5046.55291,0.13809,45.02089,6.451275051224755,2.4032696998436696,0.0
1.39791,1.39843,51.75051,5042.91781,0.15952,45.02231,6.424198127947815,2.393182833486281,0.0
1.44559,1.44616,51.77295,5039.29315,0.18038,45.02378,6.394756466401615,2.3822150399035844,0.0
1.49323,1.49386,51.79808,5035.68038,0.20063,45.0253,6.3630604286348005,2.370407431862501,0.0
1.54084,1.54153,51.82582,5032.08089,0.22024,45.02686,6.329225540540199,2.3578030457977763,0.0
1.58841,1.58916,51.85608,5028.49599,0.23916,45.02847,6.293371797220496,2.344446583042425,0.0
1.63595,1.63677,51.88876,5024.92697,0.25737,45.03012,6.255622964731492,2.3303841497087117,0.0
1.68345,1.68434,51.92376,5021.37503,0.27483,45.03182,6.2161058848938255,2.315662997712233,0.0
1.73091,1.73188,51.96098,5017.84132,0.29151,45.03357,6.1749497894863605,2.30033126929091,0.0
1.77834,1.77939,52.00031,5014.32692,0.30739,45.03536,6.132285629679308,2.284437747201178,0.0
1.82574,1.82687,52.04164,5010.83284,0.32243,45.0372,6.0882454260550025,2.268031612583627,0.0
1.8731,1.87432,52.08487,5007.36002,0.33662,45.03908,6.042961644035796,2.251162212293459,0.0
1.92043,1.92174,52.12986,5003.90935,0.34994,45.04101,5.996566598921208,2.2338788372611704,0.0
1.96772,1.96913,52.17651,5000.48163,0.36237,45.04299,5.949191894137638,2.216230513225787,0.0
2.01498,2.01648,52.2247,4997.0776,0.37388,45.04502,5.900967895702143,2.198265804958802,0.0
2.0622,2.06381,52.2743,4993.69792,0.38447,45.04709,5.85202324526085,2.1800326348581613,0.0
2.10939,2.11111,52.32518,4990.34321,0.39413,45.0492,5.802484413485446,2.161578116576713,0.0
2.15654,2.15838,52.37724,4987.014,0.40285,45.05137,5.752475295029093,2.1429484041326234,0.0
2.20366,2.20563,52.43033,4983.71075,0.41061,45.05358,5.702116845667172,2.1241885567347603,0.0
2.25075,2.25284,52.48434,4980.43387,0.41741,45.05584,5.651526761796401,2.1053424193876795,0.0
2.29781,2.30003,52.53914,4977.1837,0.42326,45.05814,5.600819201931368,2.0864525191417576,0.0
2.34483,2.34718,52.5946,4973.96052,0.42814,45.06049,5.550104549463274,2.067559976714578,0.0
2.39182,2.39432,52.6506,4970.76454,0.43206,45.06289,5.49948921554053,2.0487044330587687,0.0
2.43878,2.44142,52.70701,4967.59593,0.43502,45.06534,5.449075480633811,2.029923990340818,0.0
2.4857,2.4885,52.76371,4964.45478,0.43703,45.06783,5.398961373029176,2.0112551666765626,0.0
2.53259,2.53555,52.82057,4961.34114,0.43808,45.07037,5.349240582321313,1.9927328639051454,0.0
2.57944,2.58259,52.87691,4958.25603,0.42955,45.11196,5.3004226998763135,1.9745469182185913,24.999999573545978
2.62622,2.62964,52.93205,4955.20007,0.42018,45.15327,5.252992340963278,1.9568778615556341,24.999999573545978
2.67294,2.67669,52.98589,4952.1727,0.41,45.1943,5.206996065273899,1.9397430386264904,24.999999573545978
2.7196,2.72375,53.03833,4949.17329,0.39901,45.23508,5.16247704850937,1.9231585335158747,24.999999573545978
2.76619,2.77082,53.08926,4946.20122,0.38726,45.27562,5.119474758289015,1.9071390489504407,24.999999573545978
2.81272,2.81789,53.13859,4943.25582,0.37475,45.31591,5.078025173903925,1.891697988162793,24.999999573545978
2.8592,2.86497,53.18622,4940.33638,0.36152,45.35598,5.038161005354636,1.8768475364887813,24.999999573545978
2.90561,2.91205,53.23207,4937.44222,0.34759,45.39583,4.999911910197249,1.862598742148392,24.999999573545978
2.95196,2.95914,53.27605,4934.57257,0.33299,45.43548,4.963304706881689,1.848961595719858,24.999999573545978
2.99825,3.00624,53.31808,4931.72669,0.31774,45.47494,4.928363583449872,1.8359451078852178,24.999999573545978
3.04449,3.05334,53.35807,4928.9038,0.30186,45.51422,4.895110300584872,1.8235573850714757,24.999999573545978
3.09066,3.10045,53.39596,4926.10311,0.2854,45.55334,4.863564388138744,1.8118057026623824,24.999999573545978
3.13678,3.14757,53.43166,4923.3238,0.26836,45.59229,4.833743334408064,1.8006965755085573,24.999999573545978
3.18284,3.1947,53.46512,4920.56504,0.25079,45.63111,4.805662767524441,1.7902358255002264,24.999999573545978
3.22884,3.24183,53.49625,4917.826,0.2327,45.66979,4.779336628447178,1.780428646011538,24.999999573545978
3.27478,3.28896,53.52502,4915.1058,0.21413,45.70836,4.754777335108549,1.7712796630490006,24.999999573545978
3.32067,3.33611,53.55134,4912.40359,0.19511,45.74682,4.731995937387107,1.762792992983114,24.999999573545978
3.3665,3.38326,53.57518,4909.71848,0.17565,45.7852,4.711002262619669,1.7549722967554158,24.999999573545978
3.41227,3.43042,53.59648,4907.04956,0.1558,45.82349,4.691805051434848,1.7478208304800444,24.999999573545978
3.45799,3.47759,53.6152,4904.39594,0.13557,45.86171,4.674412083763382,1.7413414923859012,24.999999573545978
3.50365,3.52476,53.63128,4901.75668,0.115,45.89989,4.658830294888178,1.735536866048348,24.999999573545978
3.54925,3.57194,53.6447,4899.13087,0.09412,45.93803,4.645065881473544,1.7304092598878835,24.999999573545978
3.5948,3.61913,53.65541,4896.51755,0.07295,45.97613,4.633124397506962,1.7259607429109787,24.999999573545978
3.64029,3.66632,53.66339,4893.91578,0.05153,46.01423,4.623010840135226,1.722193176686298,24.999999573545978
3.68573,3.71353,53.66861,4891.3246,0.02988,46.05233,4.614729725379014,1.719108243550366,24.999999573545978
3.73111,3.76074,53.67104,4888.74303,0.00803,46.09044,4.608285153724485,1.7167074710421684,24.999999573545978
3.77644,3.80795,53.67066,4886.17009,-0.01398,46.12858,4.603680865604121,1.714992252571221,24.999999573545978
3.82171,3.85518,53.66746,4883.60479,-0.03613,46.16677,4.600920286761237,1.7139638643170465,24.999999573545978
3.86693,3.90242,53.66142,4881.04613,-0.0584,46.205,4.600006563523237,1.7136234783693856,24.999999573545978
3.91209,3.94966,53.65253,4878.49311,-0.08074,46.24331,4.600942587975149,1.7139721721060088,24.999999573545978
3.95719,3.99691,53.64079,4875.9447,-0.10313,46.2817,4.60373101303592,1.715010933809025,24.999999573545978
4.00224,4.04417,53.6262,4873.39988,-0.12554,46.32019,4.608374257429473,1.716740664516736,24.999999573545978
4.04724,4.09143,53.60876,4870.85761,-0.14795,46.35878,4.614874500533845,1.7191621761048042,24.999999573545978
4.09218,4.13871,53.58847,4868.31685,-0.17031,46.3975,4.623233667084546,1.7222761855878488,24.999999573545978
4.13707,4.18599,53.56535,4865.77654,-0.1926,46.43636,4.6334534017016,1.726083305630103,24.999999573545978
4.1819,4.23329,53.53941,4863.23563,-0.2148,46.47537,4.645535033198917,1.7305840312497096,24.999999573545978
4.22667,4.28059,53.51066,4860.69305,-0.23687,46.51455,4.659479528637155,1.7357787227022097,24.999999573545978
4.27139,4.3279,53.47913,4858.14771,-0.25878,46.5539,4.675287437081518,1.7416675845288387,24.999999573545978
4.31606,4.37522,53.44484,4855.59853,-0.2805,46.59345,4.6929588230075545,1.7482506407484344,24.999999573545978
4.36066,4.42255,53.40783,4853.04443,-0.302,46.63321,4.712493189323271,1.7555277061811507,24.999999573545978
4.40521,4.46989,53.36811,4850.4843,-0.32326,46.67319,4.733889389992072,1.7634983538982,24.999999573545978
4.44971,4.51723,53.32574,4847.91703,-0.34423,46.71341,4.757145532212595,1.7721618787812738,24.999999573545978
4.49415,4.56459,53.28075,4845.34151,-0.3649,46.75388,4.782258868193988,1.7815172572059803,24.999999573545978
4.53853,4.61196,53.23318,4842.75663,-0.38524,46.79461,4.809225676529247,1.7915631028502947,24.999999573545978
4.58285,4.65933,53.18308,4840.16125,-0.4052,46.83562,4.838041133257064,1.802297618661703,24.999999573545978
4.62712,4.70672,53.13051,4837.55427,-0.42477,46.87692,4.8686991727009445,1.8137185450161144,24.999999573545978
4.67133,4.75411,53.07551,4834.93453,-0.44391,46.91853,4.901192338260715,1.8258231041337694,24.999999573545978
4.71548,4.80152,53.01815,4832.30091,-0.46259,46.96046,4.935511623360629,1.8386079408282239,24.999999573545978
4.75957,4.84893,52.95849,4829.65227,-0.48079,47.00273,4.971646302847397,1.8520690596976834,24.999999573545978
4.8036,4.89636,52.89659,4826.98747,-0.49848,47.04534,5.009583755209867,1.866201758897151,24.999999573545978
4.84758,4.94379,52.83253,4824.30539,-0.51562,47.08832,5.0493092760630445,1.8810005606563196,24.999999573545978
4.89149,4.99124,52.76637,4821.60487,-0.53219,47.13167,5.0908058834710435,1.8964591387572516,24.999999573545978
4.93535,5.03869,52.6982,4818.88479,-0.54815,47.17541,5.134054115769679,1.912570243217971,24.999999573545978
4.97914,5.08616,52.6281,4816.14402,-0.56349,47.21955,5.179031822686017,1.9293256224789996,24.999999573545978
5.02287,5.13363,52.55614,4813.38144,-0.57817,47.26412,5.225713950682189,1.9467159434382841,24.999999573545978
5.06654,5.18112,52.48241,4810.59594,-0.59217,47.30911,5.274072323602572,1.9647307097364957,24.999999573545978
5.11015,5.22862,52.40701,4807.7864,-0.60546,47.35454,5.3240754198489775,1.9833581787489256,24.999999573545978
5.1537,5.27612,52.33003,4804.95175,-0.618,47.40043,5.375688147486325,2.002585277806433,24.999999573545978
5.19718,5.32364,52.25157,4802.09089,-0.62979,47.44679,5.428871618840388,2.0223975202271713,24.999999573545978
5.24059,5.37117,52.17172,4799.20277,-0.64078,47.49363,5.48358292633952,2.042778921811735,24.999999573545978
5.28395,5.41871,52.09058,4796.28635,-0.65097,47.54097,5.539774921529668,2.063711918520441,24.999999573545978
5.32723,5.46626,52.00828,4793.3406,-0.66031,47.5888,5.597395999384087,2.085177286123016,24.999999573545978
5.37046,5.51383,51.9249,4790.36452,-0.6688,47.63716,5.656389890212584,2.1071540626793186,24.999999573545978
5.41361,5.5614,51.84057,4787.35715,-0.6764,47.68604,5.716695461649581,2.1296194747746804,24.999999573545978
5.4567,5.60898,51.75539,4784.31754,-0.6831,47.73545,5.778246533389943,2.1525488685041307,24.999999573545978
5.49972,5.65658,51.66949,4781.24479,-0.68887,47.78541,5.84097170749111,2.175915646255474,24.999999573545978
5.54267,5.70418,51.58298,4778.13803,-0.69371,47.83593,5.904794217227823,2.1996912104036963,24.999999573545978
5.58555,5.7518,51.49598,4774.99642,-0.69758,47.88702,5.969631797578095,2.2238449150635846,24.999999573545978
5.62836,5.79943,51.40862,4771.81918,-0.70048,47.93867,6.035396580569453,2.2483440271034474,24.999999573545978
5.6711,5.84707,51.32101,4768.60556,-0.70239,47.99091,6.101995018732724,2.273153697629635,24.999999573545978
5.71377,5.89472,51.23329,4765.35489,-0.7033,48.04374,6.169327840001982,2.298236945185585,24.999999573545978
5.75636,5.94238,51.14558,4762.06651,-0.70319,48.09716,6.237290037337888,2.323554651886243,24.999999573545978
5.79888,5.99006,51.058,4758.73986,-0.70206,48.15117,6.30577089634124,2.3490655737048343,24.999999573545978
5.84133,6.03774,50.97069,4755.3744,-0.69989,48.20579,6.374654063985535,2.3747263660775535,24.999999573545978
5.8837,6.08544,50.88378,4751.9697,-0.69669,48.26102,6.443817661462304,2.4004916259414237,24.999999573545978
5.926,6.13315,50.7974,4748.52536,-0.69244,48.31686,6.513134443881219,2.4263139512267804,24.999999573545978
5.96822,6.18086,50.71167,4745.04108,-0.68714,48.37331,6.582472009299048,2.4521440187260666,24.999999573545978
6.01036,6.22859,50.62672,4741.51661,-0.68081,48.43037,6.6516930591846375,2.477930681123886,24.999999573545978
6.05243,6.27633,50.54269,4737.95179,-0.67343,48.48804,6.720655712004177,2.5036210838157653,24.999999573545978
6.09441,6.32409,50.45971,4734.34655,-0.66501,48.54632,6.789213871123686,2.529160801961513,24.999999573545978
6.13632,6.37185,50.37789,4730.70089,-0.65557,48.60521,6.857217647666558,2.5544939980107806,24.999999573545978
6.17814,6.41962,50.29737,4727.01491,-0.6451,48.66471,6.924513838341479,2.579563599706532,24.999999573545978
6.21988,6.46741,50.21827,4723.28879,-0.63362,48.7248,6.99094645758249,2.6043114983212186,24.999999573545978
6.26154,6.5152,50.14071,4719.52279,-0.62115,48.78548,7.0563573226179175,2.628678766610355,24.999999573545978
6.30312,6.56301,50.06482,4715.71729,-0.60771,48.84675,7.120586689315593,2.652605895681587,24.999999573545978
6.34461,6.61082,49.9907,4711.87275,-0.59331,48.9086,7.18347393586122,2.6760330496828737,24.999999573545978
6.38602,6.65865,49.91848,4707.98972,-0.57798,48.97101,7.244858290502034,2.6989003369061524,24.999999573545978
6.42734,6.70649,49.84826,4704.06885,-0.56174,49.03398,7.3045795988118,2.7211480956137333,24.999999573545978
6.46857,6.75434,49.78016,4700.11089,-0.54462,49.09749,7.362479125076927,2.7427171925757152,24.999999573545978
6.50972,6.8022,49.71427,4696.11669,-0.52665,49.16153,7.418400381694597,2.7635493320426114,24.999999573545978
6.55078,6.85006,49.65069,4692.08718,-0.50786,49.22609,7.472189979725293,2.7835873725985483,24.999999573545978
6.59175,6.89794,49.58953,4688.02339,-0.4883,49.29114,7.5236984930959405,2.802775649099668,24.999999573545978
6.63263,6.94583,49.53086,4683.92644,-0.468,49.35668,7.572781328397277,2.8210602966965372,24.999999573545978
6.67345,6.99371,49.47558,4679.79606,-0.43394,49.36374,7.618437253860357,2.838068330211231,0.0
6.71422,7.04155,49.42456,4675.63269,-0.39917,49.37084,7.659654755755583,2.8534229341649473,0.0
6.75496,7.08936,49.37788,4671.43868,-0.36378,49.37797,7.696284602991745,2.8670685160497027,0.0
6.79565,7.13714,49.3356,4667.21649,-0.32785,49.38513,7.7281975149660465,2.87895691543938,0.0
6.8363,7.18488,49.29778,4662.96866,-0.29147,49.39233,7.755283892737957,2.889047303844908,0.0
6.8769,7.23259,49.26445,4658.6978,-0.25472,49.39956,7.777454770879205,2.897306539303435,0.0
6.91746,7.28027,49.23566,4654.40661,-0.2177,49.40683,7.794642585653971,2.90370945254566,0.0
6.95798,7.32791,49.2114,4650.09782,-0.18051,49.41412,7.806801747612488,2.9082390603020127,0.0
6.99846,7.37551,49.19171,4645.77422,-0.14322,49.42145,7.813909009876118,2.910886702498541,0.0
7.03889,7.42309,49.17656,4641.43862,-0.10594,49.42881,7.815963626747913,2.911652101343507,0.0
7.07928,7.47062,49.16595,4637.09385,-0.06876,49.43621,7.812987300810482,2.9105433416199653,0.0
7.11962,7.51812,49.15986,4632.74275,-0.03178,49.44364,7.805023920177385,2.9075767728049824,0.0
7.15992,7.56559,49.15823,4628.38816,0.00493,49.45109,7.792139091061152,2.902776834938928,0.0
7.20018,7.61302,49.16103,4624.03287,0.04125,49.45859,7.7744194741626655,2.8961758114130616,0.0
7.24039,7.66042,49.1682,4619.67966,0.07712,49.46611,7.751971936447614,2.8878135129839406,0.0
7.28056,7.70778,49.17966,4615.33129,0.11243,49.47367,7.724922532725425,2.877736898384779,0.0
7.32069,7.7551,49.19534,4610.99042,0.1471,49.48125,7.69341533383532,2.8659996377939194,0.0
7.36077,7.8024,49.21514,4606.65967,0.18106,49.48888,7.657611120297175,2.852661626185405,0.0
7.4008,7.84965,49.23898,4602.3416,0.21422,49.49653,7.617685961821655,2.8377884541591314,0.0
7.4408,7.89687,49.26673,4598.03866,0.2465,49.50421,7.573829704179068,2.821450844259681,0.0
7.48074,7.94406,49.29828,4593.75322,0.27783,49.51193,7.526244385551753,2.8037240610259198,0.0
7.52065,7.99121,49.33351,4589.48757,0.30815,49.51968,7.475142604619247,2.7846873030597825,0.0
7.56051,8.03833,49.37229,4585.24386,0.33739,49.52746,7.420745862325023,2.764423085290755,0.0
7.60033,8.08541,49.41447,4581.02415,0.36549,49.53528,7.363282898578222,2.7430166193535013,0.0
7.6401,8.13246,49.4599,4576.8304,0.39239,49.54313,7.302988044034111,2.720555199582717,0.0
7.67983,8.17948,49.50845,4572.66443,0.41804,49.55101,7.240099605687177,2.697127601604085,0.0
7.71952,8.22646,49.55994,4568.52794,0.44238,49.55892,7.1748583033491595,2.672823499881198,0.0
7.75916,8.27341,49.61421,4564.42251,0.46539,49.56687,7.107505772199046,2.64773290987603,0.0
7.79877,8.32033,49.6711,4560.34961,0.48702,49.57485,7.038283144578436,2.6219456597304034,0.0
7.83833,8.36721,49.73044,4556.31056,0.50723,49.58286,6.9674297220642085,2.5955508955781084,0.0
7.87785,8.41406,49.79205,4552.30657,0.52599,49.59091,6.895181746747922,2.568636623814153,0.0
7.91732,8.46088,49.85576,4548.33873,0.54329,49.59899,6.821771278498045,2.541289292845406,0.0
7.95676,8.50767,49.92137,4544.40799,0.55909,49.6071,6.747425182903352,2.5135934160728772,0.0
7.99615,8.55443,49.98873,4540.5152,0.57338,49.61525,6.672364232698508,2.485631237149111,0.0
8.03551,8.60116,50.05763,4536.66109,0.58616,49.62343,6.59680232358154,2.4574824378495563,0.0
8.07482,8.64786,50.1279,4532.84625,0.59739,49.63165,6.520945803696117,2.4292238882870762,0.0
8.1141,8.69453,50.19935,4529.07119,0.6071,49.6399,6.444992914580804,2.4009294386508357,0.0
8.15333,8.74117,50.2718,4525.3363,0.61526,49.64819,6.369133340053588,2.372669751153915,0.0
8.19253,8.78779,50.34507,4521.64185,0.62189,49.65651,6.29354785842691,2.344512170474263,0.0
8.23168,8.83437,50.41897,4517.98805,0.62699,49.66487,6.218408092522165,2.3165206306285175,0.0
8.2708,8.88093,50.49333,4514.37498,0.63057,49.67326,6.143876351233386,2.2887555959503105,0.0
8.30988,8.92746,50.56796,4510.80264,0.63264,49.68169,6.070105555865544,2.2612740336493444,0.0
8.34892,8.97396,50.64269,4507.27094,0.63321,49.69015,5.9972392440741,2.2341294152789812,0.0
8.38792,9.02043,50.71734,4503.77973,0.63231,49.69865,5.925411644050172,2.2073717443721694,0.0
8.42689,9.06689,50.79174,4500.32874,0.62995,49.70719,5.854747811486459,2.1810476074648526,0.0
8.46581,9.11331,50.86572,4496.91768,0.62616,49.71576,5.7853638219341565,2.155200245753983,0.0
8.50471,9.15971,50.93911,4493.54614,0.62095,49.72437,5.717367011290039,2.129869644685286,0.0
8.54356,9.20609,51.01176,4490.21369,0.61436,49.73301,5.650856257400019,2.1050926388579954,0.0
8.58238,9.25244,51.0835,4486.91981,0.60641,49.7417,5.585922296084627,2.080903029752664,0.0
8.62117,9.29877,51.15417,4483.66393,0.59714,49.75042,5.522648065234976,2.057331713915958,0.0
8.65991,9.34507,51.22363,4480.44544,0.58658,49.75917,5.461109071075244,2.034406819403072,0.0
8.69863,9.39135,51.29173,4477.26368,0.57475,49.76797,5.401373771080384,2.0121538484246506,0.0
8.73731,9.43761,51.35832,4474.11792,0.5617,49.7768,5.343503968528937,1.9905958243280923,0.0
8.77595,9.48385,51.42327,4471.00743,0.54746,49.78567,5.2875552141140965,1.9697534412082387,0.0
8.81456,9.53007,51.48644,4467.9314,0.53207,49.79458,5.2335772105033875,1.9496452146164982,0.0
8.85314,9.57627,51.5477,4464.88901,0.51556,49.80352,5.181614216175792,1.9302876320008027,0.0
8.89168,9.62244,51.60692,4461.8794,0.49797,49.81251,5.131705445318233,1.911695301677568,0.0
8.93019,9.6686,51.664,4458.90168,0.47935,49.82153,5.083885460954052,1.8938810992823976,0.0
8.96867,9.71473,51.7188,4455.95493,0.45973,49.83059,5.0381845588837715,1.8768563107981153,0.0
9.00711,9.76085,51.77122,4453.03821,0.43916,49.83969,4.994629140380046,1.8606307713934447,0.0
9.04552,9.80694,51.82116,4450.15054,0.41767,49.84883,4.953242071893968,1.8452129994230708,0.0
9.0839,9.85302,51.86851,4447.29093,0.3953,49.85801,4.914043030360406,1.8306103250629628,0.0
9.12225,9.89908,51.91318,4444.45838,0.37211,49.86722,4.877048832943266,1.8168290131491627,0.0
9.16057,9.94512,51.95507,4441.65186,0.34813,49.87648,4.8422737503180695,1.803874379883785,0.0
9.19885,9.99114,51.99411,4438.8703,0.3234,49.88578,4.809729802801458,1.791750903151054,0.0
9.2371,10.03715,52.03021,4436.11265,0.29797,49.89511,4.77942703882683,1.7804623262567987,0.0
9.27532,10.08313,52.0633,4433.37781,0.27188,49.90448,4.75137379541041,1.7700117549589247,0.0
9.31351,10.12911,52.0933,4430.66471,0.24517,49.9139,4.725576940429707,1.760401747722508,0.0
9.35167,10.17506,52.12015,4427.97221,0.2179,49.92335,4.70204209658495,1.7516343991513263,0.0
9.3898,10.221,52.1438,4425.2992,0.19009,49.93284,4.680773847070765,1.7437114166059686,0.0
9.4279,10.26692,52.16418,4422.64454,0.1618,49.94237,4.661775923005904,1.7366341900263416,0.0
9.46597,10.31282,52.18125,4420.00707,0.13308,49.95194,4.645051372751161,1.7304038550070486,0.0
9.50401,10.35871,52.19496,4417.38562,0.10395,49.96156,4.6306027132658265,1.7250213491816504,0.0
9.54201,10.40459,52.20528,4414.77902,0.07448,49.97121,4.618432063688609,1.7204874619850739,0.0
9.57999,10.45045,52.21217,4412.18608,0.0447,49.9809,4.608541261319957,1.716802877860078,0.0
9.61794,10.49629,52.2156,4409.6056,0.01466,49.99063,4.600931960203536,1.7139682129814493,0.0
9.65586,10.54212,52.21555,4407.03636,-0.0156,50.0004,4.595605712472992,1.7119840455598092,0.0
9.69375,10.58793,52.212,4404.47713,-0.04604,50.01021,4.592564032624495,1.710850939784831,0.0
9.7316,10.63373,52.20493,4401.92668,-0.0766,50.02006,4.591808444846039,1.7105694634566448,0.0
9.76943,10.67951,52.19434,4399.38375,-0.10724,50.02995,4.593340513506866,1.7111401993439557,0.0
9.80723,10.72528,52.18022,4396.84709,-0.13793,50.03988,4.597161856865685,1.7125637502907105,0.0
9.845,10.77104,52.16259,4394.31541,-0.16861,50.04984,4.603274144039181,1.714840738086793,0.0
9.88274,10.81678,52.14143,4391.78743,-0.19924,50.05985,4.611679075227626,1.7179717961015373,0.0
9.92045,10.8625,52.11678,4389.26185,-0.22977,50.0699,4.6223783451496985,1.7219575556622437,0.0
9.95813,10.90821,52.08863,4386.73735,-0.26016,50.07999,4.63537358961958,1.726798626152735,0.0
9.99578,10.95391,52.05703,4384.21262,-0.29037,50.09011,4.650666315172824,1.7324955687971444,0.0
10.03341,10.9996,52.02199,4381.68631,-0.32034,50.10028,4.668257811595482,1.7390488640747122,0.0
10.071,11.04526,51.98355,4379.15707,-0.35004,50.11049,4.688149047234265,1.7464588727200672,0.0
10.10856,11.09092,51.94174,4376.62356,-0.37942,50.12073,4.7103405469069575,1.7547257902416429,0.0
10.14609,11.13656,51.89662,4374.08438,-0.40843,50.13101,4.734832252284288,1.7638495949102506,0.0
10.1836,11.18219,51.84822,4371.53817,-0.43703,50.14134,4.7616233645725385,1.7738299891542124,0.0
10.22107,11.2278,51.7966,4368.98352,-0.46517,50.1517,4.790712169387287,1.7846663343202251,0.0
10.25851,11.2734,51.74183,4366.41904,-0.49281,50.1621,4.822095843722564,1.7963575787642843,0.0
10.29593,11.31898,51.68396,4363.8433,-0.5199,50.17254,4.855770244983745,1.8089021792608961,0.0
10.33331,11.36455,51.62306,4361.25489,-0.5464,50.18302,4.891729682117747,1.822298015743046,0.0
10.37066,11.41011,51.55921,4358.65237,-0.57226,50.19353,4.9299666689652595,1.8365422994194183,0.0
10.40799,11.45565,51.49249,4356.03432,-0.59744,50.20408,4.970471660069413,1.8516314743561735,0.0
10.44528,11.50118,51.42298,4353.39927,-0.62189,50.21468,5.013232769306912,1.8675611126596388,0.0
10.48254,11.54669,51.35077,4350.7458,-0.64556,50.2253,5.058235471871309,1.8843258034572452,0.0
10.51977,11.59218,51.27595,4348.07245,-0.66842,50.23597,5.105462290310601,1.9019190359382598,0.0
10.55697,11.63766,51.19863,4345.37778,-0.69042,50.24668,5.154892465532566,1.9203330767946265,0.0
10.59414,11.68313,51.1189,4342.66032,-0.71151,50.25742,5.206501613942432,1.939558842495721,0.0
10.63127,11.72858,51.03689,4339.91865,-0.73166,50.26819,5.260261372110737,1.9595857669177832,0.0
10.66838,11.77401,50.95269,4337.15133,-0.75082,50.27901,5.316139030688575,1.9804016649677099,0.0
10.70545,11.81943,50.86643,4334.35691,-0.76894,50.28986,5.374097159583573,2.0019925929512463,0.0
10.74249,11.86483,50.77822,4331.534,-0.78599,50.30075,5.43409322677719,2.024342706572403,0.0
10.7795,11.91022,50.68821,4328.68118,-0.80193,50.31167,5.496079213482351,2.047434117569543,0.0
10.81648,11.95559,50.59652,4325.79707,-0.81671,50.32263,5.560001228794176,2.071246750162644,0.0
10.85342,12.00094,50.50328,4322.88032,-0.83031,50.33362,5.625799127317514,2.0957581986094906,0.0
10.89033,12.04627,50.40864,4319.92958,-0.84267,50.34465,5.693406133709649,2.120943587337958,0.0
10.92721,12.09159,50.31273,4316.94355,-0.85377,50.35572,5.762748478489222,2.146775435275246,0.0
10.96405,12.13689,50.21571,4313.92095,-0.86357,50.36682,5.833745049850645,2.1732235261395947,0.0
11.00086,12.18217,50.11773,4310.86056,-0.87204,50.37795,5.906307066652865,2.2002547866199884,0.0
11.03763,12.22743,50.01894,4307.76119,-0.87915,50.38912,5.980337778117366,2.2278331745057645,0.0
11.07437,12.27267,49.91949,4304.62169,-0.88487,50.40032,6.055732196108743,2.25591957895408,0.0
11.11108,12.31789,49.81956,4301.44099,-0.88917,50.41155,6.132376866191315,2.2844717352024775,0.0
11.14777,12.36307,49.71859,4298.21951,-0.90451,50.36873,6.2107675963042785,2.3136743447538004,-25.999999556487815
11.18446,12.4082,49.61605,4294.95731,-0.91853,50.32521,6.291426560724666,2.343721931265476,-25.999999556487815
11.22116,12.45327,49.51209,4291.65281,-0.9312,50.28095,6.3742750943208675,2.3745851899061736,-25.999999556487815
11.25787,12.49829,49.40687,4288.30447,-0.94249,50.23593,6.459223843409693,2.4062308340778684,-25.999999556487815
11.29459,12.54324,49.30053,4284.91078,-0.95234,50.19015,6.546173858355013,2.438622002437583,-25.999999556487815
11.33131,12.58814,49.19327,4281.47028,-0.96072,50.14356,6.635016146420342,2.4717180923232025,-25.999999556487815
11.36804,12.63297,49.08523,4277.98158,-0.96761,50.09617,6.725631260942501,2.505474606709862,-25.999999556487815
11.40477,12.67775,48.9766,4274.44333,-0.97296,50.04795,6.817888935209182,2.5398430178197047,-25.999999556487815
11.44152,12.72246,48.86754,4270.85428,-0.97676,49.99888,6.911647769780045,2.574770650640759,-25.999999556487815
11.47827,12.76711,48.75824,4267.21321,-0.97896,49.94895,7.006754982434837,2.6102005897760403,-25.999999556487815
11.51503,12.81169,48.64888,4263.51903,-0.97956,49.89815,7.103046230104755,2.6460716131082918,-25.999999556487815
11.55179,12.8562,48.53964,4259.7707,-0.97852,49.84646,7.200345512337541,2.682318155838198,-25.999999556487815
11.58856,12.90065,48.43071,4255.9673,-0.97583,49.79387,7.298465165738734,2.7188703084136,-25.999999556487815
11.62534,12.94503,48.32226,4252.10801,-0.97148,49.74037,7.397205958667744,2.755653851806278,-25.999999556487815
11.66213,12.98935,48.21449,4248.19211,-0.96545,49.68596,7.496357295032299,2.792590333430744,-25.999999556487815
11.69893,13.03359,48.10758,4244.21901,-0.95774,49.63062,7.59569753539296,2.8295971867641234,-25.999999556487815
11.73574,13.07776,48.00172,4240.18825,-0.94835,49.57436,7.694994442755892,2.8665878974156884,-25.999999556487815
11.77255,13.12186,47.89711,4236.09948,-0.93727,49.51717,7.794005759282403,2.9034722179663404,-25.999999556487815
11.80937,13.16588,47.79391,4231.95251,-0.92451,49.45906,7.892479918854051,2.940156433417856,-25.999999556487815
11.8462,13.20983,47.69232,4227.7473,-0.91008,49.40002,7.990156898768473,2.9765436784719945,-25.999999556487815
11.88304,13.2537,47.59252,4223.48393,-0.89401,49.34006,8.086769212066258,3.0125343071983726,-25.999999556487815
11.91989,13.29749,47.49468,4219.16266,-0.8763,49.27919,8.182043039881341,3.04802631486477,-25.999999556487815
11.95674,13.34121,47.399,4214.78391,-0.85698,49.21742,8.275699500976003,3.0829158108723322,-25.999999556487815
11.99361,13.38485,47.30563,4210.34826,-0.83609,49.15476,8.367456053194932,3.117097540834072,-25.999999556487815
12.03048,13.4284,47.21474,4205.85645,-0.81365,49.09123,8.457028019018885,3.1504654548837556,-25.999999556487815
12.06736,13.47188,47.1265,4201.3094,-0.78971,49.02683,8.544130224803345,3.182913318335431,-25.999999556487815
12.10425,13.51527,47.04108,4196.70819,-0.76432,48.9616,8.62847874063724,3.214335359826578,-25.999999556487815
12.14115,13.55857,46.95861,4192.05407,-0.73752,48.89556,8.709792705207338,3.244626951128111,-25.999999556487815
12.17806,13.60179,46.87924,4187.34848,-0.70938,48.82872,8.787796217589221,3.2736853118862954,-25.999999556487815
12.21497,13.64493,46.80313,4182.59299,-0.67995,48.76112,8.862220275647262,3.3014102317277367,-25.999999556487815
12.25189,13.68797,46.73038,4177.78938,-0.6493,48.69279,8.932804738721956,3.327704801412057,-25.999999556487815
12.28883,13.73093,46.66113,4172.93954,-0.61751,48.62377,8.999300290671659,3.3524761441165913,-25.999999556487815
12.32577,13.7738,46.5955,4168.04555,-0.58464,48.55408,9.061470378047748,3.3756361374576325,-25.999999556487815
12.36272,13.81658,46.53358,4163.10964,-0.55078,48.48376,9.1190930974874,3.3971021165938984,-25.999999556487815
12.39967,13.85927,46.47547,4158.13415,-0.51601,48.41285,9.171963006035567,3.4167975486191065,-25.999999556487815
12.43664,13.90187,46.42126,4153.12158,-0.48042,48.3414,9.219892828490106,3.43465266859295,-25.999999556487815
12.47361,13.94437,46.37103,4148.07453,-0.44411,48.26945,9.262715036639198,3.4506050678485938,-25.999999556487815
12.51059,13.98679,46.32483,4142.99574,-0.40716,48.19703,9.300283276673975,3.4646002257414343,-25.999999556487815
12.54758,14.02911,46.28272,4137.88802,-0.36968,48.12421,9.332473623027267,3.4765919767370232,-25.999999556487815
12.58457,14.07133,46.24475,4132.75429,-0.33177,48.05102,9.359185639315676,3.486542905639902,-25.999999556487815
12.62157,14.11346,46.21094,4127.59753,-0.29352,47.97752,9.380343230039967,3.4944246648744173,-25.999999556487815
12.65858,14.1555,46.18131,4122.4208,-0.25505,47.90375,9.395895269950215,3.500218208939783,-25.999999556487815
12.6956,14.19744,46.15589,4117.22718,-0.21646,47.82976,9.405816001665467,3.5039139425338757,-25.999999556487815
12.73262,14.23928,46.13465,4112.0198,-0.17784,47.75561,9.410105195974188,3.505511780269368,-25.999999556487815
12.76964,14.28103,46.11759,4106.80183,-0.13932,47.68134,9.408788073211236,3.505021117384583,-25.999999556487815
12.80668,14.32268,46.10468,4101.5764,-0.10098,47.60701,9.401914988146977,3.5024607123563944,-25.999999556487815
12.84372,14.36424,46.09589,4096.34668,-0.06295,47.53267,9.389560884666475,3.4978584837538813,-25.999999556487815
12.88076,14.4057,46.09116,4091.11577,-0.02531,47.45835,9.371824530345698,3.491251225097823,-25.999999556487815
12.91781,14.44706,46.09044,4085.88678,0.01182,47.38413,9.34882754442665,3.482684242755862,-25.999999556487815
12.95486,14.48833,46.09367,4080.66274,0.04836,47.31004,9.320713235824416,3.4722109230695506,-25.999999556487815
12.99192,14.5295,46.10075,4075.44663,0.0842,47.23612,9.287645270474657,3.4598922359062327,-25.999999556487815
13.02898,14.57058,46.1116,4070.24135,0.11925,47.16244,9.249806189551501,3.4457961826562187,-25.999999556487815
13.06605,14.61156,46.12613,4065.04974,0.15342,47.08902,9.20739580171989,3.4299971973044805,-25.999999556487815
13.10312,14.65245,46.14422,4059.87451,0.18662,47.01591,9.16062947381286,3.4125755096629686,-25.999999556487815
13.14019,14.69324,46.16576,4054.7183,0.21878,46.94316,9.109736344862345,3.393616480050087,-25.999999556487815
13.17727,14.73394,46.19062,4049.58361,0.24981,46.87079,9.054957488515738,3.3732099147425214,-25.999999556487815
13.21434,14.77454,46.21868,4044.47286,0.27964,46.79886,8.99654404849651,3.351449371385252,-25.999999556487815
13.25142,14.81505,46.24979,4039.3883,0.3082,46.72738,8.934755370802689,3.3284314631863485,-25.999999556487815
13.28851,14.85547,46.28382,4034.33207,0.33543,46.6564,8.869857155136607,3.30425517027591,-25.999999556487815
13.32559,14.8958,46.3206,4029.3062,0.36126,46.58595,8.802119646364776,3.279021165977282,-25.999999556487815
13.36268,14.93604,46.35998,4024.31254,0.38565,46.51605,8.731815884910171,3.252831165032149,-25.999999556487815
13.39977,14.97618,46.4018,4019.35284,0.40854,46.44672,8.659220032825983,3.225787300018962,-25.999999556487815
13.43686,15.01624,46.4459,4014.42867,0.4299,46.37799,8.584605790009661,3.1979915313509992,-25.999999556487815
13.47395,15.05621,46.49211,4009.54148,0.44967,46.30988,8.508244912628202,3.1695450953508013,-25.999999556487815
13.51104,15.09609,46.54025,4004.69259,0.46783,46.24241,8.430405843425515,3.140547994003628,-25.999999556487815
13.54813,15.13588,46.59015,3999.88315,0.48436,46.1756,8.351352461200902,3.1110985291052895,-25.999999556487815
13.58522,15.17559,46.64163,3995.11419,0.49921,46.10944,8.271342954434072,3.0812928826578245,-25.999999556487815
13.62231,15.21522,46.69451,3990.38659,0.51239,46.04397,8.19062882190132,3.051224744572733,-25.999999556487815
13.6594,15.25475,46.74862,3985.70112,0.52387,45.97917,8.109454001034845,3.020984987961891,-25.999999556487815
13.69649,15.29421,46.80378,3981.05839,0.53364,45.91507,8.028054123025141,2.9906613916435854,-25.999999556487815
13.73357,15.33358,46.8598,3976.4589,0.5417,45.85166,7.946655891943726,2.9603384088494016,-25.999999556487815
13.77066,15.37287,46.9165,3971.90302,0.54805,45.78895,7.865476583832877,2.930096980621963,-25.999999556487815
13.80775,15.41208,46.97371,3967.391,0.55269,45.72693,7.784723660402819,2.900014391906975,-25.999999556487815
13.84483,15.45121,47.03125,3962.92299,0.55563,45.66561,7.704594491082255,2.8701641680097327,-25.999999556487815
13.88192,15.49027,47.08894,3958.499,0.55689,45.60497,7.625276176317339,2.840616008769336,-25.999999556487815
13.919,15.52924,47.14662,3954.11896,0.55647,45.54502,7.546945464485415,2.8114357576068763,-25.999999556487815
13.95608,15.56814,47.2041,3949.7827,0.5544,45.48574,7.4697687543557745,2.7826854024421297,-25.999999556487815
13.99315,15.60696,47.26122,3945.48993,0.5507,45.42713,7.393902174842334,2.754423105403528,-25.999999556487815
14.03023,15.64571,47.31781,3941.2403,0.54539,45.36918,7.319491733691997,2.72670325821849,-25.999999556487815
14.0673,15.68438,47.37371,3937.03337,0.5385,45.31187,7.246673526829813,2.6995765601999926,-25.999999556487815
14.10437,15.72298,47.42876,3932.86859,0.53006,45.25519,7.175574000256691,2.6730901158103713,-25.999999556487815
14.14144,15.76151,47.48281,3928.74536,0.52011,45.19913,7.106310256656938,2.647287548880688,-25.999999556487815
14.17851,15.79997,47.5357,3924.66302,0.50868,45.14366,7.038990399224528,2.622209130695062,-25.999999556487815
14.21557,15.83835,47.58729,3920.6208,0.4958,45.08878,6.973713905629814,2.5978919193031165,-25.999999556487815
14.25263,15.87667,47.63743,3916.61791,0.48152,45.03447,6.910572025495801,2.574369907590343,-25.999999556487815
14.28969,15.91492,47.68599,3912.65348,0.46589,44.9807,6.849648195206879,2.5516741778052694,-25.999999556487815
14.32674,15.9531,47.73283,3908.72658,0.44893,44.92746,6.791018464443607,2.5298330604548918,-25.999999556487815
14.36379,15.99121,47.77782,3904.83624,0.4307,44.87472,6.734751929244826,2.508872295631704,-25.999999556487815
14.40084,16.02925,47.82085,3900.98145,0.41124,44.82247,6.680911166974656,2.4888151950503516,-25.999999556487815
14.43789,16.06723,47.86178,3897.16113,0.39061,44.77068,6.629552669018521,2.469682803238282,-25.999999556487815
14.47493,16.10514,47.90052,3893.37418,0.36884,44.71933,6.580727267520592,2.451494056506673,-25.999999556487815
14.51197,16.14299,47.93694,3889.61944,0.34599,44.6684,6.534480552910614,2.434265938490161,-25.999999556487815
14.549,16.18078,47.97095,3885.89573,0.32211,44.61787,6.490853279400424,2.4180136312049636,-25.999999556487815
14.58603,16.2185,48.00244,3882.20184,0.29725,44.5677,6.449881756001144,2.4027506607130715,-25.999999556487815
14.62306,16.25616,48.03134,3878.5365,0.27147,44.51788,6.411598220985788,2.388489036619421,-25.999999556487815
14.66009,16.29376,48.05755,3874.89845,0.24481,44.46837,6.376031198036366,2.375239384746066,-25.999999556487815
14.69711,16.33129,48.08098,3871.28635,0.21733,44.41916,6.343205832624439,2.363011072442779,-25.999999556487815
14.73413,16.36876,48.10157,3867.69889,0.18908,44.37022,6.313144207402527,2.351812326078653,-25.999999556487815
14.77114,16.40618,48.11925,3864.13469,0.16013,44.32153,6.285865635643776,2.341650340356099,-25.999999556487815
14.80815,16.44353,48.13395,3860.59237,0.13052,44.27305,6.261386931952655,2.3325313791577,-25.999999556487815
14.84516,16.48082,48.14562,3857.07052,0.10031,44.22475,6.239722659635486,2.324460867698243,-25.999999556487815
14.88217,16.51805,48.15419,3853.56771,0.06955,44.17663,6.2208853542762865,2.3174434758126075,-25.999999556487815
14.91917,16.55523,48.15964,3850.08248,0.03831,44.12863,6.20488572317927,2.3114831922533394,-25.999999556487815
14.95617,16.59234,48.1619,3846.61336,0.00664,44.08075,6.191732820423471,2.3065833899031043,-25.999999556487815
14.99316,16.62939,48.16096,3843.15887,-0.0254,44.03294,6.181434197390688,2.3027468818503123,-25.999999556487815
15.03015,16.66639,48.15678,3839.71749,-0.05776,43.98519,6.17399602865373,2.2999759682857968,-25.999999556487815
15.06714,16.70333,48.14934,3836.28769,-0.09038,43.93747,6.169423213179661,2.29827247420369,-25.999999556487815
15.10412,16.74021,48.13863,3832.86793,-0.12319,43.88974,6.16771945084044,2.297637777903645,-25.999999556487815
15.1411,16.77703,48.12462,3829.45665,-0.15616,43.84198,6.168887294248449,2.298072830300938,-25.999999556487815
15.17808,16.81379,48.10731,3826.05228,-0.1892,43.79416,6.172928175946928,2.299578165055617,-25.999999556487815
15.21506,16.85049,48.08672,3822.65322,-0.22227,43.74626,6.179842411031697,2.302153899549168,-25.999999556487815
15.25203,16.88714,48.06283,3819.25786,-0.25532,43.69823,6.189629175246719,2.305799726724528,-25.999999556487815
15.289,16.92373,48.03566,3815.8646,-0.28827,43.65007,6.202286458671473,2.310514897833419,-25.999999556487815
15.32596,16.96025,48.00524,3812.47178,-0.32107,43.60173,6.217810995086151,2.316298196123024,-25.999999556487815
15.36292,16.99673,47.97158,3809.07778,-0.35367,43.55318,6.236198167157269,2.323147901515129,-25.999999556487815
15.39988,17.03314,47.93471,3805.68093,-0.38601,43.50441,6.2574418876093825,2.3310617463394667,-25.999999556487815
15.43684,17.06949,47.89468,3802.27956,-0.41802,43.45538,6.281534456592975,2.3400368621994962,-25.999999556487815
15.47379,17.10579,47.85151,3798.872,-0.44965,43.40605,6.308466395510941,2.3500697180683994,-25.999999556487815
15.51074,17.14202,47.80525,3795.45655,-0.48084,43.35641,6.33822625763891,2.3611560497401665,-25.999999556487815
15.54769,17.1782,47.75597,3792.03153,-0.51154,43.30642,6.37080041597452,2.3732907807978694,-25.999999556487815
15.58463,17.21432,47.70371,3788.59523,-0.54169,43.25606,6.406172828845147,2.3864679352963742,-25.999999556487815
15.62158,17.25037,47.64854,3785.14595,-0.57122,43.20529,6.444324783919074,2.400680542399765,-25.999999556487815
15.65852,17.28637,47.59052,3781.68198,-0.60008,43.15408,6.485234621460699,2.4159205332866285,-25.999999556487815
15.69545,17.3223,47.52974,3778.2016,-0.62822,43.10242,6.52887743779657,2.432178630683348,-25.999999556487815
15.73239,17.35818,47.46628,3774.70312,-0.65558,43.05026,6.575224770202396,2.449444231476227,-25.999999556487815
15.76932,17.39399,47.40021,3771.18481,-0.6821,42.99758,6.6242442646064905,2.4677052829222745,-25.999999556487815
15.80625,17.42974,47.33162,3767.64499,-0.70773,42.94436,6.6758993278145375,2.4869481530937825,-25.999999556487815
15.84317,17.46543,47.26062,3764.08195,-0.73242,42.89055,6.730148766189292,2.5071574962770087,-25.999999556487815
15.8801,17.50105,47.18731,3760.49401,-0.7561,42.83615,6.786946413075977,2.52831611417833,-25.999999556487815
15.91702,17.53661,47.11179,3756.8795,-0.77873,42.78111,6.846240747559844,2.5504048139014053,-25.999999556487815
15.95394,17.57211,47.03417,3753.23678,-0.80026,42.72541,6.907974507533415,2.5734022638045433,-25.999999556487815
15.99085,17.60754,46.95457,3749.56421,-0.82063,42.66904,6.972084300408015,2.597284848480502,-25.999999556487815
16.02777,17.6429,46.8731,3745.86018,-0.8398,42.61194,7.038500215207178,2.6220265242510816,-25.999999556487815
16.06468,17.6782,46.7899,3742.12311,-0.85772,42.55412,7.107145440192641,2.6475986767227377,-25.999999556487815
16.10159,17.71343,46.7051,3738.35146,-0.87434,42.49553,7.177935890562516,2.6739699820943654,-25.999999556487815
16.1385,17.74859,46.61881,3734.54373,-0.88961,42.43616,7.250779851217578,2.7011062740783323,-25.999999556487815
16.1754,17.78368,46.53119,3730.69844,-0.9035,42.37598,7.325577639922324,2.7289704184191166,-25.999999556487815
16.2123,17.81871,46.44238,3726.81418,-0.91597,42.31497,7.402221296629191,2.7575221971584005,-25.999999556487815
16.2492,17.85366,46.35251,3722.88958,-0.92696,42.25311,7.480594305042945,2.786718204910482,-25.999999556487815
16.2861,17.88854,46.26174,3718.92334,-0.93646,42.19038,7.5605713528179175,2.816511759529433,-25.999999556487815
16.323,17.92334,46.17022,3714.9142,-0.94442,42.12676,7.642018137018082,2.846852829637861,-25.999999556487815
16.35989,17.95808,46.0781,3710.86101,-0.95082,42.06224,7.724791221650341,2.877687981554309,-25.999999556487815
16.39678,17.99273,45.98554,3706.76265,-0.95562,41.99678,7.808737954166667,2.9089603481881054,-25.999999556487815
16.43367,18.02732,45.89269,3702.61811,-0.9588,41.93039,7.893696447818207,2.940609622465807,-25.999999556487815
16.47056,18.06182,45.79972,3698.42646,-0.96034,41.86305,7.9794956366161855,2.9725720778055775,-25.999999556487815
16.50744,18.09625,45.70679,3694.18686,-0.96022,41.79475,8.065955409412771,3.004780618065841,-25.999999556487815
16.54433,18.1306,45.61405,3689.89857,-0.95843,41.72547,8.15288682919706,3.037164859238802,-25.999999556487815
16.5812,18.16487,45.52168,3685.56096,-0.95495,41.65521,8.240092443185825,3.0696512449674147,-25.999999556487815
16.61808,18.19906,45.42983,3681.1735,-0.94979,41.58397,8.327366688557795,3.1021631976920716,-25.999999556487815
16.65496,18.23316,45.33867,3676.73579,-0.94294,41.51173,8.414496397834853,3.1346213069183992,-25.999999556487815
16.69183,18.26719,45.24836,3672.24755,-0.9344,41.43851,8.501261406864565,3.1669435557067516,-25.999999556487815
16.7287,18.30113,45.15907,3667.70859,-0.92417,41.36429,8.587435267182112,3.199045586045763,-25.999999556487815
16.76556,18.33498,45.07095,3663.11891,-0.91228,41.28908,8.672786063167218,3.230841003264813,-25.999999556487815
16.80242,18.36875,44.98415,3658.47861,-0.89874,41.21289,8.757077332920087,3.2622417190845425,-25.999999556487815
16.83928,18.40243,44.89884,3653.78792,-0.88357,41.13573,8.84006909019204,3.2931583323129003,-25.999999556487815
16.87614,18.43602,44.81517,3649.04723,-0.86679,41.0576,8.921518942966165,3.323500545545867,-25.999999556487815
16.91299,18.46952,44.73329,3644.25707,-0.84844,40.97852,9.001183302518001,3.3531776155743773,-25.999999556487815
16.94984,18.50293,44.65333,3639.41811,-0.82856,40.8985,9.078818674978818,3.3820988345256198,-25.999999556487815
16.98669,18.53625,44.57545,3634.53116,-0.80719,40.81756,9.154183025578172,3.410174038079286,-25.999999556487815
17.02353,18.56948,44.49977,3629.5972,-0.78438,40.73572,9.227037204035367,3.4373141364633932,-25.999999556487815
17.06037,18.60261,44.42643,3624.61733,-0.76017,40.65301,9.297146417836977,3.4634316632889295,-25.999999556487815
17.0972,18.63565,44.35554,3619.5928,-0.73464,40.56945,9.364281738630947,3.4884413367212845,-25.999999556487815
17.13403,18.6686,44.28724,3614.525,-0.70783,40.48507,9.428221625625358,3.512260626986381,-25.999999556487815
17.17085,18.70144,44.22162,3609.41547,-0.67983,40.39989,9.488753448755997,3.534810323790665,-25.999999556487815
17.20767,18.73419,44.1588,3604.26588,-0.65069,40.31396,9.545674993515298,3.5560150969094844,-25.999999556487815
17.24449,18.76685,44.09886,3599.07801,-0.62051,40.2273,9.598795928845751,3.5758040430160065,-25.999999556487815
17.28129,18.7994,44.04189,3593.85379,-0.58935,40.13996,9.647939219250544,3.594111211729582,-25.999999556487815
17.3181,18.83186,43.98798,3588.59525,-0.5573,40.05197,9.692942462476328,3.610876103937781,-25.999999556487815
17.35489,18.86421,43.9372,3583.30452,-0.52446,39.96337,9.73365913463195,3.62604413563587,-25.999999556487815
17.39168,18.89646,43.8896,3577.98386,-0.49091,39.87421,9.769959725512935,3.639567060865067,-25.999999556487815
17.42847,18.92862,43.84525,3572.63558,-0.45675,39.78453,9.801732748204426,3.6514033478161876,-25.999999556487815
17.46525,18.96067,43.80418,3567.26211,-0.42208,39.69438,9.82888560862024,3.6615185027558343,-25.999999556487815
17.50202,18.99262,43.76642,3561.86593,-0.38699,39.6038,9.85134532260626,3.669885337166268,-25.999999556487815
17.53878,19.02446,43.73201,3556.44959,-0.35159,39.51283,9.86905907040567,3.676484174298303,-25.999999556487815
17.57553,19.0562,43.70095,3551.01567,-0.31598,39.42154,9.881994580778423,3.6813029922659157,-25.999999556487815
17.61228,19.08784,43.67326,3545.56682,-0.28026,39.32997,9.89014033964141,3.6843375017701923,-25.999999556487815
17.64902,19.11938,43.64892,3540.1057,-0.24453,39.23816,9.89350562080831,3.685591157550739,-25.999999556487815
17.68575,19.15081,43.62793,3534.63497,-0.20891,39.14617,9.89212033919347,3.685075103700258,-25.999999556487815
17.72248,19.18214,43.61025,3529.15733,-0.17349,39.05405,9.886034729570737,3.6828080539937647,-25.999999556487815
17.75919,19.21336,43.59586,3523.67544,-0.13837,38.96184,9.875318856622837,3.678816109369085,-25.999999556487815
17.79589,19.24448,43.5847,3518.19195,-0.10367,38.8696,9.860061964523346,3.673132515629034,-25.999999556487815
17.83259,19.2755,43.57674,3512.7095,-0.06946,38.77736,9.840371676595435,3.6657973652932316,-25.999999556487815
17.86928,19.30641,43.57191,3507.23065,-0.03587,38.68519,9.816373057606691,3.6568572482782566,-25.999999556487815
17.90595,19.33721,43.57013,3501.75796,-0.00296,38.59312,9.78820755302262,3.6463648567416627,-25.999999556487815
17.94262,19.36792,43.57133,3496.29388,0.02915,38.5012,9.756031820962464,3.6343785499547923,-25.999999556487815
17.97927,19.39852,43.57544,3490.84084,0.06038,38.40948,9.72001647362982,3.6209618854525627,-25.999999556487815
18.01591,19.42902,43.58234,3485.40115,0.09065,38.31799,9.68034474576894,3.6061831229984027,-25.999999556487815
18.05255,19.45941,43.59194,3479.97705,0.11987,38.22677,9.637211107971979,3.5901147080047204,-25.999999556487815
18.08917,19.48971,43.60414,3474.57071,0.14798,38.13587,9.590819842746544,3.572832741080596,-25.999999556487815
18.12578,19.5199,43.61883,3469.18418,0.17489,38.04531,9.54138360087316,3.5544164402369534,-25.999999556487815
18.16238,19.54999,43.63587,3463.81941,0.20053,37.95513,9.489121954991186,3.5349476020592556,-25.999999556487815
18.19896,19.57998,43.65515,3458.47823,0.22485,37.86537,9.434259966449273,3.5145100678215977,-25.999999556487815
18.23554,19.60987,43.67655,3453.1624,0.24779,37.77605,9.377026780331411,3.493189200096936,-25.999999556487815
18.2721,19.63966,43.69991,3447.87352,0.26929,37.6872,9.317654262265473,3.4710713749324054,-25.999999556487815
18.30865,19.66935,43.72511,3442.6131,0.2893,37.59885,9.256375689148511,3.448243494110042,-25.999999556487815
18.34519,19.69894,43.75201,3437.38251,0.30778,37.51101,9.193424504354883,3.424792521429058,-25.999999556487815
18.38171,19.72844,43.78046,3432.18303,0.3247,37.42371,9.129033146379154,3.400805046344504,-25.999999556487815
18.41822,19.75783,43.81031,3427.0158,0.34001,37.33696,9.063431958192218,3.3763668776737266,-25.999999556487815
18.45472,19.78714,43.84142,3421.88182,0.35369,37.25079,8.996848182941974,3.351562669468447,-25.999999556487815
18.49121,19.81634,43.87363,3416.78202,0.36571,37.16519,8.929505050059806,3.326475580565372,-25.999999556487815
18.52768,19.84545,43.90679,3411.71718,0.37606,37.08019,8.861620954284994,3.301186968751198,-25.999999556487815
18.56414,19.87447,43.94076,3406.68796,0.38473,36.99579,8.793408728685304,3.2757761199436404,-25.999999556487815
18.60058,19.9034,43.97537,3401.69491,0.3917,36.91199,8.725075011450615,3.2503200123054095,-25.999999556487815
18.63701,19.93223,44.01047,3396.73849,0.39698,36.8288,8.656819705051987,3.2248931147667235,-25.999999556487815
18.67343,19.96097,44.04592,3391.81902,0.40055,36.74623,8.588835525285653,3.1995672190323394,-25.999999556487815
18.70983,19.98962,44.08156,3386.93672,0.40244,36.66426,8.521307636841575,3.174411303821242,-25.999999556487815
18.74622,20.01818,44.11724,3382.09173,0.40263,36.58291,8.454413371250231,3.1494914297944097,-25.999999556487815
18.7826,20.04665,44.15281,3377.28407,0.40116,36.50215,8.388322022425703,3.1248706633892263,-25.999999556487815
18.81896,20.07504,44.18813,3372.51366,0.39803,36.42199,8.323194714598651,3.100609027621049,-25.999999556487815
18.85531,20.10333,44.22305,3367.78034,0.39326,36.34242,8.25918433697698,3.0767634777425785,-25.999999556487815
18.89164,20.13154,44.25743,3363.08385,0.38689,36.26343,8.19643553929907,3.0533878995873254,-25.999999556487815
18.92796,20.15967,44.29113,3358.42387,0.37893,36.185,8.13508478228411,3.0305331283636834,-25.999999556487815
18.96427,20.1877,44.32402,3353.79996,0.36942,36.10712,8.075260436963768,3.0082469856585976,-25.999999556487815
19.00056,20.21566,44.35596,3349.21163,0.35839,36.02978,8.01708292690081,2.9865743324177285,-25.999999556487815
19.03684,20.24353,44.38682,3344.65831,0.34588,35.95296,7.960664907434496,2.9655571357190946,-25.999999556487815
19.0731,20.27132,44.41649,3340.13935,0.33193,35.87664,7.906111476281017,2.9452345472272627,-25.999999556487815
19.10935,20.29902,44.44483,3335.65405,0.31657,35.80081,7.8535204100471185,2.9256429913009026,-25.999999556487815
19.14558,20.32664,44.47174,3331.20164,0.29986,35.72544,7.802982421450392,2.9068162608141135,-25.999999556487815
19.1818,20.35419,44.4971,3326.78127,0.28184,35.65051,7.754581432401048,2.8887856188865655,-25.999999556487815
19.21801,20.38165,44.5208,3322.39207,0.26255,35.57601,7.708394858359634,2.8715799048142374,-25.999999556487815
19.2542,20.40903,44.54274,3318.03309,0.24205,35.5019,7.664493899753018,2.8552256426295335,-25.999999556487815
19.29038,20.43633,44.56282,3313.70333,0.22039,35.42816,7.622943836547467,2.8397471508375065,-25.999999556487815
19.32655,20.46355,44.58095,3309.40175,0.19763,35.35477,7.583804322432899,2.8251666520072343,-25.999999556487815
19.3627,20.4907,44.59703,3305.12726,0.17381,35.2817,7.547129675378338,2.811504381011371,-25.999999556487815
19.39883,20.51777,44.611,3300.87873,0.14899,35.20893,7.5129691616675895,2.798778690836907,-25.999999556487815
19.43495,20.54476,44.62276,3296.65499,0.12324,35.13642,7.481367270802004,2.787006154993684,-25.999999556487815
19.47106,20.57167,44.63225,3292.45482,0.09662,35.06415,7.452363978973629,2.7762016656650794,-25.999999556487815
19.50716,20.59851,44.63939,3288.27698,0.06917,34.9921,7.425994999078783,2.7663785268446315,-25.999999556487815
19.54323,20.62527,44.64414,3284.12018,0.04096,34.92022,7.402292015487601,2.7575485417938834,-25.999999556487815
19.5793,20.65196,44.64642,3279.98312,0.01207,34.8485,7.381282902054256,2.749722094256919,-25.999999556487815
19.61535,20.67857,44.64619,3275.86445,-0.01747,34.7769,7.362991922052124,2.742908222941476,-25.999999556487815
19.65139,20.7051,44.64341,3271.7628,-0.04757,34.70539,7.34743990890273,2.737114688845234,-25.999999556487815
19.68741,20.73156,44.63803,3267.67676,-0.07817,34.63394,7.334644426813357,2.7323480350975466,-25.999999556487815
19.72342,20.75795,44.63003,3263.60492,-0.10921,34.56252,7.324619910547024,2.7286136390274405,-25.999999556487815
19.75942,20.78426,44.61936,3259.54581,-0.14063,34.4911,7.31737778374757,2.7259157562428196,-25.999999556487815
19.7954,20.81049,44.60602,3255.49799,-0.17236,34.41964,7.312926555356195,2.724257556548164,-25.999999556487815
19.83135,20.83668,44.59081,3251.45762,-0.18478,34.4328,7.310405558600025,2.723318418925075,0.0
19.86725,20.86285,44.57456,3247.42155,-0.19739,34.44598,7.308957815918895,2.722779096683951,0.0
19.9031,20.88901,44.55724,3243.38919,-0.21016,34.45917,7.308591923868256,2.722642792267889,0.0
19.9389,20.91515,44.53886,3239.35999,-0.22305,34.47238,7.309314822286369,2.7229120909492384,0.0
19.97465,20.94126,44.51941,3235.33336,-0.23604,34.48561,7.311131330316927,2.7235887879858245,0.0
20.01035,20.96737,44.49888,3231.30872,-0.2491,34.49886,7.314044149701072,2.724673889847308,0.0
20.046,20.99345,44.47726,3227.28545,-0.2622,34.51213,7.318053867619837,2.7261676152740772,0.0
20.0816,21.01952,44.45457,3223.26297,-0.27532,34.52542,7.323158959029381,2.7280693961471707,0.0
20.11715,21.04556,44.4308,3219.24065,-0.28841,34.53873,7.329355788546568,2.7303778781907204,0.0
20.15265,21.07159,44.40596,3215.21788,-0.30146,34.55205,7.336638611928494,2.733090921523104,0.0
20.1881,21.09761,44.38005,3211.19404,-0.31444,34.5654,7.3449995772553445,2.7362056010975926,0.0
20.2235,21.1236,44.35309,3207.1685,-0.32731,34.57876,7.354428725994352,2.7397182070987083,0.0
20.25885,21.14958,44.32509,3203.14065,-0.34004,34.59214,7.3649139940898305,2.7436242453482813,0.0
20.29415,21.17554,44.29607,3199.10986,-0.35262,34.60554,7.376441213350527,2.747918437822283,0.0
20.3294,21.20148,44.26604,3195.0755,-0.365,34.61895,7.38899411336624,2.752594723364814,0.0
20.3646,21.2274,44.23501,3191.03696,-0.37717,34.63239,7.40255432428927,2.7576462587242654,0.0
20.39974,21.25331,44.20303,3186.99363,-0.38909,34.64584,7.417101380778903,2.763065420022745,0.0
20.43484,21.27919,44.17009,3182.94488,-0.40074,34.65931,7.432612727517016,2.768843804810788,0.0
20.46989,21.30506,44.13625,3178.89012,-0.41209,34.6728,7.449063726648637,2.7749722348391552,0.0
20.50489,21.33091,44.10152,3174.82874,-0.42311,34.6863,7.466427667612717,2.7814407597210575,0.0
20.53984,21.35675,44.06592,3170.76017,-0.43379,34.69983,7.484675779765383,2.7882386616346535,0.0
20.57474,21.38256,44.02951,3166.68383,-0.44409,34.71337,7.50377724829633,2.7953544612523165,0.0
20.60958,21.40836,43.9923,3162.59914,-0.454,34.72692,7.523699233884991,2.8027759250630804,0.0
20.64438,21.43413,43.95434,3158.50556,-0.46349,34.7405,7.544406896614857,2.8104900742813537,0.0
20.67913,21.45989,43.91567,3154.40255,-0.47253,34.75409,7.565863424615276,2.818483195516738,0.0
20.71382,21.48563,43.87631,3150.28959,-0.48111,34.76769,7.588030067939878,2.8267408533946403,0.0
20.74847,21.51135,43.83632,3146.16616,-0.48921,34.78132,7.610866178174516,2.8352479053112645,0.0
20.78306,21.53706,43.79574,3142.0318,-0.49682,34.79496,7.634329254242642,2.8439885184973277,0.0
20.8176,21.56274,43.7546,3137.88602,-0.5039,34.80861,7.6583749948864694,2.8529461895686676,0.0
20.85209,21.5884,43.71296,3133.72838,-0.51044,34.82228,7.682957358244214,2.862103766720334,0.0
20.88653,21.61405,43.67087,3129.55846,-0.51644,34.83597,7.708028628959453,2.8714434747265947,0.0
20.92092,21.63967,43.62836,3125.37586,-0.52187,34.84967,7.733539493169736,2.880946942876159,0.0
20.95526,21.66528,43.58548,3121.18019,-0.52673,34.86339,7.759439121727924,2.8905952359743257,0.0
20.98954,21.69086,43.54229,3116.97112,-0.531,34.87712,7.785675261921613,2.9003688885108687,0.0
21.02378,21.71643,43.49884,3112.74831,-0.53467,34.89087,7.8121943379103325,2.9102479420755505,0.0
21.05796,21.74198,43.45517,3108.51148,-0.53774,34.90463,7.838941560055491,2.920211986086392,0.0
21.09209,21.7675,43.41133,3104.26035,-0.54019,34.91841,7.865861043222922,2.9302402018604896,0.0
21.12616,21.79301,43.36738,3099.99469,-0.54202,34.9322,7.892895934058131,2.9403114100273937,0.0
21.16019,21.8185,43.32337,3095.71429,-0.54324,34.946,7.919988547190425,2.9504041212687273,0.0
21.19416,21.84396,43.27935,3091.41898,-0.54382,34.95982,7.947080510188408,2.960496590317924,0.0
21.22808,21.86941,43.23536,3087.10861,-0.54379,34.97365,7.974112917016969,2.970566873126993,0.0
21.26195,21.89483,43.19147,3082.78309,-0.54313,34.9875,8.001026489681891,2.980592887083392,0.0
21.29576,21.92023,43.14771,3078.44232,-0.54184,35.00136,8.027761747584739,2.9905524740991747,0.0
21.32952,21.94562,43.10415,3074.08628,-0.53995,35.01523,8.054259184089705,3.000423466386789,0.0
21.36323,21.97098,43.06082,3069.71496,-0.53744,35.02911,8.080459449637141,3.0101837546736845,0.0
21.39688,21.99632,43.01778,3065.32838,-0.53432,35.04301,8.106303540691894,3.0198113585905406,0.0
21.43048,22.02163,42.97508,3060.92661,-0.53062,35.05692,8.131732993695556,3.0292844989235816,0.0
21.46402,22.04693,42.93276,3056.50975,-0.52633,35.07084,8.156690083109453,3.038581671390802,0.0
21.49752,22.0722,42.89086,3052.07793,-0.52147,35.08477,8.181118022536438,3.0476817215651226,0.0
21.53095,22.09746,42.84944,3047.63132,-0.51605,35.09871,8.204961167857409,3.0565639205480943,0.0
21.56434,22.12269,42.80853,3043.17012,-0.5101,35.11267,8.228165221235475,3.0652080409668128,0.0
21.59766,22.1479,42.76818,3038.69457,-0.50362,35.12664,8.250677434756462,3.073594432835367,0.0
21.63094,22.17308,42.72842,3034.20494,-0.49664,35.14061,8.272446812468795,3.0817040988200115,0.0
21.66416,22.19824,42.68929,3029.70153,-0.48918,35.1546,8.293424309512853,3.0895187684200884,0.0
21.69732,22.22338,42.65083,3025.18468,-0.48125,35.1686,8.31356302702144,3.0970209705735856,0.0
21.73043,22.2485,42.61307,3020.65476,-0.47289,35.18261,8.332818401446294,3.104194104186237,0.0
21.76349,22.2736,42.57605,3016.11216,-0.46411,35.19663,8.351148386998116,3.1110225060952366,0.0
21.79648,22.29867,42.53979,3011.55731,-0.45494,35.21066,8.3685136298676,3.117491515971158,0.0
21.82943,22.32371,42.50432,3006.99067,-0.44542,35.2247,8.38487763294916,3.123587537681873,0.0
21.86232,22.34874,42.46967,3002.41271,-0.43556,35.23875,8.40020690983714,3.1292980966601944,0.0
21.89515,22.37374,42.43585,2997.82395,-0.4254,35.25281,8.4144711269224,3.134611892838594,0.0
21.92792,22.39872,42.4029,2993.2249,-0.41496,35.26687,8.427643232494287,3.1395188487430774,0.0
21.96065,22.42367,42.37082,2988.61613,-0.40429,35.28095,8.439699571834488,3.1440101523686823,0.0
21.99331,22.4486,42.33964,2983.9982,-0.3934,35.29504,8.45061998741669,3.14807829450648,0.0
22.02592,22.4735,42.30936,2979.37171,-0.38233,35.30913,8.460387903411265,3.151717100223796,0.0
22.05847,22.49838,42.28,2974.73725,-0.37112,35.32324,8.468990393842104,3.1549217542544294,0.0
22.09097,22.52324,42.25156,2970.09546,-0.35979,35.33735,8.47641823385709,3.1576888200982456,0.0
22.12341,22.54807,42.22405,2965.44697,-0.34839,35.35147,8.482665933735078,3.160016252689673,0.0
22.15579,22.57288,42.19747,2960.79241,-0.33694,35.3656,8.487731755358,3.161903404534,0.0
22.18812,22.59766,42.17182,2956.13245,-0.32547,35.37974,8.491617711081219,3.163351025286547,0.0
22.22039,22.62242,42.14709,2951.46774,-0.31404,35.39388,8.494329545028585,3.164361254784587,0.0
22.25261,22.64716,42.12328,2946.79895,-0.30266,35.40804,8.495876696999861,3.1649376096019064,0.0
22.28476,22.67187,42.10039,2942.12674,-0.29137,35.4222,8.49627224936826,3.1650849632667435,0.0
22.31686,22.69655,42.07839,2937.45177,-0.2802,35.43637,8.495532857394252,3.1648095203018523,0.0
22.34891,22.72121,42.05729,2932.77472,-0.2692,35.45055,8.493678663605962,3.1641187843289384,0.0
22.3809,22.74584,42.03705,2928.09624,-0.25838,35.46474,8.49073319695271,3.1630215205007106,0.0
22.41283,22.77045,42.01767,2923.41699,-0.24778,35.47893,8.48672325758833,3.161527712579624,0.0
22.4447,22.79504,41.99912,2918.73762,-0.23744,35.49313,8.481678788234767,3.1596485150174454,0.0
22.47652,22.8196,41.98137,2914.05876,-0.22739,35.50734,8.475632733143438,3.1573962004146416,0.0
22.50829,22.84413,41.96441,2909.38103,-0.21764,35.52156,8.468620885798103,3.1547841027856975,0.0
22.53999,22.86864,41.94821,2904.70506,-0.20824,35.53578,8.460681726492348,3.151826557052451,0.0
22.57164,22.89312,41.93273,2900.03143,-0.19921,35.55002,8.451856251047799,3.148538835237122,0.0
22.60323,22.91758,41.91795,2895.36073,-0.19058,35.56426,8.442187791905447,3.1449370798141247,0.0
22.63477,22.94202,41.90383,2890.69352,-0.18237,35.57851,8.43172183284956,3.1410382346898507,0.0
22.66625,22.96642,41.89033,2886.03035,-0.1746,35.59276,8.420505818691732,3.1368599743049663,0.0
22.69767,22.99081,41.87743,2881.37172,-0.1673,35.60703,8.408588961133372,3.1324206313130842,0.0
22.72904,23.01516,41.86508,2876.71816,-0.16049,35.6213,8.396022042083066,3.127739123311305,0.0
22.76035,23.0395,41.85324,2872.07012,-0.1542,35.63558,8.382857215648395,3.1228348790769593,0.0
22.7916,23.0638,41.84188,2867.42805,-0.14843,35.64986,8.369147809959738,3.1177277647417614,0.0
22.8228,23.08808,41.83094,2862.7924,-0.1432,35.66416,8.354948129935218,3.1124380103165605,0.0
22.85395,23.11234,41.8204,2858.16355,-0.13854,35.67846,8.34031326206729,3.106986136969209,0.0
22.88503,23.13657,41.8102,2853.54187,-0.13445,35.69277,8.325298882179865,3.101392885409033,0.0
22.91606,23.16078,41.8003,2848.92772,-0.13094,35.70709,8.309961067078875,3.0956791457217103,0.0
22.94704,23.18496,41.79065,2844.32139,-0.12803,35.72142,8.294356110910856,3.0898658889580157,0.0
22.97796,23.20911,41.78121,2839.72319,-0.12573,35.73575,8.278540346961565,3.0839741007491104,0.0
23.00882,23.23324,41.77194,2835.13336,-0.12404,35.75009,8.262569975552102,3.0780247171933235,0.0
23.03963,23.25735,41.76279,2830.55214,-0.12296,35.76444,8.246500898577315,3.0720385632173546,0.0
23.07039,23.28143,41.7537,2825.97972,-0.12251,35.7788,8.230388561168093,3.066036293591307,0.0
23.10109,23.30549,41.74464,2821.41626,-0.12268,35.79317,8.214287800846982,3.0600383367351935,0.0
23.13173,23.32952,41.73556,2816.86191,-0.12347,35.80755,8.198252704484325,3.054064841431326,0.0
23.16232,23.35352,41.72642,2812.31677,-0.12489,35.82193,8.182336473248826,3.0481356265148554,0.0
23.19285,23.3775,41.71716,2807.78091,-0.12692,35.83632,8.166591295707322,3.0422701336000904,0.0
23.22333,23.40146,41.70774,2803.25439,-0.12957,35.85072,8.1510682291155,3.0364873828581733,0.0
23.25375,23.42539,41.69813,2798.73721,-0.13283,35.86513,8.135817088900737,3.0308059318465244,0.0
23.28412,23.4493,41.68826,2794.22938,-0.13669,35.87955,8.12088634624365,3.025243837355276,0.0
23.31444,23.47318,41.67811,2789.73084,-0.14114,35.89398,8.106323033642356,3.019818620227478,0.0
23.3447,23.49703,41.66763,2785.24153,-0.14617,35.90841,8.092172658273574,3.0145472330838237,0.0
23.37491,23.52087,41.65678,2780.76135,-0.15177,35.92285,8.078479122894064,3.009446030856356,0.0
23.40506,23.54467,41.64552,2776.29018,-0.15793,35.93731,8.065284654042618,3.004530744041823,0.0
23.43516,23.56846,41.63381,2771.82786,-0.16463,35.95177,8.05262973721866,2.9998164545539976,0.0
23.46521,23.59222,41.62162,2767.37422,-0.17185,35.96624,8.040553058698674,2.9953175740487663,0.0
23.4952,23.61595,41.6089,2762.92906,-0.17958,35.98072,8.029091453657593,2.991047824597985,0.0
23.52514,23.63966,41.59563,2758.49215,-0.1878,35.9952,8.018279860200082,2.9870202215649178,0.0
23.55502,23.66335,41.58177,2754.06323,-0.1965,36.0097,8.00815127893987,2.9832470585464765,0.0
23.58485,23.68701,41.56728,2749.64204,-0.20564,36.02421,7.998736737741831,2.9797398942387203,0.0
23.61463,23.71064,41.55215,2745.22828,-0.2152,36.03872,7.990065261227024,2.976509541076676,0.0
23.64435,23.73426,41.53634,2740.82163,-0.22518,36.05325,7.982163844670435,2.9735660555105645,0.0
23.67402,23.75784,41.51983,2736.42176,-0.23553,36.06778,7.975057431937839,2.9709187297867006,0.0
23.70364,23.78141,41.50259,2732.0283,-0.24624,36.08232,7.968768897075732,2.968576085089255,0.0
23.73321,23.80495,41.4846,2727.64088,-0.25728,36.09687,7.963319029232949,2.9665458659231656,0.0
23.76272,23.82846,41.46584,2723.25912,-0.26863,36.11143,7.958726520598425,2.9648350356206317,0.0
23.79218,23.85195,41.44629,2718.88259,-0.28025,36.126,7.955007957036836,2.9634497728526425,0.0
23.82159,23.87542,41.42593,2714.51087,-0.29213,36.14058,7.95217781118949,2.962395469058888,0.0
23.85094,23.89886,41.40476,2710.14353,-0.30423,36.15517,7.950248437750285,2.9616767266879136,0.0
23.88024,23.92228,41.38276,2705.7801,-0.31652,36.16976,7.949230070747261,2.961297358184439,0.0
23.90949,23.94567,41.35992,2701.42014,-0.32898,36.18437,7.949130822615283,2.9612603856439015,0.0
23.93869,23.96904,41.33622,2697.06315,-0.34158,36.19898,7.949956684939816,2.9615680410895355,0.0
23.96783,23.99239,41.31168,2692.70865,-0.35429,36.21361,7.951711530722523,2.962221767316365,0.0
23.99692,24.01571,41.28627,2688.35614,-0.36707,36.22824,7.9543971181149455,2.9632222192820996,0.0
24.02596,24.03901,41.26001,2684.00513,-0.37991,36.24288,7.958013095561219,2.9645692660229286,0.0
24.05495,24.06228,41.23288,2679.6551,-0.39276,36.25753,7.96255700832743,2.9662619930858836,0.0
24.08388,24.08553,41.2049,2675.30553,-0.4056,36.27219,7.96802430644955,2.9682987054896435,0.0
24.11277,24.10875,41.17607,2670.95591,-0.4184,36.28685,7.974408354145652,2.9706769312308463,0.0
24.14159,24.13195,41.14639,2666.60571,-0.43113,36.30153,7.981700440772175,2.9733934253655727,0.0
24.17037,24.15513,41.11588,2662.2544,-0.44376,36.31621,7.989889793456983,2.976444174715501,0.0
24.1991,24.17828,41.08454,2657.90146,-0.45627,36.3309,7.9989635915305835,2.9798244032439127,0.0
24.22777,24.20141,41.05239,2653.54636,-0.46861,36.3456,8.008906982948496,2.9835285781734586,0.0
24.25639,24.22451,41.01944,2649.18857,-0.48077,36.36031,8.019703102886117,2.9875504169132348,0.0
24.28496,24.24758,40.9857,2644.82758,-0.49271,36.37503,8.031333094742692,2.991882894883311,0.0
24.31347,24.27064,40.95121,2640.46286,-0.50441,36.38975,8.043776133795271,2.996518254326459,0.0
24.34194,24.29366,40.91597,2636.09391,-0.51585,36.40448,8.057009453747533,3.00144801419828,0.0
24.37035,24.31667,40.88002,2631.72021,-0.52699,36.41922,8.071008376463054,3.0066629812436356,0.0
24.39871,24.33964,40.84337,2627.34127,-0.5378,36.43397,8.08574634518326,3.012153262371208,0.0
24.42701,24.3626,40.80604,2622.9566,-0.54828,36.44872,8.101194961485133,3.0179082784212135,0.0
24.45526,24.38552,40.76808,2618.56572,-0.55838,36.46348,8.117324026329127,3.023916779456838,0.0
24.48346,24.40843,40.7295,2614.16817,-0.56809,36.47825,8.134101585450583,3.0301668616737296,0.0
24.51161,24.4313,40.69033,2609.76347,-0.57739,36.49303,8.151493979416571,3.0366459860474873,0.0
24.53971,24.45415,40.65061,2605.35121,-0.58625,36.50781,8.169465898625791,3.0433409988225746,0.0
24.56775,24.47698,40.61037,2600.93094,-0.59466,36.5226,8.187980443527627,3.050238153945503,0.0
24.59574,24.49978,40.56964,2596.50226,-0.6026,36.53739,8.206999190304323,3.057323137533168,0.0
24.62368,24.52255,40.52846,2592.06477,-0.61004,36.55219,8.226482262255656,3.064581094465514,0.0
24.65156,24.5453,40.48686,2587.6181,-0.61698,36.567,8.246388407086764,3.0719966571772948,0.0
24.67939,24.56802,40.44488,2583.1619,-0.62339,36.58181,8.266675080264454,3.0795539767104807,0.0
24.70717,24.59072,40.40256,2578.69583,-0.62927,36.59663,8.287298534578886,3.087236756078347,0.0
24.73489,24.61339,40.35993,2574.21957,-0.6346,36.61145,8.308213915999918,3.0950282859744873,0.0
24.76256,24.63604,40.31704,2569.73285,-0.63937,36.62628,8.329375365850575,3.1029114828351134,0.0
24.79018,24.65865,40.27392,2565.23538,-0.64357,36.64111,8.350736129333118,3.110868929267873,0.0
24.81774,24.68124,40.23061,2560.72692,-0.6472,36.65595,8.372248670283481,3.118882916800901,0.0
24.84525,24.70381,40.18716,2556.20726,-0.65024,36.67079,8.39386479208701,3.1269354909271105,0.0
24.87271,24.72634,40.1436,2551.67621,-0.6527,36.68564,8.415535764536152,3.135008498362018,0.0
24.90011,24.74885,40.09997,2547.1336,-0.65457,36.70049,8.437212456395756,3.1430836364278094,0.0
24.92746,24.77134,40.05631,2542.57928,-0.65585,36.71535,8.458845473362459,3.151142504446839,0.0
24.95475,24.79379,40.01267,2538.01315,-0.65654,36.73021,8.480385301038073,3.1591666570029804,0.0
24.98199,24.81622,39.96908,2533.43513,-0.65664,36.74507,8.501782452474437,3.1671376589059643,0.0
25.00918,24.83862,39.92558,2528.84515,-0.65615,36.75994,8.52298761976625,3.1750371416636947,0.0
25.03631,24.86099,39.88221,2524.24319,-0.65509,36.7748,8.543951829138424,3.1828468612563756,0.0
25.06338,24.88334,39.83901,2519.62926,-0.65345,36.78968,8.564626598862043,3.190548756964355,0.0
25.0904,24.90565,39.79602,2515.00338,-0.65125,36.80455,8.584964099329635,3.198125011000376,0.0
25.11737,24.92794,39.75327,2510.36562,-0.6485,36.81943,8.604917314515996,3.2055581086579825,0.0
25.14428,24.9502,39.71079,2505.71606,-0.64521,36.83431,8.624440204034753,3.2128308986818586,0.0
25.17114,24.97243,39.66863,2501.05482,-0.64139,36.84919,8.643487864938333,3.2199266535425632,0.0
25.19794,24.99463,39.62681,2496.38205,-0.63706,36.86407,8.662016692399503,3.2268291292946407,0.0
25.22469,25.01681,39.58537,2491.69791,-0.63223,36.87895,8.679984538330757,3.233522624666512,0.0
25.25138,25.03895,39.54434,2487.00262,-0.62692,36.89384,8.697350867033022,3.239992039043714,0.0
25.27802,25.06107,39.50375,2482.2964,-0.62116,36.90873,8.714076906923278,3.24622292899143,0.0
25.3046,25.08315,39.46362,2477.5795,-0.61497,36.92362,8.730125797390198,3.2522015629620804,0.0
25.33112,25.10521,39.42398,2472.85221,-0.60836,36.93851,8.745462729843963,3.2579149738400868,0.0
25.35759,25.12724,39.38486,2468.11483,-0.60135,36.95339,8.760055082009245,3.263351008969548,0.0
25.38401,25.14923,39.34627,2463.36768,-0.59399,36.96829,8.773872544617756,3.26849837735054,0.0
25.41036,25.1712,39.30825,2458.61113,-0.58628,36.98318,8.786887239569452,3.27334669365728,0.0
25.43667,25.19314,39.27081,2453.84554,-0.57827,36.99807,8.799073828799798,3.2778865187940447,0.0
25.46291,25.21505,39.23396,2449.0713,-0.56997,37.01296,8.810409613061909,3.2821093966941155,0.0
25.4891,25.23692,39.19773,2444.28884,-0.56142,37.02785,8.82087461995065,3.286007887111074,0.0
25.51523,25.25877,39.16211,2439.49857,-0.55264,37.04274,8.830451680511072,3.28957559415746,0.0
25.54131,25.28059,39.12714,2434.70095,-0.54366,37.05763,8.839126493930278,3.292807190404193,0.0
25.56733,25.30237,39.09281,2429.89644,-0.53453,37.07252,8.846887679801036,3.2956984363501403,0.0
25.5933,25.32413,39.05914,2425.08552,-0.52526,37.08741,8.85372681764604,3.298246195145951,0.0
25.6192,25.34585,39.02612,2420.26867,-0.5159,37.10229,8.859638473382697,3.30044844245288,0.0
25.64506,25.36754,38.99376,2415.44639,-0.50647,37.11718,8.864620212589758,3.302304271384958,0.0
25.67085,25.38921,38.96206,2410.61918,-0.49701,37.13207,8.868672600473118,3.303813892496252,0.0
25.69659,25.41084,38.93103,2405.78757,-0.48754,37.14695,8.871799188590373,3.3049786288354133,0.0
25.72227,25.43244,38.90065,2400.95207,-0.47811,37.16184,8.874006488454869,3.3058009061124927,0.0
25.7479,25.45401,38.87092,2396.1132,-0.46874,37.17672,8.875303932210269,3.306284238049179,0.0
25.77347,25.47554,38.84184,2391.27149,-0.45947,37.1916,8.875703820774763,3.306433207061155,0.0
25.79898,25.49705,38.81339,2386.42747,-0.45032,37.20648,8.87522125978321,3.3062534403948565,0.0
25.82444,25.51852,38.78557,2381.58166,-0.44134,37.22135,8.873874083899226,3.3057515819317427,0.0
25.84983,25.53997,38.75835,2376.73458,-0.43255,37.23623,8.871682770039406,3.3049352598620216,0.0
25.87518,25.56138,38.73173,2371.88675,-0.42398,37.25111,8.868670340158156,3.3038130504694556,0.0
25.90046,25.58276,38.70569,2367.03869,-0.41567,37.26598,8.864862254335797,3.302394438303858,0.0
25.92569,25.6041,38.68021,2362.19089,-0.40763,37.28085,8.860286294928972,3.300689773024078,0.0
25.95086,25.62542,38.65527,2357.34386,-0.39991,37.29572,8.854972442584222,3.2987102232097887,0.0
25.97598,25.6467,38.63084,2352.49808,-0.39253,37.31059,8.848952745000663,3.2964677274721366,0.0
26.00104,25.66795,38.60691,2347.65402,-0.3855,37.32545,8.842261179307961,3.293974943185917,0.0
26.02604,25.68917,38.58345,2342.81215,-0.37887,37.34031,8.834933508961536,3.2912451931792615,0.0
26.05099,25.71036,38.56043,2337.97291,-0.37265,37.35518,8.827007136080868,3.2882924107257914,0.0
26.07588,25.73152,38.53782,2333.13673,-0.36686,37.37004,8.818520950120709,3.285131083170641,0.0
26.10071,25.75264,38.5156,2328.30402,-0.36153,37.38489,8.809515173795905,3.281776194533416,0.0
26.12549,25.77373,38.49373,2323.4752,-0.35668,37.39975,8.80003120713566,3.2782431674142942,0.0
26.15021,25.79479,38.4722,2318.65062,-0.35232,37.41461,8.790111470532509,3.2745478045256404,0.0
26.17488,25.81582,38.45095,2313.83066,-0.34847,37.42946,8.779799247607633,3.27070623015521,0.0
26.19949,25.83681,38.42997,2309.01565,-0.34515,37.44431,8.76913852869293,3.2667348318590856,0.0
26.22404,25.85778,38.40921,2304.20591,-0.34237,37.45916,8.758173855675771,3.2626502026622854,0.0
26.24854,25.87871,38.38865,2299.40174,-0.34014,37.47401,8.746950168886961,3.25846908402048,0.0
26.27298,25.89961,38.36825,2294.6034,-0.33848,37.48885,8.735512656708817,3.254208309795064,0.0
26.29737,25.92047,38.34797,2289.81116,-0.33739,37.50369,8.723906608471133,3.2498847514530205,0.0
26.3217,25.94131,38.32779,2285.02524,-0.33688,37.51854,8.712177271178822,3.245515264694195,0.0
26.34597,25.96211,38.30765,2280.24584,-0.33696,37.53338,8.700369710542097,3.241116637681397,0.0
26.37019,25.98288,38.28754,2275.47314,-0.33763,37.54822,8.68852867672924,3.2367055410297576,0.0
26.39435,26.00362,38.26742,2270.70731,-0.33889,37.56305,8.676698475198545,3.232298479688238,0.0
26.41846,26.02433,38.24724,2265.94847,-0.34075,37.57789,8.664922842894365,3.2279117468193985,0.0
26.44251,26.045,38.22698,2261.19673,-0.34319,37.59272,8.65324483007019,3.2235613797753833,0.0
26.46651,26.06564,38.2066,2256.45218,-0.34623,37.60756,8.641706687910512,3.219263118234112,0.0
26.49045,26.08625,38.18606,2251.71487,-0.34985,37.62239,8.630349762078687,3.215032364543054,0.0
26.51434,26.10683,38.16534,2246.98485,-0.35406,37.63722,8.619214392290662,3.210884146307802,0.0
26.53817,26.12738,38.14439,2242.26211,-0.35883,37.65205,8.60833981794694,3.206833081237494,0.0
26.56195,26.14789,38.1232,2237.54666,-0.36417,37.66688,8.597764089802208,3.202893344239427,0.0
26.58567,26.16837,38.10172,2232.83845,-0.37007,37.6817,8.587523987644,3.1990786367521915,0.0
26.60934,26.18882,38.07992,2228.13743,-0.3765,37.69653,8.577654943912975,3.1954021582922163,0.0
26.63296,26.20924,38.05778,2223.44351,-0.38347,37.71135,8.568190973122393,3.1918765801606654,0.0
26.65652,26.22963,38.03527,2218.7566,-0.39095,37.72618,8.55916460696017,3.1885140212672507,0.0
26.68002,26.24998,38.01236,2214.07657,-0.39892,37.741,8.550606834931619,3.185326026018082,0.0
26.70347,26.2703,37.98902,2209.40327,-0.40738,37.75582,8.542547050320875,3.182323544184883,0.0
26.72687,26.29059,37.96522,2204.73653,-0.4163,37.77064,8.535013001338884,3.1795169127063323,0.0
26.75021,26.31085,37.94095,2200.07618,-0.42567,37.78546,8.528030747201754,3.176915839326089,0.0
26.7735,26.33108,37.91618,2195.42201,-0.43546,37.80028,8.52162461897785,3.174529388007306,0.0
26.79674,26.35127,37.89089,2190.77378,-0.44564,37.81509,8.515817184961008,3.172365966033248,0.0
26.81992,26.37144,37.86506,2186.13127,-0.45621,37.82991,8.510629220385786,3.170433312725414,0.0
26.84304,26.39157,37.83866,2181.49421,-0.46713,37.84473,8.506079681264694,3.1687384896972284,0.0
26.86612,26.41167,37.81169,2176.86232,-0.47839,37.85954,8.50218568214909,3.1672878725693834,0.0
26.88914,26.43173,37.78413,2172.23533,-0.48994,37.87435,8.498962477647456,3.1660871440849108,0.0
26.9121,26.45177,37.75596,2167.61292,-0.50178,37.88917,8.496423447475806,3.165141288540066,0.0
26.93502,26.47177,37.72718,2162.99477,-0.51387,37.90398,8.494580084937265,3.1644545874926724,0.0
26.95788,26.49174,37.69776,2158.38056,-0.52619,37.91879,8.493441988640548,3.164030616677029,0.0
26.98068,26.51168,37.66771,2153.76995,-0.5387,37.9336,8.493016857327422,3.1638722440770115,0.0
27.00344,26.53159,37.63701,2149.16257,-0.55138,37.9484,8.493310487727326,3.1639816291268565,0.0
27.02614,26.55147,37.60566,2144.55807,-0.56421,37.96321,8.494326775309998,3.1643602229915384,0.0
27.04878,26.57131,37.57366,2139.95607,-0.57714,37.97802,8.496067717879578,3.1650087699056617,0.0
27.07138,26.59112,37.541,2135.3562,-0.59016,37.99282,8.498533421958077,3.1659273095514817,0.0
27.09392,26.6109,37.50768,2130.75806,-0.60324,38.00762,8.501722111914086,3.167115180459578,0.0
27.11641,26.63065,37.4737,2126.16127,-0.61634,38.02243,8.505630141828028,3.168571024428976,0.0
27.13884,26.65037,37.43906,2121.56543,-0.62943,38.03723,8.510252010100082,3.1702927919689894,0.0
27.16122,26.67005,37.40378,2116.97013,-0.6425,38.05203,8.515580376817828,3.1722777487691167,0.0
27.18355,26.6897,37.36785,2112.37497,-0.6555,38.06682,8.521606083935161,3.174522483216218,0.0
27.20583,26.70932,37.33128,2107.77955,-0.66841,38.08162,8.528318178306868,3.177022914975511,0.0
27.22805,26.7289,37.29409,2103.18345,-0.68121,38.09641,8.535703937661422,3.1797743046661067,0.0
27.25022,26.74846,37.25627,2098.58628,-0.69385,38.11121,8.543748899594384,3.182771264661823,0.0
27.27234,26.76798,37.21785,2093.98763,-0.70632,38.126,8.552436893672825,3.186007771050925,0.0
27.2944,26.78747,37.17884,2089.38709,-0.7186,38.14078,8.56175007675671,3.1894771767942656,0.0
27.31641,26.80693,37.13924,2084.78427,-0.73064,38.15557,8.571668971666362,3.1931722261299442,0.0
27.33837,26.82635,37.09909,2080.17878,-0.74243,38.17035,8.582172509287988,3.1970850702587064,0.0
27.36027,26.84574,37.05839,2075.57022,-0.75394,38.18514,8.593238074234982,3.201207284353999,0.0
27.38213,26.8651,37.01716,2070.95821,-0.76515,38.19991,8.604841554210084,3.2055298859506576,0.0
27.40392,26.88443,36.97543,2066.34239,-0.77604,38.21469,8.61695739314785,3.210043354741883,0.0
27.42567,26.90372,36.93321,2061.72239,-0.78658,38.22946,8.629558648253498,3.2147376538277133,0.0
27.44736,26.92298,36.89053,2057.09785,-0.79675,38.24423,8.642617051029287,3.21960225244895,0.0
27.469,26.94221,36.8474,2052.46843,-0.80653,38.259,8.656103072382422,3.2246261502415705,0.0
27.49059,26.9614,36.80386,2047.83379,-0.8159,38.27377,8.669985991856292,3.2297979030271824,0.0
27.51212,26.98056,36.75993,2043.19363,-0.82484,38.28853,8.684233971045838,3.2351056501621835,0.0
27.53361,26.99969,36.71563,2038.54763,-0.83334,38.30328,8.698814131212947,3.240537143451534,0.0
27.55503,27.01878,36.67099,2033.8955,-0.84139,38.31804,8.713692635097136,3.246079777625392,0.0
27.57641,27.03784,36.62604,2029.23698,-0.84896,38.33278,8.728834772893002,3.251720622367976,0.0
27.59773,27.05686,36.5808,2024.57179,-0.85605,38.34753,8.744205052335793,3.2574464558768073,0.0
27.619,27.07586,36.53531,2019.8997,-0.86264,38.36227,8.759767292783952,3.263243799910936,0.0
27.64021,27.09481,36.48958,2015.22048,-0.86873,38.37701,8.77548472319491,3.269098956289501,0.0
27.66137,27.11374,36.44365,2010.53393,-0.8743,38.39174,8.791320083801061,3.274998044768706,0.0
27.68248,27.13263,36.39756,2005.83986,-0.87935,38.40646,8.807235731302718,3.280927042228962,0.0
27.70353,27.15148,36.35131,2001.13811,-0.88388,38.42119,8.823193747319765,3.286871823075983,0.0
27.72453,27.1703,36.30496,1996.42852,-0.88788,38.4359,8.839156049841126,3.292818200758647,0.0
27.74548,27.18909,36.25851,1991.71097,-0.89135,38.45061,8.855084507318342,3.298751970271849,0.0
27.76637,27.20784,36.21201,1986.98536,-0.89429,38.46532,8.870941055080682,3.3046589515242015,0.0
27.78721,27.22656,36.16549,1982.25159,-0.8967,38.48002,8.88668781363918,3.3105250334093954,0.0
27.808,27.24524,36.11896,1977.50962,-0.89858,38.49471,8.90228720848304,3.3163362184335132,0.0
27.82873,27.26389,36.07246,1972.7594,-0.89994,38.5094,8.917702090855869,3.322078667707358,0.0
27.84941,27.2825,36.02601,1968.0009,-0.90079,38.52408,8.932895859065999,3.3277387461377335,0.0
27.87003,27.30107,35.97965,1963.23414,-0.90112,38.53875,8.947832579736875,3.333303067596409,0.0
27.8906,27.31961,35.9334,1958.45914,-0.90097,38.55342,8.962477108515888,3.338758539887334,0.0
27.91111,27.33812,35.88727,1953.67595,-0.90032,38.56808,8.976795209595902,3.344092409271551,0.0
27.93157,27.35659,35.84131,1948.88463,-0.8992,38.58274,8.990753673520476,3.3492923043527445,0.0
27.95198,27.37502,35.79553,1944.08528,-0.89762,38.59738,9.004320432622382,3.35434627908112,0.0
27.97233,27.39342,35.74995,1939.27801,-0.8956,38.61202,9.017464673503996,3.3592428546553132,0.0
27.99263,27.41178,35.7046,1934.46296,-0.89315,38.62665,9.030156945951058,3.363971060095631,0.0
28.01287,27.4301,35.65949,1929.64028,-0.89029,38.64128,9.042369267667373,3.368520471260481,0.0
28.03306,27.44839,35.61466,1924.81013,-0.88705,38.65589,9.054075224217987,3.3728812480778387,0.0
28.0532,27.46665,35.5701,1919.97273,-0.88344,38.6705,9.065250063632703,3.377044169787542,0.0
28.07328,27.48486,35.52585,1915.12828,-0.87948,38.6851,9.075870785065094,3.381000667969106,0.0
28.0933,27.50304,35.48192,1910.277,-0.8752,38.69969,9.085916221015067,3.3847428571717972,0.0
28.11327,27.52118,35.43832,1905.41916,-0.87063,38.71427,9.095367112582357,3.388263562948536,0.0
28.13319,27.53929,35.39507,1900.55501,-0.86578,38.72884,9.104206177308608,3.3915563471288555,0.0
28.15305,27.55736,35.35217,1895.68483,-0.86069,38.74341,9.112418169176307,3.394615530170083,0.0
28.17285,27.57539,35.30965,1890.80893,-0.85538,38.75796,9.119989930400221,3.3974362104510183,0.0
28.1926,27.59338,35.2675,1885.9276,-0.84988,38.77251,9.126910434677267,3.4000142803836453,0.0
28.2123,27.61134,35.22573,1881.04118,-0.84422,38.78705,9.133170821650403,3.4023464392518328,0.0
28.23194,27.62925,35.18435,1876.14999,-0.83843,38.80157,9.138764422359001,3.4044302026922777,0.0
28.25153,27.64714,35.14337,1871.25438,-0.83254,38.81609,9.143686775526794,3.4062639087621873,0.0
28.27106,27.66498,35.10278,1866.3547,-0.82658,38.8306,9.147935634619943,3.407846720568596,0.0
28.29053,27.68278,35.0626,1861.45132,-0.82058,38.8451,9.151510965629898,3.4091786254424243,0.0
28.30995,27.70055,35.02281,1856.5446,-0.81456,38.85959,9.154414935627965,3.410260430674754,0.0
28.32932,27.71828,34.98342,1851.63492,-0.80857,38.87406,9.156651892183843,3.411093755849688,0.0
28.34863,27.73597,34.94442,1846.72266,-0.80263,38.88853,9.158228333837988,3.411681021844533,0.0
28.36789,27.75363,34.90581,1841.8082,-0.79677,38.90299,9.159152871788796,3.4120254365572666,0.0
28.38709,27.77124,34.86758,1836.89193,-0.79102,38.91744,9.159436183131458,3.4121309774867794,0.0
28.40623,27.78882,34.82973,1831.97424,-0.78541,38.93188,9.159090955940515,3.4120023712746783,0.0
28.42532,27.80636,34.79224,1827.05551,-0.77997,38.9463,9.158131826583615,3.4116450703530203,0.0
28.44436,27.82386,34.75511,1822.13613,-0.77474,38.96072,9.156575309681699,3.411065226852632,0.0
28.46334,27.84132,34.71832,1817.21648,-0.76973,38.97513,9.154439721193533,3.410269663950076,0.0
28.48226,27.85874,34.68187,1812.29694,-0.76498,38.98953,9.151745095106685,3.4092658448328454,0.0
28.50113,27.87613,34.64573,1807.37789,-0.76051,39.00391,9.148513094276405,3.408061839484506,0.0
28.51995,27.89347,34.6099,1802.45969,-0.75636,39.01829,9.144766915948384,3.406666289489434,0.0
28.53871,27.91078,34.57435,1797.54272,-0.75253,39.03265,9.140531192558814,3.4050883710782296,0.0
28.55741,27.92805,34.53906,1792.62731,-0.74907,39.04701,9.135831888387598,3.403337756628318,0.0
28.57606,27.94528,34.50403,1787.71383,-0.74599,39.06135,9.130696192654618,3.401424574839495,0.0
28.59466,27.96247,34.46923,1782.8026,-0.74331,39.07568,9.125152409669578,3.3993593698118585,0.0
28.6132,27.97962,34.43464,1777.89394,-0.74106,39.09001,9.119229846611175,3.3971530592405905,0.0
28.63168,27.99673,34.40024,1772.98819,-0.73925,39.10432,9.112958699554104,3.394816891958022,0.0
28.65012,28.0138,34.36601,1768.08563,-0.73791,39.11862,9.106369938291717,3.392362405027041,0.0
28.66849,28.03084,34.33192,1763.18655,-0.73704,39.13291,9.099495190538102,3.3898013806033194,0.0
28.68681,28.04784,34.29796,1758.29123,-0.73667,39.14719,9.092366626018222,3.387145802755844,0.0
28.70508,28.06479,34.2641,1753.39993,-0.7368,39.16146,9.085016841013529,3.3844078144571133,0.0
28.72329,28.08171,34.23031,1748.51289,-0.73746,39.17572,9.077478743802978,3.3815996749069077,0.0
28.74145,28.09859,34.19657,1743.63034,-0.73865,39.18997,9.069785441499363,3.3787337173758454,0.0
28.75956,28.11543,34.16287,1738.75251,-0.74038,39.20421,9.061970128684456,3.3758223077190364,0.0
28.77761,28.13223,34.12916,1733.87958,-0.74266,39.21844,9.054065978268284,3.3728778037182985,0.0
28.7956,28.14899,34.09544,1729.01173,-0.74549,39.23266,9.046106034901246,3.3699125153753626,0.0
28.81354,28.16572,34.06167,1724.14913,-0.74888,39.24687,9.038123111325948,3.3669386663002023,0.0
28.83143,28.1824,34.02783,1719.29193,-0.75283,39.26106,9.030149687888184,3.3639683562762386,0.0
28.84927,28.19904,33.99389,1714.44025,-0.75735,39.27525,9.022217815534507,3.3610135251243722,0.0
28.86705,28.21565,33.95983,1709.59421,-0.76243,39.28943,9.014359022484166,3.35808591793583,0.0
28.88477,28.23222,33.92564,1704.7539,-0.76807,39.30359,9.006604224789992,3.3551970517537435,0.0
28.90244,28.24874,33.89127,1699.91939,-0.77426,39.31775,8.998983640912606,3.3523581837497876,0.0
28.92006,28.26523,33.85671,1695.09074,-0.78101,39.3319,8.991526710493874,3.3495802809651614,0.0
28.93763,28.28168,33.82195,1690.268,-0.78831,39.34603,8.98426201736677,3.3468739916297356,0.0
28.95514,28.29809,33.78694,1685.45119,-0.79614,39.36016,8.977217216927063,3.3442496181060895,0.0
28.9726,28.31446,33.75168,1680.6403,-0.80451,39.37427,8.970418967875622,3.3417170914617293,0.0
28.99,28.33079,33.71614,1675.83534,-0.81339,39.38838,8.963892868381198,3.3392859476880448,0.0
29.00735,28.34709,33.68031,1671.03626,-0.82277,39.40248,8.957663396649835,3.3369653055608466,0.0
29.02465,28.36334,33.64415,1666.24303,-0.83265,39.41656,8.951753855897902,3.334763846141376,0.0
29.0419,28.37956,33.60766,1661.45559,-0.84301,39.43064,8.946186323678088,3.3326897938989064,0.0
29.05909,28.39573,33.57081,1656.67385,-0.85382,39.44471,8.940981605551412,3.3307508994523443,0.0
29.07623,28.41187,33.53359,1651.89772,-0.86508,39.45876,8.936159192992209,3.3289544238887294,0.0
29.09332,28.42797,33.49598,1647.1271,-0.87677,39.47281,8.931737225515757,3.3273071246547845,0.0
29.11035,28.44403,33.45797,1642.36186,-0.88886,39.48685,8.92773245691026,3.325815242977433,0.0
29.12733,28.46005,33.41955,1637.60187,-0.90134,39.50087,8.924160225527615,3.324484492796334,0.0
29.14426,28.47603,33.38069,1632.84697,-0.91418,39.51489,8.921034428531465,3.323320051170599,0.0
29.16113,28.49197,33.34139,1628.097,-0.92736,39.5289,8.918367500021574,3.3223265501295525,0.0
29.17796,28.50787,33.30163,1623.3518,-0.94086,39.54289,8.916170392957367,3.321508069938769,0.0
29.19473,28.52373,33.26142,1618.61116,-0.95466,39.55688,8.914452564804167,3.3208681337529233,0.0
29.21145,28.53956,33.22073,1613.87489,-0.96872,39.57086,8.913221966798453,3.320409703616812,0.0
29.22811,28.55534,33.17956,1609.14278,-0.98303,39.58483,8.912485036795859,3.3201351778010517,0.0
29.24473,28.57109,33.1379,1604.41462,-0.99756,39.59879,8.912246695593437,3.3200463894320142,0.0
29.26129,28.5868,33.09576,1599.69018,-1.01228,39.61273,8.912510346693567,3.32014460640389,0.0
29.2778,28.60246,33.05312,1594.96922,-1.02717,39.62667,8.913277879438946,3.3204305325465455,0.0
29.29426,28.61809,33.00998,1590.2515,-1.0422,39.6406,8.914549675446523,3.320904310022335,0.0
29.31066,28.63368,32.96634,1585.53677,-1.05735,39.65452,8.916324618351647,3.3215655229560523,0.0
29.32702,28.64923,32.92221,1580.82478,-1.07258,39.66843,8.918600106758896,3.3224132022594564,0.0
29.34332,28.66474,32.87757,1576.11526,-1.08787,39.68233,8.92137207040673,3.3234458316530273,0.0
29.35957,28.68022,32.83244,1571.40796,-1.10319,39.69622,8.924634989516866,3.324661354874122,0.0
29.37577,28.69565,32.78681,1566.70259,-1.11851,39.71009,8.928381917290993,3.3260571840575874,0.0
29.39191,28.71104,32.74069,1561.99891,-1.13382,39.72396,8.932604505556592,3.3276302092895067,0.0
29.40801,28.7264,32.69409,1557.29662,-1.14907,39.73782,8.937293033529217,3.3293768093219054,0.0
29.42405,28.74171,32.647,1552.59547,-1.16426,39.75167,8.942436439708413,3.331292863454817,0.0
29.44004,28.75699,32.59945,1547.89517,-1.17934,39.7655,8.948022356857653,3.3333737645672343,0.0
29.45598,28.77222,32.55143,1543.19545,-1.19429,39.77933,8.954037150105409,3.335614433310758,0.0
29.47187,28.78742,32.50296,1538.49605,-1.2091,39.79315,8.96046595811417,3.338009333446142,0.0
29.4877,28.80257,32.45404,1533.7967,-1.22374,39.80695,8.967292737331718,3.3405524883280497,0.0
29.50349,28.81769,32.40469,1529.09713,-1.23817,39.82075,8.97450030929925,3.3432374985285875,0.0
29.51922,28.83277,32.35492,1524.39708,-1.25239,39.83453,8.982070410986509,3.3460575605884544,0.0
29.5349,28.84781,32.30474,1519.69629,-1.26637,39.8483,8.989983748132564,3.349005486887791,0.0
29.55053,28.8628,32.25417,1514.99452,-1.28009,39.86206,8.99822005153141,3.352073726614046,0.0
29.56611,28.87776,32.20321,1510.29152,-1.29352,39.87581,9.006758136253822,3.355254387823674,0.0
29.58164,28.89268,32.15189,1505.58706,-1.30666,39.88955,9.015575963682423,3.358539260551831,0.0
29.59711,28.90756,32.10022,1500.8809,-1.31947,39.90328,9.024650706349306,3.3619198409660935,0.0
29.61254,28.9224,32.04821,1496.17284,-1.33196,39.917,9.033958815425779,3.3653873565081702,0.0
29.62791,28.9372,31.99589,1491.46265,-1.3441,39.9307,9.04347609080421,3.368932792001223,0.0
29.64323,28.95195,31.94326,1486.75014,-1.35587,39.94439,9.053177753619636,3.3725469166660793,0.0
29.6585,28.96667,31.89036,1482.03511,-1.36727,39.95807,9.0630385210715,3.3762203119943055,0.0
29.67372,28.98135,31.83718,1477.31739,-1.37828,39.97174,9.073032683412517,3.3799434004285724,0.0
29.68889,28.99599,31.78376,1472.59682,-1.3889,39.9854,9.0831341828801,3.383706474766694,0.0
29.704,29.01058,31.73011,1467.87324,-1.39912,39.99904,9.093316694412646,3.38749972823057,0.0
29.71907,29.02514,31.67624,1463.1465,-1.40892,40.01267,9.103553707907746,3.3913132851095305,0.0
29.73408,29.03965,31.62219,1458.41648,-1.41831,40.02629,9.113818611794068,3.3951372318930613,0.0
29.74904,29.05413,31.56795,1453.68307,-1.42728,40.0399,9.12408477765612,3.398961648795756,0.0
29.76395,29.06856,31.51357,1448.94616,-1.43583,40.05349,9.134325645640294,3.402776641573315,0.0
29.7788,29.08296,31.45904,1444.20567,-1.44396,40.06707,9.14451481034396,3.4065723735184887,0.0
29.79361,29.09731,31.40439,1439.46153,-1.45167,40.08064,9.154626106889827,3.410339097526048,0.0
29.80836,29.11162,31.34965,1434.71368,-1.45895,40.09419,9.164633696843822,3.4140671880994504,0.0
29.82307,29.12589,31.29481,1429.96208,-1.46583,40.10773,9.1745121536604,3.4177471731814673,0.0
29.83772,29.14012,31.23991,1425.2067,-1.47229,40.12125,9.184236547292322,3.4213697656735533,0.0
29.85232,29.1543,31.18496,1420.44755,-1.47835,40.13477,9.19378252761981,3.4249258945154017,0.0
29.86686,29.16845,31.12998,1415.68461,-1.48402,40.14827,9.203126406329776,3.42840673518711,0.0
29.88136,29.18256,31.07498,1410.91791,-1.48931,40.16175,9.21224523687297,3.4318037394953214,0.0
29.8958,29.19662,31.01997,1406.14749,-1.49422,40.17522,9.221116892151018,3.4351086645136926,0.0
29.9102,29.21064,30.96498,1401.3734,-1.49878,40.18868,9.229720139551988,3.4383136005356163,0.0
29.92454,29.22462,30.91002,1396.5957,-1.50299,40.20212,9.23803471296233,3.4414109979005625,0.0
29.93883,29.23856,30.85509,1391.81448,-1.50688,40.21554,9.246041381434459,3.444393692574556,0.0
29.95306,29.25245,30.80022,1387.02983,-1.51045,40.22896,9.253722014137898,3.447254930346196,0.0
29.96725,29.26631,30.74541,1382.24186,-1.51373,40.24235,9.261059641273427,3.449988389518771,0.0
29.98138,29.28012,30.69068,1377.4507,-1.51674,40.25573,9.268038510642697,3.4525882019839282,0.0
29.99546,29.29389,30.63604,1372.65648,-1.51949,40.2691,9.274644139575315,3.4550489725658857,0.0
30.00949,29.30762,30.58149,1367.85935,-1.52202,40.28245,9.28086336194189,3.4573657965350235,0.0
30.02347,29.3213,30.52704,1363.05949,-1.52434,40.29579,9.286684370010574,3.4595342752005496,0.0
30.0374,29.33495,30.47271,1358.25705,-1.52647,40.30911,9.292096750919736,3.4615505294975235,0.0
30.05127,29.34855,30.4185,1353.45224,-1.52844,40.32242,9.297091517593811,3.4634112115038374,0.0
30.0651,29.36211,30.36441,1348.64525,-1.53028,40.33571,9.30166113391779,3.465113513818361,0.0
30.07887,29.37562,30.31045,1343.83628,-1.53202,40.34898,9.305799534073245,3.46665517676413,0.0
30.09259,29.38909,30.25663,1339.02556,-1.53367,40.36224,9.309502135920777,3.4680344933736533,0.0
30.10626,29.40252,30.20294,1334.21332,-1.53526,40.37548,9.312765848368619,3.4692503121339167,0.0
30.11987,29.41591,30.14939,1329.39978,-1.53683,40.38871,9.31558907274148,3.4703020374963116,0.0
30.13344,29.42926,30.09598,1324.58519,-1.5384,40.40192,9.317971698107568,3.471189628135826,0.0
30.14695,29.44256,30.0427,1319.7698,-1.54,40.41511,9.31991509065803,3.4719135929946083,0.0
30.16041,29.45582,29.98957,1314.95387,-1.54166,40.42829,9.321422077196088,3.4724749851312358,0.0
30.17382,29.46903,29.93657,1310.13766,-1.5434,40.44145,9.322496922862063,3.472875393422704,0.0
30.18718,29.48221,29.88371,1305.32143,-1.54526,40.4546,9.323145303234273,3.4731169321712665,0.0
30.20048,29.49534,29.83097,1300.50545,-1.54725,40.46773,9.323374271008326,3.473202228691606,0.0
30.21373,29.50842,29.77836,1295.69,-1.54942,40.48084,9.323192217434887,3.473134408945383,0.0
30.22694,29.52147,29.72587,1290.87534,-1.55179,40.49394,9.322608828773372,3.472917081319089,0.0
30.24009,29.53447,29.67348,1286.06176,-1.55438,40.50702,9.32163503802415,3.472554318643027,0.0
30.25319,29.54742,29.62121,1281.24953,-1.55723,40.52008,9.320282972213748,3.4720506385536596,0.0
30.26623,29.56034,29.56902,1276.43892,-1.56035,40.53313,9.318565895547914,3.471410982316631,0.0
30.27923,29.57321,29.51693,1271.6302,-1.56378,40.54616,9.316498148750537,3.470640692228914,0.0
30.29217,29.58603,29.46491,1266.82366,-1.56754,40.55918,9.314095084928438,3.4697454877267684,0.0
30.30507,29.59882,29.41296,1262.01956,-1.57165,40.57218,9.311373002314575,3.4687314403308,0.0
30.31791,29.61156,29.36107,1257.21817,-1.57613,40.58516,9.308349074236794,3.467604947557491,0.0
30.3307,29.62425,29.30922,1252.41974,-1.58102,40.59812,9.305041276688959,3.466372705937531,0.0
30.34344,29.63691,29.2574,1247.62455,-1.58632,40.61107,9.301468313866033,3.4650416832756816,0.0
30.35613,29.64951,29.2056,1242.83283,-1.59207,40.624,9.29764954203523,3.463619090290773,0.0
30.36876,29.66208,29.15381,1238.04483,-1.59827,40.63692,9.293604892087103,3.4621123517639503,0.0
30.38135,29.6746,29.102,1233.2608,-1.60495,40.64982,9.289354791171235,3.460529077345904,0.0
30.39388,29.68708,29.05018,1228.48097,-1.61212,40.6627,9.284920083724462,3.4588770321378055,0.0
30.40636,29.69952,28.99832,1223.70556,-1.6198,40.67557,9.280321952260032,3.4571641071831856,0.0
30.4188,29.71191,28.9464,1218.93479,-1.628,40.68842,9.275581838253476,3.455398289995838,0.0
30.43118,29.72426,28.89442,1214.16887,-1.63674,40.70125,9.270721363433914,3.453587635238761,0.0
30.44351,29.73656,28.84236,1209.40799,-1.64602,40.71407,9.265762251799313,3.451740235672793,0.0
30.45579,29.74882,28.7902,1204.65234,-1.65586,40.72687,9.260726252628073,3.449864193476393,0.0
30.46802,29.76104,28.73792,1199.90211,-1.66626,40.73966,9.255635064795309,3.4479675920514743,0.0
30.4802,29.77322,28.68552,1195.15747,-1.67723,40.75243,9.250510262607937,3.4460584683950177,0.0
30.49233,29.78535,28.63297,1190.41857,-1.68878,40.76518,9.245373223436218,3.444144786139917,0.0
30.5044,29.79743,28.58027,1185.68555,-1.7009,40.77792,9.240245057342369,3.442234409339787,0.0
30.51643,29.80948,28.52739,1180.95857,-1.71361,40.79064,9.235146538909927,3.44033507707361,0.0
30.52841,29.82148,28.47432,1176.23774,-1.7269,40.80335,9.230098041453399,3.4384543789370894,0.0
30.54033,29.83343,28.42104,1171.52318,-1.74077,40.81604,9.225119473803284,3.436599731493423,0.0
30.55221,29.84535,28.36755,1166.81499,-1.75522,40.82871,9.220230219767815,3.4347783557211957,0.0
30.56404,29.85722,28.31382,1162.11326,-1.77025,40.84137,9.215449080441207,3.432997255522687,0.0
30.57581,29.86904,28.25985,1157.41808,-1.78585,40.85401,9.210794219441695,3.431263197323604,0.0
30.58754,29.88082,28.20561,1152.72951,-1.80201,40.86664,9.206283111203232,3.429582690810376,0.0
30.59922,29.89256,28.1511,1148.04762,-1.81873,40.87925,9.201932492386849,3.4279619708296027,0.0
30.61085,29.90426,28.0963,1143.37244,-1.83599,40.89185,9.197758316479321,3.42640698047487,0.0
30.62242,29.91591,28.0412,1138.70402,-1.8538,40.90443,9.193775711638198,3.4249233553829113,0.0
30.63395,29.92752,27.98578,1134.04238,-1.87213,40.917,9.189998941822084,3.423516409253616,0.0
30.64543,29.93909,27.93005,1129.38753,-1.89097,40.92955,9.186441371242076,3.422191120607247,0.0
30.65686,29.95061,27.87398,1124.73947,-1.91031,40.94208,9.183115432150991,3.4209521207850937,0.0
30.66824,29.96209,27.81757,1120.0982,-1.93013,40.9546,9.180032595972264,3.419803683194216,0.0
30.67957,29.97353,27.7608,1115.46371,-1.95042,40.9671,9.177203347784735,3.418749713802361,0.0
30.69085,29.98492,27.70367,1110.83595,-1.97116,40.97959,9.1746371641587,3.417793742881308,0.0
30.70208,29.99627,27.64617,1106.2149,-1.99233,40.99207,9.172342494313941,3.4169389179877387,0.0
30.71327,30.00758,27.58829,1101.60051,-2.01392,41.00453,9.17032674459645,3.4161879981804057,0.0
30.7244,30.01884,27.53003,1096.99273,-2.0359,41.01697,9.168596266253498,3.4155433494660308,0.0
30.73549,30.03006,27.47138,1092.39148,-2.05825,41.0294,9.16715634647311,3.4150069414612667,0.0
30.74653,30.04124,27.41233,1087.79671,-2.08095,41.04181,9.16601120265127,3.4145803452570838,0.0
30.75752,30.05237,27.35288,1083.20833,-2.10399,41.05421,9.165163979871979,3.414264732480025,0.0
30.76846,30.06346,27.29302,1078.62626,-2.12733,41.0666,9.164616751544964,3.4140608755297674,0.0
30.77935,30.07451,27.23276,1074.0504,-2.15096,41.07897,9.164370523165827,3.4139691489798807,0.0
30.79019,30.08552,27.17208,1069.48066,-2.17485,41.09132,9.164425239167409,3.413989532130135,0.0
30.80099,30.09648,27.111,1064.91693,-2.19898,41.10366,9.164779792796072,3.414121612685679,0.0
30.81173,30.1074,27.0495,1060.35911,-2.22333,41.11598,9.165432038991396,3.4143645915550684,0.0
30.82243,30.11827,26.98759,1055.80708,-2.24788,41.12829,9.16637881020389,3.414717288742772,0.0
30.83308,30.12911,26.92527,1051.26072,-2.27259,41.14059,9.167615935093362,3.4151781503148158,0.0
30.84368,30.1399,26.86253,1046.71992,-2.29746,41.15287,9.169138260078213,3.415745256426453,0.0
30.85424,30.15064,26.79939,1042.18456,-2.32245,41.16513,9.170939673654338,3.4164163303816037,0.0
30.86475,30.16135,26.73583,1037.6545,-2.34754,41.17738,9.173013133433475,3.4171887487053425,0.0
30.8752,30.17201,26.67188,1033.12962,-2.37271,41.18962,9.175350695817597,3.418059552198396,0.0
30.88562,30.18263,26.60752,1028.60979,-2.39794,41.20184,9.177943548296385,3.4190254579687984,0.0
30.89598,30.1932,26.54277,1024.09489,-2.4232,41.21404,9.180782044202735,3.4200828723792362,0.0
30.9063,30.20373,26.47763,1019.58479,-2.44848,41.22623,9.183855739928784,3.4212279049109915,0.0
30.91656,30.21422,26.4121,1015.07937,-2.47376,41.23841,9.187153434482239,3.422456382899719,0.0
30.92679,30.22467,26.34619,1010.57848,-2.49902,41.25057,9.19066321128373,3.4237638671060595,0.0
30.93696,30.23507,26.27991,1006.08203,-2.52423,41.26271,9.194372482127033,3.4251456680919796,0.0
30.94709,30.24544,26.21326,1001.58987,-2.54938,41.27484,9.198268033181801,3.4265968633579993,0.0
30.95717,30.25575,26.14626,997.10191,-2.57446,41.28696,9.20233607293598,3.4281123152029975,0.0
