0.04802,0.04802,51.0748,5073.14187,-0.46625,45.0001,7.1496067050293375,2.663416615097525,0.0
0.09601,0.09601,51.01518,5069.24642,-0.43172,45.00025,7.198740906585623,2.68172039797589,0.0
0.14396,0.14396,50.96024,5065.31596,-0.39649,45.00044,7.243340449460837,2.698334901181506,0.0
0.19187,0.19188,50.91005,5061.35288,-0.36062,45.00067,7.283239926556006,2.7131985062178807,0.0
0.23975,0.23975,50.86469,5057.3597,-0.3242,45.00095,7.318292726059709,2.726256596327673,0.0
0.28759,0.28759,50.82422,5053.33906,-0.28732,45.00128,7.348372336328136,2.73746204259484,0.0
0.33539,0.3354,50.78869,5049.29363,-0.25006,45.00165,7.3733734779828515,2.7467756256808484,0.0
0.38315,0.38316,50.75812,5045.22621,-0.2125,45.00206,7.393213045211503,2.754166386483952,0.0
0.43087,0.43089,50.73256,5041.13963,-0.17474,45.00252,7.407830841272312,2.759611900133966,0.0
0.47856,0.47858,50.712,5037.03678,-0.13686,45.00302,7.417190096546187,2.763098468980311,0.0
0.5262,0.52623,50.69646,5032.92058,-0.09895,45.00357,7.42127776112293,2.7646212315880754,0.0
0.57381,0.57385,50.68592,5028.79398,-0.0611,45.00416,7.4201045677472965,2.764184186187077,0.0
0.62138,0.62143,50.68036,5024.65993,-0.02341,45.00479,7.413704864902516,2.76180012849108,0.0
0.6689,0.66896,50.67975,5020.52141,0.01405,45.00547,7.402136223666863,2.7574905052415293,0.0
0.71639,0.71646,50.68404,5016.38133,0.05117,45.00619,7.385478825908131,2.7512851862938885,0.0
0.76384,0.76393,50.69317,5012.24262,0.08788,45.00695,7.363834644848894,2.7432221593566446,0.0
0.81124,0.81135,50.70708,5008.10814,0.12409,45.00776,7.337326432430575,2.7333471527577755,0.0
0.85861,0.85874,50.72568,5003.98072,0.15971,45.00861,7.306096530798123,2.7217131926915217,0.0
0.90594,0.90608,50.74889,4999.86309,0.19467,45.00951,7.27030552767916,2.7083801023117395,0.0
0.95323,0.95339,50.77661,4995.75794,0.2289,45.01044,7.230130777456841,2.6934139507926282,0.0
1.00047,1.00067,50.80873,4991.66786,0.2623,45.01143,7.18576481117086,2.676886461012273,0.0
1.04768,1.0479,50.84512,4987.59536,0.29482,45.01245,7.137413659605922,2.6588743848589695,0.0
1.09485,1.0951,50.88568,4983.54283,0.32639,45.01352,7.085295114023607,2.639458855308091,0.0
1.14198,1.14226,50.93024,4979.51257,0.35693,45.01463,7.029636948934644,2.6187247243579916,0.0
1.18907,1.18938,50.97869,4975.50675,0.3864,45.01579,6.97067513072094,2.5967598956945808,0.0
1.23612,1.23647,51.03086,4971.52743,0.41474,45.01699,6.908652034836393,2.5736546605517185,0.0
1.28313,1.28352,51.08659,4967.57654,0.44189,45.01823,6.843814692878241,2.5495010446991677,0.0
1.3301,1.33054,51.14574,4963.65591,0.46781,45.01952,6.776413089046387,2.524392173828873,0.0
1.37703,1.37752,51.20812,4959.7672,0.49245,45.02085,6.706698523505165,2.498421663864152,0.0
1.42393,1.42446,51.27356,4955.91196,0.51578,45.02223,6.634922057910361,2.4716830418776166,0.0
1.47078,1.47137,51.3419,4952.09163,0.53776,45.02365,6.5613330560807634,2.4442692024529222,0.0
1.5176,1.51824,51.41294,4948.30748,0.55836,45.02511,6.486177830339849,2.4162719034114315,0.0
1.56438,1.56508,51.4865,4944.56068,0.57755,45.02662,6.4096984017330945,2.3877813039605402,0.0
1.61113,1.61189,51.5624,4940.85225,0.59531,45.02817,6.332131379930662,2.35888554742796,0.0
1.65783,1.65866,51.64044,4937.18312,0.61163,45.02977,6.253706966455632,2.329670389938005,0.0
1.7045,1.7054,51.72044,4933.55405,0.62649,45.03141,6.174648082749652,2.3002188755931043,0.0
1.75114,1.75211,51.80221,4929.96572,0.63987,45.0331,6.095169622701736,2.270611058021114,0.0
1.79774,1.79879,51.88555,4926.41867,0.65178,45.03484,6.015477827555515,2.240923767511821,0.0
1.8443,1.84543,51.97027,4922.91335,0.66221,45.03662,5.935769779589498,2.211230422399517,0.0
1.89083,1.89205,52.05617,4919.45008,0.67117,45.03844,5.856233009710296,2.181600882881149,0.0
1.93732,1.93863,52.14308,4916.0291,0.67864,45.04031,5.777045213001404,2.1521013450507587,0.0
1.98378,1.98518,52.23079,4912.65052,0.68465,45.04223,5.698374065466382,2.1227942726314923,0.0
2.03021,2.03171,52.31912,4909.3144,0.6892,45.04419,5.620377134534245,2.0937383636365072,0.0
2.0766,2.0782,52.40789,4906.02067,0.6923,45.0462,5.543201875476083,2.0649885490340654,0.0
2.12296,2.12467,52.49689,4902.76921,0.69397,45.04825,5.466985705591057,2.0365960203837723,0.0
2.16928,2.17111,52.58597,4899.5598,0.69423,45.05035,5.391856147953671,2.008608283386214,0.0
2.21557,2.21752,52.67493,4896.39216,0.69309,45.0525,5.3179310365046595,1.9810692342847118,0.0
2.26183,2.2639,52.7636,4893.26593,0.69058,45.0547,5.245318774476985,1.954019256135805,0.0
2.30806,2.31025,52.8518,4890.1807,0.68671,45.05694,5.174118638367879,1.9274953320468335,0.0
2.35426,2.35658,52.93937,4887.13598,0.68153,45.05923,5.104421120049,1.9015311726209752,0.0
2.40043,2.40289,53.02614,4884.13126,0.67504,45.06156,5.0363082999983515,1.876157354995954,0.0
2.44656,2.44917,53.11194,4881.16594,0.66729,45.06394,4.96985424509561,1.8514014710332656,0.0
2.49267,2.49542,53.19662,4878.23939,0.65829,45.06638,4.905125424944574,1.8272882824092458,0.0
2.53873,2.54166,53.27939,4875.35215,0.63803,45.10918,4.842620317345279,1.804003485220148,27.999999522371493
2.58472,2.58792,53.35945,4872.50434,0.61674,45.15155,4.782802173458171,1.7817196527121102,27.999999522371493
2.63066,2.63418,53.43669,4869.69471,0.59446,45.19351,4.725671273904866,1.7604368894240678,27.999999522371493
2.67654,2.68045,53.51098,4866.92202,0.57122,45.23509,4.6712254596730185,1.7401543910671151,27.999999522371493
2.72235,2.72673,53.58221,4864.185,0.54707,45.27629,4.619459730672821,1.7208702949762384,27.999999522371493
2.76811,2.77301,53.65028,4861.48237,0.52205,45.31715,4.570366702018838,1.7025818500873053,27.999999522371493
2.81381,2.81931,53.71506,4858.81287,0.4962,45.35769,4.523937029976058,1.6852855756131748,27.999999522371493
2.85945,2.86561,53.77648,4856.17521,0.46956,45.39792,4.480159808178067,1.668977408645395,27.999999522371493
2.90503,2.91193,53.83443,4853.5681,0.44218,45.43787,4.439022934877975,1.6536528409648321,27.999999522371493
2.95056,2.95825,53.88882,4850.99025,0.4141,45.47757,4.4005134521472415,1.639307045402162,27.999999522371493
2.99603,3.00458,53.93958,4848.44038,0.38536,45.51702,4.364617858020072,1.6259349921198676,27.999999522371493
3.04145,3.05092,53.98662,4845.91719,0.35599,45.55625,4.331322392652273,1.6135315552139438,27.999999522371493
3.08681,3.09726,54.02988,4843.41938,0.32604,45.59529,4.300613299606365,1.6020916100494762,27.999999522371493
3.13211,3.14362,54.06929,4840.94565,0.29555,45.63416,4.272477063358253,1.591610121738124,27.999999522371493
3.17736,3.18998,54.10477,4838.4947,0.26456,45.67287,4.246900624168215,1.582082225183218,27.999999522371493
3.22256,3.23636,54.13629,4836.06522,0.23311,45.71144,4.223871571358002,1.5735032970805671,27.999999522371493
3.2677,3.28274,54.16379,4833.65591,0.20124,45.74991,4.203378316064118,1.5658690202735968,27.999999522371493
3.31279,3.32913,54.18721,4831.26544,0.16899,45.78828,4.185410244431855,1.559175440822161,27.999999522371493
3.35783,3.37554,54.20652,4828.89251,0.1364,45.82658,4.169957852161961,1.5534190181247152,27.999999522371493
3.40281,3.42195,54.22168,4826.53579,0.10351,45.86483,4.157012861255117,1.5485966684087062,27.999999522371493
3.44774,3.46837,54.23267,4824.19395,0.07036,45.90306,4.146568319704354,1.5447058018686195,27.999999522371493
3.49262,3.5148,54.23945,4821.86566,0.03698,45.94127,4.138618684783541,1.5417443536931337,27.999999522371493
3.53744,3.56124,54.242,4819.54957,0.00343,45.9795,4.133159890512512,1.5397108091976532,27.999999522371493
3.58221,3.60769,54.24031,4817.24434,-0.03027,46.01776,4.130189399756309,1.5386042232326518,27.999999522371493
3.62693,3.65415,54.23436,4814.94861,-0.06408,46.05607,4.12970624131194,1.538424233999461,27.999999522371493
3.6716,3.70062,54.22415,4812.66101,-0.09795,46.09446,4.131711032248847,1.5391710713726834,27.999999522371493
3.71622,3.7471,54.20968,4810.38015,-0.13184,46.13295,4.136205985650761,1.540845559784238,27.999999522371493
3.76078,3.79359,54.19095,4808.10466,-0.16572,46.17155,4.1431949037898725,1.5434491156805605,27.999999522371493
3.80529,3.84009,54.16796,4805.83311,-0.19954,46.21029,4.152683156679684,1.5469837395329737,27.999999522371493
3.84975,3.88661,54.14074,4803.56411,-0.23328,46.24918,4.16467764582936,1.551452002335231,27.999999522371493
3.89416,3.93313,54.1093,4801.29621,-0.26688,46.28826,4.179186752921795,1.5568570264847466,27.999999522371493
3.93851,3.97967,54.07366,4799.02798,-0.3003,46.32753,4.1962202730287785,1.5632024609034858,27.999999522371493
3.98281,4.02621,54.03385,4796.75794,-0.33352,46.36703,4.215789331899664,1.5704924502258175,27.999999522371493
4.02706,4.07277,53.98991,4794.48462,-0.36648,46.40677,4.237906286728111,1.5787315978315188,27.999999522371493
4.07125,4.11934,53.94186,4792.20652,-0.39915,46.44678,4.262584609738513,1.587924922478651,27.999999522371493
4.11539,4.16592,53.88977,4789.92214,-0.43148,46.48707,4.289838753840063,1.5980778082561677,27.999999522371493
4.15948,4.21251,53.83367,4787.62993,-0.46344,46.52767,4.3196839995147975,1.6091959475456812,27.999999522371493
4.20351,4.25911,53.77361,4785.32834,-0.49498,46.56861,4.352136282045277,1.6212852766592272,27.999999522371493
4.24749,4.30573,53.70967,4783.01581,-0.52607,46.60989,4.387211998120132,1.634351903794745,27.999999522371493
4.29142,4.35236,53.64189,4780.69074,-0.55665,46.65156,4.4249277908311235,1.6484020289418198,27.999999522371493
4.33529,4.399,53.57035,4778.35152,-0.5867,46.69362,4.465300312011246,1.6634418553463792,27.999999522371493
4.3791,4.44565,53.49513,4775.99652,-0.61616,46.7361,4.508345960896286,1.6794774921552433,27.999999522371493
4.42286,4.49231,53.4163,4773.62409,-0.64499,46.77903,4.554080598061103,1.6965148478498637,27.999999522371493
4.46656,4.53899,53.33395,4771.23255,-0.67316,46.82242,4.602519233637041,1.7145595140991075,27.999999522371493
4.5102,4.58568,53.24817,4768.82023,-0.70061,46.86631,4.653675688869014,1.7336166396803627,27.999999522371493
4.55379,4.63239,53.15905,4766.38541,-0.72731,46.91071,4.707562230157612,1.7536907941505986,27.999999522371493
4.59732,4.67911,53.0667,4763.92637,-0.75321,46.95565,4.764189174865729,1.7747858209989582,27.999999522371493
4.64078,4.72584,52.97121,4761.44137,-0.77826,47.00115,4.823564468307198,1.796904680063899,27.999999522371493
4.68419,4.77258,52.87271,4758.92865,-0.80243,47.04723,4.885693231563843,1.8200492790831442,27.999999522371493
4.72754,4.81934,52.77131,4756.38645,-0.82567,47.09393,4.950577280013269,1.8442202943326163,27.999999522371493
4.77083,4.86611,52.66713,4753.81298,-0.84794,47.14126,5.018214612736872,1.8694169804174887,27.999999522371493
4.81406,4.9129,52.5603,4751.20646,-0.86919,47.18925,5.08859887335113,1.8956369694176531,27.999999522371493
4.85722,4.9597,52.45095,4748.56509,-0.88938,47.23792,5.161718783199753,1.9228760597368815,27.999999522371493
4.90032,5.00652,52.33923,4745.88707,-0.90846,47.2873,5.237557548301594,1.9511279951753207,27.999999522371493
4.94336,5.05335,52.22527,4743.17061,-0.92639,47.33741,5.316092242001885,1.9803842349508332,27.999999522371493
4.98633,5.10019,52.10922,4740.41391,-0.94313,47.38827,5.397293165839516,2.0106337156052416,27.999999522371493
5.02923,5.14705,51.99124,4737.61519,-0.95864,47.43991,5.481123191804624,2.041862605977976,27.999999522371493
5.07207,5.19392,51.87148,4734.77267,-0.97287,47.49235,5.567537089885923,2.074054056699758,27.999999522371493
5.11483,5.24081,51.75012,4731.8846,-0.98578,47.54561,5.65648084554455,2.107187945933654,27.999999522371493
5.15753,5.28772,51.62731,4728.94924,-0.99734,47.59972,5.74789097259068,2.1412406234035313,27.999999522371493
5.20016,5.33464,51.50324,4725.96489,-1.0075,47.6547,5.8416938278197295,2.1761846550780146,27.999999522371493
5.24272,5.38157,51.37808,4722.92986,-1.01623,47.71056,5.9378049346010275,2.2119885711894627,27.999999522371493
5.2852,5.42852,51.25201,4719.84255,-1.02348,47.76734,6.0361283235885805,2.248616620631389,27.999999522371493
5.32761,5.47549,51.12522,4716.70135,-1.02923,47.82505,6.136555899600765,2.2860285351044842,27.999999522371493
5.36994,5.52247,50.9979,4713.50474,-1.03344,47.8837,6.238966844619114,2.3241793067179546,27.999999522371493
5.4122,5.56947,50.87025,4710.25126,-1.03607,47.94333,6.343227067706111,2.3630189830694306,27.999999522371493
5.45438,5.61648,50.74246,4706.93952,-1.03711,48.00393,6.44918871344783,2.402492484126915,27.999999522371493
5.49648,5.66351,50.61473,4703.56819,-1.03652,48.06554,6.556689741184281,2.4425394454810148,27.999999522371493
5.53851,5.71056,50.48727,4700.13605,-1.03428,48.12816,6.665553587881351,2.48309409275587,27.999999522371493
5.58044,5.75762,50.36028,4696.64198,-1.03036,48.19181,6.775588927859211,2.524085152101663,27.999999522371493
5.6223,5.8047,50.23397,4693.08495,-1.02475,48.25649,6.886589542830976,2.565435801780599,27.999999522371493
5.66407,5.85179,50.10855,4689.46405,-1.01744,48.32222,6.9983343156155176,2.6070636698247656,27.999999522371493
5.70576,5.8989,49.98423,4685.77849,-1.00841,48.38901,7.110587360608391,2.6488808826399817,27.999999522371493
5.74736,5.94603,49.86122,4682.02764,-0.99766,48.45685,7.22309830348587,2.690794169202915,27.999999522371493
5.78887,5.99317,49.73974,4678.21097,-0.98518,48.52576,7.335602721641907,2.732705025135436,27.999999522371493
5.83029,6.04033,49.61999,4674.32813,-0.97097,48.59573,7.4478227555886285,2.774509940467388,27.999999522371493
5.87162,6.08751,49.50218,4670.37893,-0.95504,48.66676,7.559467899845729,2.816100694263698,27.999999522371493
5.91285,6.1347,49.38652,4666.36333,-0.9374,48.73885,7.670235979825202,2.857364718539641,27.999999522371493
5.954,6.18191,49.27322,4662.28148,-0.91807,48.812,7.779814318747481,2.8981855329678092,27.999999522371493
5.99504,6.22913,49.16248,4658.13371,-0.89706,48.88618,7.88788109588004,2.9384432508577216,27.999999522371493
6.03599,6.27637,49.0545,4653.92054,-0.8744,48.9614,7.99410689423264,2.9780151557130328,27.999999522371493
6.07684,6.32363,48.94948,4649.64266,-0.85012,49.03763,8.09815643247286,3.0167763464156323,27.999999522371493
6.11759,6.3709,48.84761,4645.30099,-0.82426,49.11485,8.199690472132236,3.0546004477101163,27.999999522371493
6.15824,6.41819,48.74906,4640.89663,-0.79686,49.19306,8.298367887470494,3.091360381282675,27.999999522371493
6.19879,6.46549,48.65403,4636.43088,-0.76797,49.27222,8.393847881423824,3.1269291912601274,27.999999522371493
6.23923,6.51281,48.56269,4631.90526,-0.73764,49.3523,8.485792327284585,3.16118091654723,27.999999522371493
6.27957,6.56014,48.4752,4627.32148,-0.70593,49.43328,8.573868212036308,3.193991501033245,27.999999522371493
6.3198,6.60749,48.39171,4622.68145,-0.67291,49.51512,8.657750153860913,3.22523973142963,27.999999522371493
6.35993,6.65485,48.31238,4617.98727,-0.63863,49.59778,8.737122963219244,3.2548081913399134,27.999999522371493
6.39994,6.70223,48.23734,4613.24125,-0.60319,49.68124,8.811684214350294,3.282584219210817,27.999999522371493
6.43985,6.74962,48.16672,4608.44586,-0.56666,49.76544,8.881146791993576,3.3084608570533542,27.999999522371493
6.47965,6.79703,48.10064,4603.60377,-0.52911,49.85035,8.945241376825853,3.3323377763334006,27.999999522371493
6.51933,6.84445,48.03922,4598.7178,-0.49065,49.93591,9.003718832561693,3.3541221672294634,27.999999522371493
6.55894,6.89186,47.98372,4593.78872,-0.43162,49.9428,9.054829973312685,3.373162411974257,0.0
6.59849,6.93922,47.93543,4588.81856,-0.3718,49.94972,9.096827491585424,3.388807592552063,0.0
6.638,6.98654,47.89441,4583.81229,-0.31135,49.95667,9.129509343068683,3.400982442140843,0.0
6.67746,7.03382,47.86071,4578.77504,-0.25047,49.96364,9.152731663109943,3.4096333673722246,0.0
6.71687,7.08106,47.83436,4573.71202,-0.18932,49.97065,9.166407721235647,3.414728058862796,0.0
6.75624,7.12825,47.81537,4568.62852,-0.12808,49.97767,9.170508847162694,3.4162558361777386,0.0
6.79555,7.1754,47.80372,4563.52991,-0.06693,49.98473,9.16506458786759,3.414227706343229,0.0
6.83481,7.22251,47.79936,4558.42153,-0.00605,49.99181,9.150162095812385,3.408676135944501,0.0
6.87403,7.26957,47.80225,4553.30873,0.05437,49.99892,9.125944766218538,3.3996545434745027,0.0
6.91319,7.31659,47.8123,4548.19678,0.11418,50.00606,9.092610158366544,3.3872365249633143,0.0
6.95231,7.36356,47.8294,4543.09091,0.17319,50.01322,9.05040725163114,3.3715148317790713,0.0
6.99137,7.41049,47.85345,4537.9962,0.23124,50.02041,8.99963310089729,3.3526001246824024,0.0
7.03038,7.45738,47.8843,4532.91762,0.28816,50.02763,8.940628967600782,3.3306195325372703,0.0
7.06935,7.50422,47.92179,4527.85996,0.34382,50.03487,8.87377601167824,3.3057150474489894,0.0
7.10826,7.55102,47.96575,4522.82784,0.39805,50.04214,8.799490635988727,3.278041790438778,0.0
7.14713,7.59777,48.01599,4517.82566,0.45072,50.04944,8.71821957809473,3.2477661830030353,0.0
7.18594,7.64448,48.0723,4512.85762,0.5017,50.05676,8.630434844947565,3.215064060150376,0.0
7.22471,7.69115,48.13446,4507.92765,0.55087,50.06411,8.536628583908612,3.180118759722092,0.0
7.26343,7.73778,48.20224,4503.03946,0.59811,50.07149,8.437307979109404,3.1431192211519967,0.0
7.3021,7.78436,48.27539,4498.19649,0.64332,50.0789,8.33299025561587,3.1042581243861584,0.0
7.34072,7.8309,48.35366,4493.40191,0.6864,50.08634,8.224197865682333,3.0637300966358603,0.0
7.37929,7.8774,48.43679,4488.65862,0.72728,50.0938,8.111453921903145,3.021730011106417,0.0
7.41782,7.92386,48.5245,4483.96925,0.76587,50.10129,7.995277931727557,2.9784513979917397,0.0
7.4563,7.97028,48.6165,4479.33617,0.80212,50.10881,7.876181877091696,2.9340849840340915,0.0
7.49473,8.01666,48.71252,4474.76147,0.83597,50.11637,7.754666672021363,2.8888173728879227,0.0
7.53311,8.063,48.81226,4470.24698,0.86738,50.12395,7.631219020552412,2.8428298746125433,0.0
7.57145,8.1093,48.91544,4465.79427,0.8963,50.13156,7.506308687307867,2.796297488890282,0.0
7.60975,8.15556,49.02174,4461.40467,0.92272,50.1392,7.380386183856936,2.7493880431343416,0.0
7.648,8.20179,49.13087,4457.07925,0.9466,50.14687,7.253880865761755,2.702261483588641,0.0
7.68621,8.24798,49.24254,4452.81887,0.96795,50.15457,7.127199428057601,2.655069314854613,0.0
7.72437,8.29414,49.35644,4448.62417,0.98676,50.1623,7.000724780896711,2.6079541810389366,0.0
7.7625,8.34026,49.47227,4444.49556,1.00304,50.17007,6.874815282272826,2.561049579923248,0.0
7.80058,8.38634,49.58975,4440.43328,1.01679,50.17786,6.749804300997803,2.514479700161425,0.0
7.83861,8.4324,49.70857,4436.43739,1.02803,50.18569,6.626000080504477,2.468359370542571,0.0
7.87661,8.47842,49.82844,4432.50775,1.03679,50.19356,6.503685872405069,2.422794109745037,0.0
7.91457,8.52441,49.94908,4428.64408,1.04309,50.20145,6.383120307963859,2.3778802647197654,0.0
7.95248,8.57036,50.07021,4424.84596,1.04698,50.20938,6.26453797573474,2.333705225875478,0.0
7.99036,8.61629,50.19155,4421.11283,1.04848,50.21734,6.148150174233092,2.2903477074687517,0.0
8.0282,8.66219,50.31282,4417.44401,1.04764,50.22534,6.034145809800581,2.247878082082283,0.0
8.066,8.70806,50.43376,4413.83869,1.0445,50.23337,5.92269241143338,2.206358758675098,0.0
8.10376,8.75389,50.55411,4410.296,1.03912,50.24143,5.813937236322904,2.165844594425571,0.0
8.14149,8.79971,50.67362,4406.81494,1.03155,50.24953,5.708008442055928,2.126383331406803,0.0
8.17917,8.84549,50.79204,4403.39446,1.02184,50.25767,5.605016303709851,2.0880160499866367,0.0
8.21683,8.89125,50.90913,4400.03341,1.01005,50.26584,5.505054456476192,2.0507776317376045,0.0
8.25445,8.93699,51.02465,4396.73061,0.99624,50.27405,5.408201146778934,2.014697225511427,0.0
8.29203,8.98269,51.13839,4393.48479,0.98046,50.28229,5.314520477195739,1.9797987112049225,0.0
8.32958,9.02838,51.25012,4390.29467,0.96279,50.29057,5.224063632654386,1.946101156550447,0.0
8.36709,9.07404,51.35963,4387.15889,0.94327,50.29889,5.136870077468476,1.913619263043184,0.0
8.40457,9.11968,51.46672,4384.07609,0.92198,50.30725,5.052968714707576,1.8823637978370333,0.0
8.44202,9.16529,51.5712,4381.04486,0.89897,50.31564,4.972379001132086,1.8523420090871814,0.0
8.47943,9.21089,51.67287,4378.06377,0.87432,50.32407,4.895112012522047,1.8235580228131172,0.0
8.51681,9.25646,51.77155,4375.13137,0.84809,50.33254,4.821171455629726,1.7960132198775876,0.0
8.55416,9.30201,51.86709,4372.24619,0.82034,50.34104,4.750554624234387,1.7697065921421653,0.0
8.59148,9.34755,51.9593,4369.40675,0.79114,50.34959,4.683253297825518,1.7446350772503896,0.0
8.62877,9.39306,52.04803,4366.61157,0.76054,50.35817,4.6192545823901785,1.720793871843178,0.0
8.66603,9.43855,52.13313,4363.85914,0.72863,50.36679,4.558541693515297,1.6981767232850369,0.0
8.70326,9.48403,52.21446,4361.14796,0.69545,50.37545,4.501094682668605,1.6767762002228193,0.0
8.74045,9.52948,52.29189,4358.47653,0.66108,50.38415,4.446891108027306,1.6565839424870528,0.0
8.77762,9.57492,52.36528,4355.84332,0.62558,50.39289,4.395906651623771,1.6375908909949521,0.0
8.81476,9.62034,52.43452,4353.24682,0.58901,50.40167,4.348115684875625,1.619787498425254,0.0
8.85187,9.66575,52.4995,4350.68552,0.55143,50.41049,4.303491784783437,1.6031639215154385,0.0
8.88895,9.71114,52.5601,4348.15791,0.51291,50.41935,4.262008203225645,1.5877101958864395,0.0
8.926,9.75651,52.61624,4345.66246,0.47351,50.42825,4.223638291849116,1.5734163943255537,0.0
8.96302,9.80187,52.66782,4343.19766,0.43328,50.43718,4.188355885058019,1.5602727694598766,0.0
9.00002,9.84721,52.71474,4340.762,0.3923,50.44616,4.156135643604319,1.5482698817527984,0.0
9.03699,9.89254,52.75695,4338.35394,0.35062,50.45518,4.126953361182922,1.5373987137187661,0.0
9.07393,9.93785,52.79437,4335.97196,0.3083,50.46424,4.1007862363533105,1.5276507712212453,0.0
9.11084,9.98315,52.82693,4333.61455,0.2654,50.47334,4.077613111965337,1.5190181726651268,0.0
9.14773,10.02844,52.85457,4331.28017,0.22198,50.48248,4.057414684131575,1.511493726844429,0.0
9.18459,10.07371,52.87725,4328.9673,0.17809,50.49166,4.0401736825961265,1.505071000134422,0.0
9.22142,10.11897,52.89492,4326.67438,0.13381,50.50088,4.0258750241932955,1.4997443736590228,0.0
9.25822,10.16421,52.90755,4324.39987,0.08918,50.51015,4.014505940879621,1.4955090909860935,0.0
9.295,10.20944,52.91511,4322.14223,0.04427,50.51945,4.006056083618772,1.4923612968273021,0.0
9.33176,10.25466,52.91756,4319.89988,-0.00087,50.52879,4.000517603199742,1.490298067145023,0.0
9.36848,10.29987,52.91491,4317.67125,-0.04618,50.53818,3.9978852088609416,1.4893174309913566,0.0
9.40518,10.34506,52.90712,4315.45475,-0.0916,50.5476,3.998156205356487,1.4894183843162943,0.0
9.44186,10.39024,52.89421,4313.24879,-0.13708,50.55707,4.001330508912331,1.4906008959117991,0.0
9.4785,10.43541,52.87617,4311.05174,-0.18254,50.56657,4.007410642280805,1.4928659055694924,0.0
9.51513,10.48057,52.85301,4308.86196,-0.22795,50.57612,4.016401708898459,1.4962153144537693,0.0
9.55172,10.52572,52.82474,4306.67782,-0.27323,50.58571,4.028311345934583,1.5006519676111352,0.0
9.58829,10.57085,52.7914,4304.49764,-0.31834,50.59533,4.043149655803299,1.5061796284566618,0.0
9.62484,10.61597,52.75301,4302.31972,-0.3632,50.605,4.060929115506444,1.5128029450018226,0.0
9.66135,10.66108,52.7096,4300.14235,-0.40777,50.61471,4.081664462970693,1.520527407512082,0.0
9.69785,10.70618,52.66121,4297.96379,-0.45198,50.62446,4.1053725593326185,1.5293592972044574,0.0
9.73431,10.75127,52.6079,4295.78229,-0.49578,50.63425,4.132072225959967,1.5393056255336537,0.0
9.77075,10.79635,52.54972,4293.59603,-0.53909,50.64408,4.161784054791993,1.5503740635388499,0.0
9.80717,10.84141,52.48673,4291.40322,-0.58187,50.65395,4.19453019042207,1.562572860663737,0.0
9.84355,10.88646,52.419,4289.20201,-0.62405,50.66386,4.230334082201509,1.5759107524086675,0.0
9.87991,10.9315,52.34661,4286.99051,-0.66557,50.67381,4.269220204496322,1.5903968561189405,0.0
9.91625,10.97653,52.26964,4284.76684,-0.70636,50.6838,4.311213743120633,1.606040554172996,0.0
9.95256,11.02155,52.18817,4282.52904,-0.74637,50.69383,4.356340245887363,1.6228513638033504,0.0
9.98884,11.06656,52.10231,4280.27517,-0.78554,50.70389,4.40462523517102,1.640838792766042,0.0
10.02509,11.11155,52.01216,4278.00323,-0.82379,50.714,4.456093780346446,1.6600121800628143,0.0
10.06132,11.15653,51.91783,4275.71118,-0.86106,50.72414,4.510770028021882,1.6803805209405722,0.0
10.09752,11.2015,51.81944,4273.39699,-0.89729,50.73433,4.568676688044391,1.70195227541488,0.0
10.1337,11.24646,51.71711,4271.05856,-0.93241,50.74455,4.6298344734359835,1.724735159631427,0.0
10.16984,11.2914,51.61098,4268.69379,-0.96637,50.75481,4.694261492597495,1.7487359194459875,0.0
10.20596,11.33633,51.50118,4266.30054,-0.99908,50.76511,4.761972592436592,1.7739600857223112,0.0
10.24205,11.38125,51.38786,4263.87666,-1.03049,50.77544,4.832978651457737,1.8004117109895417,0.0
10.27811,11.42615,51.27118,4261.41996,-1.06052,50.78582,4.907285822328639,1.8280930872782863,0.0
10.31415,11.47104,51.1513,4258.92824,-1.08912,50.79623,4.984894724022422,1.8570044451723213,0.0
10.35015,11.51592,51.02838,4256.39929,-1.11621,50.80667,5.0657995843690955,1.8871436343864485,0.0
10.38612,11.56078,50.90261,4253.83088,-1.14173,50.81716,5.149987334651533,1.918505786479681,0.0
10.42207,11.60562,50.77416,4251.22077,-1.16561,50.82768,5.2374366588678045,1.9510829606804414,0.0
10.45799,11.65045,50.64323,4248.56673,-1.18779,50.83823,5.328117001379796,1.9848637742095656,0.0
10.49387,11.69527,50.51002,4245.86653,-1.2082,50.84882,5.42198753791497,2.0198330189513825,0.0
10.52972,11.74007,50.37472,4243.11794,-1.22677,50.85945,5.518996116258869,2.0559712668337977,0.0
10.56555,11.78485,50.23756,4240.31875,-1.24344,50.8701,5.619078174509749,2.0932544668496873,0.0
10.60134,11.82961,50.09875,4237.46678,-1.25815,50.8808,5.722155646386785,2.1316535372553957,0.0
10.6371,11.87436,49.95851,4234.55988,-1.27084,50.89153,5.828135864839369,2.1711339571363544,0.0
10.67283,11.91909,49.81708,4231.59593,-1.28146,50.90229,5.936910477023339,2.2116553622071784,0.0
10.70852,11.9638,49.67469,4228.57289,-1.28993,50.91308,6.048354385611099,2.2531711504218297,0.0
10.74418,12.00849,49.53158,4225.48873,-1.29622,50.92391,6.1623247332595765,2.2956281036612114,0.0
10.77981,12.05316,49.38801,4222.34155,-1.30026,50.93476,6.278659948969538,2.338966032476918,0.0
10.8154,12.09781,49.24423,4219.12949,-1.30201,50.94565,6.3971788768027205,2.38311745151545,0.0
10.85096,12.14244,49.10049,4215.8508,-1.30143,50.95657,6.5176800090604265,2.4280072938570534,0.0
10.88646,12.18707,48.95587,4212.50637,-1.32012,51.04062,6.6410631368852755,2.4739707553772843,32.99999943708069
10.92186,12.23173,48.80942,4209.09639,-1.33676,51.12617,6.7683020818595185,2.5213706102383204,32.99999943708069
10.95717,12.2764,48.66137,4205.61823,-1.35131,51.21325,6.899296719451809,2.570169559417799,32.99999943708069
10.99238,12.32111,48.51196,4202.06927,-1.36368,51.30192,7.033923388996748,2.6203215360641514,32.99999943708069
11.02749,12.36583,48.36145,4198.44697,-1.37383,51.39222,7.172037160932621,2.671772550102312,32.99999943708069
11.0625,12.41058,48.21007,4194.74885,-1.38169,51.48418,7.313470426474461,2.724460162849829,32.99999943708069
11.09742,12.45536,48.05809,4190.97253,-1.3872,51.57785,7.458031556078863,2.778312987259707,32.99999943708069
11.13223,12.50015,47.90578,4187.11571,-1.39031,51.67327,7.605503653870962,2.8332502239116852,32.99999943708069
11.16693,12.54498,47.75341,4183.17623,-1.39097,51.77048,7.755643437742817,2.889181243819417,32.99999943708069
11.20152,12.58982,47.60124,4179.15203,-1.38914,51.86949,7.908180276947146,2.946005229908817,32.99999943708069
11.23601,12.63469,47.44956,4175.04123,-1.38477,51.97035,8.062815420820424,3.0036108896971196,32.99999943708069
11.27039,12.67959,47.29865,4170.8421,-1.37782,52.07309,8.219221453540687,3.0618762521758134,32.99999943708069
11.30465,12.72451,47.14879,4166.55308,-1.36827,52.17772,8.377042010491126,3.1206685621486203,32.99999943708069
11.33879,12.76945,47.00027,4162.17282,-1.35608,52.28426,8.535891791647511,3.179844285218661,32.99999943708069
11.37282,12.81442,46.85338,4157.70021,-1.34126,52.39273,8.695356906432936,3.239249236255921,32.99999943708069
11.40673,12.85941,46.7084,4153.13435,-1.32377,52.50314,8.854995582439038,3.2987188434145542,32.99999943708069
11.44051,12.90442,46.56563,4148.47459,-1.30363,52.61549,9.014339267288294,3.3580785586055772,32.99999943708069
11.47417,12.94946,46.42536,4143.72056,-1.28083,52.72978,9.172894148609645,3.417144423727786,32.99999943708069
11.5077,12.99452,46.28786,4138.87218,-1.25539,52.84602,9.330143111531076,3.4757237998852437,32.99999943708069
11.54111,13.03961,46.15342,4133.92965,-1.22733,52.96418,9.485548146357914,3.5336162643107967,32.99999943708069
11.57438,13.08472,46.02231,4128.8935,-1.19669,53.08425,9.638553211103195,3.5906146767339573,32.99999943708069
11.60752,13.12985,45.89481,4123.76459,-1.16351,53.2062,9.788587544503244,3.6465064135663727,32.99999943708069
11.64053,13.175,45.77119,4118.54409,-1.12783,53.33001,9.935069415191773,3.701074764567828,32.99999943708069
11.67339,13.22018,45.6517,4113.23353,-1.08973,53.45564,10.077410281937123,3.7541004826440765,32.99999943708069
11.70612,13.26538,45.53659,4107.83478,-1.04927,53.58303,10.215019328763267,3.805363473298747,32.99999943708069
11.73871,13.3106,45.42611,4102.35007,-1.00654,53.71215,10.347308327429518,3.8546446060349653,32.99999943708069
11.77115,13.35584,45.32048,4096.78195,-0.96163,53.84294,10.473696768751173,3.9017276259073146,32.99999943708069
11.80345,13.4011,45.21991,4091.13336,-0.91465,53.97532,10.593617193836744,3.946401139547972,32.99999943708069
11.8356,13.44638,45.12462,4085.40753,-0.8657,54.10923,10.706520646927215,3.9884606464928107,32.99999943708069
11.86761,13.49168,45.0348,4079.60807,-0.81492,54.2446,10.81188216374632,4.027710583736279,32.99999943708069
11.89946,13.537,44.95061,4073.73887,-0.76244,54.38133,10.90920620314947,4.063966349163546,32.99999943708069
11.93116,13.58234,44.87222,4067.80415,-0.70839,54.51934,10.998031926137887,4.097056268122161,32.99999943708069
11.96271,13.6277,44.79978,4061.80838,-0.65294,54.65854,11.077938224893872,4.126823466870021,32.99999943708069
11.9941,13.67307,44.7334,4055.75633,-0.59622,54.79881,11.148548405920494,4.153127617168114,32.99999943708069
12.02534,13.71847,44.6732,4049.65298,-0.53843,54.94007,11.209534435409118,4.175846517791636,32.99999943708069
12.05643,13.76387,44.61926,4043.50355,-0.47971,55.08219,11.260620661866982,4.194877481306706,32.99999943708069
12.08735,13.8093,44.57166,4037.3134,-0.42025,55.22508,11.30158694051446,4.210138497990555,32.99999943708069
12.11812,13.85473,44.53044,4031.08808,-0.36022,55.3686,11.332271095817909,4.221569153189805,32.99999943708069
12.14873,13.90019,44.49564,4024.83324,-0.29982,55.51265,11.35257067241515,4.229131279586283,32.99999943708069
12.17918,13.94565,44.46726,4018.55464,-0.23923,55.65711,11.362443940134371,4.232809331593001,32.99999943708069
12.20947,13.99113,44.44529,4012.25806,-0.17862,55.80185,11.361910135339626,4.232610475261708,32.99999943708069
12.2396,14.03662,44.42972,4005.94932,-0.11819,55.94675,11.351048937807981,4.228564393405865,32.99999943708069
12.26957,14.08212,44.42048,3999.63423,-0.05813,56.09171,11.329999199326991,4.220722811969743,32.99999943708069
12.29938,14.12764,44.41752,3993.31854,0.00139,56.23659,11.298956956374333,4.20915875969931,32.99999943708069
12.32903,14.17316,44.42074,3987.00794,0.06019,56.38129,11.258172774369395,4.193965578806059,32.99999943708069
12.35852,14.21869,44.43005,3980.70797,0.11808,56.52568,11.207948484323186,4.175255709283242,32.99999943708069
12.38786,14.26423,44.44531,3974.42409,0.17491,56.66966,11.14863338398551,4.153159273733241,32.99999943708069
12.41703,14.30978,44.4664,3968.16154,0.2305,56.81313,11.080619984604986,4.127822492923756,32.99999943708069
12.44605,14.35534,44.49315,3961.92542,0.2847,56.95597,11.00433939068356,4.099405964624806,32.99999943708069
12.47491,14.4009,44.5254,3955.72057,0.33736,57.0981,10.920256403916712,4.068082839697623,32.99999943708069
12.50362,14.44647,44.56296,3949.55163,0.38834,57.23941,10.828864443620072,4.034036929819926,32.99999943708069
12.53217,14.49205,44.60564,3943.42298,0.43751,57.37982,10.730680374563496,3.9974607807180167,32.99999943708069
12.56057,14.53763,44.65322,3937.33876,0.48473,57.51925,10.626239329547534,3.9585537434402895,32.99999943708069
12.58882,14.58322,44.70549,3931.30281,0.5299,57.65763,10.516089608440806,3.917520074114446,32.99999943708069
12.61692,14.6288,44.76222,3925.31869,0.57292,57.79488,10.400787728160115,3.874567089934833,32.99999943708069
12.64487,14.6744,44.82316,3919.3897,0.61368,57.93093,10.28089368951353,3.8299034059369657,32.99999943708069
12.67267,14.71999,44.88807,3913.51882,0.6521,58.06575,10.156966517411142,3.783737273608685,32.99999943708069
12.70032,14.76559,44.95669,3907.70875,0.68811,58.19926,10.029560120952352,3.736275038663742,32.99999943708069
12.72783,14.81119,45.02877,3901.96191,0.72164,58.33143,9.899219509713737,3.687719731509476,32.99999943708069
12.7552,14.85679,45.10404,3896.28043,0.75264,58.46223,9.766477392571923,3.638269800218847,32.99999943708069
12.78243,14.9024,45.18222,3890.66614,0.78106,58.59161,9.631851175704965,3.5881179922069517,32.99999943708069
12.80951,14.948,45.26305,3885.12062,0.80687,58.71955,9.495840367452425,3.537450387473138,32.99999943708069
12.83646,14.99361,45.34626,3879.64518,0.83004,58.84604,9.358924389528006,3.4864455832201,32.99999943708069
12.86328,15.03922,45.43157,3874.24086,0.85054,58.97105,9.221560786829981,3.4352740269611792,32.99999943708069
12.88996,15.08482,45.5187,3868.90847,0.86838,59.09459,9.084183821858344,3.3840974929037535,32.99999943708069
12.9165,15.13043,45.60738,3863.64857,0.88354,59.21664,8.947203434619142,3.333068694486249,32.99999943708069
12.94292,15.17604,45.69734,3858.46152,0.89604,59.33721,8.811004544712018,3.282331024387375,32.99999943708069
12.96921,15.22165,45.78831,3853.34745,0.90589,59.4563,8.675946669283327,3.2320184122036157,32.99999943708069
12.99537,15.26725,45.88002,3848.30629,0.9131,59.57392,8.54236382828904,3.182255289157164,32.99999943708069
13.02141,15.31286,45.9722,3843.33781,0.9177,59.69009,8.410564707302655,3.1331566487461524,32.99999943708069
13.04732,15.35846,46.0646,3838.44157,0.91973,59.80482,8.280833047559407,3.0848281920463894,32.99999943708069
13.07311,15.40407,46.15696,3833.61701,0.91921,59.91814,8.15342823313336,3.0373665464502686,32.99999943708069
13.09878,15.44967,46.24902,3828.86338,0.9162,60.03006,8.028586045853588,2.990859546892914,32.99999943708069
13.12434,15.49527,46.34055,3824.17984,0.91073,60.14063,7.9065195597908655,2.9453865690720042,32.99999943708069
13.14977,15.54087,46.43129,3819.56537,0.90286,60.24986,7.787420148689592,2.901018904742675,32.99999943708069
13.1751,15.58647,46.52103,3815.01889,0.89264,60.35779,7.671458581593178,2.8578201698668013,32.99999943708069
13.20031,15.63207,46.60952,3810.53918,0.88013,60.46445,7.558786183852044,2.8158467371190232,32.99999943708069
13.2254,15.67767,46.69655,3806.12494,0.86539,60.56989,7.449536042934691,2.775148185083099,32.99999943708069
13.25039,15.72327,46.7819,3801.77478,0.84848,60.67414,7.343824240528516,2.735767757241879,32.99999943708069
13.27527,15.76886,46.86537,3797.48724,0.82946,60.77723,7.241751094664448,2.697742824701409,32.99999943708069
13.30004,15.81446,46.94676,3793.26077,0.80841,60.87922,7.143402397634277,2.661105347347712,32.99999943708069
13.3247,15.86005,47.02587,3789.0938,0.78539,60.98014,7.048850637550954,2.6258823289101403,32.99999943708069
13.34926,15.90564,47.10251,3784.98466,0.76047,61.08003,6.958156193242069,2.5920962620906325,32.99999943708069
13.37372,15.95123,47.17651,3780.93166,0.73373,61.17895,6.871368493973301,2.5597655605912166,32.99999943708069
13.39807,15.99682,47.24771,3776.93306,0.70523,61.27694,6.78852713708818,2.528904975464227,32.99999943708069
13.42233,16.04241,47.31592,3772.98707,0.67505,61.37403,6.709662958130931,2.499525993761219,32.99999943708069
13.44648,16.088,47.38101,3769.09189,0.64327,61.47029,6.634799049301409,2.471637217934231,32.99999943708069
13.47053,16.13359,47.44282,3765.24566,0.60996,61.56576,6.563951723249742,2.4452447248746467,32.99999943708069
13.49449,16.17917,47.50122,3761.44653,0.5752,61.66047,6.497131420207573,2.4203524038434527,32.99999943708069
13.51835,16.22476,47.55606,3757.69259,0.53905,61.75449,6.434343557322697,2.396962272870737,32.99999943708069
13.54211,16.27034,47.60723,3753.98194,0.50161,61.84786,6.375589319759774,2.3750747734615185,32.99999943708069
13.56578,16.31592,47.65462,3750.31263,0.46293,61.94062,6.320866393725649,2.3546890436669674,32.99999943708069
13.58935,16.36151,47.6981,3746.68272,0.42311,62.03284,6.2701696420701305,2.33580316976347,32.99999943708069
13.61283,16.40709,47.73759,3743.09023,0.38222,62.12454,6.223491723480068,2.3184144169187175,32.99999943708069
13.63622,16.45267,47.77298,3739.5332,0.34033,62.21579,6.180823656536656,2.3025194393178885,32.99999943708069
13.65951,16.49825,47.8042,3736.00962,0.29752,62.30663,6.142155330154022,2.288114470315457,32.99999943708069
13.68271,16.54383,47.83116,3732.51748,0.25386,62.39711,6.107475961990004,2.2751954932052683,32.99999943708069
13.70582,16.58942,47.85379,3729.05477,0.20944,62.48727,6.076774506506678,2.263758393233818,32.99999943708069
13.72884,16.635,47.87203,3725.61944,0.16433,62.57718,6.050040014345162,2.2537990914768296,32.99999943708069
13.75177,16.68057,47.88583,3722.20945,0.11861,62.66686,6.027261944653573,2.2453136611896296,32.99999943708069
13.77461,16.72615,47.89513,3718.82273,0.07235,62.75639,6.008430431901988,2.238298427202743,32.99999943708069
13.79736,16.77173,47.8999,3715.45722,0.02563,62.8458,5.99353650860866,2.232750048893271,32.99999943708069
13.82001,16.81731,47.90011,3712.11081,-0.02148,62.93513,5.982572285263679,2.228665587211187,32.99999943708069
13.84258,16.86289,47.89572,3708.7814,-0.0689,63.02445,5.97553108857154,2.22604255617833,32.99999943708069
13.86507,16.90847,47.88672,3705.46687,-0.11655,63.11381,5.97240755892135,2.224878959198624,32.99999943708069
13.88746,16.95405,47.87311,3702.16509,-0.16436,63.20324,5.973197707861789,2.2251733104690072,32.99999943708069
13.90976,16.99963,47.85487,3698.87388,-0.21224,63.29279,5.977898936089018,2.2269246416804087,32.99999943708069
13.93197,17.0452,47.832,3695.59109,-0.26013,63.38253,5.986510012314696,2.2301324941455256,32.99999943708069
13.9541,17.09078,47.80454,3692.31452,-0.30795,63.47249,5.999031013131419,2.234796896397114,32.99999943708069
13.97613,17.13636,47.77248,3689.04195,-0.35562,63.56274,6.01546322384179,2.240918327244212,32.99999943708069
13.99808,17.18193,47.73586,3685.77116,-0.40306,63.6533,6.03580899999624,2.2484976641913335,32.99999943708069
14.01993,17.22751,47.69471,3682.49988,-0.4502,63.74425,6.0600715892392065,2.257536117071482,32.99999943708069
14.0417,17.27309,47.64907,3679.22584,-0.49695,63.83563,6.088254912898973,2.2680351466826205,32.99999943708069
14.06338,17.31866,47.59899,3675.94674,-0.54326,63.92748,6.120363306626479,2.2799963681688,32.99999943708069
14.08496,17.36424,47.54453,3672.66027,-0.58902,64.01986,6.156401219293247,2.2934214388517207,32.99999943708069
14.10646,17.40981,47.48574,3669.36408,-0.63417,64.11282,6.1963728692800295,2.308311930189205,32.99999943708069
14.12786,17.45539,47.42271,3666.05581,-0.67864,64.20642,6.240281857266962,2.324669183529343,32.99999943708069
14.14918,17.50096,47.35551,3662.73307,-0.72233,64.3007,6.288130734629071,2.3424941493264626,32.99999943708069
14.1704,17.54653,47.28422,3659.39346,-0.76518,64.39571,6.3399205266392125,2.361787209521679,32.99999943708069
14.19153,17.5921,47.20893,3656.03455,-0.8071,64.49151,6.395650209747455,2.3825479828157126,32.99999943708069
14.21256,17.63767,47.12975,3652.6539,-0.84802,64.58815,6.455316142440018,2.404775112648865,32.99999943708069
14.2335,17.68324,47.04679,3649.24904,-0.88785,64.68568,6.518911449405454,2.428466037786722,32.99999943708069
14.25434,17.72881,46.96015,3645.8175,-0.92653,64.78415,6.586425359074764,2.4536167455364137,32.99999943708069
14.27509,17.77437,46.86997,3642.35679,-0.96397,64.88362,6.657842495006164,2.4802215077687984,32.99999943708069
14.29574,17.81994,46.77636,3638.86441,-1.00009,64.98414,6.733142122118852,2.5082726001207045,32.99999943708069
14.3163,17.8655,46.67948,3635.33786,-1.03481,65.08576,6.812297349352733,2.537760004964699,32.99999943708069
14.33675,17.91106,46.57945,3631.77463,-1.06806,65.18853,6.895274291059283,2.5686710990051225,32.99999943708069
14.35711,17.95662,46.47644,3628.17221,-1.09976,65.29251,6.982031190216014,2.600990326652404,32.99999943708069
14.37736,18.00217,46.3706,3624.5281,-1.12984,65.39774,7.0725175075090245,2.634698860682347,32.99999943708069
14.39752,18.04772,46.26209,3620.83981,-1.15822,65.50428,7.166672981329076,2.6697742520599315,32.99999943708069
14.41757,18.09327,46.15109,3617.10488,-1.18482,65.61218,7.2644266648531355,2.7061900712268545,32.99999943708069
14.43751,18.13881,46.03777,3613.32086,-1.20958,65.72148,7.365695947653237,2.743915543625087,32.99999943708069
14.45736,18.18435,45.92232,3609.48533,-1.23241,65.83224,7.4703855705222395,2.7829151826935483,32.99999943708069
14.47709,18.22989,45.80494,3605.59592,-1.25326,65.94451,7.578386643666837,2.823148424119169,32.99999943708069
14.49671,18.27542,45.68581,3601.65029,-1.27205,66.05832,7.6895756798213855,2.8645692656463515,32.99999943708069
14.51623,18.32094,45.56514,3597.64618,-1.28873,66.17373,7.803813655308064,2.907125917297175,32.99999943708069
14.53564,18.36646,45.44314,3593.58138,-1.30322,66.29078,7.920945113557127,2.9507604674091006,32.99999943708069
14.55493,18.41197,45.32002,3589.45376,-1.31547,66.40951,8.040797327002819,2.9954085704191464,32.99999943708069
14.57411,18.45748,45.196,3585.26128,-1.32542,66.52996,8.1631795346518,3.0409991628380717,32.99999943708069
14.59317,18.50298,45.0713,3581.002,-1.33302,66.65216,8.287882273783008,3.0874542142909855,32.99999943708069
14.61212,18.54847,44.94616,3576.67407,-1.33823,66.77616,8.414676825327382,3.1346885209067,32.99999943708069
14.63094,18.59396,44.82079,3572.27579,-1.34099,66.90198,8.543314793181889,3.1826095486011416,32.99999943708069
14.64965,18.63943,44.69543,3567.80557,-1.34128,67.02965,8.673527838252406,3.2311173340013233,32.99999943708069
14.66824,18.6849,44.57033,3563.26199,-1.33905,67.1592,8.805027588075816,3.2801044507771953,32.99999943708069
14.6867,18.73035,44.4457,3558.64376,-1.33429,67.29064,8.93750574255896,3.3294560490321965,32.99999943708069
14.70504,18.7758,44.32181,3553.94979,-1.32696,67.42401,9.07063439551973,3.3790499750857568,32.99999943708069
14.72325,18.82123,44.19888,3549.17916,-1.31706,67.5593,9.204066590374135,3.428756978481364,32.99999943708069
14.74133,18.86665,44.07716,3544.33114,-1.30458,67.69652,9.337437126304923,3.4784410123055807,32.99999943708069
14.75928,18.91206,43.95688,3539.40523,-1.28952,67.83569,9.470363628668796,3.5279596319428945,32.99999943708069
14.7771,18.95745,43.83828,3534.40111,-1.27188,67.9768,9.602447894165184,3.577164496186485,32.99999943708069
14.79478,19.00283,43.7216,3529.31874,-1.25168,68.11984,9.733277517427462,3.6259019731862465,32.99999943708069
14.81233,19.0482,43.60707,3524.15828,-1.22895,68.26481,9.862427801165087,3.674013852026991,32.99999943708069
14.82974,19.09355,43.49492,3518.92015,-1.20371,68.41168,9.989463947038736,3.7213381588870895,32.99999943708069
14.84702,19.13888,43.38538,3513.60503,-1.17602,68.56043,10.113943518801092,3.7677100746232184,32.99999943708069
14.86415,19.18419,43.27865,3508.21384,-1.14592,68.71103,10.23541916348372,3.812962948484071,32.99999943708069
14.88114,19.22949,43.17497,3502.7478,-1.11347,68.86345,10.353441570150572,3.8569294003238856,32.99999943708069
14.89799,19.27477,43.07452,3497.20837,-1.07874,69.01765,10.467562639566234,3.899442501387272,32.99999943708069
14.91469,19.32002,42.97751,3491.59729,-1.04181,69.17358,10.577338832025822,3.9403370214639266,32.99999943708069
14.93125,19.36526,42.88413,3485.91655,-1.00277,69.33118,10.682334654652712,3.9794507279988016,32.99999943708069
14.94766,19.41047,42.79455,3480.16842,-0.96172,69.4904,10.782126244176142,4.016625720771024,32.99999943708069
14.96393,19.45566,42.70894,3474.35543,-0.91876,69.65116,10.876304996504958,4.0517097840056175,32.99999943708069
14.98004,19.50083,42.62747,3468.48036,-0.874,69.81341,10.964481190614139,4.084557736366585,32.99999943708069
14.996,19.54597,42.55027,3462.54621,-0.82758,69.97706,11.046287551496839,4.115032758250289,32.99999943708069
15.01181,19.59108,42.47748,3456.55624,-0.77961,70.14203,11.121382695509213,4.143007675267054,32.99999943708069
15.02746,19.63617,42.40921,3450.51392,-0.73025,70.30824,11.189454401152899,4.168366176693696,32.99999943708069
15.04297,19.68122,42.34558,3444.42291,-0.67963,70.47559,11.250222649673573,4.191003948176495,32.99999943708069
15.05831,19.72625,42.28667,3438.28705,-0.6279,70.64398,11.303442382446239,4.210829698929757,32.99999943708069
15.07351,19.77125,42.23257,3432.11037,-0.57523,70.81333,11.348905926278713,4.227766065225185,32.99999943708069
15.08854,19.81622,42.18332,3425.89704,-0.52177,70.98352,11.386445043176465,4.2417503739832085,32.99999943708069
15.10342,19.86116,42.13899,3419.65132,-0.46769,71.15445,11.415932567757036,4.252735252752937,32.99999943708069
15.11815,19.90606,42.09959,3413.37763,-0.41315,71.32602,11.437283603174556,4.260689075225517,32.99999943708069
15.13272,19.95093,42.06515,3407.08041,-0.35834,71.49812,11.450456254959139,4.265596234608601,32.99999943708069
15.14713,19.99577,42.03566,3400.76419,-0.30341,71.67063,11.455451891144612,4.267457240530789,32.99999943708069
15.16138,20.04057,42.01112,3394.43352,-0.24854,71.84345,11.452314926522929,4.266288638670705,32.99999943708069
15.17548,20.08534,41.99148,3388.09297,-0.19391,72.01646,11.441132138074556,4.262122755736813,32.99999943708069
15.18942,20.13007,41.9767,3381.74707,-0.13968,72.18956,11.422031527824231,4.255007275851265,32.99999943708069
15.2032,20.17476,41.96672,3375.40033,-0.08602,72.36263,11.39518075778351,4.2450046575248175,32.99999943708069
15.21683,20.21941,41.96147,3369.05719,-0.0331,72.53558,11.360785189435672,4.2321914033133785,32.99999943708069
15.2303,20.26403,41.96085,3362.722,0.01892,72.7083,11.319085566948656,4.216657196753864,32.99999943708069
15.24362,20.3086,41.96476,3356.39902,0.06989,72.88068,11.270355388779004,4.198503923217514,32.99999943708069
15.25678,20.35314,41.97309,3350.09239,0.11966,73.05263,11.214898016785401,4.177844592978621,32.99999943708069
15.26979,20.39763,41.98571,3343.80609,0.16807,73.22405,11.153043574692973,4.154802185810872,32.99999943708069
15.28265,20.44209,42.00247,3337.54396,0.215,73.39486,11.085145689520335,4.129508437083185,32.99999943708069
15.29536,20.4865,42.02323,3331.30967,0.26031,73.56497,11.011578129666237,4.102102585358538,32.99999943708069
15.30791,20.53087,42.04782,3325.1067,0.30387,73.73429,10.932731392430348,4.0727301011556545,32.99999943708069
15.32032,20.5752,42.07607,3318.93836,0.34558,73.90275,10.849009291537982,4.041541415712198,32.99999943708069
15.33258,20.61949,42.10781,3312.80773,0.38532,74.07028,10.760825592066487,4.00869066740629,32.99999943708069
15.34469,20.66373,42.14284,3306.71771,0.42299,74.23682,10.668600736194781,3.9743344820120794,32.99999943708069
15.35666,20.70793,42.18098,3300.67097,0.45851,74.4023,10.572758698504124,3.9386308012165294,32.99999943708069
15.36848,20.75209,42.22202,3294.66996,0.49179,74.56667,10.473724004435661,3.9017377719163995,32.99999943708069
15.38015,20.79621,42.26575,3288.71694,0.52277,74.72988,10.371918940086537,3.863812706793896,32.99999943708069
15.39169,20.84028,42.31196,3282.81393,0.55137,74.8919,10.267760975898762,3.8250111245729728,32.99999943708069
15.40309,20.88431,42.36045,3276.96273,0.57755,75.05267,10.161660421374318,3.785485876339015,32.99999943708069
15.41434,20.92829,42.41099,3271.16494,0.60125,75.21217,10.054018322470988,3.7453863622634453,32.99999943708069
15.42546,20.97223,42.46335,3265.42195,0.62245,75.37038,9.94522460837133,3.7048578412264264,32.99999943708069
15.43645,21.01613,42.51733,3259.73493,0.64111,75.52727,9.835656489563467,3.664040834059786,32.99999943708069
15.4473,21.05998,42.5727,3254.10486,0.65722,75.68282,9.725677104970224,3.6230706195670384,32.99999943708069
15.45801,21.10379,42.62924,3248.53252,0.67075,75.83704,9.615634412146425,3.5820768210926675,32.99999943708069
15.4686,21.14756,42.68672,3243.01851,0.68171,75.9899,9.505860311367009,3.5411830802219115,32.99999943708069
15.47905,21.19128,42.74492,3237.56324,0.6901,76.14141,9.396669991772491,3.5005068132027386,32.99999943708069
15.48938,21.23496,42.80362,3232.16696,0.69592,76.29158,9.288361485668071,3.460159044910535,32.99999943708069
15.49958,21.2786,42.86262,3226.82973,0.6992,76.44041,9.181215415406706,3.4202443145553976,32.99999943708069
15.50965,21.3222,42.92168,3221.55148,0.69995,76.58791,9.075494916247106,3.380860646944701,32.99999943708069
15.5196,21.36575,42.98061,3216.33198,0.6982,76.7341,8.971445717839249,3.3420995828385984,32.99999943708069
15.52943,21.40926,43.03919,3211.17086,0.69399,76.879,8.869296366744104,3.304046261844472,32.99999943708069
15.53914,21.45273,43.09723,3206.06761,0.68736,77.02263,8.769258572440208,3.2667795513134887,32.99999943708069
15.54872,21.49615,43.15451,3201.02162,0.67835,77.16501,8.67152765962871,3.230372214836129,32.99999943708069
15.55819,21.53954,43.21086,3196.03214,0.667,77.30619,8.576283110246024,3.1948911141561607,32.99999943708069
15.56754,21.58288,43.26607,3191.09832,0.65338,77.44618,8.483689179372185,3.160397438612709,32.99999943708069
15.57678,21.62618,43.31996,3186.2192,0.63753,77.58502,8.39389557018242,3.1269469565774712,32.99999943708069
15.5859,21.66944,43.37237,3181.39375,0.61952,77.72275,8.307038154114732,3.0945902837360983,32.99999943708069
15.59491,21.71266,43.4231,3176.62081,0.59941,77.85941,8.223239723545118,3.063373163479511,32.99999943708069
15.6038,21.75583,43.47201,3171.89918,0.57727,77.99503,8.14261076539708,3.0333367550937984,32.99999943708069
15.61258,21.79897,43.51892,3167.22757,0.55316,78.12967,8.065250245312395,3.004517925884467,32.99999943708069
15.62126,21.84207,43.56369,3162.6046,0.52716,78.26336,7.9912463930710045,2.9769495437660085,32.99999943708069
15.62982,21.88512,43.60617,3158.02886,0.49934,78.39615,7.920677481127852,2.9506607672873617,32.99999943708069
15.63828,21.92814,43.64621,3153.49886,0.46977,78.52808,7.853612589129835,2.9256773304345915,32.99999943708069
15.64663,21.97112,43.68369,3149.01305,0.43854,78.65921,7.790112348299487,2.9020218199333963,32.99999943708069
15.65487,22.01406,43.71848,3144.56984,0.40572,78.78959,7.730229660455798,2.8797139431032783,32.99999943708069
15.66301,22.05695,43.75045,3140.16759,0.3714,78.91927,7.674010387316803,2.8587707846409005,32.99999943708069
15.67104,22.09981,43.7795,3135.8046,0.33565,79.04829,7.621494006460359,2.839207050982733,32.99999943708069
15.67897,22.14263,43.80553,3131.47916,0.29855,79.17671,7.572714231029128,2.8210353011614635,32.99999943708069
15.6868,22.18541,43.82842,3127.18949,0.26021,79.30458,7.527699590833152,2.8042661632819965,32.99999943708069
15.69452,22.22816,43.8481,3122.93379,0.22068,79.43196,7.486473973059705,2.788908535950101,32.99999943708069
15.70215,22.27086,43.86448,3118.71023,0.18008,79.5589,7.4490571212526815,2.7749697741553625,32.99999943708069
15.70967,22.31352,43.87749,3114.51693,0.13847,79.68546,7.415465091579015,2.7624558592424266,32.99999943708069
15.71709,22.35615,43.88704,3110.352,0.09595,79.81169,7.385710665768766,2.751371552742049,32.99999943708069
15.72441,22.39874,43.89309,3106.21352,0.05261,79.93764,7.359803720330768,2.741720533913636,32.99999943708069
15.73163,22.44129,43.89558,3102.09951,0.00852,80.06338,7.337751551912783,2.7335055209504646,32.99999943708069
15.73875,22.4838,43.89446,3098.00802,-0.0362,80.18896,7.319559158802612,2.726728375846255,32.99999943708069
15.74578,22.52627,43.8897,3093.93702,-0.08149,80.31444,7.305229478701053,2.7213901929718487,32.99999943708069
15.7527,22.5687,43.88125,3089.8845,-0.12725,80.43987,7.294763583022646,2.717491371457354,32.99999943708069
15.75953,22.6111,43.8691,3085.8484,-0.17338,80.56532,7.288160828018463,2.715031671489355,32.99999943708069
15.76626,22.65346,43.85323,3081.82665,-0.21981,80.69084,7.285418963066286,2.7140102546518614,32.99999943708069
15.77289,22.69577,43.83363,3077.81715,-0.26644,80.81648,7.286534196507093,2.714425708452119,32.99999943708069
15.77942,22.73805,43.8103,3073.8178,-0.31317,80.94232,7.291501219449298,2.71627605518833,32.99999943708069
15.78589,22.78029,43.78455,3069.82253,-0.32701,80.95722,7.298935946668321,2.719045686696862,0.0
15.79235,22.82247,43.75774,3065.82631,-0.34077,80.97212,7.307454387666331,2.722219030102293,0.0
15.79878,22.8646,43.72986,3061.8285,-0.35441,80.98701,7.317045488006246,2.7257919673359496,0.0
15.8052,22.90668,43.70093,3057.82848,-0.36791,81.0019,7.327696893361395,2.729759896086084,0.0
15.8116,22.94871,43.67096,3053.82561,-0.38125,81.01677,7.339394147628885,2.7341174310740066,0.0
15.81798,22.99069,43.63997,3049.81928,-0.39438,81.03164,7.352120694649182,2.738858404694673,0.0
15.82434,23.03261,43.60799,3045.80886,-0.40728,81.0465,7.365857880752461,2.743975867965264,0.0
15.83068,23.07448,43.57503,3041.79372,-0.41992,81.06136,7.380584958456893,2.7494620919029003,0.0
15.837,23.1163,43.54112,3037.77326,-0.43227,81.0762,7.3962790917299825,2.7553085694846247,0.0
15.8433,23.15807,43.50628,3033.74685,-0.4443,81.09104,7.412915363168786,2.7615060183222244,0.0
15.84959,23.19978,43.47055,3029.7139,-0.456,81.10586,7.43046678358043,2.7680443842312266,0.0
15.85586,23.24145,43.43396,3025.67382,-0.46732,81.12068,7.448904304367328,2.7749128458447148,0.0
15.8621,23.28306,43.39653,3021.62601,-0.47825,81.1355,7.46819683322974,2.782099820462948,0.0
15.86833,23.32461,43.3583,3017.56992,-0.48877,81.1503,7.488311253648754,2.7895929713112837,0.0
15.87454,23.36612,43.31932,3013.50498,-0.49884,81.16509,7.509212448640891,2.797379216389393,0.0
15.88074,23.40757,43.27961,3009.43064,-0.50844,81.17988,7.530863329311473,2.80544473910814,0.0
15.88691,23.44897,43.23922,3005.34638,-0.51755,81.19466,7.55322486868552,2.813775000892484,0.0
15.89306,23.49031,43.19818,3001.25168,-0.52616,81.20942,7.5762561413251,2.8223547559399815,0.0
15.8992,23.53161,43.15655,2997.14606,-0.53424,81.22418,7.599914369206153,2.831168068311113,0.0
15.90532,23.57285,43.11436,2993.02903,-0.54177,81.23894,7.624154974346555,2.84019833153462,0.0
15.91142,23.61403,43.07166,2988.90015,-0.54874,81.25368,7.648931638604046,2.849428290883807,0.0
15.9175,23.65516,43.0285,2984.75897,-0.55513,81.26841,7.674196371068388,2.858840068481893,0.0
15.92356,23.69624,42.98492,2980.60511,-0.56092,81.28313,7.699899583430933,2.868415191379161,0.0
15.9296,23.73726,42.94098,2976.43816,-0.56611,81.29785,7.725990173661214,2.8781346227246845,0.0
15.93563,23.77823,42.89671,2972.25778,-0.57068,81.31255,7.752415618248088,2.887978796128588,0.0
15.94163,23.81915,42.85218,2968.06363,-0.57461,81.32725,7.779122073266296,2.897927653311993,0.0
15.94762,23.86001,42.80743,2963.85542,-0.57791,81.34193,7.806054484403671,2.9079606850950506,0.0
15.95359,23.90081,42.76252,2959.63285,-0.58056,81.35661,7.833156706027326,2.9180569757522306,0.0
15.95954,23.94156,42.71748,2955.39571,-0.58256,81.37128,7.86037162931664,2.9281952507452282,0.0
15.96547,23.98225,42.67239,2951.14376,-0.5839,81.38593,7.887641319374676,2.938353927800574,0.0
15.97138,24.02289,42.62728,2946.87683,-0.58459,81.40058,7.914907161162151,2.9485111712738825,0.0
15.97728,24.06347,42.5822,2942.59478,-0.58462,81.41522,7.942110013994573,2.9586449497040945,0.0
15.98316,24.104,42.53722,2938.29748,-0.58399,81.42984,7.969190374254427,2.9687330964280516,0.0
15.98901,24.14447,42.49238,2933.98486,-0.58271,81.44446,7.996088545868808,2.9787533730878977,0.0
15.99485,24.18488,42.44772,2929.65686,-0.58077,81.45906,8.02274481801051,2.9886835358294133,0.0
16.00067,24.22524,42.40331,2925.31348,-0.57819,81.47366,8.049099649361487,2.998501403944999,0.0
16.00648,24.26554,42.35918,2920.95474,-0.57498,81.48824,8.075093858219965,3.0081849306935795,0.0
16.01226,24.30578,42.31539,2916.5807,-0.57114,81.50282,8.100668817588174,3.017712275975917,0.0
16.01803,24.34597,42.27197,2912.19144,-0.56669,81.51738,8.125766654324606,3.0270618805240654,0.0
16.02377,24.38609,42.22899,2907.78711,-0.56164,81.53193,8.150330451342,3.036212541225443,0.0
16.0295,24.42616,42.18648,2903.36785,-0.556,81.54647,8.17430445175677,3.0451434871738594,0.0
16.03521,24.46617,42.14448,2898.93388,-0.54979,81.561,8.197634263832057,3.0538344560162036,0.0
16.04091,24.50613,42.10304,2894.48541,-0.54303,81.57552,8.220267065479193,3.0622657701346125,0.0
16.04658,24.54602,42.0622,2890.02273,-0.53574,81.59002,8.242151807059727,3.0704184121955684,0.0
16.05223,24.58586,42.02199,2885.54613,-0.52795,81.60452,8.263239411153947,3.078274099568921,0.0
16.05787,24.62563,41.98245,2881.05593,-0.51966,81.619,8.283482967981232,3.0858153571271223,0.0
16.06349,24.66535,41.94361,2876.55252,-0.51092,81.63347,8.302837925129177,3.0930255879243034,0.0
16.06909,24.70501,41.9055,2872.03627,-0.50174,81.64793,8.321262270212815,3.099889141241653,0.0
16.07467,24.74461,41.86817,2867.50762,-0.49215,81.66238,8.338716705187267,3.1063913775234613,0.0
16.08023,24.78415,41.83162,2862.96701,-0.48218,81.67682,8.3551648109988,3.1125187297139676,0.0
16.08578,24.82363,41.79589,2858.41493,-0.47187,81.69124,8.370573201340676,3.1182587605354652,0.0
16.0913,24.86305,41.76101,2853.85187,-0.46123,81.70565,8.384911664334568,3.1236002152683575,0.0
16.09681,24.90241,41.72698,2849.27838,-0.4503,81.72005,8.398153291056541,3.12853306963046,0.0
16.1023,24.94171,41.69383,2844.69499,-0.43912,81.73444,8.410274589883471,3.133048572374058,0.0
16.10777,24.98094,41.66158,2840.10229,-0.42772,81.74881,8.421255585782156,3.1371392822737088,0.0
16.11323,25.02012,41.63023,2835.50085,-0.41613,81.76318,8.431079903745047,3.1407990992082486,0.0
16.11866,25.05924,41.5998,2830.89129,-0.40438,81.77753,8.439734835729,3.144023289097237,0.0
16.12408,25.09829,41.5703,2826.27422,-0.39252,81.79186,8.447211390562844,3.1468085024928403,0.0
16.12948,25.13729,41.54172,2821.65029,-0.38058,81.80619,8.453504326460061,3.1491527866916638,0.0
16.13486,25.17622,41.51407,2817.02014,-0.36858,81.8205,8.458612165895332,3.151055591276645,0.0
16.14022,25.21509,41.48735,2812.38442,-0.35658,81.8348,8.462537192758422,3.152517767056819,0.0
16.14557,25.2539,41.46156,2807.74379,-0.3446,81.84908,8.46528543185514,3.1535415584308684,0.0
16.15089,25.29265,41.43669,2803.09892,-0.33268,81.86336,8.466866610962938,3.15413058925185,0.0
16.1562,25.33134,41.41273,2798.45048,-0.32086,81.87762,8.467294105810112,3.154289842330488,0.0
16.16149,25.36997,41.38967,2793.79914,-0.30917,81.89186,8.466584868443336,3.154025632750206,0.0
16.16676,25.40853,41.3675,2789.14555,-0.29765,81.9061,8.464759339658945,3.1533455752454675,0.0
16.17202,25.44703,41.3462,2784.4904,-0.28633,81.92032,8.461841346195472,3.1522585459032952,0.0
16.17725,25.48547,41.32575,2779.83433,-0.27524,81.93453,8.457857983598636,3.150774638527396,0.0
16.18247,25.52385,41.30613,2775.178,-0.26442,81.94872,8.452839485681842,3.1489051160087627,0.0
16.18767,25.56217,41.28732,2770.52204,-0.2539,81.9629,8.446819081673086,3.1466623571091374,0.0
16.19285,25.60042,41.26929,2765.86709,-0.24371,81.97707,8.439832842147451,3.1440597990668144,0.0
16.19802,25.63862,41.25201,2761.21377,-0.23388,81.99123,8.431919514943386,3.14111187647113,0.0
16.20317,25.67675,41.23546,2756.56267,-0.22444,82.00537,8.423120352313179,3.1378339568714746,0.0
16.2083,25.71482,41.21961,2751.91439,-0.21542,82.0195,8.413478930548708,3.1342422735831357,0.0
16.21341,25.75282,41.20441,2747.26948,-0.20684,82.03362,8.403040963384411,3.13035385617499,0.0
16.2185,25.79077,41.18984,2742.6285,-0.19874,82.04772,8.39185411047479,3.126186459122342,0.0
16.22358,25.82866,41.17586,2737.99198,-0.19113,82.06181,8.379967782182653,3.1217584890854004,0.0
16.22864,25.86648,41.16243,2733.36042,-0.18404,82.07589,8.367432941995167,3.1170889313040666,0.0
16.23368,25.90424,41.14951,2728.73429,-0.17748,82.08995,8.354301907718002,3.1121972755375182,0.0
16.23871,25.94194,41.13706,2724.11407,-0.17148,82.104,8.340628152670877,3.1071034420043153,0.0
16.24371,25.97958,41.12504,2719.50017,-0.16605,82.11804,8.326466107976506,3.1018277077298397,0.0
16.2487,26.01715,41.1134,2714.89301,-0.16122,82.13206,8.311870966997077,3.0963906336937317,0.0
16.25368,26.05467,41.1021,2710.29296,-0.15699,82.14607,8.296898492883365,3.090812993136871,0.0
16.25863,26.09212,41.09111,2705.70038,-0.15338,82.16007,8.281604830164786,3.085115701373716,0.0
16.26357,26.12951,41.08036,2701.11558,-0.1504,82.17405,8.266046321169146,3.0793197474038303,0.0
16.26849,26.16684,41.06982,2696.53886,-0.14805,82.18803,8.250279328003822,3.0734461275951896,0.0
16.27339,26.20411,41.05944,2691.97048,-0.14635,82.20198,8.234360060746729,3.0675157816807923,0.0
16.27828,26.24132,41.04918,2687.41068,-0.1453,82.21593,8.218344412395746,3.061549531272982,0.0
16.28315,26.27847,41.03898,2682.85966,-0.14491,82.22986,8.202287801025916,3.0555680210628484,0.0
16.288,26.31556,41.0288,2678.31759,-0.14517,82.24378,8.186245019538518,3.049591662847807,0.0
16.29284,26.35259,41.01861,2673.78463,-0.14609,82.25769,8.170270093272352,3.0436405824880537,0.0
16.29766,26.38955,41.00834,2669.26087,-0.14767,82.27158,8.154416145701177,3.0377345698753246,0.0
16.30246,26.42646,40.99795,2664.74641,-0.1499,82.28546,8.138735272320584,3.031893031952444,0.0
16.30725,26.46331,40.98741,2660.24131,-0.15278,82.29933,8.123278422777199,3.0261349488033447,0.0
16.31202,26.50009,40.97666,2655.74557,-0.1563,82.31318,8.108095291226551,3.0204788328084953,0.0
16.31677,26.53682,40.96566,2651.25921,-0.16046,82.32703,8.093234214834665,3.014942690834064,0.0
16.32151,26.57349,40.95437,2646.78219,-0.16524,82.34086,8.07874208027214,3.009543989398513,0.0
16.32623,26.61009,40.94274,2642.31444,-0.17063,82.35467,8.064664238013105,3.004299622746701,0.0
16.33093,26.64664,40.93075,2637.85588,-0.17662,82.36848,8.051044424200644,2.9992258837426906,0.0
16.33562,26.68313,40.91834,2633.40638,-0.1832,82.38227,8.037924689795817,2.9943384374759043,0.0
16.34029,26.71955,40.90547,2628.96582,-0.19036,82.39605,8.025345336707792,2.989652297467915,0.0
16.34495,26.75592,40.89212,2624.534,-0.19806,82.40981,8.013344860545136,2.9851818043457947,0.0
16.34958,26.79223,40.87824,2620.11075,-0.20631,82.42356,8.00195989966188,2.9809406068604334,0.0
16.35421,26.82848,40.86381,2615.69584,-0.21507,82.4373,7.9912251900909785,2.9769416450980644,0.0
16.35881,26.86467,40.84878,2611.28902,-0.22432,82.45103,7.981173526002808,2.9731971357500213,0.0
16.3634,26.90081,40.83313,2606.89004,-0.23405,82.46475,7.971835725304736,2.9697185592976663,0.0
16.36798,26.93688,40.81682,2602.49859,-0.24423,82.47845,7.96324059997019,2.9665166489591903,0.0
16.37254,26.97289,40.79984,2598.11437,-0.25484,82.49214,7.955414930751344,2.96360138126942,0.0
16.37708,27.00885,40.78215,2593.73705,-0.26586,82.50582,7.94838344587745,2.960981968144394,0.0
16.3816,27.04475,40.76372,2589.36627,-0.27725,82.51948,7.942168803394083,2.958666850302254,0.0
16.38611,27.08059,40.74455,2585.00167,-0.28899,82.53313,7.936791576807407,2.9566636919153706,0.0
16.39061,27.11637,40.7246,2580.64286,-0.30105,82.54677,7.932270243704752,2.9549793763711976,0.0
16.39509,27.15209,40.70387,2576.28943,-0.31341,82.5604,7.9286211770673045,2.9536200030360273,0.0
16.39955,27.18775,40.68232,2571.94097,-0.32603,82.57402,7.925858639002707,2.952590884920214,0.0
16.404,27.22336,40.65996,2567.59703,-0.33889,82.58762,7.923994776645032,2.9518965471508096,0.0
16.40843,27.25891,40.63676,2563.25718,-0.35196,82.60121,7.923039620041511,2.9515407261843154,0.0
16.41285,27.2944,40.61272,2558.92095,-0.36521,82.61479,7.92300108180072,2.9515263696756184,0.0
16.41725,27.32983,40.58782,2554.58786,-0.3786,82.62835,7.923884958412628,2.951855636969747,0.0
16.42164,27.3652,40.56207,2550.25743,-0.39211,82.6419,7.925694933070417,2.9525299001530736,0.0
16.42601,27.40052,40.53546,2545.92918,-0.40571,82.65544,7.92843257994984,2.953549745647483,0.0
16.43036,27.43577,40.50799,2541.60259,-0.41935,82.66897,7.932097369898452,2.9549149763297677,0.0
16.4347,27.47097,40.47966,2537.27717,-0.43302,82.68249,7.936686677494581,2.9566246141612758,0.0
16.43902,27.50611,40.45047,2532.9524,-0.44668,82.69599,7.942195789540124,2.9586769033517024,0.0
16.44333,27.5412,40.42042,2528.62775,-0.4603,82.70948,7.948617915003302,2.9610693140630273,0.0
16.44763,27.57622,40.38953,2524.30272,-0.47385,82.72295,7.955944196524796,2.9637985466958514,0.0
16.45191,27.61119,40.35779,2519.97676,-0.48729,82.73642,7.964163723584069,2.966860536794204,0.0
16.45617,27.6461,40.32523,2515.64937,-0.5006,82.74987,7.973263547492737,2.97025046063096,0.0
16.46042,27.68095,40.29186,2511.32001,-0.51375,82.76331,7.983228698367057,2.973962741530544,0.0
16.46465,27.71574,40.25769,2506.98816,-0.5267,82.77673,7.994042204297697,2.977991057010172,0.0
16.46887,27.75048,40.22273,2502.65329,-0.53943,82.79015,8.00568511293138,2.9823283468195814,0.0
16.47307,27.78515,40.18701,2498.3149,-0.55191,82.80355,8.018136515699446,2.9869668219668104,0.0
16.47726,27.81977,40.15054,2493.97245,-0.56411,82.81693,8.031373574970951,2.9918979748334373,0.0
16.48143,27.85433,40.11335,2489.62546,-0.576,82.83031,8.045371554386756,2.997112590474829,0.0
16.48559,27.88883,40.07547,2485.27342,-0.58755,82.84367,8.060103852675192,3.002600759217369,0.0
16.48973,27.92328,40.03691,2480.91584,-0.59874,82.85702,8.075542041233424,3.0083518906584974,0.0
16.49386,27.95766,39.9977,2476.55223,-0.60955,82.87035,8.091655905773278,3.0143547291808863,0.0
16.49797,27.99199,39.95787,2472.18213,-0.61995,82.88367,8.108413492326955,3.0205973710907696,0.0
16.50207,28.02625,39.91746,2467.80509,-0.62991,82.89698,8.12578115790801,3.0270672834904966,0.0
16.50615,28.06046,39.87649,2463.42065,-0.63942,82.91028,8.143723626099439,3.0337513249865546,0.0
16.51022,28.09461,39.835,2459.02838,-0.64845,82.92356,8.16220404784502,3.040635768335944,0.0
16.51428,28.1287,39.79302,2454.62789,-0.65698,82.93683,8.181184067691612,3.047706325123177,0.0
16.51831,28.16273,39.75058,2450.21876,-0.665,82.95008,8.200623895690729,3.054948172545507,0.0
16.52234,28.1967,39.70772,2445.80061,-0.67249,82.96332,8.220482385183164,3.0623459823897443,0.0
16.52635,28.23061,39.66447,2441.3731,-0.67943,82.97655,8.240717116608309,3.069883952253438,0.0
16.53034,28.26447,39.62088,2436.93588,-0.68581,82.98976,8.261284487456543,3.0775458390545007,0.0
16.53432,28.29826,39.57698,2432.48864,-0.69161,83.00296,8.282139808476643,3.085314994871009,0.0
16.53829,28.33199,39.53281,2428.03107,-0.69683,83.01615,8.303237406130659,3.0931744051083334,0.0
16.54224,28.36566,39.4884,2423.56291,-0.70145,83.02932,8.324530731314866,3.101106729000555,0.0
16.54617,28.39927,39.44381,2419.0839,-0.70547,83.04248,8.345972474257035,3.1090943424127238,0.0
16.55009,28.43282,39.39906,2414.59383,-0.70887,83.05562,8.367514685454465,3.117119382893455,0.0
16.554,28.46631,39.3542,2410.0925,-0.71167,83.06875,8.389108902477803,3.1251637969126946,0.0
16.55789,28.49974,39.30927,2405.57973,-0.71384,83.08187,8.410706282373742,3.1332093891851964,0.0
16.56177,28.53311,39.26431,2401.05537,-0.7154,83.09497,8.432257739344932,3.1412378739599256,0.0
16.56563,28.56642,39.21935,2396.51932,-0.71633,83.10806,8.453714087323561,3.1492309281324578,0.0
16.56948,28.59967,39.17444,2391.97148,-0.71665,83.12113,8.475026187002857,3.1571702460180866,0.0
16.57331,28.63285,39.12961,2387.41178,-0.71636,83.13419,8.496145096784746,3.165037595583799,0.0
16.57713,28.66598,39.0849,2382.8402,-0.71546,83.14723,8.517022227071797,3.172814875926083,0.0
16.58094,28.69904,39.04036,2378.25673,-0.71396,83.16026,8.537609497277913,3.180484175761541,0.0
16.58473,28.73204,38.99601,2373.6614,-0.71187,83.17327,8.557859494831565,3.1880278326597793,0.0
16.5885,28.76498,38.9519,2369.05425,-0.70919,83.18627,8.577725635447932,3.1954284927489938,0.0
16.59226,28.79785,38.90805,2364.43537,-0.70595,83.19925,8.597162323842317,3.2026691705859527,0.0
16.59601,28.83067,38.86451,2359.80487,-0.70216,83.21222,8.616125114070863,3.209733308887125,0.0
16.59974,28.86342,38.82131,2355.16289,-0.69783,83.22517,8.634570868581331,3.2166048377792857,0.0
16.60346,28.8961,38.77847,2350.50959,-0.69299,83.23811,8.652457915119486,3.223268233251267,0.0
16.60716,28.92873,38.73603,2345.84517,-0.68764,83.25103,8.66974620051351,3.2297085744427068,0.0
16.61085,28.96129,38.69402,2341.16984,-0.68181,83.26394,8.686397440439446,3.2359115994356085,0.0
16.61453,28.99379,38.65247,2336.48386,-0.67553,83.27683,8.702375264203173,3.241863759189441,0.0
16.61819,29.02622,38.61139,2331.78751,-0.66881,83.28971,8.71764535362655,3.2475522692798817,0.0
16.62183,29.05859,38.57082,2327.08106,-0.66169,83.30257,8.732175575115459,3.252965159097637,0.0
16.62546,29.0909,38.53077,2322.36486,-0.65418,83.31541,8.745936104031294,3.258091318180093,0.0
16.62908,29.12315,38.49128,2317.63924,-0.64632,83.32824,8.75889954051148,3.262920539357504,0.0
16.63268,29.15532,38.45235,2312.90456,-0.63813,83.34106,8.77104101595004,3.2674435584198127,0.0
16.63627,29.18744,38.41401,2308.16122,-0.62964,83.35385,8.782338289384935,3.2716520900234647,0.0
16.63985,29.21949,38.37626,2303.40962,-0.62089,83.36663,8.792771833110248,3.2755388595842008,0.0
16.64341,29.25148,38.33913,2298.65019,-0.61191,83.3794,8.802324906923864,3.2790976309362727,0.0
16.64695,29.2834,38.30262,2293.88335,-0.60272,83.39215,8.810983620466073,3.2823232295552103,0.0
16.65049,29.31526,38.26674,2289.10958,-0.59336,83.40488,8.818736983220717,3.2852115611845667,0.0
16.65401,29.34705,38.2315,2284.32934,-0.58387,83.4176,8.82557694181802,3.2877596257322046,0.0
16.65751,29.37878,38.19691,2279.54311,-0.57427,83.4303,8.831498404395305,3.2899655263453007,0.0
16.661,29.41044,38.16296,2274.75138,-0.56461,83.44298,8.836499251852349,3.2918284736032652,0.0
16.66448,29.44204,38.12966,2269.95465,-0.55491,83.45565,8.840580335952415,3.293348784810325,0.0
16.66794,29.47357,38.09701,2265.15344,-0.54521,83.4683,8.84374546430438,3.294527878400971,0.0
16.67139,29.50504,38.065,2260.34825,-0.53555,83.48093,8.84600137237796,3.2953682635148938,0.0
16.67482,29.53644,38.03362,2255.53962,-0.52596,83.49355,8.847357682784047,3.2958735248278344,0.0
16.67824,29.56778,38.00288,2250.72804,-0.51647,83.50615,8.847826852153098,3.2960483027623955,0.0
16.68165,29.59905,37.97276,2245.91406,-0.50711,83.51874,8.847424106045684,3.295898269240496,0.0
16.68504,29.63025,37.94324,2241.09819,-0.49793,83.53131,8.846167362391355,3.2954300991623424,0.0
16.68842,29.66139,37.91432,2236.28095,-0.48895,83.54386,8.844077144048967,3.294651437832848,0.0
16.69178,29.69247,37.88599,2231.46285,-0.4802,83.5564,8.841176481135962,3.2935708645767203,0.0
16.69513,29.72348,37.85821,2226.64441,-0.47172,83.56892,8.837490803840883,3.2921978528082962,0.0
16.69847,29.75442,37.83098,2221.82612,-0.46354,83.58142,8.833047826509185,3.2905427268504703,0.0
16.7018,29.7853,37.80428,2217.00848,-0.45569,83.5939,8.827877423789666,3.2886166157959664,0.0
16.70511,29.81611,37.77808,2212.19198,-0.44819,83.60637,8.822011499725532,3.2864314047403256,0.0
16.7084,29.84686,37.75236,2207.37709,-0.44108,83.61883,8.815483850630224,3.2839996836995393,0.0
16.71169,29.87754,37.72709,2202.56427,-0.43437,83.63126,8.808330022677035,3.281334694558434,0.0
16.71496,29.90816,37.70225,2197.75396,-0.4281,83.64368,8.800587165082012,3.278450276377443,0.0
16.71821,29.93871,37.67782,2192.9466,-0.42229,83.65608,8.79229387978484,3.2753608093947784,0.0
16.72145,29.96919,37.65376,2188.14261,-0.41696,83.66847,8.783490068531968,3.272081158060868,0.0
16.72468,29.99961,37.63004,2183.34237,-0.41213,83.68084,8.774216778214758,3.268626613422754,0.0
16.7279,30.02996,37.60663,2178.54628,-0.40782,83.69319,8.76451604532105,3.265012835178204,0.0
16.7311,30.06025,37.58351,2173.7547,-0.40406,83.70553,8.754430740311227,3.2612557937016993,0.0
16.73429,30.09048,37.56063,2168.96796,-0.40084,83.71785,8.74400441270385,3.257371712334762,0.0
16.73747,30.12063,37.53797,2164.18639,-0.3982,83.73015,8.733281137588321,3.253377010207878,0.0
16.74063,30.15073,37.5155,2159.41028,-0.39614,83.74244,8.722305364257837,3.2492882458522954,0.0
16.74378,30.18075,37.49317,2154.63993,-0.39467,83.75471,8.711121767602513,3.2451220618400507,0.0
16.74692,30.21072,37.47096,2149.87557,-0.39381,83.76696,8.699775102821476,3.2408951306603964,0.0
16.75004,30.24061,37.44883,2145.11745,-0.39356,83.7792,8.688310063989462,3.2366241020321436,0.0
16.75315,30.27045,37.42675,2140.36577,-0.39393,83.79142,8.676771146940235,3.2323255518241263,0.0
16.75625,30.30022,37.40467,2135.62073,-0.39492,83.80362,8.665202516866238,3.2280159327325855,0.0
16.75933,30.32992,37.38258,2130.88247,-0.39653,83.81581,8.653647880968787,3.2237115268400176,0.0
16.76241,30.35956,37.36042,2126.15116,-0.39877,83.82798,8.642150366479745,3.2194284001750364,0.0
16.76547,30.38913,37.33817,2121.42688,-0.40163,83.84013,8.630752404249009,3.2151823593456523,0.0
16.76851,30.41864,37.3158,2116.70975,-0.40512,83.85227,8.619495618101547,3.2109889103218534,0.0
16.77155,30.44809,37.29326,2111.99983,-0.40922,83.86439,8.608420720078955,3.2068632194103333,0.0
16.77457,30.47747,37.27053,2107.29715,-0.41393,83.8765,8.597567411645924,3.202820076451298,0.0
16.77758,30.50678,37.24758,2102.60174,-0.41925,83.88858,8.586974290905799,3.1988738602538196,0.0
16.78057,30.53604,37.22437,2097.9136,-0.42516,83.90066,8.576678765789406,3.1950385062563944,0.0
16.78355,30.56522,37.20087,2093.23269,-0.43166,83.91271,8.566716973206521,3.191327476408732,0.0
16.78653,30.59435,37.17705,2088.55898,-0.43872,83.92475,8.557123704050225,3.1877537312339084,0.0
16.78948,30.62341,37.15288,2083.89238,-0.44635,83.93678,8.547932333964262,3.1843297040373852,0.0
16.79243,30.65241,37.12834,2079.23281,-0.45451,83.94878,8.539174759729198,3.181067277209178,0.0
16.79536,30.68134,37.10339,2074.58014,-0.4632,83.96078,8.530881341109195,3.1779777605602506,0.0
16.79828,30.71021,37.07801,2069.93425,-0.4724,83.97275,8.523080848004179,3.1750718716353052,0.0
16.80119,30.73901,37.05218,2065.29497,-0.48209,83.98471,8.515800412685154,3.1723597179191874,0.0
16.80409,30.76776,37.02587,2060.66213,-0.49224,83.99665,8.509065486961438,3.169850780880542,0.0
16.80697,30.79643,36.99907,2056.03554,-0.50284,84.00858,8.502899804040046,3.1675539017634424,0.0
16.80985,30.82505,36.97174,2051.41497,-0.51387,84.02049,8.497325344891205,3.1654772690576514,0.0
16.81271,30.8536,36.94386,2046.80021,-0.52529,84.03238,8.492362308919983,3.163628407573036,0.0
16.81555,30.88209,36.91543,2042.19099,-0.53709,84.04426,8.48802908872837,3.162014169037774,0.0
16.81839,30.91052,36.88643,2037.58706,-0.54923,84.05612,8.484342248797587,3.160640724156961,0.0
16.82121,30.93888,36.85683,2032.98814,-0.5617,84.06797,8.481316507892993,3.159513556057965,0.0
16.82402,30.96718,36.82663,2028.39393,-0.57447,84.0798,8.478964725015746,3.1586374550570593,0.0
16.82682,30.99542,36.79582,2023.80412,-0.5875,84.09161,8.477297888767852,3.158016514697618,0.0
16.82961,31.02359,36.76438,2019.21839,-0.60077,84.10341,8.476325109960364,3.1576541289964775,0.0
16.83239,31.05171,36.7323,2014.63641,-0.61425,84.1152,8.47605361736081,3.157552990859743,0.0
16.83515,31.07976,36.69958,2010.05784,-0.62791,84.12696,8.4764887564562,3.157715091621975,0.0
16.83791,31.10774,36.66621,2005.48232,-0.64172,84.13871,8.477633991150054,3.158141721678373,0.0
16.84065,31.13567,36.6322,2000.90949,-0.65566,84.15045,8.479490908331801,3.158833472187006,0.0
16.84338,31.16353,36.59752,1996.33897,-0.66968,84.16216,8.482059225246445,3.159790237814196,0.0
16.84609,31.19132,36.5622,1991.7704,-0.68376,84.17387,8.485336799658711,3.161011220520938,0.0
16.8488,31.21906,36.52622,1987.20338,-0.69787,84.18555,8.489319642773461,3.162494934376092,0.0
16.85149,31.24673,36.48959,1982.63753,-0.71198,84.19722,8.494001934941474,3.164239211407198,0.0
16.85418,31.27434,36.45231,1978.07245,-0.72605,84.20887,8.499376044165361,3.16624120849442,0.0
16.85685,31.30189,36.41439,1973.50776,-0.74007,84.22051,8.505432547429276,3.16849741531642,0.0
16.85951,31.32938,36.37584,1968.94304,-0.75399,84.23213,8.512160254954445,3.171003663386184,0.0
16.86216,31.3568,36.33667,1964.3779,-0.76779,84.24374,8.51954623738857,3.1737551361797887,0.0
16.86479,31.38416,36.29688,1959.81195,-0.78143,84.25533,8.527575856063788,3.1767463804082903,0.0
16.86742,31.41146,36.25649,1955.24478,-0.7949,84.2669,8.536232796378606,3.1799713184533682,0.0
16.87003,31.43869,36.21551,1950.676,-0.80816,84.27846,8.54549910443416,3.183423262015301,0.0
16.87263,31.46586,36.17395,1946.10523,-0.82118,84.29,8.555355226988777,3.187094926997087,0.0
16.87523,31.49297,36.13184,1941.53206,-0.83394,84.30152,8.565780054885682,3.190978449682415,0.0
16.87781,31.52002,36.08918,1936.95613,-0.84641,84.31303,8.576750970025083,3.1950654042339917,0.0
16.88037,31.547,36.04601,1932.37705,-0.85857,84.32452,8.588243896006125,3.199346821559012,0.0
16.88293,31.57392,36.00232,1927.79446,-0.87039,84.336,8.600233352526413,3.2038132095744065,0.0
16.88548,31.60078,35.95816,1923.208,-0.88184,84.34746,8.612692513646069,3.208454574911736,0.0
16.88801,31.62758,35.91353,1918.61732,-0.89292,84.3589,8.625593269981001,3.213260446085828,0.0
16.89054,31.65431,35.86847,1914.02208,-0.90359,84.37033,8.638906294900234,3.218219898155008,0.0
16.89305,31.68098,35.82299,1909.42196,-0.91383,84.38174,8.652601114775008,3.2233215788907588,0.0
16.89555,31.70758,35.77712,1904.81663,-0.92363,84.39313,8.666646183316917,3.228553736470615,0.0
16.89804,31.73412,35.73088,1900.2058,-0.93297,84.40451,8.681008959995005,3.2339042486906,0.0
16.90052,31.7606,35.68431,1895.58918,-0.94183,84.41586,8.695655992523973,3.2393606536942605,0.0
16.90299,31.78702,35.63742,1890.9665,-0.95021,84.42721,8.710553003375315,3.2449101822003317,0.0
16.90545,31.81337,35.59024,1886.33751,-0.95807,84.43853,8.72566498022755,3.250539791197831,0.0
16.90789,31.83966,35.5428,1881.70195,-0.96543,84.44984,8.740956270249125,3.256236199068922,0.0
16.91033,31.86588,35.49513,1877.05962,-0.97226,84.46114,8.75639067807325,3.26198592208712,0.0
16.91275,31.89204,35.44726,1872.4103,-0.97855,84.47241,8.77193156726511,3.2677753122164908,0.0
16.91517,31.91814,35.39921,1867.75381,-0.98431,84.48367,8.78754196509807,3.273590596143556,0.0
16.91757,31.94417,35.35101,1863.08999,-0.98952,84.49491,8.803184670338268,3.2794179154298755,0.0
16.91996,31.97014,35.3027,1858.41868,-0.99418,84.50614,8.818822363792272,3.2852433676939694,0.0
16.92234,31.99604,35.25429,1853.73977,-0.99829,84.51734,8.834417721236214,3.291053048680388,0.0
16.92471,32.02188,35.20582,1849.05314,-1.00186,84.52854,8.8499335284197,3.2968330951016935,0.0
16.92707,32.04766,35.15731,1844.35871,-1.00487,84.53971,8.8653327976713,3.3025697280770743,0.0
16.92942,32.07337,35.10879,1839.65642,-1.00734,84.55086,8.880578885727537,3.308249297026742,0.0
16.93176,32.09901,35.06029,1834.94622,-1.00927,84.562,8.895635612276338,3.3138583238324886,0.0
16.93409,32.12459,35.01183,1830.2281,-1.01067,84.57312,8.910467378738975,3.319383547087083,0.0
16.9364,32.15011,34.96345,1825.50205,-1.01155,84.58423,8.925039286744964,3.324811966229288,0.0
16.93871,32.17556,34.91516,1820.76811,-1.01191,84.59531,8.939317255777727,3.330130885369968,0.0
16.94101,32.20094,34.86699,1816.0263,-1.01177,84.60638,8.953268139392847,3.33532795658644,0.0
16.94329,32.22626,34.81897,1811.27671,-1.01114,84.61743,8.966859839460714,3.3403912224808714,0.0
16.94556,32.25152,34.77111,1806.51941,-1.01004,84.62847,8.980061417810038,3.3453091577704264,0.0
16.94783,32.27671,34.72344,1801.75452,-1.00849,84.63948,8.992843204710349,3.350070709699846,0.0
16.95008,32.30183,34.67598,1796.98216,-1.00649,84.65048,9.005176903574483,3.3546653370458843,0.0
16.95232,32.32689,34.62875,1792.20249,-1.00408,84.66146,9.017035691318437,3.3590830475039914,0.0
16.95455,32.35188,34.58177,1787.41566,-1.00128,84.67242,9.028394313780648,3.363314433234509,0.0
16.95678,32.37681,34.53505,1782.62188,-0.9981,84.68337,9.039229175652602,3.367350704364186,0.0
16.95899,32.40167,34.48862,1777.82134,-0.99457,84.69429,9.049518424411568,3.3711837202533284,0.0
16.96119,32.42646,34.44248,1773.01428,-0.99071,84.7052,9.059242027699963,3.3748060183216553,0.0
16.96338,32.45119,34.39666,1768.20093,-0.98655,84.71609,9.068381843744422,3.37821084028125,0.0
16.96555,32.47585,34.35115,1763.38155,-0.98212,84.72696,9.076921684326699,3.381392155594877,0.0
16.96772,32.50045,34.30598,1758.55641,-0.97745,84.73782,9.084847369948832,3.384344682026461,0.0
16.96988,32.52498,34.26116,1753.72581,-0.97256,84.74865,9.092146776865507,3.3870639031618777,0.0
16.97203,32.54944,34.21668,1748.89004,-0.96748,84.75947,9.098809875656304,3.38954608277813,0.0
16.97417,32.57383,34.17257,1744.04942,-0.96225,84.77027,9.104828761131984,3.3917882759842284,0.0
16.9763,32.59816,34.12882,1739.20427,-0.95689,84.78105,9.110197673403245,3.393788337069857,0.0
16.97841,32.62243,34.08544,1734.35494,-0.95144,84.79181,9.114913009963502,3.3955449240065243,0.0
16.98052,32.64662,34.04242,1729.50176,-0.94593,84.80255,9.118973328763103,3.3970574995927936,0.0
16.98262,32.67075,33.99978,1724.64509,-0.94039,84.81328,9.122379342250479,3.3983263292344494,0.0
16.9847,32.69481,33.95751,1719.78529,-0.93485,84.82399,9.125133902463267,3.399352475390554,0.0
16.98678,32.7188,33.9156,1714.92274,-0.92934,84.83468,9.127241977265454,3.400137788721155,0.0
16.98885,32.74273,33.87406,1710.05779,-0.9239,84.84535,9.128710617950327,3.4006848960185323,0.0
16.9909,32.76659,33.83288,1705.19083,-0.91855,84.856,9.129548918399188,3.4009971849927454,0.0
16.99295,32.79038,33.79205,1700.32224,-0.91334,84.86663,9.129767966127387,3.4010787860349923,0.0
16.99499,32.81411,33.75157,1695.45239,-0.90829,84.87725,9.12938078552495,3.40093455107325,0.0
16.99701,32.83777,33.71142,1690.58166,-0.90343,84.88784,9.128402273692814,3.4005700296695824,0.0
16.99903,32.86136,33.6716,1685.71044,-0.89879,84.89842,9.126849129296742,3.3999914425163573,0.0
17.00103,32.88488,33.63209,1680.83909,-0.8944,84.90898,9.124739774913012,3.3992056525079635,0.0
17.00303,32.90834,33.59288,1675.968,-0.8903,84.91952,9.122094273337831,3.3982201335638735,0.0
17.00502,32.93173,33.55396,1671.09753,-0.8865,84.93004,9.11893423840828,3.3970429374070923,0.0
17.00699,32.95505,33.51531,1666.22804,-0.88305,84.94054,9.11528274087333,3.3956826584986413,0.0
17.00896,32.9783,33.47692,1661.35989,-0.87995,84.95103,9.11116420987085,3.3941483973351456,0.0
17.01092,33.00149,33.43876,1656.49344,-0.87724,84.96149,9.10660433058343,3.3924497223229366,0.0
17.01286,33.02461,33.40083,1651.62901,-0.87495,84.97194,9.101629938671598,3.390596630451651,0.0
17.0148,33.04766,33.36309,1646.76695,-0.87308,84.98237,9.096268912036876,3.3885995069731165,0.0
17.01673,33.07065,33.32554,1641.90756,-0.87168,84.99278,9.090550060509294,3.386469084307053,0.0
17.01865,33.09357,33.28815,1637.05118,-0.87075,85.00317,9.084503014030098,3.3842164003861828,0.0
17.02056,33.11642,33.2509,1632.19808,-0.87031,85.01355,9.0781581098656,3.381852756640432,0.0
17.02245,33.1392,33.21377,1627.34857,-0.87039,85.0239,9.071546279412757,3.3793896758290183,0.0
17.02434,33.16192,33.17673,1622.5029,-0.871,85.03424,9.064698935101298,3.3768388599085277,0.0
17.02622,33.18457,33.13977,1617.66135,-0.87215,85.04455,9.05764785788831,3.3742121481216834,0.0
17.02809,33.20715,33.10285,1612.82415,-0.87385,85.05485,9.050425085823894,3.3715214754851175,0.0
17.02995,33.22967,33.06597,1607.99153,-0.87612,85.06513,9.043062804097323,3.368778831828679,0.0
17.03181,33.25212,33.02909,1603.16371,-0.87896,85.0754,9.035593237015823,3.365996221554682,0.0
17.03365,33.2745,32.99218,1598.34089,-0.88239,85.08564,9.028048542255148,3.363185624243464,0.0
17.03548,33.29682,32.95523,1593.52325,-0.8864,85.09586,9.020460707751795,3.360358956243023,0.0
17.0373,33.31906,32.91822,1588.71095,-0.89101,85.10607,9.01286145151586,3.3575280333466724,0.0
17.03912,33.34125,32.88111,1583.90414,-0.89622,85.11626,9.005282124686637,3.3547045346786963,0.0
17.04092,33.36336,32.84389,1579.10296,-0.90202,85.12643,8.997753618027398,3.3518999678611974,0.0
17.04272,33.38541,32.80653,1574.30752,-0.90842,85.13658,8.990306272097577,3.3491256355508745,0.0
17.04451,33.4074,32.769,1569.51792,-0.91541,85.14671,8.982969791282477,3.346392603412822,0.0
17.04628,33.42931,32.73129,1564.73424,-0.92299,85.15683,8.975773161805115,3.343711669577787,0.0
17.04805,33.45116,32.69338,1559.95654,-0.93116,85.16692,8.968744573866907,3.341093335637526,0.0
17.04981,33.47295,32.65523,1555.18487,-0.9399,85.177,8.961911347988574,3.338547779204853,0.0
17.05156,33.49467,32.61684,1550.41925,-0.94921,85.18706,8.95529986562852,3.336084828067163,0.0
17.0533,33.51632,32.57817,1545.65971,-0.95909,85.19711,8.948935504108512,3.33371393594453,0.0
17.05503,33.53791,32.53922,1540.90623,-0.9695,85.20713,8.942842575884182,3.3314441598663773,0.0
17.05676,33.55943,32.49995,1536.1588,-0.98046,85.21713,8.937044272146553,3.329284139161557,0.0
17.05847,33.58088,32.46035,1531.41737,-0.99193,85.22712,8.931562610737622,3.327242076055538,0.0
17.06018,33.60227,32.42041,1526.68191,-1.0039,85.23709,8.926418388374623,3.325325717872684,0.0
17.06187,33.62359,32.3801,1521.95233,-1.01636,85.24704,8.92163113709422,3.323542340810572,0.0
17.06356,33.64485,32.33942,1517.22855,-1.02929,85.25697,8.917219084906856,3.3218987352827,0.0
17.06524,33.66604,32.29833,1512.51049,-1.04267,85.26689,8.913199120574365,3.3204011927972186,0.0
17.06691,33.68717,32.25684,1507.79802,-1.05648,85.27679,8.909586762444414,3.31905549434695,0.0
17.06857,33.70823,32.21493,1503.09101,-1.07069,85.28666,8.906396131277049,3.317866900286548,0.0
17.07023,33.72923,32.17258,1498.38934,-1.08528,85.29653,8.90363992697824,3.3168401416651427,0.0
17.07187,33.75016,32.12978,1493.69285,-1.10024,85.30637,8.901329409164122,3.315979412986,0.0
17.07351,33.77103,32.08653,1489.00138,-1.11553,85.31619,8.899474381495526,3.3152883663707327,0.0
17.07513,33.79183,32.04282,1484.31475,-1.13113,85.326,8.898083179675945,3.314770107088216,0.0
17.07675,33.81256,31.99863,1479.63277,-1.14701,85.33579,8.897162663070098,3.3144271904322893,0.0
17.07836,33.83323,31.95396,1474.95526,-1.16315,85.34556,8.896718209862927,3.3142616199183492,0.0
17.07997,33.85384,31.9088,1470.282,-1.17953,85.35531,8.896753715694356,3.314274846774772,0.0
17.08156,33.87438,31.86316,1465.61279,-1.19611,85.36505,8.897271595709558,3.3144677707066776,0.0
17.08314,33.89486,31.81702,1460.94739,-1.21286,85.37476,8.898272789974676,3.314840741913441,0.0
17.08472,33.91527,31.77039,1456.2856,-1.22976,85.38446,8.899756772213586,3.3153935643433567,0.0
17.08629,33.93561,31.72326,1451.62716,-1.24679,85.39414,8.901721561813016,3.31612550016587,0.0
17.08785,33.9559,31.67563,1446.97183,-1.2639,85.40381,8.904163739067151,3.317035275450587,0.0
17.0894,33.97611,31.62751,1442.31938,-1.28108,85.41345,8.907078463623625,3.3181210870388917,0.0
17.09094,33.99627,31.57889,1437.66956,-1.2983,85.42308,8.91045949611817,3.3193806106034294,0.0
17.09248,34.01635,31.52978,1433.0221,-1.31552,85.43269,8.91429922294643,3.320811009876249,0.0
17.09401,34.03638,31.48019,1428.37676,-1.33273,85.44228,8.918588684187306,3.3224089470509934,0.0
17.09553,34.05634,31.43012,1423.73328,-1.34989,85.45186,8.9233176046318,3.324170594341952,0.0
17.09704,34.07623,31.37958,1419.09139,-1.36697,85.46141,8.928474427902025,3.326091646694298,0.0
17.09854,34.09606,31.32856,1414.45085,-1.38395,85.47095,8.934046353669014,3.328167335648691,0.0
17.10004,34.11583,31.27709,1409.8114,-1.40081,85.48047,8.940019377915116,3.33039244434009,0.0
17.10152,34.13553,31.22517,1405.17278,-1.41751,85.48997,8.946378336247294,3.33276132363309,0.0
17.103,34.15516,31.17281,1400.53473,-1.43404,85.49945,8.95310695021167,3.3352679093753084,0.0
17.10447,34.17473,31.12003,1395.89702,-1.45037,85.50892,8.96018787659733,3.337905740764353,0.0
17.10593,34.19424,31.06682,1391.25938,-1.46648,85.51837,8.96760275968365,3.340667979811323,0.0
17.10739,34.21368,31.01321,1386.62159,-1.48234,85.5278,8.975332286369019,3.34354743187771,0.0
17.10884,34.23306,30.95922,1381.98341,-1.49793,85.53721,8.983356244155374,3.346536567276163,0.0
17.11028,34.25238,30.90484,1377.3446,-1.51324,85.54661,8.99165358188015,3.349627543894737,0.0
17.11171,34.27163,30.8501,1372.70496,-1.52825,85.55598,9.000202473156111,3.3528122308298993,0.0
17.11313,34.29081,30.79502,1368.06425,-1.54293,85.56534,9.00898038238615,3.3560822329787814,0.0
17.11455,34.30993,30.7396,1363.42229,-1.55728,85.57468,9.017964133253862,3.359428916553715,0.0
17.11595,34.32899,30.68386,1358.77887,-1.57128,85.584,9.02712997958696,3.362843435480726,0.0
17.11735,34.34798,30.62783,1354.1338,-1.58491,85.59331,9.036453678417036,3.3663167586162097,0.0
17.11875,34.3669,30.57151,1349.48691,-1.59816,85.60259,9.045910565078216,3.3698396977231626,0.0
17.12013,34.38577,30.51492,1344.83804,-1.61102,85.61186,9.055475630195986,3.373402936151541,0.0
17.12151,34.40456,30.45809,1340.18703,-1.62349,85.62111,9.065123598327565,3.376997058133875,0.0
17.12288,34.42329,30.40102,1335.53375,-1.63555,85.63034,9.074829008069736,3.3806125786275327,0.0
17.12424,34.44196,30.34374,1330.87805,-1.64721,85.63955,9.08456629337778,3.3842399736081745,0.0
17.12559,34.46057,30.28626,1326.21983,-1.65844,85.64875,9.09430986586447,3.3878697107282885,0.0
17.12694,34.4791,30.2286,1321.55899,-1.66926,85.65792,9.104034197786179,3.391492280231696,0.0
17.12828,34.49758,30.17077,1316.89543,-1.67966,85.66708,9.113713905450807,3.3950982260252065,0.0
17.12961,34.51598,30.1128,1312.22909,-1.68965,85.67622,9.12332383273833,3.398678176792215,0.0
17.13094,34.53433,30.0547,1307.55989,-1.69921,85.68534,9.132839134428547,3.402222877034476,0.0
17.13225,34.55261,29.99649,1302.8878,-1.70837,85.69445,9.142235358985296,3.405723217911412,0.0
17.13356,34.57082,29.93818,1298.21279,-1.71712,85.70353,9.151488530502924,3.4091702677673235,0.0
17.13486,34.58897,29.87979,1293.53484,-1.72547,85.7126,9.160575229431181,3.412555302203538,0.0
17.13616,34.60705,29.82134,1288.85394,-1.73343,85.72165,9.169472671753322,3.4158698335743316,0.0
17.13744,34.62507,29.76284,1284.17012,-1.74101,85.73067,9.178158786260214,3.4191056397735755,0.0
17.13872,34.64302,29.7043,1279.4834,-1.74822,85.73969,9.186612289556711,3.4222547921765805,0.0
17.13999,34.66091,29.64574,1274.79382,-1.75508,85.74868,9.19481275846763,3.4253096826132197,0.0
17.14126,34.67873,29.58717,1270.10145,-1.7616,85.75765,9.20274069947724,3.428263049235982,0.0
17.14252,34.69649,29.52861,1265.40635,-1.76779,85.76661,9.210377614889298,3.431108001166311,0.0
17.14377,34.71418,29.47007,1260.70862,-1.77368,85.77554,9.217706065340716,3.4338380417826007,0.0
17.14501,34.73181,29.41155,1256.00835,-1.77928,85.78446,9.224709728404227,3.436447090551224,0.0
17.14624,34.74937,29.35308,1251.30566,-1.78462,85.79336,9.23137345294031,3.438929503274061,0.0
17.14747,34.76686,29.29465,1246.60069,-1.78971,85.80224,9.237683308942895,3.441280090657327,0.0
17.14869,34.78429,29.23628,1241.89356,-1.79458,85.8111,9.243626632610633,3.4434941351018162,0.0
17.14991,34.80166,29.17798,1237.18444,-1.79925,85.81995,9.249192066418827,3.4455674056307446,0.0
17.15112,34.81896,29.11975,1232.4735,-1.80374,85.82877,9.254369593973484,3.447496170873804,0.0
17.15231,34.83619,29.0616,1227.7609,-1.80809,85.83758,9.259150569484213,3.449277210046586,0.0
17.15351,34.85336,29.00354,1223.04685,-1.81232,85.84637,9.263527741685529,3.4509078218619087,0.0
17.15469,34.87046,28.94556,1218.33154,-1.81646,85.85513,9.267495272112575,3.452385831337992,0.0
17.15587,34.8875,28.88768,1213.61518,-1.82052,85.86388,9.271048747626056,3.453709594464331,0.0
17.15704,34.90447,28.8299,1208.89798,-1.82456,85.87261,9.274185187143583,3.4548780007093005,0.0
17.15821,34.92137,28.77221,1204.18019,-1.82858,85.88133,9.276903042553132,3.4558904733604368,0.0
17.15936,34.93821,28.71462,1199.46203,-1.83262,85.89002,9.279202193832036,3.45674696770614,0.0
17.16051,34.95498,28.65714,1194.74375,-1.83672,85.89869,9.281083938413316,3.4574479670743465,0.0
17.16166,34.97169,28.59974,1190.02559,-1.84089,85.90735,9.28255097488131,3.4579944767587265,0.0
17.16279,34.98833,28.54245,1185.30781,-1.84518,85.91599,9.283607381113233,3.4583880158758387,0.0
17.16392,35.00491,28.48525,1180.59067,-1.8496,85.9246,9.284258587018686,3.4586306072098787,0.0
17.16505,35.02142,28.42813,1175.87444,-1.8542,85.9332,9.284511342034273,3.458724765103569,0.0
17.16616,35.03787,28.3711,1171.15937,-1.859,85.94178,9.28437367759424,3.4586734814774878,0.0
17.16727,35.05424,28.31415,1166.44576,-1.86402,85.95035,9.283854864805631,3.4584802100629446,0.0
17.16837,35.07056,28.25728,1161.73385,-1.86931,85.95889,9.282965367572933,3.4581488489396834,0.0
17.16947,35.08681,28.20047,1157.02393,-1.87488,85.96741,9.281716791442669,3.4576837214791456,0.0
17.17056,35.10299,28.14371,1152.31628,-1.88076,85.97592,9.280121828490108,3.457089555813316,0.0
17.17164,35.11911,28.08701,1147.61116,-1.88699,85.9844,9.278194198526156,3.456371462932746,0.0
17.17272,35.13516,28.03034,1142.90885,-1.89358,85.99287,9.27594858696815,3.455534913541793,0.0
17.17379,35.15114,27.97371,1138.20961,-1.90057,86.00132,9.273400579713975,3.4545857137975085,0.0
17.17485,35.16706,27.91709,1133.51372,-1.90797,86.00975,9.27056659534617,3.453529980053884,0.0
17.1759,35.18292,27.86049,1128.82144,-1.91582,86.01816,9.267463815041118,3.45237411275119,0.0
17.17695,35.19871,27.80387,1124.13304,-1.92413,86.02655,9.264110110515475,3.45112476957411,0.0
17.17799,35.21443,27.74725,1119.44876,-1.93293,86.03492,9.260523970372914,3.44978883801398,0.0
17.17903,35.23009,27.69059,1114.76885,-1.94224,86.04328,9.256724425209761,3.4483734074686554,0.0
17.18006,35.24568,27.6339,1110.09358,-1.95206,86.05162,9.252730971814076,3.44688574100468,0.0
17.18108,35.26121,27.57715,1105.42316,-1.96244,86.05993,9.248563496817374,3.4453332469155415,0.0
17.1821,35.27667,27.52033,1100.75784,-1.97337,86.06823,9.24424220010555,3.4437234501902285,0.0
17.18311,35.29207,27.46343,1096.09784,-1.98488,86.07651,9.239787518342322,3.442063964023694,0.0
17.18411,35.3074,27.40643,1091.44337,-1.99697,86.08477,9.2352200488877,3.4403624614744928,0.0
17.18511,35.32267,27.34933,1086.79465,-2.00967,86.09302,9.230560474434636,3.4386266473899445,0.0
17.1861,35.33787,27.29209,1082.15188,-2.02297,86.10124,9.225829488619967,3.4368642306942516,0.0
17.18708,35.35301,27.23472,1077.51524,-2.03689,86.10944,9.221047722901373,3.4350828971482477,0.0
17.18806,35.36808,27.1772,1072.88492,-2.05144,86.11763,9.216235674925933,3.433290282664794,0.0
17.18904,35.38309,27.1195,1068.26108,-2.06663,86.1258,9.211413638649212,3.431493947276305,0.0
17.19,35.39804,27.06162,1063.6439,-2.08245,86.13395,9.206601636399087,3.429701349826734,0.0
17.19096,35.41292,27.00354,1059.03353,-2.09891,86.14208,9.201819353097097,3.4279198234672967,0.0
17.19191,35.42773,26.94526,1054.43009,-2.11601,86.1502,9.197086072812917,3.426156552021339,0.0
17.19286,35.44248,26.88674,1049.83373,-2.13375,86.15829,9.192420617813472,3.424418547278537,0.0
17.1938,35.45717,26.82799,1045.24457,-2.15213,86.16637,9.187841290251773,3.422712627272444,0.0
17.19474,35.47179,26.76898,1040.66271,-2.17114,86.17442,9.183365816643459,3.421045395596549,0.0
17.19567,35.48635,26.70971,1036.08825,-2.19079,86.18246,9.179011295213027,3.4194232217893594,0.0
17.19659,35.50085,26.65016,1031.52128,-2.21105,86.19049,9.174794146238433,3.417852222836456,0.0
17.19751,35.51528,26.59031,1026.96188,-2.23194,86.19849,9.17073006546439,3.4163382458157243,0.0
17.19842,35.52964,26.53017,1022.41012,-2.25343,86.20647,9.166833980647358,3.4148868517092197,0.0
17.19932,35.54395,26.46971,1017.86604,-2.27551,86.21444,9.163120011313431,3.4135033004119166,0.0
17.20022,35.55819,26.40892,1013.32969,-2.29818,86.22239,9.159601431738494,3.4121925369408523,0.0
17.20111,35.57236,26.3478,1008.80111,-2.32141,86.23032,9.156290637232265,3.4109591788750353,0.0
17.202,35.58648,26.28633,1004.28032,-2.34521,86.23823,9.153199113698587,3.4098075050158605,0.0
17.20288,35.60053,26.22451,999.76734,-2.36954,86.24613,9.150337410529916,3.408741445289589,0.0
