0.05151,0.05151,50.4847,5441.14246,-0.43032,45.0001,8.9362011254207,3.3289700448216513,0.0
0.10298,0.10298,50.42844,5436.2331,-0.35976,45.00025,8.990944659570962,3.3493634516816955,0.0
0.15441,0.15441,50.38232,5431.27875,-0.28851,45.00044,9.032967145823982,3.365017933489103,0.0
0.20578,0.20579,50.34641,5426.28644,-0.21677,45.00068,9.062027263537288,3.3758435919550247,0.0
0.25711,0.25712,50.32074,5421.26335,-0.14475,45.00097,9.077976789870078,3.381785210171284,0.0
0.3084,0.3084,50.30532,5416.21679,-0.07267,45.0013,9.080762574604154,3.382822988283135,0.0
0.35963,0.35964,50.30012,5411.15412,-0.00072,45.00168,9.070426998547974,3.378972714256835,0.0
0.41081,0.41083,50.30509,5406.08269,0.07089,45.0021,9.047106910264288,3.3702853677827105,0.0
0.46195,0.46197,50.32015,5401.00981,0.14194,45.00257,9.0110310779271,3.3568461710248316,0.0
0.51304,0.51307,50.34519,5395.94269,0.21225,45.00308,8.962516233495364,3.3387731149716284,0.0
0.56408,0.56412,50.38007,5390.88839,0.28161,45.00364,8.901961823205616,3.3162150038562723,0.0
0.61507,0.61512,50.42462,5385.85378,0.34983,45.00425,8.829843610406126,3.2893490720440806,0.0
0.66601,0.66607,50.47866,5380.84546,0.41674,45.0049,8.746706302619176,3.2583782374192225,0.0
0.7169,0.71697,50.54196,5375.8698,0.48216,45.00559,8.653155393716057,3.2235280623802565,0.0
0.76775,0.76783,50.61429,5370.93283,0.54592,45.00634,8.549848423874975,3.185043497944486,0.0
0.81854,0.81865,50.69539,5366.04024,0.60788,45.00712,8.437485864330013,3.1431854880771155,0.0
0.86929,0.86941,50.78498,5361.19737,0.6679,45.00796,8.316801831250045,3.098227510366809,0.0
0.91999,0.92013,50.88277,5356.40917,0.72584,45.00884,8.18855482407479,3.0504521258121833,0.0
0.97065,0.97081,50.98844,5351.68018,0.78158,45.00976,8.05351866892079,3.0001476050022413,0.0
1.02125,1.02144,51.10166,5347.01456,0.83503,45.01074,7.912473828681649,2.9476046909000644,0.0
1.07181,1.07203,51.2221,5342.41604,0.88609,45.01176,7.76619921885802,2.8931135500241463,0.0
1.12233,1.12258,51.3494,5337.88794,0.93467,45.01282,7.6154646436649145,2.8369609546993475,0.0
1.1728,1.17308,51.4832,5333.43318,0.98072,45.01394,7.46102394121715,2.77942772945811,0.0
1.22322,1.22354,51.62313,5329.05427,1.02416,45.0151,7.303608901102515,2.720786485176431,0.0
1.2736,1.27396,51.76883,5324.75334,1.06497,45.01631,7.143923992949588,2.661299655326664,0.0
1.32394,1.32434,51.91991,5320.53216,1.10311,45.01757,6.9826419217100755,2.6012178402032555,0.0
1.37423,1.37468,52.07599,5316.3921,1.13855,45.01887,6.820400004783274,2.5407784573062706,0.0
1.42449,1.42498,52.23669,5312.33422,1.17127,45.02023,6.6577973481580015,2.4802046893799727,0.0
1.4747,1.47525,52.40163,5308.35925,1.20129,45.02164,6.495392783830794,2.4197047160468266,0.0
1.52487,1.52548,52.57043,5304.46763,1.2286,45.02309,6.333703518768369,2.3594712105104674,0.0
1.575,1.57567,52.74271,5300.65949,1.25321,45.02459,6.173204436735526,2.299681079468229,0.0
1.6251,1.62583,52.9181,5296.93474,1.27515,45.02615,6.014327988108902,2.2404954220638613,0.0
1.67515,1.67595,53.09622,5293.29303,1.29445,45.02776,5.8574645992273435,2.1820596823813196,0.0
1.72517,1.72604,53.27671,5289.73379,1.31113,45.02941,5.7029635314851,2.124503969479583,0.0
1.77515,1.7761,53.45921,5286.25629,1.32525,45.03112,5.551134120988856,2.067943519197514,0.0
1.8251,1.82613,53.64337,5282.85958,1.33683,45.03288,5.402247331857345,2.012479272798836,0.0
1.87501,1.87612,53.82885,5279.5426,1.34594,45.03469,5.256537559701004,1.9581985488157565,0.0
1.92489,1.92609,54.0153,5276.30413,1.35263,45.03655,5.114204626312063,1.9051757861235084,0.0
1.97473,1.97603,54.20239,5273.14284,1.35694,45.03847,4.975415911673782,1.8534733381698894,0.0
2.02454,2.02594,54.38981,5270.05731,1.35894,45.04044,4.840308574937569,1.8031423003476728,0.0
2.07432,2.07582,54.57724,5267.04602,1.35869,45.04246,4.7089918216832665,1.7542233546087214,0.0
2.12407,2.12568,54.76438,5264.10738,1.35625,45.04454,4.581549180485251,1.7067476175447602,0.0
2.17379,2.17551,54.95093,5261.23977,1.35169,45.04667,4.458040757329729,1.6607374802171349,0.0
2.22348,2.22532,55.13661,5258.4415,1.34506,45.04885,4.338505441679437,1.616207429973957,0.0
2.27313,2.2751,55.32114,5255.71086,1.33644,45.05109,4.222963042902037,1.5731648463258976,0.0
2.32276,2.32486,55.50426,5253.0461,1.32588,45.05338,4.1114163402607975,1.5316107646216508,0.0
2.37236,2.3746,55.68571,5250.44549,1.31346,45.05573,4.003853033730283,1.4915406027781086,0.0
2.42194,2.42431,55.86523,5247.90726,1.29924,45.05813,3.900247586485444,1.4529448476560256,0.0
2.47148,2.47401,56.0426,5245.42965,1.28328,45.06059,3.800562953071002,1.4158096988485864,0.0
2.521,2.52368,56.21758,5243.01093,1.26564,45.0631,3.704752189940865,1.380117668649712,0.0
2.5705,2.57334,56.38995,5240.64934,1.2464,45.06567,3.612759947358983,1.3458481378263856,0.0
2.61997,2.62297,56.5595,5238.34319,1.22561,45.06829,3.524523843551988,1.3129778675266635,0.0
2.66941,2.67259,56.72602,5236.09075,1.20334,45.07097,3.4399757235458006,1.281481468229436,0.0
2.71885,2.72217,56.88768,5233.89324,1.15584,45.02798,3.3598167318457652,1.2516201347111662,-54.99999906180115
2.76831,2.7717,57.04271,5231.75123,1.10753,44.98608,3.2846581634817733,1.2236215904546288,-54.99999906180115
2.81778,2.82117,57.19102,5229.66218,1.05845,44.9452,3.2142861285238435,1.1974061558331235,-54.99999906180115
2.86727,2.87059,57.3325,5227.62365,1.00864,44.90527,3.1485027567615473,1.172900118986986,-54.99999906180115
2.91677,2.91996,57.46706,5225.63332,0.95816,44.86624,3.0871226614438685,1.1500344184736453,-54.99999906180115
2.96629,2.96927,57.59462,5223.68894,0.90704,44.82806,3.029972578745435,1.1287445089593036,-54.99999906180115
3.01582,3.01854,57.71511,5221.78833,0.85533,44.79066,2.976891003600786,1.108970225557623,-54.99999906180115
3.06536,3.06776,57.82845,5219.92942,0.80306,44.754,2.927727827276825,1.0906556488159265,-54.99999906180115
3.11492,3.11693,57.93457,5218.1102,0.75027,44.71802,2.882343981195815,1.073748972029893,-54.99999906180115
3.16449,3.16606,58.03341,5216.3287,0.69699,44.68267,2.8406110907743694,1.0582023722894718,-54.99999906180115
3.21407,3.21515,58.12491,5214.58304,0.64327,44.64791,2.8024111423996003,1.0439718864187377,-54.99999906180115
3.26367,3.26419,58.20902,5212.87138,0.58913,44.61369,2.767636166113198,1.0310172927673587,-54.99999906180115
3.31328,3.31318,58.28569,5211.19194,0.5346,44.57996,2.7361879361111257,1.019301999638856,-54.99999906180115
3.3629,3.36214,58.35488,5209.54298,0.47973,44.54669,2.707977690759398,1.00879294098911,-54.99999906180115
3.41253,3.41105,58.41654,5207.92279,0.42454,44.51382,2.682925873494614,0.9994604799049955,-54.99999906180115
3.46218,3.45992,58.47063,5206.32971,0.36906,44.48131,2.660961895699338,0.9912783202692185,-54.99999906180115
3.51184,3.50875,58.51713,5204.76209,0.31332,44.44914,2.642023922402796,0.9842234269281903,-54.99999906180115
3.56151,3.55754,58.55601,5203.21832,0.25735,44.41724,2.626058681466199,0.978275954608537,-54.99999906180115
3.61119,3.60629,58.58723,5201.69681,0.20117,44.3856,2.6130212967499054,0.9734191857674805,-54.99999906180115
3.66089,3.655,58.61079,5200.19598,0.14483,44.35416,2.602875145629301,0.9696394775137527,-54.99999906180115
3.71059,3.70368,58.62666,5198.71426,0.08833,44.32288,2.595591741114962,0.9669262176942549,-54.99999906180115
3.76031,3.75231,58.63483,5197.25009,0.03172,44.29174,2.5911506387512877,0.9652717902113506,-54.99999906180115
3.81005,3.80091,58.63529,5195.80191,-0.02498,44.26068,2.5895393683826535,0.9646715496039594,-54.99999906180115
3.85979,3.84947,58.62803,5194.36816,-0.08175,44.22968,2.5907533908217815,0.9651238049053874,-54.99999906180115
3.90955,3.89799,58.61306,5192.94729,-0.13855,44.19869,2.594796079397592,0.9666298127694151,-54.99999906180115
3.95932,3.94648,58.59036,5191.5377,-0.19537,44.16768,2.6016787263021395,0.9691937798346978,-54.99999906180115
4.0091,3.99493,58.55995,5190.1378,-0.25216,44.1366,2.6114205736113005,0.9728228742807896,-54.99999906180115
4.0589,4.04334,58.52184,5188.74599,-0.30891,44.10542,2.624048868792172,0.9775272465061082,-54.99999906180115
4.10871,4.09171,58.47603,5187.36063,-0.36559,44.0741,2.639598944451364,0.9833200588362717,-54.99999906180115
4.15853,4.14005,58.42255,5185.98005,-0.42217,44.0426,2.6581143220043972,0.9902175241436798,-54.99999906180115
4.20837,4.18835,58.36141,5184.60255,-0.47862,44.01088,2.6796468388529036,0.9982389532243644,-54.99999906180115
4.25822,4.23661,58.29263,5183.22639,-0.53491,43.97889,2.704256798567463,1.0074068107450487,-54.99999906180115
4.30808,4.28484,58.21625,5181.8498,-0.59101,43.94659,2.7320131434168835,1.0177467795148438,-54.99999906180115
4.35796,4.33302,58.13229,5180.47094,-0.6469,43.91394,2.762993648459505,1.029287832789367,-54.99999906180115
4.40785,4.38117,58.0408,5179.08792,-0.70253,43.8809,2.7972851361993105,1.042062314235789,-54.99999906180115
4.45776,4.42928,57.9418,5177.69882,-0.75789,43.84742,2.8349837105978737,1.0561060251084433,-54.99999906180115
4.50768,4.47735,57.83535,5176.30162,-0.81294,43.81345,2.8761950089500954,1.0714583180791655,-54.99999906180115
4.55761,4.52538,57.7215,5174.89424,-0.86764,43.77894,2.9210344698203654,1.0881621970505615,-54.99999906180115
4.60757,4.57338,57.60029,5173.47453,-0.92195,43.74384,2.96962761484904,1.1062644221363378,-54.99999906180115
4.65753,4.62133,57.47179,5172.04026,-0.97586,43.7081,3.022110341794175,1.1258156188270547,-54.99999906180115
4.70752,4.66924,57.33605,5170.58911,-1.02931,43.67166,3.0786292256495598,1.1468703901645199,-54.99999906180115
4.75752,4.7171,57.19316,5169.11866,-1.08226,43.63447,3.1393418240859616,1.1694874305266854,-54.99999906180115
4.80754,4.76493,57.04318,5167.62638,-1.13469,43.59647,3.204416982743105,1.1937296393569443,-54.99999906180115
4.85758,4.81271,56.88619,5166.10967,-1.18654,43.5576,3.274035135123461,1.2196642328824596,-54.99999906180115
4.90763,4.86044,56.72227,5164.56576,-1.23778,43.51778,3.348388590888787,1.2473628515122062,-54.99999906180115
4.9577,4.90813,56.55153,5162.99181,-1.28835,43.47696,3.4276818053513853,1.2769016602295606,-54.99999906180115
5.0078,4.95578,56.37405,5161.38483,-1.33822,43.43507,3.512131621740346,1.308361438842847,-54.99999906180115
5.05791,5.00337,56.18995,5159.74167,-1.38732,43.39203,3.6019674765065526,1.3418276584668567,-54.99999906180115
5.10804,5.05092,55.99932,5158.05908,-1.43562,43.34776,3.6974315564489446,1.3773905400565125,-54.99999906180115
5.15819,5.09841,55.8023,5156.33362,-1.48306,43.30219,3.7987788947715786,1.4151450901906522,-54.99999906180115
5.20837,5.14585,55.59901,5154.56172,-1.52958,43.25523,3.9062773913760953,1.4551911086315086,-54.99999906180115
5.25857,5.19324,55.38958,5152.73961,-1.57512,43.20679,4.020207740667655,1.4976331614305178,-54.99999906180115
5.30879,5.24057,55.17415,5150.86337,-1.61962,43.15678,4.140863247991245,1.5425805125460155,-54.99999906180115
5.35903,5.28785,54.95288,5148.9289,-1.66302,43.1051,4.268549513455964,1.590147006059464,-54.99999906180115
5.4093,5.33506,54.72592,5146.93188,-1.70525,43.05166,4.403583959399878,1.6404508901436774,-54.99999906180115
5.4596,5.38221,54.49345,5144.86782,-1.74624,42.99635,4.54629517510287,1.6936145729511156,-54.99999906180115
5.50992,5.4293,54.25565,5142.73201,-1.78592,42.93905,4.697022049628114,1.7497642995745197,-54.99999906180115
5.56026,5.47632,54.01269,5140.51955,-1.82421,42.87966,4.856112660871818,1.8090297381887077,-54.99999906180115
5.61064,5.52327,53.7648,5138.22529,-1.86103,42.81805,5.023922886106793,1.8715434624414962,-54.99999906180115
5.66105,5.57015,53.51217,5135.84388,-1.8963,42.75409,5.20081469665096,1.9374403161728493,-54.99999906180115
5.71148,5.61696,53.25503,5133.36975,-1.92993,42.68766,5.387154096780157,2.006856645605668,-54.99999906180115
5.76195,5.66369,52.99362,5130.7971,-1.96183,42.61862,5.583308664892369,2.0799293833647727,-54.99999906180115
5.81245,5.71033,52.72818,5128.11988,-1.99191,42.54682,5.789644653255413,2.156794968056602,-54.99999906180115
5.86298,5.75689,52.45897,5125.33183,-2.02007,42.47213,6.006523601762643,2.237588082804116,-54.99999906180115
5.91355,5.80337,52.18627,5122.42648,-2.04621,42.39437,6.234298421102749,2.3224401961244934,-54.99999906180115
5.96415,5.84975,51.91037,5119.39711,-2.07023,42.31341,6.47330890191522,2.4114778889713717,-54.99999906180115
6.01479,5.89604,51.63157,5116.2368,-2.09201,42.22906,6.723876609243314,2.50482095278425,-54.99999906180115
6.06547,5.94222,51.35018,5112.93844,-2.11146,42.14117,6.986299126097884,2.6025802450645528,-54.99999906180115
6.11619,5.98831,51.06655,5109.49471,-2.12845,42.04956,7.260843616711679,2.704855291518492,-54.99999906180115
6.16695,6.03428,50.78101,5105.89816,-2.14286,41.95405,7.547739689409763,2.811731627288512,-54.99999906180115
6.21776,6.08014,50.49392,5102.14115,-2.15459,41.85447,7.847171551329105,2.923277874379916,-54.99999906180115
6.26861,6.12588,50.20568,5098.21594,-2.16351,41.75062,8.159269462945982,3.0395425582474767,-54.99999906180115
6.3195,6.17149,49.91666,5094.11472,-2.1695,41.64231,8.484100519733207,3.160550673720205,-54.99999906180115
6.37044,6.21698,49.62729,5089.8296,-2.17243,41.52937,8.821658811603543,3.2863000191351013,-54.99999906180115
6.42143,6.26233,49.33799,5085.35272,-2.17219,41.41161,9.171855038309525,3.4167573278003545,-54.99999906180115
6.47248,6.30754,49.04919,5080.67623,-2.16866,41.28882,9.534505690468556,3.5518542376425235,-54.99999906180115
6.52357,6.3526,48.76136,5075.79241,-2.16171,41.16083,9.909321941387986,3.6914831531191092,-54.99999906180115
6.57472,6.3975,48.47497,5070.69368,-2.15124,41.02746,10.295898433676738,3.835493067936341,-54.99999906180115
6.62593,6.44224,48.19051,5065.3727,-2.13712,40.88852,10.693702186169615,3.9836854325866033,-54.99999906180115
6.67719,6.48682,47.90846,5059.82246,-2.11925,40.74384,11.102061889492418,4.135810166664795,-54.99999906180115
6.72851,6.53122,47.62935,5054.0363,-2.09752,40.59327,11.52015790142547,4.291561931878003,-54.99999906180115
6.77989,6.57543,47.3537,5048.00806,-2.07186,40.43665,11.947013293781977,4.450576796772117,-54.99999906180115
6.83134,6.61946,47.08203,5041.73216,-2.04217,40.27383,12.381486338518535,4.612429437610297,-54.99999906180115
6.88285,6.66329,46.81489,5035.20365,-2.00839,40.10471,12.822264849344075,4.776631030473421,-54.99999906180115
6.93442,6.70691,46.55282,5028.41839,-1.97044,39.92918,13.26786281315699,4.942627996381782,-54.99999906180115
6.98607,6.75031,46.29638,5021.37306,-1.9283,39.74714,13.716619749855147,5.109801762807475,-54.99999906180115
7.03778,6.7935,46.04612,5014.06534,-1.88193,39.55854,14.1667032261713,5.277469700144231,-54.99999906180115
7.08956,6.83645,45.80258,5006.49397,-1.83132,39.36335,14.616114916301694,5.444887379451029,-54.99999906180115
7.14141,6.87916,45.56632,4998.65883,-1.77648,39.16155,15.062700546720553,5.611252277157177,-54.99999906180115
7.19333,6.92163,45.33788,4990.56106,-1.71744,38.95318,15.504163983214518,5.775709022853269,-54.99999906180115
7.24533,6.96384,45.11779,4982.20316,-1.65426,38.73827,15.938085614413904,5.937356247640287,-54.99999906180115
7.2974,7.00578,44.90657,4973.58897,-1.58701,38.51693,16.361945059262844,6.09525504325971,-54.99999906180115
7.34955,7.04746,44.70472,4964.72383,-1.5158,38.28928,16.773148078668527,6.248438987390925,-54.99999906180115
7.40168,7.08897,44.52084,4955.60237,-1.31545,38.29646,17.149332921637694,6.388577739415862,0.0
7.45372,7.13041,44.36367,4946.23536,-1.10897,38.30364,17.466465587197376,6.506718001599466,0.0
7.50566,7.17179,44.23384,4936.65586,-0.89741,38.31083,17.71952099432055,6.6009877990413335,0.0
7.55749,7.21311,44.13185,4926.89965,-0.68191,38.31802,17.90459345584975,6.66993216051049,0.0
7.60922,7.25435,44.05801,4917.0047,-0.46364,38.32522,18.018926477197077,6.712524219245214,0.0
7.66085,7.29553,44.01251,4907.01046,-0.24385,38.33242,18.061007677179617,6.728200573461721,0.0
7.71236,7.33663,43.99533,4896.9572,-0.0238,38.33961,18.03061601013321,6.716878877834047,0.0
7.76376,7.37767,44.00632,4886.88527,0.19525,38.34681,17.92881867010929,6.678956690225921,0.0
7.81505,7.41862,44.04516,4876.8344,0.41207,38.35401,17.757918442401557,6.6152918587491705,0.0
7.86623,7.45951,44.11136,4866.84301,0.62546,38.36121,17.5213555301401,6.527165949586949,0.0
7.9173,7.50032,44.20431,4856.94761,0.83427,38.36841,17.223570699761993,6.416233265080665,0.0
7.96825,7.54105,44.32324,4847.18228,1.03746,38.37561,16.869838702284785,6.2844587887714,0.0
8.01909,7.58172,44.46729,4837.5782,1.23406,38.38281,16.46608217958964,6.1340488605939845,0.0
8.06983,7.62231,44.63546,4828.16335,1.42322,38.39002,16.01867661153644,5.967378514545187,0.0
8.12045,7.66283,44.82667,4818.96227,1.60418,38.39724,15.53425636228486,5.786919225835117,0.0
8.17097,7.70328,45.03978,4809.99594,1.77632,38.40446,15.019530690682148,5.595170369915597,0.0
8.22139,7.74366,45.27355,4801.28174,1.93911,38.41169,14.481116901861565,5.3945970670605465,0.0
8.2717,7.78398,45.52674,4792.83356,2.09216,38.41892,13.925395858730079,5.187576356593417,0.0
8.32191,7.82423,45.79803,4784.66187,2.23518,38.42617,13.358393054758098,4.97635289337221,0.0
8.37203,7.86442,46.08612,4776.77398,2.36799,38.43344,12.785686553275639,4.763004652755037,0.0
8.42206,7.90455,46.38968,4769.17424,2.49048,38.44072,12.212341454297345,4.549418517768153,0.0
8.47199,7.94463,46.7074,4761.86435,2.60267,38.44801,11.64286923802315,4.337275133490223,0.0
8.52184,7.98465,47.03795,4754.84362,2.70463,38.45533,11.08120938566223,4.1280420603256545,0.0
8.5716,8.02462,47.38007,4748.10931,2.7965,38.46266,10.53073008439886,3.922974036622926,0.0
8.62129,8.06454,47.73251,4741.65689,2.87849,38.47002,9.994244546449902,3.7231190579528897,0.0
8.67089,8.10441,48.09403,4735.48036,2.95085,38.47741,9.47403945708158,3.5293289747435233,0.0
8.72042,8.14425,48.46346,4729.5725,3.01387,38.48482,8.971912250555299,3.342273378550541,0.0
8.76989,8.18403,48.83966,4723.92514,3.06786,38.49226,8.489214234374174,3.1624556669738952,0.0
8.81928,8.22379,49.22156,4718.52939,3.11319,38.49973,8.026896985105859,2.9902303273225224,0.0
8.86861,8.2635,49.6081,4713.37582,3.1502,38.50723,7.585559877016695,2.825820642281119,0.0
8.91787,8.30318,49.99829,4708.45468,3.17928,38.51477,7.165497041822871,2.66933618365304,0.0
8.96708,8.34283,50.39119,4703.75601,3.20079,38.52234,6.76674246851692,2.520789613232306,0.0
9.01623,8.38245,50.7859,4699.26983,3.21511,38.52995,6.389112320047998,2.3801124468804336,0.0
9.06532,8.42204,51.18159,4694.98619,3.22263,38.53759,6.032243860043246,2.247169555754365,0.0
9.11436,8.4616,51.57744,4690.89529,3.2237,38.54528,5.69563064480702,2.1217722762521376,0.0
9.16335,8.50114,51.97271,4686.98758,3.21869,38.55301,5.378653845118003,2.003690078206434,0.0
9.2123,8.54066,52.3667,4683.25375,3.20795,38.56077,5.080609722952166,1.8926608006868406,0.0
9.2612,8.58016,52.75872,4679.68486,3.1918,38.56859,4.800733406063937,1.7883995086568831,0.0
9.31005,8.61964,53.14817,4676.27229,3.17058,38.57644,4.53821918481157,1.690606054075513,0.0
9.35886,8.6591,53.53445,4673.00781,3.14459,38.58434,4.292237607287235,1.598971444282872,0.0
9.40764,8.69854,53.91702,4669.88359,3.11413,38.59229,4.06194967676076,1.5131831309216377,0.0
9.45637,8.73798,54.29536,4666.89217,3.07948,38.60028,3.846518465301592,1.4329293363167805,0.0
9.50507,8.77739,54.669,4664.02651,3.04089,38.60832,3.64511845380589,1.357902532881404,0.0
9.55373,8.8168,55.03748,4661.27996,2.99863,38.61641,3.4569428956005464,1.2878021862529936,0.0
9.60235,8.8562,55.40039,4658.64623,2.95292,38.62455,3.2812094814338506,1.2223368656514915,0.0
9.65095,8.89558,55.75733,4656.11943,2.904,38.63274,3.117164560584829,1.161225816353592,0.0
9.69951,8.93496,56.10794,4653.69401,2.85206,38.64098,2.9640861478982057,1.1042000798923812,0.0
9.74804,8.97433,56.45188,4651.36476,2.7973,38.64927,2.8212859212349293,1.0510032381602177,0.0
9.79654,9.01369,56.78884,4649.12682,2.73992,38.65761,2.688110389108676,1.0013918483840494,0.0
9.84501,9.05305,57.11851,4646.97561,2.68008,38.666,2.5639413848632957,0.9551356272195167,0.0
9.89345,9.0924,57.44062,4644.90686,2.61794,38.67445,2.4481960220224046,0.9120174341175012,0.0
9.94187,9.13175,57.7549,4642.91658,2.55366,38.68295,2.340326225687329,0.8718330967575277,0.0
9.99026,9.17109,58.06113,4641.00102,2.48737,38.6915,2.239817937126198,0.8343911147362755,0.0
10.03863,9.21044,58.35908,4639.1567,2.41922,38.70011,2.146190073002624,0.7995122718528757,0.0
10.08697,9.24978,58.64853,4637.38035,2.34932,38.70878,2.058993306924028,0.7670291822036036,0.0
10.13529,9.28911,58.9293,4635.66892,2.2778,38.71749,1.977808729063904,0.7367857908559048,0.0
10.18358,9.32845,59.2012,4634.01954,2.20475,38.72627,1.9022464293393253,0.7086368460447376,0.0
10.23186,9.36779,59.46407,4632.42955,2.13029,38.7351,1.8319440408601007,0.6824473565690589,0.0
10.28011,9.40713,59.71774,4630.89644,2.05451,38.74398,1.7665652729546688,0.6580920453053721,0.0
10.32834,9.44647,59.96208,4629.41787,1.97749,38.75292,1.705798456838909,0.6354548074310928,0.0
10.37655,9.48581,60.19694,4627.99164,1.89933,38.76192,1.649355121792976,0.6144281800129575,0.0
10.42473,9.52516,60.4222,4626.61568,1.8201,38.77097,1.59696861540057,0.594912828009847,0.0
10.4729,9.56451,60.63775,4625.28806,1.73988,38.78008,1.5483927778716136,0.5768170504231035,0.0
10.52105,9.60386,60.84346,4624.00695,1.65873,38.78925,1.503400677573961,0.5600563092488223,0.0
10.56918,9.64321,61.03926,4622.77062,1.57672,38.79847,1.4617834125832785,0.5445527830236486,0.0
10.6173,9.68257,61.22503,4621.57745,1.49392,38.80776,1.4233489811840843,0.5302349460566962,0.0
10.66539,9.72193,61.40069,4620.4259,1.41039,38.8171,1.387921222801201,0.517037173898648,0.0
10.71347,9.7613,61.56618,4619.31452,1.32617,38.82649,1.3553388296885567,0.5048993751698295,0.0
10.76153,9.80067,61.7214,4618.24191,1.24132,38.83595,1.3254544288366252,0.4937666495465754,0.0
10.80957,9.84005,61.8663,4617.20676,1.1559,38.84546,1.2981337329121252,0.4835889714639261,0.0
10.85759,9.87944,62.00081,4616.2078,1.06994,38.85504,1.2732547585824383,0.47432089892090623,0.0
10.9056,9.91883,62.12487,4615.24384,0.9835,38.86467,1.2507071102602108,0.465921306656544,0.0
10.9536,9.95823,62.23844,4614.3137,0.89662,38.87436,1.2303913271106894,0.4583531428929218,0.0
11.00157,9.99763,62.34148,4613.41628,0.80934,38.8841,1.2122182910765753,0.45158320880885855,0.0
11.04954,10.03704,62.43393,4612.55048,0.72171,38.89391,1.1961086936477368,0.4455819598975976,0.0
11.09748,10.07647,62.51576,4611.71527,0.63375,38.90378,1.1819925591552287,0.44032332838128646,0.0
11.14542,10.11589,62.58695,4610.90962,0.54551,38.9137,1.169808822464176,0.4357845658904635,0.0
11.19333,10.15533,62.64745,4610.13253,0.45703,38.92368,1.1595049590604234,0.43194610566160285,0.0
11.24124,10.19478,62.69726,4609.38302,0.36833,38.93373,1.151036665704734,0.42879144357240045,0.0
11.28912,10.23423,62.73634,4608.66012,0.27946,38.94383,1.1443675899908547,0.4263070373950377,0.0
11.337,10.2737,62.76469,4607.96287,0.19045,38.95399,1.1394691073589918,0.4244822237278338,0.0
11.38486,10.31317,62.78229,4607.29033,0.10134,38.96421,1.1363201443175583,0.4233091521406957,0.0
11.43271,10.35265,62.78913,4606.64153,0.01215,38.97449,1.1349070468475388,0.42278273615228135,0.0
11.48054,10.39215,62.78522,4606.01553,-0.07708,38.98483,1.135223493186187,0.4229006207396321,0.0
11.52836,10.43165,62.77054,4605.41137,-0.16632,38.99523,1.1372704504139033,0.4236631661656425,0.0
11.57616,10.47116,62.74511,4604.82808,-0.25553,39.00569,1.1410561744895307,0.425073447992209,0.0
11.62396,10.51069,62.70894,4604.26466,-0.34468,39.01621,1.146596253609731,0.4271372732327381,0.0
11.67174,10.55022,62.66202,4603.72012,-0.43374,39.02678,1.153913694978391,0.4298632126760338,0.0
11.71951,10.58977,62.60439,4603.19342,-0.52267,39.03742,1.163039055291805,0.4332626494954607,0.0
11.76726,10.62933,62.53606,4602.68352,-0.61144,39.04812,1.1740106154461736,0.4373498443320846,0.0
11.815,10.6689,62.45705,4602.18931,-0.70001,39.05887,1.1868746001683217,0.44214201711289347,0.0
11.86273,10.70848,62.36739,4601.70968,-0.78835,39.06969,1.2016854434467084,0.4476594459308328,0.0
11.91045,10.74807,62.26712,4601.24346,-0.87642,39.08056,1.218506100800957,0.4539255833734215,0.0
11.95815,10.78768,62.15626,4600.78944,-0.96417,39.0915,1.2374084095615507,0.46096719073641884,0.0
12.00584,10.82729,62.03487,4600.34634,-1.05158,39.10249,1.2584734984371337,0.4688144905984192,0.0
12.05352,10.86692,61.903,4599.91284,-1.1386,39.11355,1.2817922477140984,0.47750133825730806,0.0
12.10119,10.90657,61.76068,4599.48756,-1.22518,39.12466,1.3074658014574903,0.4870654125385756,0.0
12.14885,10.94622,61.60798,4599.06903,-1.31128,39.13583,1.3356061330386473,0.49754842646924197,0.0
12.19649,10.98589,61.44496,4598.65572,-1.39685,39.14706,1.3663366652122217,0.5089963582728628,0.0
12.24412,11.02557,61.2717,4598.246,-1.48184,39.15836,1.3997929457686822,0.5214597030678652,0.0
12.29174,11.06526,61.08826,4597.83816,-1.56621,39.16971,1.4361233794814368,0.5349937455371079,0.0
12.33934,11.10496,60.89472,4597.43039,-1.64989,39.18111,1.4754900166389595,0.5496588536768474,0.0
12.38693,11.14468,60.69118,4597.02077,-1.73283,39.19258,1.5180693978553714,0.5655207935109069,0.0
12.43451,11.18441,60.47773,4596.60726,-1.81496,39.20411,1.5640534540771414,0.582651064366853,0.0
12.48208,11.22416,60.25447,4596.18768,-1.89623,39.21569,1.6136504596857417,0.6011272539318129,0.0
12.52964,11.26392,60.02151,4595.75973,-1.97655,39.22734,1.6670860353191284,0.6210334118298616,0.0
12.57718,11.30369,59.77898,4595.32097,-2.05586,39.23904,1.7246041954259679,0.6424604398635341,0.0
12.62471,11.34347,59.527,4594.86876,-2.13408,39.2508,1.7864684335768544,0.6655064963208096,0.0
12.67222,11.38327,59.26571,4594.40033,-2.21113,39.26262,1.8529628361217085,0.6902774108417954,0.0
12.71972,11.42308,58.99527,4593.9127,-2.28692,39.27449,1.924393211822819,0.7168871052367566,0.0
12.76721,11.4629,58.71583,4593.40269,-2.36135,39.28643,2.0010882215293972,0.7454580143196117,0.0
12.81469,11.50274,58.42756,4592.86692,-2.43432,39.29842,2.08340048769259,0.7761214992314687,0.0
12.86215,11.54258,58.13066,4592.30175,-2.50573,39.31047,2.171707658471292,0.8090182438480364,0.0
12.90959,11.58244,57.82531,4591.70334,-2.57546,39.32257,2.2664133952257095,0.8442986226469612,0.0
12.95702,11.62232,57.51175,4591.06754,-2.64338,39.33473,2.3679482452479084,0.8821230258229188,0.0
13.00444,11.6622,57.19018,4590.38995,-2.70938,39.34695,2.476770353523597,0.9226621244376058,0.0
13.05183,11.70211,56.86004,4589.66755,-2.78719,39.39282,2.593671983360446,0.9662110574188315,44.999999232382756
13.09917,11.74206,56.52071,4588.89685,-2.86344,39.44037,2.719545213320649,1.0131021475030124,44.999999232382756
13.14648,11.78205,56.17239,4588.07225,-2.93799,39.48972,2.8550670784930823,1.0635876080746207,44.999999232382756
13.19374,11.82209,55.8153,4587.18773,-3.01072,39.54102,3.0009629153521096,1.117937646055108,44.999999232382756
13.24096,11.86217,55.44967,4586.23679,-3.08149,39.59439,3.158010572103149,1.1764420303674104,44.999999232382756
13.28813,11.90229,55.07577,4585.21247,-3.15014,39.65001,3.327042307088497,1.2394107991420686,44.999999232382756
13.33525,11.94246,54.69386,4584.10727,-3.21651,39.70803,3.508946288435886,1.3071748183757728,44.999999232382756
13.38232,11.98268,54.30424,4582.91315,-3.28044,39.76863,3.7046675523882397,1.3800861389344115,44.999999232382756
13.42933,12.02294,53.90722,4581.62148,-3.34172,39.83201,3.9152082492313927,1.4585180881676194,44.999999232382756
13.47628,12.06326,53.50315,4580.22299,-3.40017,39.89837,4.141626973663439,1.54286502045374,44.999999232382756
13.52318,12.10363,53.0924,4578.70776,-3.45557,39.96794,4.385036940860758,1.6335416377364271,44.999999232382756
13.57,12.14405,52.67535,4577.06518,-3.50767,40.04095,4.646602730762242,1.7309817766848623,44.999999232382756
13.61676,12.18453,52.25244,4575.28392,-3.55625,40.11766,4.927535282016093,1.8356365438072133,44.999999232382756
13.66345,12.22507,51.82412,4573.35188,-3.60104,40.19833,5.229084774588053,1.9479716640349334,44.999999232382756
13.71006,12.26567,51.39087,4571.2562,-3.64176,40.28326,5.552530998220922,2.0684638927205103,44.999999232382756
13.75659,12.30633,50.95323,4568.98322,-3.6781,40.37275,5.899170765063128,2.197596326510416,44.999999232382756
13.80304,12.34706,50.51175,4566.51848,-3.70976,40.46713,6.270301892402597,2.3358524364920297,44.999999232382756
13.84939,12.38785,50.06704,4563.8467,-3.7364,40.56674,6.667203260018825,2.4837086390325656,44.999999232382756
13.89564,12.42872,49.61975,4560.95184,-3.75768,40.67195,7.0911104418529884,2.6416252179350193,44.999999232382756
13.9418,12.46965,49.17055,4557.81707,-3.77322,40.78313,7.543186430619163,2.810035418585564,44.999999232382756
13.98784,12.51067,48.72018,4554.42486,-3.78265,40.90067,8.024487024794352,2.989332553696613,44.999999232382756
14.03376,12.55176,48.26943,4550.75702,-3.78556,41.025,8.53592053970966,3.179854994628218,44.999999232382756
14.07957,12.59293,47.81911,4546.7948,-3.78154,41.15654,9.078201648382919,3.3818689758837,44.999999232382756
14.12523,12.63419,47.37011,4542.51902,-3.77018,41.29572,9.651799363696643,3.595549217102267,44.999999232382756
14.17076,12.67554,46.92335,4537.91021,-3.75105,41.44298,10.256879451150278,3.820957470294015,44.999999232382756
14.21614,12.71698,46.47982,4532.94879,-3.72372,41.59878,10.893241917865977,4.058019232849818,44.999999232382756
14.26136,12.75852,46.04052,4527.6153,-3.68777,41.76355,11.560254662182283,4.306499030269187,44.999999232382756
14.30641,12.80016,45.60654,4521.89066,-3.64277,41.93773,12.25678488573571,4.5659748653560035,44.999999232382756
14.35128,12.8419,45.179,4515.7565,-3.58832,42.12175,12.981130454365593,4.835812648349576,44.999999232382756
14.39596,12.88375,44.75905,4509.19544,-3.52405,42.31601,13.73095402181695,5.115141656270642,44.999999232382756
14.44044,12.92571,44.3479,4502.19152,-3.44961,42.52086,14.503223363665482,5.402832305738523,44.999999232382756
14.4847,12.96778,43.94677,4494.73059,-3.36469,42.73664,15.294161955551175,5.697477742062779,44.999999232382756
14.52874,13.00998,43.55692,4486.80076,-3.26904,42.96363,16.09921430236868,5.997380923454375,44.999999232382756
14.57254,13.05229,43.17962,4478.39286,-3.16246,43.20204,16.9130308037582,6.300548983022834,44.999999232382756
14.61608,13.09474,42.81616,4469.50086,-3.04484,43.452,17.72947693978064,6.604696650681907,44.999999232382756
14.65937,13.13731,42.46782,4460.12237,-2.91614,43.71357,18.541671195444255,6.907260381033613,44.999999232382756
14.70237,13.18001,42.13586,4450.25903,-2.77643,43.98673,19.34205534406722,7.205424535770056,44.999999232382756
14.74508,13.22285,41.82153,4439.91691,-2.62586,44.27131,20.12249943757188,7.496160495320508,44.999999232382756
14.78749,13.26582,41.52603,4429.10679,-2.46472,44.56708,20.874442110426735,7.776278925761393,44.999999232382756
14.82958,13.30894,41.25049,4417.8444,-2.29339,44.87366,21.589064654098696,8.042494626129958,44.999999232382756
14.87134,13.35219,40.99601,4406.15055,-2.1124,45.19054,22.25749488570616,8.291502474861618,44.999999232382756
14.91276,13.39558,40.76358,4394.05111,-1.92238,45.51712,22.87103430583058,8.520062052051673,44.999999232382756
14.95383,13.43911,40.55409,4381.57687,-1.72409,45.85266,23.42139965514542,8.725087625655316,44.999999232382756
14.99454,13.48278,40.36834,4368.76331,-1.51841,46.1963,23.900968002671764,8.903739453311518,44.999999232382756
15.03487,13.52659,40.207,4355.65014,-1.30631,46.54707,24.303013188442602,9.053511863456647,44.999999232382756
15.07483,13.57054,40.07061,4342.28081,-1.08888,46.90392,24.621921013106487,9.172313419113815,44.999999232382756
15.1144,13.61462,39.95956,4328.70183,-0.86727,47.26572,24.853371146098247,9.258534683472755,44.999999232382756
15.15357,13.65883,39.87411,4314.96202,-0.64269,47.63125,24.994475331477968,9.311099705201261,44.999999232382756
15.19236,13.70316,39.81437,4301.11173,-0.4164,47.99926,25.04386400103518,9.329498284105428,44.999999232382756
15.23074,13.74763,39.78029,4287.20195,-0.1897,48.3685,25.001716637182447,9.313797282106401,44.999999232382756
15.26872,13.79221,39.7717,4273.28348,0.03615,48.73768,24.869734852139285,9.26463059452806,44.999999232382756
15.3063,13.8369,39.78825,4259.40607,0.25988,49.10554,24.651060807399713,9.183168759202172,44.999999232382756
15.34349,13.88171,39.82948,4245.61769,0.48027,49.47088,24.35014693334761,9.071070423597229,44.999999232382756
15.38027,13.92662,39.89479,4231.96377,0.69615,49.83252,23.97258561913497,8.930418899816962,44.999999232382756
15.41667,13.97163,39.98348,4218.48664,0.90645,50.18938,23.524909412997296,8.76364773396078,44.999999232382756
15.45268,14.01673,40.09471,4205.22502,1.11017,50.54045,23.014373198826362,8.573459561165858,44.999999232382756
15.48831,14.06192,40.22758,4192.2137,1.3064,50.88483,22.448729805388446,8.362742514136833,44.999999232382756
15.52357,14.10719,40.3811,4179.48324,1.49437,51.22172,21.83600966820481,8.134488141398853,44.999999232382756
15.55847,14.15255,40.55421,4167.05988,1.67338,51.55041,21.184313680956585,7.891714238995478,44.999999232382756
15.59301,14.19797,40.74578,4154.9655,1.84286,51.87032,20.501626462550465,7.63739528755742,44.999999232382756
15.62721,14.24346,40.95467,4143.21775,2.00238,52.18099,19.79565515402123,7.374402399907219,44.999999232382756
15.66108,14.28902,41.17969,4131.83015,2.15157,52.48204,19.07369675072671,7.10545389881117,44.999999232382756
15.69462,14.33464,41.41963,4120.81239,2.29019,52.77321,18.34253503600592,6.833076922055136,44.999999232382756
15.72786,14.38031,41.67329,4110.17055,2.4181,53.05433,17.608366528112015,6.55957983572863,44.999999232382756
15.76079,14.42603,41.93947,4099.90747,2.53524,53.32531,16.87675354874918,6.287034751019947,44.999999232382756
15.79343,14.4718,42.21696,4090.02306,2.64162,53.58616,16.152601588903785,6.017269092392752,44.999999232382756
15.82579,14.51761,42.50459,4080.51464,2.73734,53.83694,15.440157569676412,5.751864949700226,44.999999232382756
15.85789,14.56346,42.80121,4071.37735,2.82255,54.07779,14.743025331208637,5.49216484821785,44.999999232382756
15.88973,14.60935,43.10568,4062.6044,2.89745,54.30888,14.064194675368128,5.2392825678077495,44.999999232382756
15.92133,14.65528,43.41692,4054.18745,2.96231,54.53046,13.406080475845592,4.9941177124588645,44.999999232382756
15.95269,14.70124,43.73388,4046.11689,3.0174,54.74278,12.770568692788977,4.757372851948906,44.999999232382756
15.98383,14.74723,44.05555,4038.38211,3.06304,54.94614,12.159066534065301,4.529572208234202,44.999999232382756
16.01476,14.79324,44.38093,4030.97177,3.09957,55.14085,11.572554446943721,4.311081023719637,44.999999232382756
16.04547,14.83929,44.70912,4023.87397,3.12733,55.32727,11.011638067661172,4.102124913838714,44.999999232382756
16.076,14.88536,45.03922,4017.0765,3.14671,55.50572,10.47659867656928,3.902808662923349,44.999999232382756
16.10633,14.93146,45.37037,4010.56697,3.15805,55.67656,9.967441087310396,3.71313406418197,44.999999232382756
16.13649,14.97758,45.70179,4004.33294,3.16174,55.84015,9.4839382301171,3.533016528151648,44.999999232382756
16.16647,15.02372,46.0327,3998.3621,3.15814,55.99684,9.025671968701442,3.362300288063295,44.999999232382756
16.19629,15.06988,46.36239,3992.64227,3.14762,56.14698,8.592069917553161,3.200772115253969,44.999999232382756
16.22596,15.11606,46.69017,3987.16159,3.13053,56.29091,8.182438205467411,3.0481735244430137,44.999999232382756
16.25547,15.16226,47.01541,3981.90848,3.10722,56.42898,7.795990266602098,2.904211499158457,44.999999232382756
16.28485,15.20848,47.33749,3976.87176,3.07803,56.5615,7.431871838414078,2.7685678041259787,44.999999232382756
16.31408,15.25471,47.65585,3972.04064,3.04329,56.68878,7.089182412389122,2.640906976230221,44.999999232382756
16.34318,15.30097,47.96995,3967.40477,3.0033,56.81115,6.766993424642424,2.520883100992109,44.999999232382756
16.37216,15.34724,48.27928,3962.95425,2.95837,56.92887,6.464363494336127,2.4081454892803205,44.999999232382756
16.40101,15.39353,48.58338,3958.67961,2.90878,57.04224,6.180351023480044,2.3023433710685755,44.999999232382756
16.42975,15.43983,48.8818,3954.57186,2.85482,57.15151,5.914024465834012,2.203129720871959,44.999999232382756
16.45837,15.48615,49.17413,3950.62243,2.79674,57.25695,5.664470558873319,2.11016432437063,44.999999232382756
16.48689,15.53248,49.45996,3946.82322,2.73479,57.35879,5.4308007936613825,2.0231161886076356,44.999999232382756
16.5153,15.57883,49.73895,3943.16654,2.6692,57.45725,5.212156375258398,1.9416653898716436,44.999999232382756
16.54361,15.6252,50.01075,3939.6451,2.60021,57.55257,5.007711902498559,1.8655044445107793,44.999999232382756
16.57183,15.67158,50.27504,3936.25202,2.52802,57.64493,4.816677971941329,1.794339278972988,44.999999232382756
16.59995,15.71798,50.53151,3932.98081,2.45284,57.73455,4.638302887243025,1.7278898665919276,44.999999232382756
16.62798,15.76439,50.77991,3929.82531,2.37485,57.82159,4.471873632893907,1.6658905903296517,44.999999232382756
16.65592,15.81081,51.01995,3926.77974,2.29423,57.90624,4.316716250408501,1.608090382917407,44.999999232382756
16.68377,15.85725,51.25141,3923.8386,2.21116,57.98865,4.172195736054578,1.5542526887569839,44.999999232382756
16.71155,15.9037,51.47405,3920.99672,2.12579,58.06899,4.037715561942162,1.5041552855137732,44.999999232382756
16.73924,15.95017,51.68767,3918.2492,2.03828,58.14741,3.912716906970705,1.4575899976243532,44.999999232382756
16.76685,15.99666,51.89207,3915.59142,1.94877,58.22403,3.796677670538615,1.4143623288773364,44.999999232382756
16.79439,16.04316,52.08707,3913.01899,1.8574,58.29899,3.6891113300395353,1.374291036800675,44.999999232382756
16.82185,16.08967,52.27251,3910.52775,1.7643,58.37243,3.589565692854972,1.3372076677460762,44.999999232382756
16.84924,16.1362,52.44821,3908.11376,1.66958,58.44444,3.4976215846293544,1.3029560682369494,44.999999232382756
16.87656,16.18274,52.61406,3905.77328,1.57338,58.51516,3.412891508039085,1.2713918853245856,44.999999232382756
16.9038,16.2293,52.7699,3903.50272,1.47579,58.58469,3.335018299748982,1.2423820662690965,44.999999232382756
16.93098,16.27588,52.91562,3901.29869,1.37693,58.65312,3.263673807817082,1.2158043658379043,44.999999232382756
16.95809,16.32247,53.0511,3899.15793,1.27689,58.72056,3.1985576071992505,1.1915468677974097,44.999999232382756
16.98514,16.36907,53.17625,3897.07733,1.17578,58.78709,3.1393957672046544,1.1695075257577274,44.999999232382756
17.01212,16.41569,53.29097,3895.05388,1.07368,58.85282,3.0859396815819045,1.1495937273489902,44.999999232382756
17.03903,16.46233,53.39518,3893.08469,0.97069,58.91782,3.0379649693194177,1.1317218847405646,44.999999232382756
17.06588,16.50898,53.48881,3891.16697,0.86688,58.98218,2.995270452158883,1.1158170537379104,44.999999232382756
17.09267,16.55565,53.57178,3889.29802,0.76235,59.04597,2.9576772130752143,1.1018125830415932,44.999999232382756
17.1194,16.60233,53.64403,3887.4752,0.65718,59.10928,2.925027738671836,1.0896497947669614,44.999999232382756
17.14607,16.64903,53.70552,3885.69594,0.55143,59.17218,2.897185147325171,1.0792776969076605,44.999999232382756
17.17267,16.69575,53.75621,3883.95772,0.44519,59.23475,2.8740325041078245,1.070652728126493,44.999999232382756
17.19922,16.74248,53.79605,3882.25807,0.33854,59.29704,2.8554722228608593,1.063738535011608,44.999999232382756
17.22571,16.78924,53.82502,3880.59453,0.23153,59.35915,2.8414255553313796,1.0585057817668104,44.999999232382756
17.25213,16.836,53.84309,3878.96468,0.12426,59.42113,2.8318321668950786,1.0549319921570468,44.999999232382756
17.2785,16.88279,53.85025,3877.3661,0.01678,59.48306,2.82664979815375,1.053001423444574,44.999999232382756
17.30481,16.92959,53.84649,3875.79639,-0.09083,59.545,2.825854011485059,1.0527049719720791,44.999999232382756
17.33106,16.97641,53.83182,3874.2531,-0.19851,59.60702,2.829438021465455,1.0540401099907548,44.999999232382756
17.35725,17.02325,53.80623,3872.73381,-0.30617,59.6692,2.8374126079707707,1.0570108532879836,44.999999232382756
17.38338,17.0701,53.76974,3871.23604,-0.41376,59.73159,2.8498061106202695,1.0616277591176024,44.999999232382756
17.40945,17.11698,53.72237,3869.75729,-0.52119,59.79428,2.866664503082514,1.06790795388079,44.999999232382756
17.43546,17.16387,53.66414,3868.29498,-0.62841,59.85732,2.8880515455821727,1.075875189938868,44.999999232382756
17.46142,17.21078,53.5951,3866.84651,-0.73533,59.9208,2.9140490136896586,1.0855599308434607,44.999999232382756
17.48731,17.25771,53.51528,3865.4092,-0.84189,59.98478,2.9447570011502964,1.0969994641483258,44.999999232382756
17.51314,17.30466,53.42473,3863.98027,-0.948,60.04935,2.9802942940749877,1.110238040805225,44.999999232382756
17.53892,17.35163,53.32351,3862.55687,-1.05359,60.11457,3.0207988132404484,1.1253270399323987,44.999999232382756
17.56463,17.39861,53.21169,3861.13604,-1.15858,60.18053,3.0664281205254307,1.142325157475385,44.999999232382756
17.59028,17.44562,53.08933,3859.7147,-1.26288,60.24732,3.1173599845769133,1.161298616932558,44.999999232382756
17.61586,17.49265,52.95652,3858.28966,-1.36642,60.31501,3.173792999664787,1.1823213998947821,44.999999232382756
17.64139,17.5397,52.81334,3856.85759,-1.46909,60.38369,3.235947250251369,1.2054754936150405,44.999999232382756
17.66685,17.58676,52.65991,3855.41498,-1.57082,60.45347,3.304065012091698,1.230851152186744,44.999999232382756
17.69224,17.63385,52.49632,3853.95819,-1.6715,60.52443,3.378411478584341,1.258547167128518,44.999999232382756
17.71757,17.68096,52.3227,3852.48338,-1.77104,60.59669,3.459275498597828,1.2886711422439594,44.999999232382756
17.74283,17.72809,52.13918,3850.98652,-1.86932,60.67033,3.546970309045586,1.3213397665250806,44.999999232382756
17.76802,17.77524,51.94589,3849.46337,-1.96624,60.74548,3.6418342419850482,1.3566790775653268,44.999999232382756
17.79315,17.82242,51.743,3847.90948,-2.06169,60.82226,3.7442313819305344,1.3948247064259223,44.999999232382756
17.8182,17.86961,51.53066,3846.32014,-2.15553,60.90079,3.8545521443675392,1.4359220931476635,44.999999232382756
17.84317,17.91683,51.30905,3844.69038,-2.24765,60.98119,3.973213740974936,1.480126660058431,44.999999232382756
17.86807,17.96407,51.07837,3843.01499,-2.33792,61.06362,4.100660490891511,1.5276039277281623,44.999999232382756
17.8929,18.01133,50.83882,3841.28842,-2.42617,61.1482,4.237363930289021,1.5785295557877008,44.999999232382756
17.91764,18.05861,50.59062,3839.50485,-2.51228,61.2351,4.383822664681116,1.6330892879099812,44.999999232382756
17.9423,18.10592,50.334,3837.65813,-2.59608,61.32448,4.540561899649707,1.6914787769932564,44.999999232382756
17.96688,18.15325,50.06923,3835.74176,-2.67741,61.41651,4.708132576127724,1.753903263031171,44.999999232382756
17.99138,18.2006,49.79657,3833.74887,-2.75608,61.51136,4.887110026081515,1.8205770723190837,44.999999232382756
18.01578,18.24798,49.5163,3831.67224,-2.83193,61.60924,5.078092053536672,1.8917229025857,44.999999232382756
18.04009,18.29538,49.22874,3829.50426,-2.90474,61.71034,5.281696334576947,1.9675708544242518,44.999999232382756
18.06431,18.34281,48.93423,3827.2369,-2.97433,61.81487,5.498557018592933,2.048357165168211,44.999999232382756
18.08842,18.39026,48.6331,3824.86174,-3.04047,61.92305,5.729320402054509,2.13432259725769,44.999999232382756
18.11244,18.43773,48.32573,3822.36993,-3.10294,62.03511,5.974639536023903,2.2257104293961767,44.999999232382756
18.13635,18.48523,48.01252,3819.75221,-3.16151,62.15131,6.2351676203712225,2.3227639957220085,44.999999232382756
18.16014,18.53275,47.69389,3816.99887,-3.21592,62.2719,6.511550032047743,2.425723716130426,44.999999232382756
18.18383,18.5803,47.37028,3814.09981,-3.26593,62.39714,6.804414833098808,2.5348235602586273,44.999999232382756
18.20739,18.62787,47.04218,3811.04449,-3.31126,62.52732,7.114361607839869,2.650286889040129,44.999999232382756
18.23083,18.67547,46.71007,3807.822,-3.35164,62.66272,7.441948489283806,2.7723216217075928,44.999999232382756
18.25415,18.7231,46.3745,3804.42106,-3.38677,62.80364,7.78767725467061,2.90111468348547,44.999999232382756
18.27732,18.77074,46.03601,3800.83004,-3.41637,62.9504,8.1519764005992,3.036825700631281,44.999999232382756
18.30036,18.81842,45.69521,3797.03702,-3.44014,63.1033,8.535182152271114,3.179579925879217,44.999999232382756
18.32325,18.86611,45.3527,3793.02987,-3.45775,63.26268,8.937517420698553,3.329460399446465,44.999999232382756
18.34599,18.91384,45.00913,3788.79626,-3.46891,63.42885,9.359068798453194,3.48649937934436,44.999999232382756
18.36857,18.96158,44.66518,3784.32381,-3.4733,63.60216,9.799761780172197,3.6506691103648934,44.999999232382756
18.39098,19.00935,44.32157,3779.60012,-3.4706,63.78293,10.259334509376485,3.821872044079747,44.999999232382756
18.41322,19.05715,43.97902,3774.61293,-3.4605,63.97149,10.73731048777726,3.999930672338921,44.999999232382756
18.43528,19.10496,43.63832,3769.35024,-3.4427,64.16816,11.232970835484675,4.184577193468581,44.999999232382756
18.45715,19.1528,43.30024,3763.80043,-3.41691,64.37326,11.745326856359693,4.37544329214277,44.999999232382756
18.47882,19.20066,42.96561,3757.95247,-3.38286,64.58707,12.27309383614735,4.57205037849865,44.999999232382756
18.50029,19.24854,42.63528,3751.79605,-3.34028,64.80988,12.814667173108521,4.7738006961687836,44.999999232382756
18.52154,19.29644,42.3101,3745.32178,-3.28894,65.04194,13.368102099821678,4.979969768118744,44.999999232382756
18.54257,19.34436,41.99095,3738.52142,-3.22865,65.28347,13.931098386363301,5.189700698179324,44.999999232382756
18.56337,19.3923,41.67873,3731.38806,-3.15925,65.53465,14.500991502233926,5.40200087863146,44.999999232382756
18.58393,19.44025,41.37433,3723.91633,-3.08061,65.79562,15.074751739143668,5.615741663420744,44.999999232382756
18.60424,19.48821,41.07865,3716.10265,-2.99267,66.06649,15.648992740824887,5.829661545737085,44.999999232382756
18.62428,19.53619,40.79259,3707.94541,-2.8954,66.34727,16.219990732870237,6.042373321635347,44.999999232382756
18.64406,19.58417,40.51705,3699.44517,-2.78886,66.63796,16.783715483019485,6.252375623556798,44.999999232382756
18.66356,19.63217,40.25289,3690.60483,-2.67316,66.93846,17.33587364440685,6.458069066829181,44.999999232382756
18.68278,19.68016,40.00095,3681.4298,-2.54847,67.24862,17.8719646441566,6.6577770696390886,44.999999232382756
18.70169,19.72816,39.76207,3671.92807,-2.41506,67.5682,18.387348691723975,6.8497711879283605,44.999999232382756
18.72031,19.77615,39.53702,3662.11037,-2.27325,67.89688,18.87732582145303,7.032300560826615,44.999999232382756
18.73861,19.82414,39.32653,3651.9901,-2.12347,68.23428,19.33722419026984,7.2036248038652255,44.999999232382756
18.75659,19.87212,39.13129,3641.58337,-1.96619,68.57993,19.762495172544412,7.362049434315481,44.999999232382756
18.77425,19.92008,38.9519,3630.90892,-1.80199,68.93329,20.14881218501282,7.505962686072309,44.999999232382756
18.79157,19.96803,38.78893,3619.98796,-1.63151,69.29373,20.492169692011867,7.633872391709186,44.999999232382756
18.80856,20.01596,38.64285,3608.84401,-1.45544,69.66057,20.78897853784246,7.744441496291825,44.999999232382756
18.8252,20.06386,38.51406,3597.50263,-1.27458,70.03304,21.03615367016726,7.836520736651953,44.999999232382756
18.84149,20.11174,38.40288,3585.99117,-1.08973,70.41036,21.231190481074137,7.9091770804421095,44.999999232382756
18.85743,20.15958,38.30953,3574.33839,-0.90177,70.79165,21.372226404496516,7.961716672795427,44.999999232382756
18.87302,20.20738,38.23415,3562.57416,-0.7116,71.17603,21.45808505025809,7.993701277418542,44.999999232382756
18.88826,20.25514,38.17679,3550.72903,-0.52015,71.56259,21.48830098465538,8.004957508010616,44.999999232382756
18.90314,20.30285,38.13742,3538.83383,-0.32836,71.9504,21.46312422410657,7.9955785022657455,44.999999232382756
18.91767,20.35052,38.11589,3526.91932,-0.13716,72.33852,21.383504519650504,7.965918067435356,44.999999232382756
18.93184,20.39813,38.112,3515.01576,0.05251,72.72603,21.25105649814411,7.916577694507043,44.999999232382756
18.94566,20.44568,38.12544,3503.15259,0.23975,73.11205,21.068007617722476,7.848387170244076,44.999999232382756
18.95913,20.49318,38.15584,3491.35805,0.42369,73.49568,20.837131628531594,7.762379789557593,44.999999232382756
18.97226,20.54061,38.20273,3479.65892,0.60351,73.87612,20.56167076032784,7.65976336834005,44.999999232382756
18.98505,20.58797,38.26561,3468.08029,0.77843,74.25258,20.245250162849768,7.54188837025248,44.999999232382756
18.9975,20.63526,38.34388,3456.64528,0.94774,74.62433,19.891788200417107,7.4102144891023665,44.999999232382756
19.00963,20.68249,38.43691,3445.37497,1.11077,74.99072,19.505406066345273,7.2662769778348055,44.999999232382756
19.02143,20.72964,38.54401,3434.28825,1.26694,75.35115,19.090339867960065,7.111653897887364,44.999999232382756
19.03291,20.77672,38.66446,3423.40176,1.41574,75.70509,18.65085788265632,6.947935294894749,44.999999232382756
19.04409,20.82372,38.7975,3412.72991,1.55672,76.05209,18.191185146890007,6.776695106104208,44.999999232382756
19.05497,20.87064,38.94233,3402.28485,1.68951,76.39175,17.71543696087549,6.599466389125661,44.999999232382756
19.06555,20.91749,39.09816,3392.07659,1.8138,76.72376,17.22756231515442,6.417720246840064,44.999999232382756
19.07585,20.96426,39.26415,3382.11303,1.92937,77.04786,16.731297705692292,6.232848622307692,44.999999232382756
19.08587,21.01095,39.43948,3372.40013,2.03604,77.36387,16.230131328682962,6.046150960390721,44.999999232382756
19.09562,21.05757,39.62332,3362.94199,2.13369,77.67166,15.727277250802077,5.858824585493014,44.999999232382756
19.10511,21.10411,39.81482,3353.74102,2.22228,77.97115,15.225658843177076,5.6719585302780615,44.999999232382756
19.11435,21.15057,40.01318,3344.79809,2.3018,78.26231,14.727900548256681,5.486530468611255,44.999999232382756
19.12334,21.19696,40.21757,3336.11268,2.3723,78.54519,14.2363269117806,5.303406354943114,44.999999232382756
19.1321,21.24328,40.42719,3327.68304,2.43386,78.81983,13.752967748233784,5.123342348576913,44.999999232382756
19.14063,21.28952,40.64125,3319.50633,2.48661,79.08636,13.279568304652598,4.946988599953914,44.999999232382756
19.14893,21.33568,40.85899,3311.57878,2.5307,79.34489,12.817603332031517,4.774894492622591,44.999999232382756
19.15703,21.38178,41.07967,3303.89583,2.56631,79.5956,12.36829405278773,4.607514964065645,44.999999232382756
19.16492,21.42781,41.30256,3296.45224,2.59366,79.83868,11.93262711519207,4.445217566724238,44.999999232382756
19.1726,21.47377,41.52696,3289.24223,2.61297,80.07432,11.511374741282516,4.2882899736259015,44.999999232382756
19.1801,21.51966,41.7522,3282.25959,2.62448,80.30277,11.105115395086136,4.1369476778410235,44.999999232382756
19.18741,21.56549,41.97763,3275.49777,2.62844,80.52424,10.714254416741426,3.9913416792363345,44.999999232382756
19.19454,21.61126,42.20263,3268.94995,2.62511,80.739,10.33904418025686,3.8515659937703512,44.999999232382756
19.2015,21.65696,42.4266,3262.60918,2.61477,80.94729,9.979603435399948,3.717664858855966,44.999999232382756
19.20829,21.7026,42.64897,3256.46838,2.59769,81.14936,9.635935585241443,3.589639542226573,44.999999232382756
19.21491,21.74818,42.86919,3250.52042,2.57413,81.34548,9.307945729791156,3.4674546911388604,44.999999232382756
19.22138,21.79371,43.08676,3244.75821,2.54438,81.53591,8.995456372502993,3.3510441834591886,44.999999232382756
19.2277,21.83918,43.30117,3239.17467,2.50871,81.72091,8.698221741080589,3.240316462540509,44.999999232382756
19.23387,21.88459,43.51196,3233.76282,2.46739,81.90073,8.415940717565428,3.135159354020379,44.999999232382756
19.2399,21.92996,43.71867,3228.51582,2.42067,82.07562,8.148268406635099,3.035444375316461,44.999999232382756
19.24579,21.97527,43.9209,3223.42692,2.36883,82.24584,7.894826396256922,2.941030557989961,44.999999232382756
19.25154,22.02053,44.11824,3218.48955,2.31212,82.41162,7.655211782903682,2.8517678098759625,44.999999232382756
19.25717,22.06574,44.31031,3213.6973,2.25078,82.57321,7.429005045467646,2.76749984832357,44.999999232382756
19.26267,22.1109,44.49676,3209.04395,2.18505,82.73083,7.215776859019348,2.688066738500338,44.999999232382756
19.26804,22.15602,44.67726,3204.52343,2.11518,82.88472,7.015093942588831,2.61330707184465,44.999999232382756
19.27329,22.20109,44.85148,3200.12987,2.04139,83.03508,6.826524035198055,2.5430598197687146,44.999999232382756
19.27843,22.24612,45.01914,3195.8576,1.96391,83.18214,6.649640092031393,2.4771658968424854,44.999999232382756
19.28345,22.2911,45.17996,3191.7011,1.88294,83.32609,6.484023788732207,2.4154694662363387,44.999999232382756
19.28836,22.33604,45.33367,3187.65504,1.79869,83.46714,6.329268416654565,2.3578190182785157,44.999999232382756
19.29316,22.38094,45.48004,3183.71428,1.71137,83.60547,6.184981246147408,2.3040682508406594,44.999999232382756
19.29786,22.4258,45.61884,3179.87382,1.62117,83.74128,6.050785428705528,2.254076777939099,44.999999232382756
19.30249,22.47061,45.75184,3176.12311,1.57569,83.7602,5.924657596721502,2.207090841902061,0.0
19.3071,22.51538,45.88075,3172.45312,1.52672,83.77911,5.80476204148449,2.162426592934356,0.0
19.3117,22.5601,46.00532,3168.86124,1.47441,83.79801,5.691039008445357,2.120061770894195,0.0
19.31627,22.60477,46.12528,3165.34487,1.41895,83.81689,5.5834125147532685,2.0799680701704117,0.0
19.32083,22.64939,46.24039,3161.90141,1.36047,83.83577,5.481798499176365,2.0421141757423555,0.0
19.32536,22.69397,46.35042,3158.52826,1.29915,83.85464,5.386106925805938,2.006466546865045,0.0
19.32988,22.7385,46.45516,3155.22283,1.23515,83.8735,5.296243672764007,1.9729901206624354,0.0
19.33438,22.783,46.5544,3151.98256,1.1686,83.89235,5.212112219068993,1.941648940529271,0.0
19.33886,22.82745,46.64795,3148.8049,1.09968,83.9112,5.133615143500255,1.9124067144975543,0.0
19.34332,22.87186,46.73563,3145.6873,1.02852,83.93003,5.060655449531353,1.885227308809056,0.0
19.34777,22.91622,46.81729,3142.62724,0.95528,83.94886,4.993137730395053,1.8600751819326764,0.0
19.35219,22.96055,46.89277,3139.62222,0.88011,83.96768,4.930969187939157,1.8369157641150566,0.0
19.3566,23.00484,46.96192,3136.66974,0.80314,83.9865,4.8740605184550265,1.8157157873750074,0.0
19.36099,23.04909,47.02462,3133.76733,0.72453,84.0053,4.822326677919212,1.796443570576149,0.0
19.36537,23.09331,47.08076,3130.91251,0.6444,84.0241,4.775687538314922,1.779069263923933,0.0
19.36972,23.13749,47.13023,3128.10282,0.56291,84.0429,4.734068445782225,1.763565056891273,0.0
19.37406,23.18163,47.17293,3125.3358,0.48018,84.06169,4.697400690433317,1.7499053532370972,0.0
19.37838,23.22573,47.20878,3122.60901,0.39635,84.08047,4.66562189666331,1.7380669164073823,0.0
19.38269,23.2698,47.23771,3119.91998,0.31156,84.09924,4.638676341843544,1.7280289882568025,0.0
19.38697,23.31384,47.25966,3117.26625,0.22595,84.11801,4.616515210256387,1.719773383646122,0.0
19.39124,23.35784,47.27457,3114.64536,0.13963,84.13678,4.599096788178515,1.7132845631158469,0.0
19.39549,23.4018,47.28242,3112.05483,0.05274,84.15554,4.586386605055086,1.7085496854773248,0.0
19.39973,23.44574,47.28316,3109.49216,-0.03458,84.17429,4.578357524726776,1.705558641797211,0.0
19.40395,23.48963,47.27678,3106.95483,-0.12221,84.19304,4.574989789796455,1.704304071925228,0.0
19.40815,23.5335,47.26328,3104.44032,-0.21002,84.21178,4.576271021250403,1.7047813643530518,0.0
19.41233,23.57733,47.24265,3101.94603,-0.29787,84.23052,4.582196174612024,1.7069886398804233,0.0
19.4165,23.62113,47.2149,3099.46939,-0.38564,84.24925,4.59276745299282,1.7109267192243443,0.0
19.42065,23.6649,47.18007,3097.00775,-0.4732,84.26798,4.607994176571315,1.7165990743965425,0.0
19.42478,23.70864,47.13818,3094.55844,-0.56042,84.2867,4.6278926071690805,1.7240117633534295,0.0
19.4289,23.75234,47.08928,3092.11874,-0.64716,84.30542,4.652485725789353,1.7331733471233757,0.0
19.433,23.79601,47.03343,3089.68588,-0.7333,84.32413,4.681802960136425,1.744094788300521,0.0
19.43708,23.83965,46.97068,3087.25704,-0.8187,84.34284,4.715879858380448,1.7567893295135744,0.0
19.44115,23.88325,46.90112,3084.82935,-0.90322,84.36154,4.7547577046154945,1.7712723501738286,0.0
19.4452,23.92683,46.82483,3082.39987,-0.98673,84.38023,4.798483070732395,1.7875611995359975,0.0
19.44923,23.97037,46.74191,3079.96561,-1.0691,84.39892,4.8471072987112995,1.805675003838576,0.0
19.45325,24.01388,46.65247,3077.52352,-1.15018,84.41761,4.900685906641264,1.8256344450305058,0.0
19.45725,24.05736,46.55662,3075.07045,-1.22983,84.43629,4.959277911201242,1.8474615083775212,0.0
19.46123,24.1008,46.45451,3072.60322,-1.30791,84.45496,5.022945058734084,1.8711791960169755,0.0
19.4652,24.14421,46.34627,3070.11855,-1.38428,84.47363,5.091750956670166,1.8968112033902975,0.0
19.46915,24.18759,46.23206,3067.61312,-1.45879,84.49229,5.165760096664687,1.924381555335926,0.0
19.47308,24.23093,46.11205,3065.08349,-1.53129,84.51095,5.245036760705927,1.9539141985858572,0.0
19.477,24.27424,45.9864,3062.52619,-1.60164,84.5296,5.329643801406829,1.9854325473921621,0.0
19.4809,24.31751,45.85532,3059.93765,-1.66967,84.54824,5.4196412879935725,2.0189589791221105,0.0
19.48478,24.36075,45.719,3057.31425,-1.73524,84.56687,5.515085009992658,2.054514276842235,0.0
19.48865,24.40395,45.57765,3054.65228,-1.79818,84.5855,5.616024831476289,2.092117016231433,0.0
19.4925,24.44712,45.43152,3051.94798,-1.85835,84.60412,5.722502889936045,2.1317828946140227,0.0
19.49633,24.49025,45.28082,3049.19752,-1.91558,84.62273,5.83455163554227,2.173524000532272,0.0
19.50015,24.53335,45.12583,3046.39702,-1.96972,84.64134,5.952191708674352,2.217348023070584,0.0
19.50395,24.5764,44.96679,3043.54255,-2.0206,84.65993,6.0754296563241,2.2632574011556703,0.0
19.50773,24.61942,44.80399,3040.63014,-2.06805,84.67852,6.2042554912785794,2.3112484142879324,0.0
19.5115,24.6624,44.63771,3037.65579,-2.11193,84.6971,6.33864010196769,2.3613102176415364,0.0
19.51525,24.70533,44.46826,3034.61547,-2.15207,84.71567,6.478532525474131,2.4134238261888736,0.0
19.51898,24.74823,44.29595,3031.50517,-2.18831,84.73423,6.623857101583893,2.4675610545094853,0.0
19.5227,24.79108,44.1211,3028.32087,-2.2205,84.75278,6.774510531795503,2.5236834211936237,0.0
19.5264,24.83389,43.94406,3025.05859,-2.24848,84.77132,6.930358873905456,2.5817410292462544,0.0
19.53008,24.87666,43.76517,3021.71437,-2.27209,84.78985,7.091234510122459,2.64167143662983,0.0
19.53375,24.91938,43.5848,3018.28435,-2.2912,84.80836,7.256933134435975,2.703398533979811,0.0
19.53739,24.96206,43.4033,3014.76474,-2.30566,84.82687,7.427210813116573,2.7668314495637003,0.0
19.54102,25.00469,43.22107,3011.15185,-2.31534,84.84536,7.601781180422036,2.8318635046077887,0.0
19.54464,25.04727,43.03849,3007.44216,-2.32012,84.86384,7.780312839680246,2.898371245132139,0.0
19.54823,25.0898,42.85595,3003.6323,-2.31988,84.88231,7.962427047487374,2.9662135792534863,0.0
19.55181,25.13227,42.67388,2999.7191,-2.3145,84.90076,8.147695765450864,3.0352310514082363,0.0
19.55537,25.1747,42.49266,2995.69961,-2.30391,84.91919,8.33564016926238,3.105245286942908,0.0
19.55892,25.21707,42.31273,2991.57115,-2.28802,84.93762,8.525729708428331,3.1760586418390147,0.0
19.56244,25.25939,42.13451,2987.33133,-2.26676,84.95602,8.717381811232725,3.2474540928039652,0.0
19.56595,25.30165,41.95841,2982.97808,-2.24009,84.97441,8.909962327877356,3.319195402352442,0.0
19.56944,25.34385,41.78486,2978.5097,-2.20797,84.99278,9.102786799842573,3.3910275916766883,0.0
19.57291,25.38599,41.61429,2973.92486,-2.17041,85.01114,9.295122634859805,3.4626777508809976,0.0
19.57637,25.42807,41.44712,2969.22268,-2.1274,85.02947,9.486192254154389,3.53385621141248,0.0
19.5798,25.47009,41.28377,2964.4027,-2.07898,85.04779,9.675177261755236,3.6042580992386113,0.0
19.58322,25.51204,41.12464,2959.46497,-2.02521,85.06609,9.861223664420052,3.6735652794067213,0.0
19.58662,25.55393,40.97014,2954.41002,-1.96617,85.08437,10.043448145599907,3.741448693260877,0.0
19.59001,25.59575,40.82068,2949.23892,-1.90196,85.10262,10.220945368129266,3.8075710788860615,0.0
19.59337,25.6375,40.67662,2943.95326,-1.83273,85.12086,10.392796248798732,3.87159005360424,0.0
19.59672,25.67917,40.53834,2938.55519,-1.75863,85.13907,10.55807711458025,3.9331615249091643,0.0
19.60004,25.72078,40.40619,2933.04744,-1.67986,85.15726,10.715869616294741,3.991943383568402,0.0
19.60335,25.76231,40.2805,2927.43328,-1.59661,85.17543,10.86527124235558,4.047599420269431,0.0
19.60664,25.80376,40.16159,2921.71653,-1.50915,85.19357,11.005406244441371,4.099803395720202,0.0
19.60991,25.84514,40.04975,2915.90157,-1.41773,85.21168,11.135436760223781,4.148243184157928,0.0
19.61316,25.88644,39.94525,2909.9933,-1.32265,85.22978,11.254573897098286,4.19262490233041,0.0
19.6164,25.92766,39.84832,2903.99712,-1.22422,85.24784,11.362088526783749,4.232676930768406,0.0
19.61961,25.9688,39.75918,2897.9189,-1.12279,85.26588,11.457321534758792,4.268153731970354,0.0
19.62281,26.00985,39.67802,2891.76494,-1.01871,85.2839,11.539693271737278,4.298839371325679,0.0
19.62599,26.05082,39.60499,2885.54196,-0.91236,85.30188,11.608711966973042,4.324550651292166,0.0
19.62915,26.09171,39.54022,2879.25699,-0.80413,85.31984,11.663980885245937,4.345139777561581,0.0
19.63229,26.13251,39.48379,2872.91739,-0.69443,85.33777,11.70520404011014,4.360496487394979,0.0
19.63541,26.17322,39.43577,2866.53072,-0.58368,85.35567,11.732190314425674,4.370549584629127,0.0
19.63851,26.21384,39.39619,2860.10477,-0.47228,85.37355,11.744855883660376,4.375267842420237,0.0
19.64159,26.25438,39.36504,2853.64742,-0.36068,85.39139,11.743224886103238,4.374660252916074,0.0
19.64466,26.29482,39.34228,2847.16663,-0.24929,85.4092,11.727428334870751,4.368775621949695,0.0
19.6477,26.33518,39.32785,2840.67036,-0.13854,85.42699,11.697701316967267,4.357701525615733,0.0
19.65073,26.37544,39.32164,2834.16652,-0.02885,85.44475,11.654378572692886,4.341562663483521,0.0
19.65374,26.41562,39.32352,2827.66292,0.07937,85.46247,11.59788859210972,4.320518659375448,0.0
19.65673,26.4557,39.33333,2821.16719,0.18573,85.48017,11.528746402624785,4.294761374551815,0.0
19.6597,26.4957,39.35089,2814.68676,0.28985,85.49784,11.4475452512096,4.264511809118781,0.0
19.66265,26.5356,39.37597,2808.22881,0.39134,85.51547,11.354947406109707,4.2300166754231325,0.0
19.66559,26.57541,39.40834,2801.80022,0.48988,85.53308,11.251674314970177,4.191544731695093,0.0
19.6685,26.61513,39.44774,2795.40754,0.58512,85.55066,11.138496359834633,4.149382965515881,0.0
19.6714,26.65477,39.49389,2789.05695,0.67676,85.56821,11.016222444500135,4.103832714833443,0.0
19.67428,26.69431,39.54647,2782.75425,0.76452,85.58573,10.885689637357673,4.055205809648015,0.0
19.67714,26.73376,39.60517,2776.50484,0.84814,85.60322,10.74775307416935,4.003820810530959,0.0
19.67999,26.77313,39.66965,2770.3137,0.92739,85.62068,10.603276301614878,3.9499994113417483,0.0
19.68282,26.81241,39.73956,2764.18538,1.00206,85.63812,10.45312221524619,3.894063063377624,0.0
19.68562,26.85161,39.81455,2758.12401,1.07197,85.65553,10.298144716245456,3.8363298672964397,0.0
19.68842,26.89071,39.89424,2752.13327,1.13695,85.67291,10.139181181396095,3.7771117679827255,0.0
19.69119,26.92974,39.97825,2746.21643,1.19688,85.69026,9.977045811115158,3.716712076514736,0.0
19.69395,26.96868,40.0662,2740.37633,1.25166,85.70759,9.812523892435312,3.655423332974286,0.0
19.69669,27.00754,40.1577,2734.61544,1.30118,85.72489,9.646366988087095,3.593525514253307,0.0
19.69941,27.04632,40.25236,2728.93579,1.34541,85.74216,9.479289040118966,3.531284582549792,0.0
19.70212,27.08501,40.34979,2723.33906,1.38429,85.75941,9.311963357061723,3.4689513630072804,0.0
19.70481,27.12363,40.4496,2717.82658,1.4178,85.77664,9.145020437704442,3.4067607330141256,0.0
19.70748,27.16218,40.5514,2712.39933,1.44596,85.79384,8.979046572149917,3.3449311010598355,0.0
19.71014,27.20064,40.65481,2707.05796,1.46878,85.81102,8.814583151811416,3.28366414969072,0.0
19.71278,27.23903,40.75944,2701.80286,1.48629,85.82817,8.652126614147397,3.223144814922111,0.0
19.71541,27.27735,40.86492,2696.6341,1.49855,85.8453,8.492128944877297,3.1635414733269576,0.0
19.71802,27.3156,40.97088,2691.55152,1.50562,85.86241,8.334998659850605,3.1050063078078938,0.0
19.72061,27.35377,41.07697,2686.55473,1.50759,85.8795,8.181102190200775,3.0476758236035146,0.0
19.72319,27.39188,41.18281,2681.6431,1.50455,85.89657,8.030765597547576,2.991671487246381,0.0
19.72576,27.42992,41.28808,2676.81583,1.4966,85.91361,7.884276550418355,2.9371004628319453,0.0
19.7283,27.46789,41.39244,2672.07191,1.48385,85.93064,7.741886498368042,2.8840564219354534,0.0
19.73084,27.50579,41.49556,2667.41021,1.46642,85.94764,7.60381298620914,2.8326204057235125,0.0
19.73335,27.54363,41.59712,2662.82943,1.44444,85.96463,7.470242056999605,2.782861720130298,0.0
19.73586,27.58141,41.69683,2658.32813,1.41806,85.9816,7.34133069876878,2.734838847327345,0.0
19.73835,27.61913,41.79438,2653.90479,1.3874,85.99855,7.217209296209224,2.6886003590432574,0.0
19.74082,27.65678,41.88951,2649.55775,1.35261,86.01548,7.097984054526054,2.644185819511371,0.0
19.74328,27.69437,41.98193,2645.28529,1.31385,86.03239,6.983739368279295,2.601626667925846,0.0
19.74573,27.73191,42.07138,2641.08559,1.27126,86.04929,6.874540113253218,2.560947072223312,0.0
19.74816,27.76939,42.15763,2636.95677,1.22501,86.06617,6.770433844069047,2.522164747751409,0.0
19.75057,27.80681,42.24043,2632.89688,1.17525,86.08303,6.671452884485164,2.4852917359606264,0.0
19.75298,27.84417,42.31956,2628.90392,1.12214,86.09988,6.577616301021509,2.4503351396313096,0.0
19.75536,27.88149,42.39481,2624.97584,1.06584,86.11671,6.488931753696922,2.417297812322025,0.0
19.75774,27.91874,42.46598,2621.11055,1.00651,86.13353,6.405397220402786,2.3861790007441086,0.0
19.7601,27.95595,42.53288,2617.30593,0.94433,86.15033,6.327002593711208,2.3569749396147266,0.0
19.76245,27.9931,42.59533,2613.5598,0.87944,86.16712,6.25373115069437,2.32967939920326,0.0
19.76478,28.0302,42.65317,2609.86998,0.81202,86.18389,6.185560897867906,2.3042841863581,0.0
19.7671,28.06725,42.70624,2606.23424,0.74223,86.20065,6.122465794450571,2.2807796002030583,0.0
19.76941,28.10425,42.75441,2602.65033,0.67023,86.21739,6.06441685798678,2.259154844010855,0.0
19.7717,28.1412,42.79754,2599.11599,0.59618,86.23412,6.011383156936865,2.2393983949691063,0.0
19.77399,28.17811,42.8355,2595.62891,0.52025,86.25084,5.96333269519053,2.221498333684858,0.0
19.77625,28.21496,42.86821,2592.18678,0.44261,86.26754,5.920233193623619,2.205442635335048,0.0
19.77851,28.25177,42.89555,2588.78726,0.3634,86.28423,5.882052773785252,2.191219424357949,0.0
19.78075,28.28853,42.91744,2585.42797,0.2828,86.30091,5.848760548707341,2.1788171945452666,0.0
19.78298,28.32525,42.93381,2582.10654,0.20096,86.31757,5.8203271255320415,2.168224996284078,0.0
19.78519,28.36192,42.94459,2578.82055,0.11805,86.33423,5.7967250243571975,2.159432592587792,0.0
19.7874,28.39854,42.94973,2575.56754,0.03422,86.35087,5.777929017283244,2.1524305854000336,0.0
19.78959,28.43512,42.94919,2572.34507,-0.05036,86.36749,5.763916391171465,2.147210513479014,0.0
19.79176,28.47166,42.94294,2569.15063,-0.13554,86.38411,5.7546671371778855,2.1437649230038867,0.0
19.79393,28.50815,42.93095,2565.98169,-0.22115,86.40071,5.750164069555579,2.142087411831737,0.0
19.79608,28.5446,42.91322,2562.83571,-0.30704,86.4173,5.7503928757327385,2.1421726481529815,0.0
19.79822,28.581,42.88975,2559.71008,-0.39305,86.43388,5.755342099130103,2.144016364090405,0.0
19.80035,28.61736,42.86055,2556.60218,-0.47901,86.45045,5.765003055633887,2.1476153245831284,0.0
19.80246,28.65368,42.82564,2553.50936,-0.56477,86.46701,5.7793696841783415,2.1529672717246853,0.0
19.80456,28.68996,42.78505,2550.4289,-0.65016,86.48355,5.798438331360709,2.16007084452642,0.0
19.80665,28.72619,42.73884,2547.35807,-0.73503,86.50008,5.822207469602244,2.168925473925058,0.0
19.80873,28.76238,42.68704,2544.2941,-0.81922,86.5166,5.850677347934879,2.1795312526915476,0.0
19.8108,28.79852,42.62973,2541.23416,-0.90257,86.53311,5.883849574152684,2.191888779771481,0.0
19.81285,28.83463,42.56698,2538.17539,-0.9849,86.54961,5.921726626794656,2.20599897848585,0.0
19.81489,28.87069,42.49887,2535.11488,-1.06607,86.56609,5.964311295174898,2.221862887927551,0.0
19.81692,28.9067,42.42551,2532.04969,-1.14591,86.58256,6.011606045600344,2.2394814268608054,0.0
19.81893,28.94268,42.347,2528.97683,-1.22425,86.59902,6.063612311861284,2.2588551294102257,0.0
19.82094,28.97861,42.26345,2525.89326,-1.30094,86.61547,6.120329708211132,2.279983851875056,0.0
19.82293,29.01449,42.175,2522.79592,-1.3758,86.63191,6.1817551632438095,2.302866450075719,0.0
19.82491,29.05034,42.08178,2519.68169,-1.44868,86.64833,6.247881973518059,2.32750042680397,0.0
19.82688,29.08614,41.98395,2516.54742,-1.51942,86.66474,6.318698776299781,2.3538815491423843,0.0
19.82883,29.12189,41.88165,2513.38994,-1.58784,86.68114,6.394188441536839,2.3820034356958213,0.0
19.83078,29.1576,41.77507,2510.20604,-1.65378,86.69753,6.474326884162361,2.4118571141431566,0.0
19.83271,29.19327,41.66438,2506.99247,-1.71709,86.7139,6.5590817989649945,2.443430549943159,0.0
19.83463,29.22889,41.54977,2503.74598,-1.77759,86.73026,6.648411321706511,2.476708147565574,0.0
19.83653,29.26446,41.43145,2500.4633,-1.83513,86.7466,6.742262621800444,2.5116702262268866,0.0
19.83843,29.29999,41.30962,2497.14114,-1.88955,86.76293,6.840570433798276,2.548292472830287,0.0
19.84031,29.33547,41.18451,2493.77624,-1.94069,86.77925,6.943255537106499,2.586545375620274,0.0
19.84218,29.3709,41.05635,2490.36531,-1.9884,86.79556,7.050223195760436,2.6263936429573524,0.0
19.84404,29.40629,40.92537,2486.90511,-2.03251,86.81184,7.161361572768187,2.667795612619431,0.0
19.84589,29.44163,40.79183,2483.39241,-2.07289,86.82812,7.276540136362016,2.71070265808853,0.0
19.84772,29.47691,40.65598,2479.82403,-2.10939,86.84438,7.395608078566653,2.7550585994258654,0.0
19.84954,29.51215,40.51809,2476.19685,-2.14187,86.86062,7.518392769599885,2.8007991274953996,0.0
19.85135,29.54734,40.37843,2472.50779,-2.17019,86.87685,7.6446982748134,2.847851251485286,0.0
19.85315,29.58247,40.2373,2468.7539,-2.19423,86.89306,7.774303964019314,2.8961327808454085,0.0
19.85494,29.61755,40.09497,2464.93228,-2.21386,86.90926,7.90696324601002,2.945551853862726,0.0
19.85671,29.65258,39.95174,2461.04018,-2.22899,86.92544,8.042402463788981,2.996006526105682,0.0
19.85848,29.68755,39.80791,2457.07496,-2.23949,86.9416,8.180319988283545,3.047384432808375,0.0
19.86023,29.72247,39.6638,2453.03416,-2.24528,86.95774,8.320385550064115,3.099562539918367,0.0
19.86196,29.75733,39.51971,2448.91546,-2.24628,86.97387,8.462239849498566,3.1524069988689507,0.0
19.86369,29.79213,39.37595,2444.71675,-2.24242,86.98998,8.605494485923327,3.205773120193507,0.0
19.8654,29.82688,39.23284,2440.43612,-2.23365,87.00607,8.749732245349419,3.2595054807035835,0.0
19.8671,29.86157,39.09071,2436.07188,-2.21991,87.02214,8.894507784073957,3.3134381781521554,0.0
19.86879,29.89619,38.94987,2431.62262,-2.2012,87.03819,9.039348741953203,3.367395245957138,0.0
19.87047,29.93075,38.81063,2427.08716,-2.17749,87.05422,9.183757314169906,3.421191238726072,0.0
19.87214,29.96526,38.67332,2422.46462,-2.1488,87.07023,9.327212303737275,3.4746319968678594,0.0
19.87379,29.99969,38.53824,2417.75442,-2.11515,87.08622,9.469171669014614,3.5275155956093656,0.0
19.87543,30.03406,38.40572,2412.9563,-2.0766,87.10219,9.609075571033035,3.5796334802044343,0.0
19.87706,30.06837,38.27604,2408.07032,-2.03319,87.11814,9.746349914595259,3.6307717850867207,0.0
19.87868,30.1026,38.14951,2403.09691,-1.98503,87.13406,9.880410365259209,3.6807128303017893,0.0
19.88028,30.13677,38.02642,2398.03682,-1.93222,87.14996,10.010666811523494,3.729236783788603,0.0
19.88187,30.17087,37.90704,2392.89118,-1.87488,87.16584,10.136528228325666,3.7761234731605944,0.0
19.88345,30.2049,37.79164,2387.66147,-1.81317,87.18169,10.257407884679871,3.8211543256877123,0.0
19.88502,30.23885,37.68048,2382.34955,-1.74725,87.19752,10.372728825456553,3.8641144104035923,0.0
19.88657,30.27273,37.5738,2376.95763,-1.67732,87.21333,10.481929545428429,3.904794551836983,0.0
19.88812,30.30654,37.47183,2371.4883,-1.6036,87.22911,10.584469763221708,3.9429934809604856,0.0
19.88965,30.34027,37.37477,2365.94448,-1.52631,87.24486,10.679836194485548,3.9785199858480897,0.0
19.89117,30.37392,37.28283,2360.32944,-1.4457,87.26059,10.767548217560465,4.011195022285719,0.0
19.89267,30.4075,37.19618,2354.64677,-1.36205,87.27629,10.84716332184832,4.040853743432413,0.0
19.89417,30.44099,37.11497,2348.90038,-1.27565,87.29197,10.918282229188792,4.0673474076678096,0.0
19.89565,30.47441,37.03934,2343.09444,-1.18679,87.30762,10.980553581914831,4.09054512501616,0.0
19.89712,30.50774,36.96942,2337.2334,-1.0958,87.32324,11.033678098069727,4.110335405074002,0.0
19.89858,30.541,36.90528,2331.32194,-1.00299,87.33883,11.07741210432297,4.126627473114295,0.0
19.90002,30.57417,36.84701,2325.36494,-0.90872,87.3544,11.111570370176594,4.139352325902835,0.0
19.90145,30.60726,36.79465,2319.36745,-0.81333,87.36993,11.136028182653513,4.148463504574265,0.0
19.90288,30.64026,36.74825,2313.33469,-0.71716,87.38544,11.150722618400103,4.153937568523742,0.0
19.90428,30.67318,36.70779,2307.27195,-0.62059,87.40092,11.155652989182274,4.155774261365963,0.0
19.90568,30.70601,36.67327,2301.18461,-0.52396,87.41637,11.150880456569853,4.153996367394947,0.0
19.90707,30.73876,36.64464,2295.0781,-0.42764,87.4318,11.13652683144801,4.148649264370453,0.0
19.90844,30.77142,36.62185,2288.95785,-0.33198,87.44719,11.112772592913023,4.139800185504539,0.0
19.9098,30.804,36.60482,2282.82926,-0.23733,87.46255,11.079854178854708,4.127537210132215,0.0
19.91115,30.83649,36.59345,2276.69766,-0.14403,87.47789,11.038060615988414,4.1119680083097,0.0
19.91249,30.86889,36.58761,2270.56831,-0.05243,87.4932,10.987729570273778,4.093218369491484,0.0
19.91382,30.90121,36.58717,2264.44636,0.03716,87.50847,10.929242908750352,4.071430549197326,0.0
19.91513,30.93344,36.59196,2258.33679,0.12443,87.52372,10.863021870991334,4.0467614702517265,0.0
19.91643,30.96559,36.60182,2252.24442,0.20908,87.53894,10.789521952256996,4.019380816623933,0.0
19.91772,30.99764,36.61655,2246.1739,0.29082,87.55412,10.70922760121645,3.9894690581898042,0.0
19.919,31.02961,36.63595,2240.12965,0.3694,87.56928,10.622646833064138,3.957215443975954,0.0
19.92027,31.0615,36.6598,2234.11587,0.44455,87.58441,10.530305853982961,3.9228159996308296,0.0
19.92153,31.0933,36.68788,2228.13654,0.51607,87.59952,10.43274378599227,3.886471562291796,0.0
19.92278,31.12502,36.71993,2222.19536,0.58373,87.61459,10.330507572267672,3.848385882682704,0.0
19.92401,31.15665,36.75571,2216.29581,0.64735,87.62963,10.22414713289892,3.808763820506259,0.0
19.92524,31.1882,36.79496,2210.44108,0.70676,87.64465,10.114210829778639,3.76780965499573,0.0
19.92645,31.21966,36.83742,2204.63412,0.7618,87.65964,10.001241287865012,3.725725528225365,0.0
19.92765,31.25104,36.88281,2198.87758,0.81235,87.6746,9.885771608307515,3.6827100344000767,0.0
19.92884,31.28234,36.93085,2193.17389,0.8583,87.68953,9.768321997677958,3.6389569641553257,0.0
19.93002,31.31356,36.98127,2187.52518,0.89956,87.70444,9.649396826841866,3.5946542089093136,0.0
19.93119,31.3447,37.03379,2181.93335,0.93605,87.71932,9.52948212321365,3.549982826662061,0.0
19.93235,31.37576,37.08811,2176.40003,0.96772,87.73417,9.40904349139582,3.505116267378797,0.0
19.9335,31.40674,37.14396,2170.92664,0.99454,87.749,9.288524449614334,3.4602197532683574,0.0
19.93464,31.43765,37.20106,2165.51432,1.01649,87.7638,9.168345163059358,3.415449806919291,0.0
19.93577,31.46847,37.25912,2160.16401,1.03357,87.77858,9.04890155011147,3.3709539183456028,0.0
19.93688,31.49923,37.31786,2154.87644,1.04579,87.79333,8.930564733582024,3.3268703405593496,0.0
19.93799,31.5299,37.37702,2149.65211,1.05318,87.80806,8.813680806334467,3.283328002258419,0.0
19.93909,31.56051,37.43631,2144.49136,1.05578,87.82276,8.698570878956573,3.240446525585683,0.0
19.94018,31.59104,37.49547,2139.39431,1.05365,87.83744,8.585531376375421,3.198336336625888,0.0
19.94125,31.62149,37.55424,2134.36092,1.04686,87.85209,8.474834550360468,3.157098856326532,0.0
19.94232,31.65188,37.61237,2129.39099,1.03548,87.86672,8.366729175540431,3.116826759782468,0.0
19.94338,31.6822,37.66961,2124.48415,1.01962,87.88133,8.2614413978415,3.0776042923014573,0.0
19.94443,31.71245,37.72571,2119.63991,0.99936,87.89592,8.159175705946542,3.0395076312982896,0.0
19.94547,31.74263,37.78044,2114.85762,0.97481,87.91048,8.060115998367666,3.002605283807388,0.0
19.94649,31.77274,37.83357,2110.13653,0.9461,87.92502,7.964426720946321,2.96695851023152,0.0
19.94751,31.80279,37.88489,2105.47574,0.91334,87.93954,7.872254051972343,2.932621765829833,0.0
19.94852,31.83277,37.93419,2100.87426,0.87667,87.95404,7.783727114450204,2.8996431523189243,0.0
19.94953,31.86268,37.98126,2096.33101,0.83623,87.96851,7.698959197485656,2.868064872871501,0.0
19.95052,31.89253,38.02591,2091.8448,0.79215,87.98297,7.6180489710185695,2.8379236846363285,0.0
19.9515,31.92232,38.06796,2087.41434,0.74459,87.99741,7.541081680371786,2.809251343739104,0.0
19.95247,31.95205,38.10723,2083.03828,0.6937,88.01182,7.46813030914717,2.7820750384918367,0.0
19.95344,31.98172,38.14356,2078.71519,0.63963,88.02622,7.399256700868846,2.7564178072344627,0.0
19.95439,32.01132,38.1768,2074.44355,0.58254,88.0406,7.334512631576528,2.7322989379040865,0.0
19.95534,32.04087,38.20679,2070.2218,0.52261,88.05495,7.273940827056672,2.709734346980345,0.0
19.95628,32.07035,38.2334,2066.04829,0.45998,88.06929,7.21757591984137,2.6887369359926803,0.0
19.95721,32.09978,38.25651,2061.92133,0.39483,88.08361,7.165445342258361,2.6693169242049626,0.0
19.95813,32.12915,38.27599,2057.83916,0.32733,88.09791,7.11757015289753,2.6514821564960087,0.0
19.95904,32.15846,38.29174,2053.79998,0.25766,88.11219,7.0739657947069485,2.635238385770304,0.0
19.95994,32.18772,38.30367,2049.80192,0.18598,88.12645,7.034642783659239,2.6205895295043415,0.0
19.96084,32.21692,38.31168,2045.84309,0.11247,88.1407,6.999607327574871,2.6075379002745853,0.0
19.96172,32.24606,38.31569,2041.92152,0.0373,88.15493,6.968861875113639,2.5960844102712346,0.0
19.9626,32.27515,38.31564,2038.03522,-0.03934,88.16914,6.942405595352259,2.586228749953506,0.0
19.96347,32.30418,38.31148,2034.18214,-0.11727,88.18333,6.920234788631684,2.5779695411010586,0.0
19.96433,32.33316,38.30314,2030.3602,-0.19633,88.1975,6.902343229601426,2.5713044646070373,0.0
19.96518,32.36208,38.29059,2026.56726,-0.27633,88.21166,6.88872244344327,2.566230363378672,0.0
19.96602,32.39095,38.27381,2022.80117,-0.35708,88.2258,6.87936191644992,2.5627433207833605,0.0
19.96686,32.41977,38.25277,2019.05971,-0.43842,88.23992,6.874249242111055,2.5608387150695755,0.0
19.96769,32.44854,38.22746,2015.34064,-0.52015,88.25403,6.8733702038976325,2.5605112502061886,0.0
19.96851,32.47725,38.19788,2011.64168,-0.6021,88.26812,6.876708795954762,2.5617549635911123,0.0
19.96932,32.50591,38.16405,2007.96051,-0.68409,88.28219,6.884247182905466,2.564563211077148,0.0
19.97012,32.53452,38.12597,2004.29477,-0.76593,88.29625,6.895965599964381,2.5689286297617033,0.0
19.97092,32.56307,38.08368,2000.64207,-0.84745,88.31029,6.911842194605436,2.5748430790038426,0.0
19.9717,32.59157,38.03721,1996.99999,-0.92846,88.32431,6.931852811046689,2.582297560139215,0.0
19.97248,32.62002,37.98662,1993.36608,-1.00878,88.33831,6.955970718913039,2.5912821153997787,0.0
19.97325,32.64842,37.93195,1989.73785,-1.08824,88.3523,6.984166287558706,2.6017857065903494,0.0
19.97402,32.67677,37.87327,1986.1128,-1.16665,88.36627,7.016406607695321,2.6137960741351147,0.0
19.97477,32.70507,37.81066,1982.48838,-1.24384,88.38023,7.052655062216967,2.6272995771986674,0.0
19.97552,32.73331,37.7442,1978.86203,-1.31963,88.39416,7.09287084839269,2.6422810156901417,0.0
19.97626,32.7615,37.67397,1975.23117,-1.39383,88.40808,7.137008453982908,2.6587234351027953,0.0
19.97699,32.78964,37.60009,1971.5932,-1.46629,88.42199,7.185017090266321,2.6766079153016102,0.0
19.97771,32.81773,37.52266,1967.94551,-1.53681,88.43587,7.236840085496405,2.6959133445698846,0.0
19.97843,32.84576,37.4418,1964.28546,-1.60524,88.44974,7.2924142429193095,2.7166161804540025,0.0
19.97914,32.87374,37.35763,1960.61044,-1.67139,88.4636,7.3516691681463895,2.738690199192005,0.0
19.97984,32.90167,37.27029,1956.9178,-1.73511,88.47743,7.414526571484435,2.762106235813246,0.0
19.98053,32.92955,37.17992,1953.20492,-1.79623,88.49125,7.480899551655741,2.78683191730527,0.0
19.98122,32.95737,37.08667,1949.46918,-1.85459,88.50505,7.550691868249221,2.81283139158271,0.0
19.9819,32.98514,36.9907,1945.70798,-1.91003,88.51883,7.623797211230509,2.840065055360579,0.0
19.98257,33.01286,36.89217,1941.91874,-1.9624,88.5326,7.700098476854814,2.8684892844127563,0.0
19.98323,33.04052,36.79126,1938.09891,-2.01155,88.54634,7.779467060396083,2.8980561700949963,0.0
19.98389,33.06813,36.68814,1934.24598,-2.05733,88.56007,7.861762177101168,2.928713266382478,0.0
19.98453,33.09568,36.58301,1930.35749,-2.09962,88.57378,7.9468302238539135,2.9604033520728947,0.0
19.98517,33.12317,36.47604,1926.43102,-2.13827,88.58747,8.034504194981224,2.9930642131588336,0.0
19.98581,33.15061,36.36744,1922.46424,-2.17316,88.60115,8.124603166499224,3.0266284506959042,0.0
19.98643,33.178,36.25741,1918.45487,-2.20419,88.6148,8.216931863850824,3.061023319773609,0.0
19.98705,33.20532,36.14616,1914.40073,-2.23123,88.62844,8.31128032873049,3.0961706053988003,0.0
19.98766,33.23259,36.03389,1910.29973,-2.25418,88.64205,8.407423700962797,3.131986541239705,0.0
19.98826,33.2598,35.92082,1906.14988,-2.27297,88.65565,8.505122131428296,3.1683817771885185,0.0
19.98886,33.28695,35.80716,1901.94932,-2.28751,88.66922,8.604120841811248,3.2052614016190066,0.0
19.98945,33.31404,35.69315,1897.6963,-2.29772,88.68278,8.704150346306184,3.242525023978034,0.0
19.99003,33.34107,35.57899,1893.38923,-2.30356,88.69632,8.804926849427057,3.2800669229799393,0.0
19.9906,33.36803,35.46491,1889.02664,-2.30498,88.70983,8.906152832590887,3.317776265124379,0.0
19.99117,33.39494,35.35114,1884.60726,-2.30195,88.72333,9.007517840208283,3.3555373975357257,0.0
19.99173,33.42179,35.2379,1880.12995,-2.29445,88.7368,9.108699473699227,3.393230218260104,0.0
19.99228,33.44857,35.1254,1875.59378,-2.28248,88.75025,9.20936459886674,3.4307306260438524,0.0
19.99282,33.47528,35.01387,1870.99799,-2.26606,88.76368,9.309170768858674,3.4679110504242283,0.0
19.99336,33.50193,34.90354,1866.34204,-2.2452,88.77709,9.407767861103883,3.504641061531197,0.0
19.99389,33.52852,34.7946,1861.62557,-2.21995,88.79047,9.50479992259502,3.5407880575038377,0.0
19.99442,33.55504,34.68727,1856.84846,-2.19038,88.80384,9.599907213390809,3.5762180257486964,0.0
19.99493,33.58149,34.58176,1852.01079,-2.15656,88.81718,9.692728433729807,3.6107963725982657,0.0
19.99544,33.60787,34.47826,1847.11286,-2.11858,88.83049,9.78290311538818,3.64438881415468,0.0
19.99594,33.63419,34.37697,1842.15521,-2.07655,88.84379,9.870074153355171,3.6768623194054317,0.0
19.99644,33.66043,34.27807,1837.13861,-2.03061,88.85706,9.953890449440596,3.70808609503673,0.0
19.99693,33.68661,34.18174,1832.06405,-1.9809,88.8703,10.034009635359032,3.737932599854,0.0
19.99741,33.71271,34.08814,1826.93274,-1.92757,88.88352,10.110100839223325,3.766278575373516,0.0
19.99788,33.73874,33.99744,1821.74613,-1.87081,88.89672,10.181847456440519,3.793006078054033,0.0
19.99835,33.7647,33.90977,1816.50588,-1.8108,88.90989,10.248949883788722,3.8180034978123625,0.0
19.99881,33.79058,33.82528,1811.21387,-1.74776,88.92303,10.311128174194096,3.8411665469976453,0.0
19.99926,33.81639,33.74409,1805.87216,-1.68191,88.93615,10.368124569359626,3.8623992038622195,0.0
19.99971,33.84213,33.66631,1800.48304,-1.61347,88.94925,10.419705868155473,3.881614594849325,0.0
20.00015,33.86779,33.59203,1795.04897,-1.54271,88.96232,10.465665590441356,3.8987358006738884,0.0
20.00058,33.89337,33.52135,1789.57257,-1.46987,88.97536,10.505825898899543,3.9136965722558736,0.0
20.001,33.91887,33.45434,1784.05663,-1.39523,88.98838,10.540039245190036,3.926441943956401,0.0
20.00142,33.9443,33.39105,1778.50409,-1.31905,89.00137,10.568189711663528,3.9369287334011274,0.0
20.00184,33.96965,33.33153,1772.918,-1.24164,89.01433,10.590194025298507,3.945125919198494,0.0
20.00224,33.99492,33.27581,1767.30154,-1.16327,89.02726,10.606002226801605,3.951014890197212,0.0
20.00264,34.02011,33.2239,1761.65795,-1.08424,89.04017,10.615597984444298,3.9545895623986946,0.0
20.00303,34.04522,33.1758,1755.99059,-1.00485,89.05305,10.618998549076696,3.955856362198503,0.0
20.00342,34.07025,33.1315,1750.30284,-0.9254,89.0659,10.61625435379408,3.954834077251605,0.0
20.0038,34.0952,33.09098,1744.59813,-0.84618,89.07873,10.607448268429591,3.951553578751282,0.0
20.00417,34.12007,33.05419,1738.87993,-0.76749,89.09153,10.592694525521043,3.946057421323509,0.0
20.00454,34.14486,33.02109,1733.15167,-0.68962,89.1043,10.57213734030016,3.938399328936634,0.0
20.0049,34.16957,32.99159,1727.41681,-0.61286,89.11704,10.545949252377781,3.9286435771354853,0.0
20.00525,34.19419,32.96563,1721.67876,-0.53749,89.12976,10.51432922120816,3.916864283551709,0.0
20.0056,34.21874,32.94311,1715.94087,-0.46378,89.14244,10.477500510795268,3.903144619901216,0.0
20.00594,34.2432,32.92392,1710.20644,-0.392,89.1551,10.435708401602225,3.887575959610235,0.0
20.00628,34.26758,32.90796,1704.4787,-0.3224,89.16773,10.3892177690102,3.8702569757275427,0.0
20.00661,34.29188,32.89511,1698.76079,-0.25523,89.18033,10.338310568212727,3.851292703981417,0.0
20.00693,34.3161,32.88522,1693.05573,-0.19072,89.19291,10.2832832648765,3.8307935856331845,0.0
20.00725,34.34024,32.87815,1687.36644,-0.12908,89.20546,10.22444424962443,3.8088745043041223,0.0
20.00756,34.3643,32.87376,1681.69572,-0.07052,89.21798,10.162111272270291,3.785653830160365,0.0
20.00786,34.38827,32.87189,1676.04625,-0.01523,89.23047,10.096608928978087,3.761252483813642,0.0
20.00816,34.41217,32.87237,1670.42056,0.03662,89.24293,10.028266232291985,3.735793031093496,0.0
20.00846,34.43598,32.87503,1664.82103,0.08486,89.25537,9.957414290266076,3.709398818462053,0.0
20.00874,34.45972,32.87971,1659.24992,0.12936,89.26778,9.884384117069924,3.6821931574069833,0.0
20.00903,34.48338,32.88621,1653.70931,0.16998,89.28016,9.809504593357193,3.654298564625147,0.0
20.0093,34.50696,32.89437,1648.20116,0.20661,89.29252,9.733100590655535,3.625836063308479,0.0
20.00957,34.53046,32.90398,1642.72725,0.23915,89.30485,9.655491270053252,3.5969245493600064,0.0
20.00984,34.55388,32.91487,1637.28922,0.26753,89.31715,9.576988561648673,3.567680224948731,0.0
20.0101,34.57722,32.92685,1631.88856,0.29168,89.32943,9.497895827766296,3.5382161005224706,0.0
20.01035,34.60049,32.93973,1626.52658,0.31154,89.34168,9.41850670962153,3.5086415651601315,0.0
20.0106,34.62368,32.95332,1621.20448,0.32708,89.3539,9.339104154313134,3.4790620241007866,0.0
20.01084,34.6468,32.96743,1615.92329,0.33829,89.3661,9.259959616511699,3.4495786013516336,0.0
20.01108,34.66984,32.98188,1610.68388,0.34515,89.37827,9.181332427067268,3.4202879044777195,0.0
20.01131,34.6928,32.99648,1605.48702,0.34768,89.39042,9.103469319104502,3.3912818480599194,0.0
20.01154,34.71569,33.01105,1600.33331,0.34589,89.40254,9.02660410075466,3.3626475317789892,0.0
20.01176,34.73851,33.02541,1595.22321,0.33982,89.41464,8.95095746272524,3.3344671687301948,0.0
20.01197,34.76126,33.03937,1590.15709,0.32952,89.42671,8.876736908253314,3.3068180593290823,0.0
20.01218,34.78393,33.05278,1585.13515,0.31503,89.43876,8.804136792576456,3.279772606015444,0.0
20.01239,34.80654,33.06547,1580.15749,0.29643,89.45079,8.733338458989108,3.253398363937888,0.0
20.01259,34.82907,33.07726,1575.22409,0.27381,89.46279,8.664510458680242,3.227758122849156,0.0
20.01279,34.85153,33.088,1570.33484,0.24724,89.47476,8.597808841813682,3.2029100155411974,0.0
20.01298,34.87392,33.09753,1565.48947,0.21682,89.48671,8.533377507865733,3.1789076483551613,0.0
20.01316,34.89625,33.10572,1560.68766,0.18267,89.49864,8.47134860374038,3.1558002494897734,0.0
20.01334,34.9185,33.11242,1555.92897,0.1449,89.51055,8.411842958940484,3.133632831114068,0.0
20.01352,34.94069,33.11748,1551.21285,0.10363,89.52243,8.354970547799745,3.112446361560947,0.0
20.01369,34.96281,33.12079,1546.53868,0.059,89.53429,8.300830969573338,3.092277944173574,0.0
20.01386,34.98487,33.12222,1541.90576,0.01113,89.54613,8.24951393801061,3.0731609996840956,0.0
20.01402,35.00685,33.12165,1537.31327,-0.03982,89.55795,8.201099772853368,3.055125449309671,0.0
20.01418,35.02878,33.11898,1532.76036,-0.09371,89.56974,8.155659886487014,3.0381978960428384,0.0
20.01433,35.05064,33.1141,1528.24605,-0.15039,89.58151,8.113257259801534,3.0224018019222427,0.0
20.01448,35.07243,33.10691,1523.76934,-0.20968,89.59326,8.073946902010105,3.0077576593271727,0.0
20.01462,35.09416,33.09734,1519.32912,-0.27144,89.60499,8.03777628993917,2.9942831546246684,0.0
20.01476,35.11583,33.08529,1514.92423,-0.33549,89.6167,8.004785782909051,2.981993322723467,0.0
20.01489,35.13744,33.07071,1510.55345,-0.40165,89.62838,7.97500901002026,2.9709006913483447,0.0
20.01502,35.15898,33.05351,1506.2155,-0.46976,89.64004,7.948473227154701,2.9610154140324565,0.0
20.01514,35.18046,33.03364,1501.90901,-0.53964,89.65169,7.925199641597742,2.952345391047599,0.0
20.01526,35.20188,33.01105,1497.63261,-0.6111,89.66331,7.905203702626525,2.9448963776560024,0.0
20.01538,35.22324,32.98571,1493.38482,-0.68397,89.67491,7.888495356884027,2.9386720792438865,0.0
20.01549,35.24454,32.95756,1489.16415,-0.75806,89.68649,7.875079267744707,2.9336742330409393,0.0
20.0156,35.26577,32.92659,1484.96905,-0.83317,89.69805,7.864954998276404,2.9299026762784344,0.0
20.0157,35.28695,32.89278,1480.79791,-0.90914,89.70959,7.858117157725703,2.927355400758886,0.0
20.0158,35.30807,32.8561,1476.64909,-0.98575,89.72111,7.854555511797353,2.926028593938031,0.0
20.01589,35.32913,32.81657,1472.5209,-1.06284,89.73261,7.854255057294915,2.9259166667304393,0.0
20.01598,35.35013,32.77416,1468.41164,-1.14019,89.74409,7.85719606199239,2.9270122683627395,0.0
20.01607,35.37107,32.72891,1464.31952,-1.21764,89.75555,7.863354070849304,2.9293062886889043,0.0
20.01615,35.39195,32.68082,1460.24278,-1.29498,89.76699,7.872699880026006,2.9327878485102645,0.0
20.01623,35.41277,32.62992,1456.17957,-1.37202,89.77841,7.8851994803615,2.9374442785195147,0.0
20.0163,35.43354,32.57623,1452.12806,-1.44858,89.7898,7.900813972290613,2.943261087605118,0.0
20.01637,35.45424,32.5198,1448.08636,-1.52448,89.80118,7.919499454440742,2.950221921350666,0.0
20.01644,35.47489,32.46067,1444.05259,-1.59951,89.81254,7.94120688845259,2.9583085116770427,0.0
20.0165,35.49548,32.3989,1440.02481,-1.6735,89.82388,7.9658819428382,2.967500618675437,0.0
20.01656,35.51601,32.33453,1436.00112,-1.74627,89.8352,7.993464818994548,2.977775965792827,0.0
20.01661,35.53649,32.26764,1431.97956,-1.81764,89.8465,8.023890062828457,2.989110169657303,0.0
20.01666,35.5569,32.19829,1427.95819,-1.88743,89.85778,8.05708636570896,3.0014766659275867,0.0
20.01671,35.57726,32.12657,1423.93505,-1.95546,89.86904,8.092976358833177,3.0148466326889096,0.0
20.01675,35.59756,32.05256,1419.90821,-2.02157,89.88028,8.131476405387941,3.0291889130277507,0.0
20.01679,35.6178,31.97634,1415.8757,-2.08559,89.8915,8.17249639515391,3.044469938516462,0.0
20.01682,35.63799,31.89801,1411.83561,-2.14735,89.9027,8.21593954660322,3.060653655489438,0.0
20.01685,35.65811,31.81767,1407.786,-2.20671,89.91388,8.261702221718881,3.0777014560584712,0.0
20.01688,35.67818,31.73543,1403.725,-2.26351,89.92504,8.309673759057402,3.0955721159241825,0.0
20.0169,35.69819,31.65139,1399.65071,-2.3176,89.93618,8.359736330842617,3.114221741139715,0.0
20.01692,35.71814,31.56566,1395.56132,-2.36885,89.9473,8.41176482995183,3.1336037260100973,0.0
20.01693,35.73803,31.47838,1391.45501,-2.41713,89.9584,8.465626792863697,3.153668724388305,0.0
20.01695,35.75786,31.38965,1387.33002,-2.4623,89.96948,8.521182364638936,3.174364636629649,0.0
20.01695,35.77763,31.29961,1383.18465,-2.50426,89.98054,8.578284311981308,3.195636614457341,0.0
20.01696,35.79735,31.20839,1379.01725,-2.54289,89.99157,8.636778090304833,3.217427085946789,0.0
20.01696,35.817,31.11611,1374.82621,-2.5781,90.00259,8.696501970506949,3.23967580275194,0.0
20.01696,35.83659,31.02291,1370.61003,-2.60979,90.01359,8.757287230826337,3.262319911577367,0.0
20.01695,35.85612,30.92893,1366.36726,-2.63789,90.02457,8.81895841866707,3.2852940517146503,0.0
20.01694,35.87559,30.8343,1362.09651,-2.66232,90.03552,8.881333686737916,3.3085304802631175,0.0
20.01693,35.895,30.73917,1357.79653,-2.68303,90.04645,8.944225207082507,3.3319592263669695,0.0
20.01691,35.91435,30.64367,1353.4661,-2.69997,90.05737,9.00743966579041,3.3555082755081744,0.0
20.01689,35.93364,30.54794,1349.10416,-2.71311,90.06826,9.070778840133183,3.3791037845048346,0.0
20.01687,35.95286,30.45214,1344.70971,-2.72241,90.07913,9.134040258821557,3.402670327474356,0.0
20.01684,35.97202,30.35638,1340.28188,-2.72788,90.08998,9.197017944824097,3.426131172552949,0.0
20.01681,35.99112,30.26082,1335.81991,-2.72951,90.1008,9.259503238894897,3.449408588681357,0.0
20.01678,36.01016,30.16559,1331.32316,-2.72732,90.11161,9.321285700539619,3.4724241812384165,0.0
20.01674,36.02913,30.07082,1326.79111,-2.72133,90.12239,9.38215408171962,3.4950992547714637,0.0
20.0167,36.04803,29.97665,1322.22337,-2.7116,90.13315,9.441897367086948,3.517355200511238,0.0
20.01666,36.06687,29.88321,1317.61968,-2.69817,90.14389,9.5003058730859,3.5391139058161314,0.0
20.01661,36.08565,29.79061,1312.97992,-2.68112,90.1546,9.55717239679304,3.5602981821453303,0.0
20.01656,36.10436,29.69899,1308.30409,-2.66053,90.1653,9.612293404027232,3.580832207661054,0.0
20.01651,36.123,29.60846,1303.59233,-2.6365,90.17597,9.665470244976298,3.6006419800814733,0.0
20.01646,36.14157,29.51914,1298.84493,-2.60914,90.18661,9.716510384512555,3.619655775005625,0.0
20.0164,36.16008,29.43112,1294.06229,-2.57858,90.19724,9.765228633409784,3.6378046045741184,0.0
20.01634,36.17852,29.34451,1289.24497,-2.54494,90.20784,9.811448366030914,3.6550226710898457,0.0
20.01627,36.1969,29.25941,1284.39364,-2.5084,90.21842,9.855002709528671,3.671247810026507,0.0
20.01621,36.2152,29.1759,1279.50911,-2.4691,90.22897,9.89573568951394,3.6864219168202257,0.0
20.01614,36.23343,29.09407,1274.59233,-2.42721,90.2395,9.933503317174214,3.700491351849768,0.0
20.01606,36.2516,29.01399,1269.64435,-2.38294,90.25,9.968174603290874,3.713407318184666,0.0
20.01599,36.26969,28.93572,1264.66635,-2.33646,90.26049,9.99963248530032,3.725126206939873,0.0
20.01591,36.28772,28.85933,1259.65962,-2.28799,90.27094,10.027774654544428,3.7356099054483423,0.0
20.01583,36.30567,28.78487,1254.62555,-2.23774,90.28138,10.052514272159401,3.7448260639484348,0.0
20.01574,36.32355,28.71238,1249.56565,-2.18593,90.29179,10.073780563568235,3.7527483170480274,0.0
20.01566,36.34136,28.6419,1244.48148,-2.13278,90.30217,10.091519283323452,3.759356456890653,0.0
20.01557,36.3591,28.57345,1239.37474,-2.07853,90.31253,10.105693043974625,3.764636555667302,0.0
20.01548,36.37677,28.50705,1234.24716,-2.02343,90.32286,10.116281504683759,3.7685810358806227,0.0
20.01538,36.39436,28.44271,1229.10057,-1.9677,90.33317,10.123281417538594,3.7711886875978418,0.0
20.01528,36.41188,28.38044,1223.93682,-1.9116,90.34346,10.126706531623913,3.7724646327147973,0.0
20.01518,36.42933,28.32023,1218.75786,-1.85536,90.35372,10.126587357141087,3.772420237084276,0.0
20.01508,36.4467,28.26206,1213.56564,-1.79925,90.36395,10.122970793939036,3.7710729721340073,0.0
20.01498,36.464,28.20591,1208.36216,-1.74349,90.37416,10.115919630817414,3.768446228343936,0.0
20.01487,36.48123,28.15175,1203.14944,-1.68834,90.38434,10.105511923753383,3.7645690836193295,0.0
20.01476,36.49838,28.09955,1197.92951,-1.63404,90.3945,10.091840262835309,3.759476030204299,0.0
20.01465,36.51546,28.04926,1192.70442,-1.58082,90.40463,10.075010939076805,3.753206664298099,0.0
20.01453,36.53247,28.00082,1187.4762,-1.52891,90.41474,10.05514302334171,3.7458053429304505,0.0
20.01442,36.5494,27.95419,1182.24687,-1.47854,90.42482,10.032367370547213,3.7373208130010096,0.0
20.0143,36.56625,27.90929,1177.01844,-1.42992,90.43488,10.006825562783842,3.7278058175637443,0.0
20.01418,36.58303,27.86605,1171.79288,-1.38327,90.44491,9.978668805347372,3.7173166845697843,0.0
20.01405,36.59974,27.8244,1166.57215,-1.33879,90.45492,9.948056789620356,3.7059129032608626,0.0
20.01393,36.61638,27.78425,1161.35813,-1.29667,90.4649,9.915156536562417,3.6936566933390225,0.0
20.0138,36.63293,27.74553,1156.1527,-1.2571,90.47485,9.880141234029931,3.680612571837614,0.0
20.01367,36.64942,27.70813,1150.95764,-1.22024,90.48478,9.84318908049015,3.6668469223743703,0.0
20.01354,36.66583,27.67196,1145.7747,-1.18625,90.49469,9.80448214680829,3.6524275711371583,0.0
20.01341,36.68217,27.63693,1140.60557,-1.1553,90.50457,9.76420526677179,3.6374233735750683,0.0
20.01327,36.69843,27.60294,1135.45185,-1.1275,90.51442,9.7225449658755,3.621903815342712,0.0
20.01313,36.71462,27.56987,1130.31509,-1.10299,90.52425,9.679688436702166,3.605938630602499,0.0
20.01299,36.73074,27.53763,1125.19676,-1.08189,90.53405,9.635822567935492,3.589597440306443,0.0
20.01285,36.74679,27.5061,1120.09824,-1.06427,90.54383,9.591133032790452,3.5729494126124774,0.0
20.01271,36.76276,27.47518,1115.02085,-1.05025,90.55359,9.545803441350836,3.5560629471078875,0.0
20.01256,36.77866,27.44475,1109.96583,-1.03988,90.56331,9.500014560094778,3.539005384062032,0.0
20.01241,36.79449,27.41471,1104.93431,-1.03322,90.57302,9.45394360067889,3.521842739479717,0.0
20.01226,36.81024,27.38494,1099.92735,-1.03033,90.5827,9.407763578972036,3.504639466324415,0.0
20.01211,36.82593,27.35533,1094.94594,-1.03124,90.59235,9.361642744272523,3.4874582418866504,0.0
20.01196,36.84154,27.32578,1089.99097,-1.03597,90.60198,9.315744077775788,3.4703597809500195,0.0
20.01181,36.85708,27.29618,1085.06325,-1.04452,90.61159,9.270224858505903,3.4534026740892467,0.0
20.01165,36.87256,27.26641,1080.16348,-1.0569,90.62117,9.225236294207985,3.4366432501679043,0.0
20.01149,36.88796,27.23637,1075.29232,-1.07308,90.63073,9.180923214141252,3.420135461895738,0.0
20.01133,36.90329,27.20596,1070.4503,-1.09304,90.64026,9.137423820221553,3.4039307931227136,0.0
20.01117,36.91856,27.17508,1065.6379,-1.11673,90.64977,9.094869492517173,3.388078186381083,0.0
20.01101,36.93375,27.14362,1060.8555,-1.14412,90.65926,9.053384644921806,3.372623989119776,0.0
20.01084,36.94888,27.1115,1056.1034,-1.17513,90.66872,9.013086626538387,3.357611916967276,0.0
20.01068,36.96394,27.07861,1051.38182,-1.2097,90.67816,8.974085664285893,3.3430830323511445,0.0
20.01051,36.97893,27.04488,1046.69091,-1.24773,90.68758,8.936484842132918,3.3290757367619888,0.0
20.01034,36.99386,27.01021,1042.03072,-1.28914,90.69697,8.900380112493302,3.3156257749986207,0.0
20.01017,37.00872,26.97452,1037.40125,-1.33384,90.70634,8.865860335318201,3.302766249730895,0.0
20.00999,37.02351,26.93774,1032.8024,-1.38169,90.71569,8.833007340657693,3.2905276448055423,0.0
20.00982,37.03824,26.89979,1028.23402,-1.4326,90.72501,8.80189601060277,3.2789378557717237,0.0
20.00965,37.0529,26.8606,1023.69587,-1.48643,90.73432,8.772594376766628,3.268022226195375,0.0
20.00947,37.06749,26.8201,1019.18766,-1.54305,90.7436,8.745163729722744,3.257803588427766,0.0
20.00929,37.08202,26.77824,1014.70902,-1.60232,90.75285,8.719658737084872,3.248302307593415,0.0
20.00911,37.09649,26.73496,1010.25951,-1.66409,90.76209,8.69612756721723,3.239536327675377,0.0
20.00893,37.1109,26.69021,1005.83864,-1.72821,90.7713,8.674612015864787,3.231521218688364,0.0
20.00875,37.12524,26.64395,1001.44585,-1.79452,90.78049,8.655147633298728,3.2242702240437797,0.0
20.00856,37.13951,26.59612,997.08052,-1.86286,90.78966,8.637763849897285,3.2177943073318724,0.0
