0.0467,0.0467,53.38882,4935.40787,-0.50849,45.0001,4.886847296982796,1.8204791988169928,0.0
0.09337,0.09337,53.32263,4932.79545,-0.51637,45.00025,4.927338849599518,1.835563367563591,0.0
0.14002,0.14002,53.25549,4930.16206,-0.52361,45.00045,4.968778397790034,1.8510006896046924,0.0
0.18664,0.18664,53.18749,4927.507,-0.53021,45.0007,5.0111235436057555,1.8667753705888899,0.0
0.23324,0.23324,53.11872,4924.82963,-0.53614,45.001,5.054328974603922,1.8828705304390134,0.0
0.27981,0.27982,53.04927,4922.12931,-0.54139,45.00135,5.098346389286758,1.8992681755762544,0.0
0.32636,0.32637,52.97923,4919.40542,-0.54595,45.00175,5.143124432478933,1.9159491748465634,0.0
0.37288,0.37289,52.90868,4916.65737,-0.54981,45.00219,5.188608642067677,1.9328932396799512,0.0
0.41937,0.41939,52.83772,4913.88461,-0.55295,45.00269,5.234741408507619,1.9500789090049673,0.0
0.46584,0.46587,52.76644,4911.08661,-0.55536,45.00323,5.28146194856882,1.9674835394691574,0.0
0.51229,0.51232,52.69495,4908.26287,-0.55703,45.00382,5.328706294756391,1.9850833014975897,0.0
0.5587,0.55874,52.62332,4905.41294,-0.55795,45.00446,5.376407301855889,2.002853181731186,0.0
0.60509,0.60514,52.55167,4902.53638,-0.55813,45.00514,5.424494671993757,2.020766992362398,0.0
0.65145,0.65151,52.48009,4899.63281,-0.55754,45.00587,5.472894999572058,2.0387973878745775,0.0
0.69779,0.69786,52.40867,4896.70188,-0.55618,45.00665,5.521531837358331,2.0569158896621844,0.0
0.74409,0.74418,52.33753,4893.74329,-0.55406,45.00748,5.570325784904575,2.075092918969188,0.0
0.79037,0.79048,52.26674,4890.75678,-0.55117,45.00835,5.619194600354753,2.0932978385402996,0.0
0.83662,0.83674,52.19642,4887.74213,-0.5475,45.00927,5.6680533365615,2.1114990033280323,0.0
0.88284,0.88299,52.12666,4884.69918,-0.54306,45.01024,5.716814502254811,2.1296638205322753,0.0
0.92903,0.9292,52.05756,4881.62782,-0.53785,45.01125,5.765388248799548,2.1477588191723798,0.0
0.97519,0.97539,51.98922,4878.52797,-0.53188,45.01231,5.813682582888507,2.1657497293209227,0.0
1.02132,1.02155,51.92173,4875.39964,-0.52515,45.01341,5.86160360524219,2.183601571025653,0.0
1.06742,1.06768,51.85519,4872.24286,-0.51767,45.01456,5.909055775142126,2.2012787528551114,0.0
1.11349,1.11378,51.7897,4869.05773,-0.50944,45.01576,5.955942200339597,2.2187451798972626,0.0
1.15953,1.15986,51.72535,4865.84441,-0.50048,45.017,6.002164951555446,2.2359643709189463,0.0
1.20554,1.2059,51.66222,4862.60312,-0.49079,45.01828,6.047625400534644,2.2528995843000983,0.0
1.25152,1.25192,51.60042,4859.33412,-0.48041,45.01961,6.0922245802059525,2.2695139522027032,0.0
1.29747,1.29791,51.54002,4856.03775,-0.46933,45.02099,6.135863565266986,2.2857706223487386,0.0
1.34338,1.34387,51.48112,4852.7144,-0.45757,45.02241,6.17844387111665,2.3016329066330132,0.0
1.38926,1.38981,51.42379,4849.36453,-0.44516,45.02387,6.219867868766272,2.3170644356884718,0.0
1.43511,1.43571,51.36811,4845.98863,-0.43212,45.02538,6.260039213066291,2.3320293184119105,0.0
1.48093,1.48158,51.31417,4842.58728,-0.41847,45.02693,6.298863281267671,2.346492305339638,0.0
1.52671,1.52743,51.26203,4839.16111,-0.40423,45.02853,6.336247618685685,2.3604189546689662,0.0
1.57246,1.57324,51.21177,4835.7108,-0.38943,45.03017,6.372102388008034,2.3737757996372992,0.0
1.61818,1.61902,51.16345,4832.23709,-0.3741,45.03185,6.4063408185730255,2.386530515890085,0.0
1.66386,1.66478,51.11714,4828.74078,-0.35827,45.03358,6.438879651790863,2.3986520874119575,0.0
1.70951,1.7105,51.07289,4825.22272,-0.34196,45.03535,6.469639578789551,2.4101109695613574,0.0
1.75513,1.75619,51.03076,4821.6838,-0.32521,45.03716,6.4985456662696786,2.420879247712641,0.0
1.80071,1.80186,50.9908,4818.12497,-0.30806,45.03901,6.525527766582076,2.430930790020796,0.0
1.84625,1.84749,50.95306,4814.54723,-0.29053,45.04091,6.550520908055211,2.440241392828668,0.0
1.89176,1.89309,50.91757,4810.95162,-0.27267,45.04285,6.573465661756093,2.4487889172950505,0.0
1.93724,1.93866,50.88438,4807.33922,-0.2545,45.04483,6.5943084809739645,2.4565534158612863,0.0
1.98267,1.9842,50.85352,4803.71113,-0.23608,45.04685,6.613002009983273,2.463517247273604,0.0
2.02808,2.0297,50.82501,4800.06852,-0.21743,45.04892,6.6295053588912705,2.469665178971076,0.0
2.07344,2.07518,50.79888,4796.41257,-0.19859,45.05103,6.643784341724621,2.474984475779149,0.0
2.11878,2.12062,50.77514,4792.74448,-0.17962,45.05318,6.655811675248266,2.479464973974898,0.0
2.16407,2.16604,50.75381,4789.06549,-0.16053,45.05537,6.6655671364706075,2.483099139961853,0.0
2.20933,2.21142,50.73489,4785.37685,-0.14139,45.0576,6.673037677182101,2.4858821129386404,0.0
2.25455,2.25677,50.71838,4781.67982,-0.12222,45.05988,6.678217494399122,2.487811731141174,0.0
2.29974,2.30208,50.70429,4777.9757,-0.10308,45.06219,6.681108056032362,2.48888854140481,0.0
2.34488,2.34737,50.69259,4774.26575,-0.08399,45.06455,6.681718081634756,2.4891157919924414,0.0
2.39,2.39262,50.68328,4770.55129,-0.065,45.06695,6.680063478576098,2.488499408817865,0.0
2.43507,2.43784,50.67635,4766.83358,-0.04616,45.06939,6.676167234466707,2.4870479553707643,0.0
2.48007,2.48307,50.66897,4763.11909,-0.0721,45.16543,6.672683925282509,2.4857503310482696,50.99999913003379
2.52496,2.52834,50.65836,4759.41227,-0.09817,45.26156,6.672251367002984,2.4855891917078536,50.99999913003379
2.56974,2.57365,50.64451,4755.71144,-0.12434,45.35784,6.674873907355601,2.4865661569923927,50.99999913003379
2.61441,2.619,50.6274,4752.01493,-0.15058,45.45429,6.6805553396074995,2.488682639993704,50.99999913003379
2.65897,2.6644,50.60704,4748.32104,-0.17684,45.55097,6.6892995305006036,2.491940081174895,50.99999913003379
2.70341,2.70983,50.58343,4744.62805,-0.20311,45.64792,6.701110401916527,2.496339941540056,50.99999913003379
2.74775,2.75531,50.55659,4740.93424,-0.22933,45.74519,6.715991893591495,2.501883688744593,50.99999913003379
2.79197,2.80083,50.52651,4737.23788,-0.25548,45.84281,6.733947906821463,2.5085727761238985,50.99999913003379
2.83608,2.84639,50.49322,4733.53724,-0.28152,45.94082,6.754982229029111,2.516408614592573,50.99999913003379
2.88008,2.89199,50.45675,4729.83056,-0.30741,46.03929,6.779098439039724,2.525392537357201,50.99999913003379
2.92396,2.93764,50.4171,4726.11606,-0.33313,46.13824,6.80629979292083,2.535525757388608,50.99999913003379
2.96774,2.98332,50.37432,4722.39199,-0.35863,46.23772,6.836589090180967,2.5468093175773836,50.99999913003379
3.0114,3.02905,50.32844,4718.65656,-0.38388,46.33778,6.869968520149125,2.5592440335061832,50.99999913003379
3.05494,3.07482,50.27949,4714.90796,-0.40884,46.43846,6.906439488367992,2.5728304287766384,50.99999913003379
3.09837,3.12064,50.22752,4711.1444,-0.43348,46.53981,6.9460024228155,2.5875686628217895,50.99999913003379
3.14168,3.16649,50.17258,4707.36406,-0.45777,46.64187,6.988656559831253,2.603458451158047,50.99999913003379
3.18488,3.21239,50.11471,4703.56512,-0.48166,46.74469,7.0343997096609385,2.6204989780443126,50.99999913003379
3.22796,3.25833,50.05398,4699.74575,-0.50512,46.84831,7.083228001588768,2.6386888015371115,50.99999913003379
3.27092,3.30432,49.99044,4695.90413,-0.52812,46.95278,7.135135608710295,2.6580257509612215,50.99999913003379
3.31376,3.35034,49.92415,4692.0384,-0.55062,47.05814,7.190114452507996,2.678506816856307,50.99999913003379
3.35648,3.39641,49.85519,4688.14672,-0.57259,47.16444,7.248153887497159,2.7001280334992126,50.99999913003379
3.39909,3.44253,49.78362,4684.22725,-0.59399,47.27173,7.309240366368753,2.722884354160873,50.99999913003379
3.44157,3.48869,49.70953,4680.27814,-0.61478,47.38004,7.373357086219988,2.7467695193178887,50.99999913003379
3.48392,3.53489,49.633,4676.29755,-0.63493,47.48943,7.440483616660449,2.7717759181122745,50.99999913003379
3.52615,3.58114,49.5541,4672.28363,-0.65441,47.59994,7.510595510798974,2.797894443433835,50.99999913003379
3.56826,3.62743,49.47294,4668.23455,-0.67318,47.71162,7.583663900369591,2.8251143410939252,50.99999913003379
3.61024,3.67376,49.38959,4664.14849,-0.69121,47.8245,7.659655076532413,2.8534230536627563,50.99999913003379
3.65209,3.72014,49.30417,4660.02363,-0.70845,47.93864,7.738530058179519,2.8828060596519722,50.99999913003379
3.69381,3.76657,49.21677,4655.85816,-0.72489,48.05408,7.82024414993707,2.9132467088588117,50.99999913003379
3.7354,3.81304,49.1275,4651.65031,-0.74049,48.17086,7.9047464923390525,2.9447260547939913,50.99999913003379
3.77686,3.85956,49.03646,4647.39832,-0.75521,48.28902,7.991979607134203,2.9772226852965726,50.99999913003379
3.81819,3.90612,48.94377,4643.10046,-0.76902,48.40861,8.081878940978605,3.010712552547445,50.99999913003379
3.85938,3.95273,48.84955,4638.75501,-0.78189,48.52966,8.17437241126307,3.0451688038780786,50.99999913003379
3.90043,3.99939,48.75391,4634.36032,-0.79379,48.65223,8.269379958197732,3.080561614910247,50.99999913003379
3.94134,4.04609,48.65698,4629.91474,-0.8047,48.77634,8.36681310774737,3.116858026737943,50.99999913003379
3.98211,4.09284,48.55888,4625.41671,-0.81458,48.90204,8.466574550420928,3.154021789015376,50.99999913003379
4.02274,4.13964,48.45975,4620.86468,-0.8234,49.02937,8.568557741339802,3.1920132109719033,50.99999913003379
4.06323,4.18648,48.35971,4616.25717,-0.83115,49.15835,8.672646527441941,3.2307890225357414,50.99999913003379
4.10357,4.23337,48.25891,4611.59277,-0.83779,49.28902,8.778714808018796,3.270302247875045,50.99999913003379
4.14376,4.28031,48.15747,4606.87013,-0.84331,49.42142,8.886626235139605,3.310502093798076,50.99999913003379
4.1838,4.3273,48.05554,4602.08796,-0.84767,49.55557,8.99623396080509,3.3513338555613,50.99999913003379
4.22369,4.37434,47.95327,4597.24507,-0.85087,49.69151,9.107380437867764,3.392738842706962,50.99999913003379
4.26343,4.42143,47.85079,4592.34034,-0.85288,49.82926,9.219897281915552,3.434654327611105,50.99999913003379
4.30301,4.46856,47.74824,4587.37277,-0.85369,49.96885,9.333605201360736,3.4770135194398586,50.99999913003379
4.34244,4.51574,47.64579,4582.34143,-0.85328,50.11029,9.44831400290019,3.5197455661835186,50.99999913003379
4.3817,4.56297,47.54357,4577.2455,-0.85164,50.2536,9.563822679347595,3.562775587376367,50.99999913003379
4.4208,4.61026,47.44174,4572.08429,-0.84877,50.39881,9.679919586497016,3.6060247399829977,50.99999913003379
4.45974,4.65759,47.34044,4566.85722,-0.84465,50.54591,9.796382715268024,3.6494103197795402,50.99999913003379
4.49851,4.70497,47.23983,4561.56382,-0.83928,50.69493,9.912980064721378,3.6928459003118146,50.99999913003379
4.53712,4.7524,47.14004,4556.20378,-0.83266,50.84587,10.029470120767982,3.7362415112270164,50.99999913003379
4.57555,4.79988,47.04124,4550.7769,-0.82479,50.99874,10.145602444527139,3.779503857452641,50.99999913003379
4.61381,4.84741,46.94357,4545.28315,-0.81568,51.15352,10.261118373067724,3.822536580241013,50.99999913003379
4.6519,4.89498,46.84717,4539.72262,-0.80533,51.31022,10.375751834149115,3.8652405606817184,50.99999913003379
4.68981,4.94261,46.75219,4534.09557,-0.79375,51.46883,10.489230275073743,3.9075142657236213,50.99999913003379
4.72754,4.99029,46.65878,4528.40242,-0.78096,51.62933,10.601275704252398,3.9492541361853397,50.99999913003379
4.76509,5.03802,46.56708,4522.64374,-0.76698,51.79172,10.711605842458486,3.990355015627756,50.99999913003379
4.80245,5.0858,46.47721,4516.82026,-0.75182,51.95596,10.819935378918538,4.030710618280774,50.99999913003379
4.83963,5.13362,46.38932,4510.9329,-0.7355,52.12203,10.925977325671997,4.070214033577978,50.99999913003379
4.87663,5.1815,46.30354,4504.98271,-0.71807,52.28991,11.029444461675661,4.108758264123535,50.99999913003379
4.91344,5.22942,46.21999,4498.97095,-0.69954,52.45956,11.13005085638533,4.1462367932664455,50.99999913003379
4.95005,5.27739,46.13879,4492.899,-0.67995,52.63094,11.227513460654928,4.182544177752325,50.99999913003379
4.98647,5.32542,46.06007,4486.76845,-0.65934,52.804,11.321553751211272,4.217576660333525,50.99999913003379
5.0227,5.37349,45.98394,4480.58102,-0.63775,52.97872,11.411899413261997,4.251232796584855,50.99999913003379
5.05873,5.4216,45.91049,4474.33862,-0.61522,53.15502,11.498286044502885,4.283414089691149,50.99999913003379
5.09457,5.46977,45.83984,4468.0433,-0.59181,53.33286,11.580458862593968,4.314025626527047,50.99999913003379
5.1302,5.51798,45.77208,4461.69725,-0.56756,53.51218,11.658174397256895,4.342976708007768,50.99999913003379
5.16563,5.56624,45.70728,4455.30283,-0.54252,53.69291,11.731202147542472,4.370181466464899,50.99999913003379
5.20086,5.61454,45.64554,4448.86254,-0.51676,53.87499,11.799326184595577,4.395559462718472,50.99999913003379
5.23589,5.66289,45.58693,4442.37898,-0.49033,54.05836,11.86234668021822,4.419036255506942,50.99999913003379
5.27071,5.71129,45.53151,4435.8549,-0.4633,54.24292,11.92008134205747,4.440543936132442,50.99999913003379
5.30532,5.75973,45.47935,4429.29316,-0.43573,54.42862,11.972366737022243,4.460021621468357,50.99999913003379
5.33973,5.80821,45.43048,4422.69671,-0.40768,54.61537,12.019059485668048,4.477415898899077,50.99999913003379
5.37393,5.85674,45.38495,4416.06859,-0.37923,54.80309,12.060037311840846,4.49268121733994,50.99999913003379
5.40791,5.90531,45.3428,4409.41195,-0.35044,54.99169,12.095199933727507,4.505780219176984,50.99999913003379
5.44169,5.95392,45.30405,4402.72997,-0.32138,55.18109,12.124469784509131,4.516684008729262,50.99999913003379
5.47526,6.00258,45.26872,4396.02591,-0.29213,55.37121,12.147792553263969,4.525372353749418,50.99999913003379
5.50861,6.05127,45.23681,4389.30305,-0.26276,55.56195,12.165137539293346,4.531833817419409,50.99999913003379
5.54175,6.1,45.20833,4382.56473,-0.23334,55.75324,12.176497815734626,4.53606581930065,50.99999913003379
5.57468,6.14878,45.18326,4375.81427,-0.20395,55.94496,12.181890201105478,4.538074624733491,50.99999913003379
5.6074,6.19759,45.16159,4369.05501,-0.17466,56.13705,12.181355040231272,4.537875263226919,50.99999913003379
5.6399,6.24643,45.1433,4362.2903,-0.14555,56.32941,12.17495579873911,4.535491377396911,50.99999913003379
5.67219,6.29532,45.12834,4355.52343,-0.11668,56.52195,12.162778477896818,4.530955004978562,50.99999913003379
5.70427,6.34424,45.11667,4348.75768,-0.08813,56.71458,12.144930859129973,4.5243062973888,50.99999913003379
5.73613,6.39319,45.10825,4341.99626,-0.05996,56.90722,12.121541589684163,4.51559317911152,50.99999913003379
5.76778,6.44218,45.10302,4335.24235,-0.03225,57.09978,12.092759122980647,4.504870952952183,50.99999913003379
5.79921,6.4912,45.10091,4328.49903,-0.00507,57.29218,12.058750528872377,4.492201856826886,50.99999913003379
5.83044,6.54026,45.10184,4321.76931,0.02152,57.48434,12.019700190369079,4.477654578258164,50.99999913003379
5.86145,6.58934,45.10575,4315.05612,0.04746,57.67618,11.975808404424319,4.4613037331313485,50.99999913003379
5.89225,6.63846,45.11254,4308.36227,0.07269,57.86763,11.927289905075767,4.443229315525465,50.99999913003379
5.92284,6.6876,45.12212,4301.69048,0.09715,58.05861,11.874372327541536,4.423516125548702,50.99999913003379
5.95322,6.73677,45.13438,4295.04333,0.12077,58.24906,11.817294631881333,4.4022531821107185,50.99999913003379
5.98339,6.78597,45.14924,4288.42331,0.14352,58.4389,11.756305504485868,4.379533127435387,50.99999913003379
6.01335,6.8352,45.16657,4281.83274,0.16534,58.62808,11.691661755082379,4.3554516299031745,50.99999913003379
6.04318,6.88441,45.19113,4275.26435,0.27292,58.63454,11.615634731945795,4.327129563393426,0.0
6.07296,6.93354,45.22759,4268.71666,0.37876,58.64101,11.520860536383749,4.291823681887401,0.0
6.10269,6.98261,45.2757,4262.20039,0.48248,58.64749,11.40826887617193,4.249880325993625,0.0
6.13237,7.0316,45.33516,4255.72579,0.58373,58.65399,11.27891552775792,4.201692800217972,0.0
6.162,7.08053,45.40565,4249.30258,0.68218,58.6605,11.133962676736088,4.147694049273291,0.0
6.19157,7.12939,45.48681,4242.93988,0.77752,58.66702,10.974658526545593,4.088349061782876,0.0
6.2211,7.17818,45.57824,4236.64617,0.86945,58.67356,10.802316505091065,4.024147124199569,0.0
6.25057,7.2269,45.67953,4230.42926,0.95773,58.68011,10.618294615053777,3.9555941282533467,0.0
6.28,7.27555,45.79022,4224.29625,1.04211,58.68667,10.423975423735367,3.8832051166416037,0.0
6.30937,7.32414,45.90986,4218.25352,1.1224,58.69325,10.220747123885559,3.807497227689161,0.0
6.3387,7.37266,46.03794,4212.30673,1.19842,58.69985,10.009986022314086,3.7289831718954556,0.0
6.36798,7.42112,46.17398,4206.4608,1.27001,58.70646,9.79304073314368,3.64816534350538,0.0
6.39721,7.46952,46.31747,4200.71998,1.33705,58.71308,9.571218271550729,3.5655306400617772,0.0
6.42639,7.51785,46.46787,4195.0878,1.39945,58.71973,9.34577216557125,3.4815460337403694,0.0
6.45553,7.56612,46.62465,4189.56713,1.45713,58.72639,9.11789263117988,3.3966549113081776,0.0
6.48463,7.61434,46.7873,4184.16023,1.51005,58.73306,8.888698791600147,3.3112741756118704,0.0
6.51368,7.6625,46.95526,4178.86875,1.55817,58.73976,8.659232867317206,3.2257920812046392,0.0
6.54268,7.7106,47.12801,4173.69378,1.6015,58.74648,8.430456219197149,3.140566760304029,0.0
6.57165,7.75864,47.30502,4168.63591,1.64004,58.75321,8.20324709366997,3.055925382813267,0.0
6.60057,7.80663,47.48576,4163.69524,1.67383,58.75997,7.97839989568014,2.972163885476222,0.0
6.62945,7.85457,47.66971,4158.87145,1.70291,58.76674,7.756625801197439,2.8895472000538014,0.0
6.65829,7.90246,47.85636,4154.16382,1.72736,58.77354,7.538554515411014,2.8083099082975043,0.0
6.6871,7.9503,48.04521,4149.5713,1.74723,58.78036,7.324736984114282,2.7286572520116352,0.0
6.71586,7.99809,48.23576,4145.09253,1.76262,58.7872,7.11564887268741,2.6507664290658144,0.0
6.74459,8.04584,48.42754,4140.72586,1.77363,58.79407,6.911694638464008,2.5747881104587247,0.0
6.77328,8.09354,48.62008,4136.46942,1.78035,58.80096,6.713212036618995,2.5008481188798983,0.0
6.80193,8.1412,48.81293,4132.32116,1.7829,58.80787,6.520476916172705,2.429049215347432,0.0
6.83055,8.18881,49.00564,4128.27883,1.7814,58.81481,6.33370818009101,2.3594729469757985,0.0
6.85914,8.23638,49.19779,4124.34007,1.77596,58.82177,6.153072801202135,2.292181515536831,0.0
6.88769,8.28392,49.38896,4120.50239,1.76671,58.82876,5.978690802915883,2.2272196329086866,0.0
6.91621,8.33141,49.57876,4116.76322,1.75377,58.83578,5.810640130193971,2.16461633564046,0.0
6.9447,8.37887,49.76681,4113.11993,1.73729,58.84282,5.648961351469719,2.1043867365409827,0.0
6.97315,8.42629,49.95273,4109.56983,1.71738,58.84989,5.493662145990263,2.046533696331867,0.0
7.00158,8.47368,50.13617,4106.11021,1.69417,58.85699,5.344721543402182,1.9910494030046992,0.0
7.02998,8.52103,50.3168,4102.73835,1.6678,58.86411,5.202093893032927,1.9379168504828137,0.0
7.05834,8.56836,50.49429,4099.45152,1.6384,58.87127,5.065712549521863,1.8871112116158297,0.0
7.08668,8.61565,50.66833,4096.24701,1.60609,58.87845,4.935493269080193,1.8386011033758314,0.0
7.11499,8.6629,50.83862,4093.1221,1.571,58.88566,4.811337316993778,1.792349744483937,0.0
7.14327,8.71013,51.00489,4090.07414,1.53325,58.89291,4.693134291970889,1.7483160075541433,0.0
7.17153,8.75733,51.16685,4087.10049,1.49297,58.90018,4.580764676913049,1.7064553693225835,0.0
7.19976,8.80451,51.32427,4084.19853,1.45028,58.90748,4.474102128600136,1.6667207636154733,0.0
7.22796,8.85165,51.47688,4081.36573,1.4053,58.91482,4.373015520897386,1.6290633424974756,0.0
7.25614,8.89877,51.62447,4078.59955,1.35813,58.92218,4.277370757483722,1.5934331515607028,0.0
7.28429,8.94587,51.76682,4075.89754,1.3089,58.92958,4.187032370919437,1.5597797256195018,0.0
7.31242,8.99294,51.90372,4073.25727,1.25771,58.93701,4.1018649251579635,1.528052611182989,0.0
7.34052,9.03999,52.03497,4070.67637,1.20467,58.94447,4.021734238569496,1.4982018220635305,0.0
7.3686,9.08701,52.1604,4068.15252,1.14989,58.95196,3.946508444151865,1.4701782343331888,0.0
7.39666,9.13402,52.27984,4065.68344,1.09347,58.95948,3.876058903016816,1.4439339266213957,0.0
7.42469,9.181,52.39312,4063.26689,1.0355,58.96704,3.810260986459634,1.4194224714564676,0.0
7.4527,9.22796,52.50008,4060.9007,0.97609,58.97463,3.748994741042402,1.3965991830266142,0.0
7.48069,9.2749,52.6006,4058.5827,0.91533,58.98225,3.6921454501552073,1.3754213263762676,0.0
7.50866,9.32182,52.69455,4056.31079,0.85331,58.98991,3.6396041045196394,1.3558482926810136,0.0
7.53661,9.36872,52.78179,4054.0829,0.79013,58.9976,3.5912677930901022,1.3378417448686153,0.0
7.56453,9.4156,52.86223,4051.89698,0.72587,59.00532,3.547040024787676,1.321365737473341,0.0
7.59243,9.46247,52.93575,4049.75104,0.66061,59.01308,3.5068309905282886,1.3063868142483546,0.0
7.62031,9.50931,53.00227,4047.64307,0.59445,59.02087,3.4705577740496936,1.2928740867043127,0.0
7.64818,9.55614,53.06171,4045.57114,0.52747,59.02869,3.438144519132783,1.2807992964036992,0.0
7.67602,9.60295,53.11398,4043.53329,0.45974,59.03655,3.409522559940002,1.2701368635153176,0.0
7.70384,9.64975,53.15902,4041.52759,0.39136,59.04444,3.3846305203920366,1.2608639238347226,0.0
7.73164,9.69653,53.19678,4039.55215,0.32239,59.05237,3.3634143877116247,1.2529603561812215,0.0
7.75942,9.7433,53.2272,4037.60505,0.25292,59.06033,3.345827564553837,1.246408801817779,0.0
7.78718,9.79005,53.25024,4035.68439,0.18303,59.06832,3.331830903445641,1.2411946772806581,0.0
7.81492,9.83678,53.26586,4033.78827,0.11279,59.07635,3.321392726628091,1.2373061817711593,0.0
7.84264,9.8835,53.27405,4031.9148,0.04227,59.08441,3.314488833770372,1.2347343000293052,0.0
7.87035,9.9302,53.27478,4030.06206,-0.02844,59.09251,3.3111024994428937,1.233472801392501,0.0
7.89803,9.9769,53.26805,4028.22812,-0.09928,59.10064,3.311224461699965,1.2335182355422802,0.0
7.92569,10.02357,53.25384,4026.41106,-0.17016,59.10881,3.314852902553165,1.2348699252301218,0.0
7.95334,10.07024,53.23218,4024.6089,-0.24101,59.11701,3.321993420616594,1.2375299560870865,0.0
7.98097,10.11688,53.20306,4022.81968,-0.31175,59.12524,3.3326589956702497,1.2415031634227423,0.0
8.00857,10.16352,53.16652,4021.04137,-0.38231,59.13351,3.346869944378655,1.2467971157291877,0.0
8.03616,10.21014,53.12258,4019.27194,-0.45262,59.14181,3.364653865876279,1.2534220944101884,0.0
8.06373,10.25675,53.07128,4017.5093,-0.52259,59.15015,3.386045575400943,1.261391069057878,0.0
8.09128,10.30335,53.01267,4015.75133,-0.59215,59.15852,3.4110870236161523,1.2707196673982002,0.0
8.11881,10.34993,52.9468,4013.99587,-0.66121,59.16692,3.439827198689875,1.2814261388126793,0.0
8.14633,10.3965,52.87373,4012.2407,-0.7297,59.17536,3.472322007629337,1.2935313101325088,0.0
8.17382,10.44305,52.79353,4010.48355,-0.79754,59.18383,3.508634132741475,1.307058532166294,0.0
8.2013,10.4896,52.70629,4008.7221,-0.86465,59.19234,3.5488328584649773,1.3220336151904288,0.0
8.22875,10.53612,52.61208,4006.95395,-0.93093,59.20088,3.592993863145727,1.3384847513799718,0.0
8.25619,10.58264,52.51102,4005.17665,-0.9963,59.20945,3.6411989696432423,1.3564424219029827,0.0
8.28361,10.62914,52.40319,4003.38768,-1.06068,59.21805,3.6935358479154057,1.3759392861255084,0.0
8.311,10.67563,52.28873,4001.58445,-1.12398,59.22669,3.750097662021367,1.397010050110876,0.0
8.33838,10.72211,52.16775,3999.76427,-1.1861,59.23536,3.8109826531844564,1.419691311299658,0.0
8.36574,10.76857,52.04039,3997.9244,-1.24695,59.24407,3.876293649841008,1.4440213759899687,0.0
8.39308,10.81501,51.9068,3996.06201,-1.30643,59.2528,3.9461374948149825,1.4700400459449359,0.0
8.4204,10.86145,51.76712,3994.17417,-1.36445,59.26157,4.020624379055184,1.497788370192288,0.0
8.4477,10.90786,51.62153,3992.25787,-1.4209,59.27037,4.099867070692397,1.5273083578278508,0.0
8.47498,10.95427,51.47019,3990.31002,-1.47569,59.27921,4.183980027579145,1.5586426474132562,0.0
8.50224,11.00065,51.31331,3988.32744,-1.52869,59.28807,4.273078380973166,1.5918341283712976,0.0
8.52948,11.04703,51.15107,3986.30683,-1.57981,59.29696,4.367276777730567,1.6269255096724151,0.0
8.5567,11.09338,50.98368,3984.24484,-1.62894,59.30589,4.466688068199744,1.6639588310406574,0.0
8.58389,11.13972,50.81137,3982.138,-1.67595,59.31485,4.571421827158539,1.7029749119638569,0.0
8.61107,11.18604,50.63437,3979.98275,-1.72074,59.32383,4.681582695565806,1.744012733952456,0.0
8.63822,11.23235,50.45292,3977.77547,-1.76319,59.33285,4.797268531753415,1.7871087518098832,0.0
8.66535,11.27863,50.26728,3975.51244,-1.80317,59.34189,4.918568361942359,1.8322961301458807,0.0
8.69245,11.3249,50.07773,3973.18985,-1.84057,59.35097,5.045560121872366,1.879603902074108,0.0
8.71954,11.37115,49.88454,3970.80384,-1.87525,59.36007,5.178308183786269,1.9290560479487582,0.0
8.7466,11.41738,49.68801,3968.35047,-1.9071,59.3692,5.316860666251577,1.980670493202302,0.0
8.77364,11.46359,49.48846,3965.82577,-1.93598,59.37836,5.461246528335449,2.034458025849217,0.0
8.80065,11.50977,49.28619,3963.22571,-1.96178,59.38754,5.611472454575268,2.090421136055557,0.0
8.82764,11.55594,49.08155,3960.54623,-1.98435,59.39675,5.767519543091881,2.148552782374001,0.0
8.8546,11.60208,48.87489,3957.78326,-2.00358,59.40599,5.929339816106079,2.2088350918194224,0.0
8.88154,11.6482,48.66656,3954.93272,-2.01934,59.41526,6.096852580030257,2.2712380039072606,0.0
8.90845,11.69429,48.45694,3951.99059,-2.03151,59.42454,6.269940671278628,2.335717872119052,0.0
8.93533,11.74036,48.24641,3948.95286,-2.03995,59.43386,6.448446633821286,2.402216039940737,0.0
8.96218,11.7864,48.03537,3945.81561,-2.04457,59.44319,6.6321688851852025,2.4706574125971605,0.0
8.98901,11.83241,47.82422,3942.57499,-2.04523,59.45255,6.820857938942789,2.540949049829663,0.0
9.01581,11.87839,47.6134,3939.22731,-2.04184,59.46193,7.014212763367532,2.6129788093994955,0.0
9.04258,11.92435,47.40331,3935.76901,-2.03429,59.47133,7.211877367519842,2.686614075314976,0.0
9.06932,11.97027,47.19441,3932.19674,-2.02248,59.48076,7.413437717199564,2.761700608942651,0.0
9.09602,12.01616,46.98714,3928.50735,-2.00635,59.4902,7.618419093183597,2.8380615648813015,0.0
9.1227,12.06201,46.78195,3924.69797,-1.9858,59.49966,7.826284012611774,2.9154967166234904,0.0
9.14934,12.10783,46.5793,3920.76604,-1.96077,59.50915,8.036430840316974,2.9937819392394904,0.0
9.17595,12.15361,46.37966,3916.70932,-1.93123,59.51865,8.248193219701507,3.0726689973637646,0.0
9.20253,12.19936,46.18348,3912.52596,-1.89713,59.52816,8.460840451639486,3.151885686346069,0.0
9.22907,12.24506,45.99124,3908.21452,-1.85846,59.5377,8.673578944063705,3.231136372260706,0.0
9.25557,12.29073,45.8034,3903.77403,-1.81521,59.54724,8.885554843724465,3.310102972305932,0.0
9.28199,12.33638,45.6185,3899.20832,-1.80521,59.6733,9.098347410982567,3.3893738025189855,35.99999938590621
9.30828,12.38204,45.43503,3894.51998,-1.79151,59.80229,9.313743011270443,3.4696143310255496,35.99999938590621
9.33444,12.42771,45.25337,3889.70676,-1.77407,59.93426,9.53117304261663,3.5506127386304374,35.99999938590621
9.36046,12.47339,45.0739,3884.76675,-1.75285,60.06925,9.750003804019544,3.632132955036883,35.99999938590621
9.38634,12.51908,44.89701,3879.69839,-1.72782,60.20728,9.96954812343025,3.713918990576072,35.99999938590621
9.41208,12.56477,44.72309,3874.50052,-1.69896,60.34836,10.189066906672716,3.795695513220695,35.99999938590621
9.43767,12.61048,44.55253,3869.1724,-1.66629,60.4925,10.407771591392628,3.8771687627454443,35.99999938590621
9.46312,12.65619,44.3857,3863.71375,-1.62981,60.6397,10.62482756523913,3.9580278240896556,35.99999938590621
9.48841,12.70191,44.22298,3858.12477,-1.58955,60.78994,10.839358590991182,4.0379462758333,35.99999938590621
9.51355,12.74763,44.06475,3852.40617,-1.54556,60.94319,11.0504522609182,4.116584222089846,35.99999938590621
9.53852,12.79336,43.91138,3846.5592,-1.49789,61.09942,11.257166478779078,4.193590707221436,35.99999938590621
9.56334,12.8391,43.76322,3840.58564,-1.44664,61.25858,11.458536940991907,4.268606502771453,35.99999938590621
9.58799,12.88484,43.62062,3834.48785,-1.39188,61.42059,11.65358555913554,4.341267245067967,35.99999938590621
9.61248,12.93058,43.48391,3828.26877,-1.33374,61.58539,11.841329735130829,4.411206890472783,35.99999938590621
9.63679,12.97632,43.3534,3821.93191,-1.27235,61.75289,12.020792369221853,4.478061443617778,35.99999938590621
9.66094,13.02207,43.22941,3815.48135,-1.20785,61.92298,12.191012450382974,4.541472902610181,35.99999938590621
9.6849,13.06781,43.11221,3808.92176,-1.14042,62.09554,12.351056050617256,4.601093354698009,35.99999938590621
9.7087,13.11356,43.00207,3802.25835,-1.07024,62.27045,12.500027519934882,4.656589146694085,35.99999938590621
9.73231,13.1593,42.89923,3795.49687,-0.99751,62.44757,12.637080659110001,4.707645047121938,35.99999938590621
9.75574,13.20504,42.80391,3788.64358,-0.92244,62.62674,12.761429633885072,4.7539683120440905,35.99999938590621
9.77898,13.25078,42.71631,3781.70523,-0.84528,62.8078,12.872359388114992,4.79529256423223,35.99999938590621
9.80205,13.29651,42.63659,3774.68898,-0.76625,62.99058,12.969235315140427,4.8313813960082514,35.99999938590621
9.82492,13.34223,42.56491,3767.6024,-0.68563,63.17489,13.05151195699145,4.862031609926492,35.99999938590621
9.84761,13.38795,42.50138,3760.45341,-0.60368,63.36055,13.118740519596157,4.887076018386686,35.99999938590621
9.87011,13.43366,42.44608,3753.25022,-0.52067,63.54735,13.17057501884391,4.9063857332042335,35.99999938590621
9.89242,13.47936,42.39907,3746.00127,-0.43688,63.7351,13.2067769060462,4.919871888716065,35.99999938590621
9.91453,13.52505,42.36039,3738.71517,-0.35261,63.92358,13.227218060823606,4.927486756709801,35.99999938590621
9.93646,13.57073,42.33004,3731.40065,-0.26815,64.11259,13.231882083286632,4.9292242277950935,35.99999938590621
9.9582,13.61639,42.30799,3724.06649,-0.18378,64.30193,13.220863863614747,4.92511965106051,35.99999938590621
9.97974,13.66204,42.29418,3716.72146,-0.09981,64.49136,13.19436745386039,4.915249041264514,35.99999938590621
10.0011,13.70767,42.28853,3709.37428,-0.01651,64.68071,13.152702312093538,4.899727679680502,35.99999938590621
10.02226,13.75329,42.29093,3702.0335,0.06584,64.86974,13.096278031074792,4.878708150388835,35.99999938590621
10.04323,13.79889,42.30124,3694.70752,0.14694,65.05828,13.025597700664012,4.852377867599402,35.99999938590621
10.06402,13.84448,42.3193,3687.4045,0.22655,65.24612,12.941250084090086,4.8209561611062535,35.99999938590621
10.08461,13.89004,42.34492,3680.13229,0.3044,65.43307,12.843900811737935,4.784690995741567,35.99999938590621
10.10502,13.93559,42.37788,3672.89845,0.38025,65.61896,12.734282811982569,4.743855406609534,35.99999938590621
10.12525,13.98111,42.41796,3665.71015,0.45386,65.80362,12.61318620636307,4.698743734772815,35.99999938590621
10.14529,14.02662,42.46491,3658.57416,0.52502,65.98689,12.481447896527449,4.649667748115504,35.99999938590621
10.16515,14.0721,42.51844,3651.49683,0.59353,66.16862,12.33994106322357,4.596952729440941,35.99999938590621
10.18483,14.11756,42.57828,3644.48409,0.6592,66.34867,12.189564784201114,4.540933608867049,35.99999938590621
10.20433,14.163,42.64413,3637.54136,0.72185,66.52691,12.031233959123787,4.4819512105910135,35.99999938590621
10.22366,14.20841,42.71566,3630.67362,0.78134,66.70324,11.86586970686389,4.420348675628865,35.99999938590621
10.24281,14.2538,42.79255,3623.88537,0.83753,66.87754,11.694390374830263,4.356468112553568,35.99999938590621
10.26179,14.29916,42.87446,3617.18062,0.8903,67.04973,11.517703272829799,4.2906475181409505,35.99999938590621
10.28061,14.3445,42.96104,3610.56292,0.93955,67.21973,11.336697216224364,4.223217999499446,35.99999938590621
10.29926,14.38982,43.05195,3604.03533,0.98518,67.38748,11.152235936135606,4.154501319198003,35.99999938590621
10.31774,14.43511,43.14682,3597.6005,1.02714,67.55291,10.965152388749244,4.084807775332197,35.99999938590621
10.33606,14.48037,43.2453,3591.26058,1.06537,67.71599,10.776243972356031,4.014434419746146,35.99999938590621
10.35423,14.52561,43.34702,3585.01736,1.09982,67.87669,10.586268639935037,3.943663609867496,35.99999938590621
10.37224,14.57082,43.45162,3578.87217,1.13047,68.03497,10.39594187724221,3.872761882965902,35.99999938590621
10.39009,14.61601,43.55873,3572.82599,1.15732,68.19083,10.205934501712072,3.8019791361859907,35.99999938590621
10.4078,14.66117,43.66798,3566.87944,1.18036,68.34426,10.01687122593031,3.7315480914031096,35.99999938590621
10.42536,14.70631,43.77904,3561.03278,1.1996,68.49527,9.829329920963655,3.6616840207943184,35.99999938590621
10.44277,14.75142,43.89152,3555.28598,1.21508,68.64388,9.643841509187789,3.592584706913965,35.99999938590621
10.46004,14.79651,44.0051,3549.63871,1.22683,68.7901,9.460890413187778,3.524430609920915,35.99999938590621
10.47717,14.84157,44.11941,3544.09035,1.23488,68.93396,9.280915486506938,3.4573852143069845,35.99999938590621
10.49417,14.8866,44.23412,3538.64007,1.2393,69.0755,9.104311353032395,3.391595527853305,35.99999938590621
10.51103,14.93161,44.3489,3533.28679,1.24014,69.21475,8.93143008453019,3.3271927065562954,35.99999938590621
10.52775,14.9766,44.46343,3528.02924,1.23748,69.35177,8.762583149634857,3.2642927806775504,35.99999938590621
10.54435,15.02156,44.57738,3522.86597,1.23139,69.48659,8.598043572379083,3.2029974588529426,35.99999938590621
10.56082,15.0665,44.69044,3517.79537,1.22195,69.61928,8.438048243711368,3.1433949891937623,35.99999938590621
10.57717,15.11141,44.80233,3512.81568,1.20924,69.74989,8.282800335190196,3.085561058451312,35.99999938590621
10.59339,15.1563,44.91275,3507.925,1.19335,69.87848,8.132471769919603,3.0295597125054115,35.99999938590621
10.60949,15.20116,45.02141,3503.12135,1.17437,70.00512,7.9872057116251,2.9754442836106807,35.99999938590621
10.62548,15.24601,45.12805,3498.40262,1.15241,70.12987,7.8471190384477,2.9232583119498963,35.99999938590621
10.64134,15.29083,45.23241,3493.76665,1.12756,70.25279,7.712304773442982,2.8730364510588418,35.99999938590621
10.65709,15.33562,45.33423,3489.21119,1.09992,70.37397,7.582834448737309,2.8248053485367137,35.99999938590621
10.67273,15.3804,45.43327,3484.73392,1.06959,70.49347,7.458760384940984,2.7785844951874883,35.99999938590621
10.68826,15.42515,45.5293,3480.33248,1.03668,70.61135,7.340117871590698,2.7343870372921053,35.99999938590621
10.70368,15.46988,45.6221,3476.00449,1.00129,70.7277,7.226927238012916,2.6922205480595705,35.99999938590621
10.71899,15.51459,45.71146,3471.7475,0.96353,70.84259,7.119195807318647,2.652087755541417,35.99999938590621
10.73419,15.55928,45.79718,3467.55904,0.92351,70.95609,7.016919728986313,2.6139872253170435,35.99999938590621
10.74929,15.60394,45.87906,3463.43664,0.88132,71.06827,6.920085687854074,2.5779139971383223,35.99999938590621
10.76429,15.64859,45.95693,3459.37779,0.83708,71.17922,6.828672489354122,2.5438601754710803,35.99999938590621
10.77918,15.69321,46.03062,3455.37998,0.79089,71.28899,6.742652522392747,2.5118154744564216,35.99999938590621
10.79398,15.73782,46.09997,3451.44068,0.74286,71.39768,6.66199310258953,2.48176771830266,35.99999938590621
10.80867,15.7824,46.16482,3447.55736,0.6931,71.50534,6.586657699577323,2.453703298486864,35.99999938590621
10.82327,15.82697,46.22503,3443.72747,0.6417,71.61207,6.516607052805683,2.4276075894209836,35.99999938590621
10.83777,15.87152,46.28048,3439.94849,0.58879,71.71792,6.451800180763813,2.403465324413959,35.99999938590621
10.85217,15.91604,46.33104,3436.21785,0.53445,71.82297,6.39219528891061,2.3812609338995494,35.99999938590621
10.86648,15.96055,46.3766,3432.53302,0.47879,71.92731,6.337750581683242,2.3609788479308924,35.99999938590621
10.88069,16.00504,46.41706,3428.89143,0.42192,72.03099,6.288424984000745,2.342603764959578,35.99999938590621
10.89481,16.04951,46.45232,3425.29055,0.36394,72.13409,6.244178777558012,2.326120888871903,35.99999938590621
10.90884,16.09396,46.4823,3421.72779,0.30494,72.23669,6.2049741569812795,2.311516136171421,35.99999938590621
10.92277,16.13839,46.50693,3418.20061,0.24505,72.33886,6.17077571064798,2.298776315096989,35.99999938590621
10.93662,16.18281,46.52614,3414.70643,0.18434,72.44066,6.141550830602568,2.2878892783272002,35.99999938590621
10.95037,16.2272,46.53987,3411.24267,0.12293,72.54218,6.117270055628947,2.278844050783887,35.99999938590621
10.96403,16.27158,46.54808,3407.80675,0.06092,72.64348,6.097907351053269,2.2716309338660285,35.99999938590621
10.9776,16.31594,46.55073,3404.39605,-0.0016,72.74463,6.08344032843938,2.2662415872920803,35.99999938590621
10.99107,16.36028,46.54779,3401.00796,-0.06453,72.8457,6.0738504078082665,2.262669089530993,35.99999938590621
11.00446,16.40461,46.53923,3397.63986,-0.12776,72.94678,6.069122924548305,2.2609079776290866,35.99999938590621
11.01776,16.44891,46.52506,3394.2891,-0.1912,73.04792,6.069247182643708,2.2609542670390512,35.99999938590621
11.03097,16.4932,46.50525,3390.953,-0.25474,73.1492,6.074216455378147,2.262805451882065,35.99999938590621
11.04409,16.53747,46.47983,3387.62887,-0.31829,73.2507,6.084027934145301,2.2664604858783726,35.99999938590621
11.05712,16.58173,46.4488,3384.31401,-0.38175,73.35248,6.0986826255112545,2.2719197440003263,35.99999938590621
11.07006,16.62596,46.4122,3381.00565,-0.44501,73.45462,6.1181851961980716,2.279184964724684,35.99999938590621
11.08291,16.67018,46.37004,3377.70104,-0.50798,73.55719,6.142543765197153,2.2882591725893646,35.99999938590621
11.09566,16.71438,46.32237,3374.39736,-0.57055,73.66026,6.171769641771797,2.2991465805925126,35.99999938590621
11.10833,16.75856,46.26925,3371.09179,-0.63263,73.76391,6.205877007705456,2.3118524718216085,35.99999938590621
11.12091,16.80272,46.21073,3367.78144,-0.69411,73.86822,6.244882541792524,2.3263830595664103,35.99999938590621
11.13339,16.84687,46.14688,3364.46343,-0.75489,73.97325,6.288804984195607,2.3427453250305708,35.99999938590621
11.14579,16.89099,46.07778,3361.1348,-0.81487,74.07908,6.337664638056235,2.360946831668519,35.99999938590621
11.15809,16.9351,46.00351,3357.79257,-0.87394,74.1858,6.391482805481431,2.380995515075613,35.99999938590621
11.1703,16.97919,45.92417,3354.43372,-0.932,74.29347,6.4502811549194075,2.4028994473189424,35.99999938590621
11.18241,17.02326,45.83986,3351.0552,-0.98895,74.40217,6.514081016814077,2.4266665745501035,35.99999938590621
11.19443,17.06731,45.75069,3347.65392,-1.04468,74.51198,6.582902604506558,2.4523044267705063,35.99999938590621
11.20635,17.11134,45.6568,3344.22673,-1.09909,74.62299,6.656764157455668,2.4798197986584705,35.99999938590621
11.21818,17.15535,45.5583,3340.77047,-1.15206,74.73526,6.735681004105955,2.5092184004629052,35.99999938590621
11.22991,17.19933,45.45534,3337.28194,-1.2035,74.84889,6.819664542192516,2.540504478140028,35.99999938590621
11.24154,17.2433,45.34807,3333.7579,-1.25329,74.96394,6.908721134762073,2.573680402092163,35.99999938590621
11.25307,17.28725,45.23664,3330.19509,-1.30132,75.0805,7.00285092102311,2.6087462241781343,35.99999938590621
11.2645,17.33118,45.12123,3326.59021,-1.3475,75.19866,7.102046542029308,2.645699202996812,35.99999938590621
11.27583,17.37508,45.00202,3322.93996,-1.39171,75.31849,7.20629178241147,2.684533297896518,35.99999938590621
11.28706,17.41896,44.87918,3319.24101,-1.43384,75.44008,7.315560130755237,2.725238632677847,35.99999938590621
11.29818,17.46282,44.75292,3315.49002,-1.47379,75.5635,7.429813262882808,2.7678009305761977,35.99999938590621
11.30919,17.50665,44.62343,3311.68366,-1.51145,75.68884,7.548999454230042,2.812200922830473,35.99999938590621
11.3201,17.55047,44.49093,3307.8186,-1.54671,75.81617,7.673051929646377,2.8584137339401283,35.99999938590621
11.3309,17.59425,44.35565,3303.89151,-1.57948,75.94559,7.801887161430458,2.9064082476386623,35.99999938590621
11.34159,17.63801,44.21781,3299.89911,-1.60964,76.07716,7.935403129071997,2.9561464586016712,35.99999938590621
11.35217,17.68174,44.07765,3295.83815,-1.6371,76.21097,8.073477557111863,3.00758281600337,35.99999938590621
11.36263,17.72545,43.93542,3291.70541,-1.66176,76.34709,8.215966150664121,3.0606635662021184,35.99999938590621
11.37298,17.76913,43.79137,3287.49777,-1.68352,76.4856,8.362700851391748,3.115326103045497,35.99999938590621
11.38321,17.81278,43.64576,3283.21214,-1.70229,76.62657,8.513488140134855,3.171498335554648,35.99999938590621
11.39332,17.8564,43.49886,3278.84556,-1.71798,76.77006,8.668107415747142,3.229098083998212,35.99999938590621
11.4033,17.89999,43.35095,3274.39517,-1.73051,76.91615,8.82630948302888,3.2880325166075686,35.99999938590621
11.41317,17.94355,43.20231,3269.85823,-1.7398,77.0649,8.987815185700926,3.3481976403236944,35.99999938590621
11.42291,17.98707,43.05323,3265.23215,-1.74578,77.21637,9.15231422322905,3.409477860033088,35.99999938590621
11.43252,18.03057,42.90399,3260.51449,-1.74838,77.37061,9.319464192520876,3.4717456215746747,35.99999938590621
11.442,18.07402,42.75489,3255.70302,-1.74753,77.52767,9.488889897303032,3.534861154464612,35.99999938590621
11.45136,18.11744,42.60623,3250.79571,-1.7432,77.68759,9.660182968754006,3.59867233057206,35.99999938590621
11.46057,18.16083,42.45832,3245.79073,-1.73533,77.85042,9.832901841003409,3.6630146549919984,35.99999938590621
11.46966,18.20418,42.31146,3240.68652,-1.7239,78.01619,10.00657212377528,3.7277114048646744,35.99999938590621
11.4786,18.24748,42.16595,3235.48179,-1.70888,78.18491,10.180687412024856,3.792573930986593,35.99999938590621
11.4874,18.29075,42.02211,3230.17551,-1.69025,78.35661,10.354710568451752,3.85740213558043,35.99999938590621
11.49606,18.33398,41.88022,3224.76698,-1.66802,78.53129,10.528075509347815,3.9219851375703385,35.99999938590621
11.50458,18.37716,41.7406,3219.25582,-1.64219,78.70896,10.700189517198067,3.9861021340866536,35.99999938590621
11.51295,18.42029,41.60355,3213.642,-1.61279,78.88959,10.87043609490255,4.049523463738625,35.99999938590621
11.52117,18.46338,41.46936,3207.92582,-1.57987,79.07318,11.038178366375616,4.112011873427132,35.99999938590621
11.52924,18.50643,41.33832,3202.10798,-1.54345,79.2597,11.202763016819752,4.173323986200352,35.99999938590621
11.53716,18.54942,41.2107,3196.18956,-1.50362,79.4491,11.363524753352985,4.233211962954841,35.99999938590621
11.54493,18.59236,41.0868,3190.17201,-1.46046,79.64133,11.519791253224687,4.291425345776117,35.99999938590621
11.55253,18.63525,40.96687,3184.0572,-1.41405,79.83634,11.670888552792618,4.347713065474392,35.99999938590621
11.55998,18.67809,40.85116,3177.8474,-1.3645,80.03404,11.816146816506208,4.401825590682645,35.99999938590621
11.56727,18.72087,40.73993,3171.54527,-1.31194,80.23436,11.954906411413946,4.453517190770451,35.99999938590621
11.5744,18.7636,40.63339,3165.15388,-1.25651,80.43721,12.086524200141142,4.502548280143773,35.99999938590621
11.58136,18.80626,40.53178,3158.67667,-1.19836,80.64248,12.210379954069563,4.548687807323128,35.99999938590621
11.58817,18.84887,40.43528,3152.11749,-1.13766,80.85005,12.325882779304457,4.59171564878536,35.99999938590621
11.5948,18.89141,40.34408,3145.48052,-1.07458,81.05981,12.432477441429473,4.631424965101286,35.99999938590621
11.60127,18.93389,40.25836,3138.77032,-1.00933,81.27161,12.52965047125016,4.667624475485784,35.99999938590621
11.60757,18.97631,40.17826,3131.99175,-0.9421,81.48531,12.616935933402699,4.700140606756334,35.99999938590621
11.6137,19.01866,40.10391,3125.14998,-0.87311,81.70077,12.693920742577893,4.728819473766332,35.99999938590621
11.61966,19.06094,40.03543,3118.25045,-0.80258,81.91783,12.760249418688414,4.753528650830003,35.99999938590621
11.62545,19.10316,39.97291,3111.29883,-0.73076,82.13631,12.815628182250306,4.7741586973597725,35.99999938590621
11.63107,19.1453,39.91641,3104.30101,-0.65787,82.35606,12.85982830433214,4.790624405810459,35.99999938590621
11.63652,19.18737,39.86599,3097.26305,-0.58418,82.57689,12.892688641390487,4.8028657459721975,35.99999938590621
11.6418,19.22937,39.82168,3090.19113,-0.50993,82.79863,12.914117303461596,4.8108484864157175,35.99999938590621
11.64691,19.27129,39.78348,3083.09155,-0.43536,83.02109,12.92409242408567,4.8145644813094055,35.99999938590621
11.65184,19.31314,39.75139,3075.97064,-0.36075,83.2441,12.922662021064031,4.814031618547676,35.99999938590621
11.65661,19.35492,39.72537,3068.83478,-0.28635,83.46746,12.90994295822767,4.8092934329824475,35.99999938590621
11.66121,19.39661,39.70536,3061.69029,-0.2124,83.69101,12.886119038796195,4.800418396149176,35.99999938590621
11.66563,19.43823,39.69129,3054.54348,-0.13917,83.91455,12.851438280151795,4.787498901048459,35.99999938590621
11.66989,19.47977,39.68306,3047.40053,-0.06689,84.13792,12.806209437105798,4.770649966971344,35.99999938590621
11.67398,19.52123,39.68057,3040.26751,0.00419,84.36093,12.750797855692824,4.750007694928557,35.99999938590621
11.6779,19.5626,39.68368,3033.15034,0.07384,84.58343,12.68562075141385,4.725727508671814,35.99999938590621
11.68165,19.6039,39.69225,3026.05472,0.14183,84.80524,12.611142014817815,4.697982219636292,35.99999938590621
11.68524,19.64512,39.7061,3018.98618,0.20796,85.02621,12.527866652802683,4.666959956179012,35.99999938590621
11.68867,19.68625,39.72506,3011.94997,0.27201,85.24619,12.436334976370475,4.632861998364661,35.99999938590621
11.69194,19.7273,39.74893,3004.95111,0.3338,85.46505,12.337116644685901,4.595900559220736,35.99999938590621
11.69504,19.76827,39.77751,2997.99432,0.39314,85.68265,12.230804671551073,4.55629655199165,35.99999938590621
11.69799,19.80915,39.81057,2991.08404,0.44986,85.89886,12.11800949414589,4.514277380588486,35.99999938590621
11.70078,19.84995,39.84788,2984.2244,0.50382,86.11357,11.999353195339257,4.4700747872478965,35.99999938590621
11.70341,19.89067,39.88921,2977.41923,0.55487,86.32669,11.875463960918239,4.423922787704127,35.99999938590621
11.70589,19.93131,39.9343,2970.67202,0.60288,86.5381,11.746970841601094,4.3760557199010455,35.99999938590621
11.70822,19.97186,39.98289,2963.98597,0.64774,86.74774,11.614498877755274,4.326706427821336,35.99999938590621
11.7104,20.01233,40.03473,2957.36393,0.68935,86.95552,11.478664632339102,4.276104597389716,35.99999938590621
11.71243,20.05271,40.08954,2950.80846,0.72763,87.16138,11.340072165380379,4.224475256860319,35.99999938590621
11.71432,20.09302,40.14706,2944.32178,0.7625,87.36526,11.19930947155223,4.172037449719955,35.99999938590621
11.71606,20.13324,40.207,2937.90581,0.79391,87.56712,11.056945391413429,4.119003084043864,35.99999938590621
11.71767,20.17338,40.26909,2931.5622,0.82182,87.76692,10.913526996867486,4.06557595851043,35.99999938590621
11.71913,20.21344,40.33305,2925.29226,0.84618,87.96464,10.769577442569448,4.011950961993689,35.99999938590621
11.72045,20.25342,40.3986,2919.09707,0.86698,88.16025,10.62559426739878,3.9583134408172733,35.99999938590621
11.72164,20.29332,40.46546,2912.97741,0.88422,88.35374,10.482048123775595,3.9048387253912864,35.99999938590621
11.72269,20.33313,40.53336,2906.93382,0.89789,88.54512,10.339381907672493,3.8516918061188177,35.99999938590621
11.72362,20.37287,40.60203,2900.96658,0.90801,88.73439,10.198010258282734,3.79902714700917,35.99999938590621
11.72441,20.41253,40.67119,2895.07578,0.9146,88.92156,10.058319393827983,3.746988624511925,35.99999938590621
11.72508,20.45212,40.74058,2889.26126,0.91769,89.10665,9.920667248335983,3.6957095784702294,35.99999938590621
11.72562,20.49162,40.80993,2883.52267,0.91733,89.28968,9.785383873663253,3.6453129618848235,35.99999938590621
11.72604,20.53105,40.87899,2877.85947,0.91357,89.47069,9.652772071269204,3.5959115762665226,35.99999938590621
11.72633,20.5704,40.9475,2872.27095,0.90645,89.64972,9.523108219073801,3.5476083796624565,35.99999938590621
11.72651,20.60968,41.01522,2866.75623,0.89605,89.8268,9.396643260236326,3.500496855002167,35.99999938590621
11.72657,20.64888,41.08192,2861.31428,0.88244,90.00198,9.273603822520595,3.4546614270906137,35.99999938590621
11.72651,20.688,41.14735,2855.94394,0.86569,90.17532,9.154193439127926,3.410177917400566,35.99999938590621
11.72633,20.72706,41.21129,2850.64391,0.84588,90.34686,9.03859384423348,3.367114026693988,35.99999938590621
11.72605,20.76604,41.27353,2845.41278,0.8231,90.51668,8.926966319039968,3.3255298364624495,35.99999938590621
11.72565,20.80495,41.33385,2840.24904,0.79744,90.68482,8.81945306665082,3.28547832110357,35.99999938590621
11.72514,20.84378,41.39205,2835.15107,0.769,90.85135,8.716178596669062,3.2470058637205192,35.99999938590621
11.72452,20.88255,41.44794,2830.11716,0.73786,91.01634,8.617251102831354,3.210152769326955,35.99999938590621
11.72379,20.92124,41.50132,2825.14552,0.70414,91.17987,8.522763819399046,3.174953770138369,35.99999938590621
11.72296,20.95987,41.55203,2820.23431,0.66794,91.34199,8.432796344170608,3.1414385184290357,35.99999938590621
11.72202,20.99842,41.5999,2815.38157,0.62936,91.50279,8.347415918051599,3.109632063205491,35.99999938590621
11.72098,21.03691,41.64476,2810.58534,0.58851,91.66234,8.266678652962696,3.0795553076345787,35.99999938590621
11.71984,21.07533,41.68645,2805.84355,0.5455,91.82072,8.190630701541012,3.051225444787975,35.99999938590621
11.71859,21.11368,41.72485,2801.15412,0.50045,91.978,8.119309363538296,3.02465636980462,35.99999938590621
11.71725,21.15196,41.75981,2796.5149,0.45346,92.13427,8.05274412517019,2.99985906707567,35.99999938590621
11.7158,21.19018,41.79121,2791.92369,0.40466,92.2896,7.9909576287189905,2.976841971447035,35.99999938590621
11.71426,21.22832,41.81893,2787.37827,0.35415,92.44408,7.933966570687772,2.955611302805422,35.99999938590621
11.71261,21.26641,41.84286,2782.87638,0.30205,92.59779,7.881782527580182,2.9361713737030346,35.99999938590621
11.71088,21.30442,41.86291,2778.4157,0.24849,92.75081,7.834412709003103,2.9185248699081345,35.99999938590621
11.70904,21.34237,41.87898,2773.99392,0.19358,92.90322,7.79186063833541,2.902673103972057,35.99999938590621
11.70711,21.38026,41.891,2769.60866,0.13743,93.05511,7.754126761568378,2.8886162420382866,35.99999938590621
11.70508,21.41808,41.89889,2765.25754,0.08016,93.20656,7.7212089852453945,2.8763535042391535,35.99999938590621
11.70296,21.45583,41.90259,2760.93812,0.02191,93.35766,7.693103144595514,2.865883339087899,35.99999938590621
11.70075,21.49352,41.90204,2756.64795,-0.03722,93.5085,7.669803403100859,2.857203572328045,35.99999938590621
11.69844,21.53114,41.8972,2752.38457,-0.09711,93.65915,7.651302584783343,2.8503115307189435,35.99999938590621
11.69604,21.5687,41.88803,2748.14547,-0.15763,93.80971,7.6375924405022975,2.8452041412386473,35.99999938590621
11.69355,21.6062,41.87451,2743.92811,-0.21867,93.96026,7.628663849507895,2.8418780061678643,35.99999938590621
11.69096,21.64363,41.85661,2739.72996,-0.2801,94.11089,7.624506957426282,2.84032945449305,35.99999938590621
11.68828,21.681,41.83433,2735.54841,-0.3418,94.26169,7.62511125176312,2.8405545700334636,35.99999938590621
11.68551,21.7183,41.80765,2731.38089,-0.40366,94.41274,7.630465575895745,2.842549196653614,35.99999938590621
11.68265,21.75553,41.7766,2727.22474,-0.46554,94.56413,7.640558082428179,2.846308920886774,35.99999938590621
11.6797,21.7927,41.74118,2723.07733,-0.52734,94.71596,7.655376126668746,2.851829032252594,35.99999938590621
11.67665,21.82981,41.70142,2718.93599,-0.58892,94.8683,7.674906100895557,2.8591044615166292,35.99999938590621
11.67351,21.86685,41.65736,2714.798,-0.65017,95.02125,7.699133210040504,2.8681296971267285,35.99999938590621
11.67028,21.90383,41.60902,2710.66065,-0.71096,95.1749,7.728041189351035,2.8788986800346135,35.99999938590621
11.66696,21.94073,41.55647,2706.52121,-0.77118,95.32934,7.7616119646316335,2.8914046771268946,35.99999938590621
11.66354,21.97758,41.49976,2702.37691,-0.83071,95.48465,7.799825255664041,2.9056401334886663,35.99999938590621
11.66004,22.01435,41.43896,2698.22497,-0.88941,95.64092,7.842658123606579,2.921596503797845,35.99999938590621
11.65644,22.05106,41.37414,2694.06259,-0.94718,95.79825,7.890084463234223,2.9392640631712386,35.99999938590621
11.65274,22.0877,41.30538,2689.88697,-1.00388,95.95673,7.942074441227224,2.958631697912281,35.99999938590621
11.64895,22.12427,41.23279,2685.69527,-1.05941,96.11644,7.998593881976875,2.9796866767075136,35.99999938590621
11.64507,22.16078,41.15645,2681.48467,-1.11364,96.27748,8.059603602782923,3.002414402970132,35.99999938590621
11.6411,22.19721,41.07648,2677.25233,-1.16646,96.43993,8.12505870086477,3.0267981492329006,35.99999938590621
11.63702,22.23358,40.99299,2672.9954,-1.21773,96.60388,8.194907795153682,3.0528187746957998,35.99999938590621
11.63286,22.26987,40.9061,2668.71103,-1.26736,96.76943,8.269092226534346,3.0804544272949608,35.99999938590621
11.62859,22.30609,40.81595,2664.39639,-1.31521,96.93666,8.347545221030511,3.1096802319673014,35.99999938590621
11.62423,22.34224,40.72268,2660.04866,-1.36119,97.10565,8.430191021275355,3.140467967100383,35.99999938590621
11.61982,22.37832,40.62825,2655.6588,-1.35286,97.11541,8.514725537435954,3.1719592986071903,0.0
11.61542,22.41434,40.53464,2651.21941,-1.34194,97.12515,8.59874641768616,3.203259287222801,0.0
11.61101,22.4503,40.44204,2646.73018,-1.32844,97.13488,8.681994495217987,3.2342713864921544,0.0
11.60661,22.4862,40.35062,2642.19097,-1.31238,97.14459,8.76421053899126,3.2648990260320025,0.0
11.6022,22.52204,40.26055,2637.60177,-1.29379,97.15428,8.845131632434718,3.2950442625018006,0.0
11.5978,22.55781,40.17201,2632.96276,-1.2727,97.16396,8.924492498822751,3.3246082733414086,0.0
11.5934,22.59352,40.08517,2628.27424,-1.24918,97.17363,9.00202693486066,3.3534918908193205,0.0
11.589,22.62917,40.00017,2623.5367,-1.22326,97.18327,9.0774693418313,3.3815961724250774,0.0
11.58461,22.66474,39.91719,2618.75079,-1.19503,97.19291,9.150556341242948,3.4088230027406072,0.0
11.58021,22.70026,39.83638,2613.9173,-1.16454,97.20252,9.221028459632102,3.4350757210735963,0.0
11.57582,22.73571,39.75787,2609.03722,-1.13189,97.21212,9.288631865017445,3.4602597683322855,0.0
11.57143,22.77109,39.68181,2604.11168,-1.09717,97.2217,9.353120135584373,3.4842833459069844,0.0
11.56705,22.8064,39.60832,2599.14196,-1.06047,97.23127,9.414256039532674,3.507058078710171,0.0
11.56266,22.84164,39.53753,2594.12953,-1.0219,97.24082,9.47181330365405,3.528499674018147,0.0
11.55828,22.87682,39.46956,2589.07596,-0.98158,97.25035,9.525578347408281,3.5485285674600386,0.0
11.5539,22.91193,39.40451,2583.98302,-0.93963,97.25987,9.575351958705353,3.5670705472907294,0.0
11.54953,22.94696,39.34247,2578.85259,-0.89618,97.26937,9.620950887676369,3.5840573481124607,0.0
11.54515,22.98193,39.28353,2573.68668,-0.85136,97.27886,9.662209335262709,3.5994272054134635,0.0
11.54078,23.01682,39.22777,2568.48742,-0.80533,97.28833,9.698980314440961,3.613125362660053,0.0
11.53642,23.05165,39.17525,2563.25708,-0.75821,97.29778,9.73113686351918,3.6251045232814167,0.0
11.53205,23.0864,39.12603,2557.998,-0.71018,97.30721,9.758573092939438,3.635325240631105,0.0
11.52769,23.12108,39.08014,2552.71264,-0.66138,97.31663,9.78120504950752,3.643756239935332,0.0
11.52334,23.15569,39.03764,2547.40351,-0.61197,97.32603,9.798971384800783,3.6503746672924873,0.0
11.51898,23.19022,38.99853,2542.07323,-0.56212,97.33542,9.811833817764896,3.655166262002598,0.0
11.51463,23.22468,38.96282,2536.72443,-0.51198,97.34479,9.819777384827388,3.6581254497412057,0.0
11.51029,23.25907,38.93052,2531.35981,-0.46173,97.35414,9.822810474495617,3.6592553554480127,0.0
11.50595,23.29338,38.90162,2525.98211,-0.41152,97.36347,9.820964646983395,3.6585677361330653,0.0
11.50161,23.32762,38.87609,2520.59406,-0.36153,97.37279,9.81429424303903,3.6560828351548986,0.0
11.49727,23.36179,38.85389,2515.19842,-0.31192,97.38209,9.802875789544277,3.6518291607905105,0.0
11.49294,23.39588,38.83499,2509.79794,-0.26284,97.39137,9.786807212761051,3.6458431931490582,0.0
11.48861,23.4299,38.81933,2504.39532,-0.21447,97.40064,9.766206872969457,3.638169024549128,0.0
11.48429,23.46384,38.80684,2498.99327,-0.16694,97.40989,9.741212436895166,3.6288579394682623,0.0
11.47997,23.49771,38.79746,2493.59443,-0.12042,97.41912,9.711979606440035,3.6179679409616656,0.0
11.47566,23.5315,38.79109,2488.2014,-0.07505,97.42834,9.678680723950464,3.6055632310879715,0.0
11.47134,23.56522,38.78765,2482.81671,-0.03097,97.43754,9.641503275507937,3.59171365334559,0.0
11.46704,23.59887,38.78703,2477.44281,0.01168,97.44672,9.600648314438299,3.5764941053884285,0.0
11.46273,23.63244,38.78913,2472.08209,0.05277,97.45589,9.556328827522412,3.559983930396378,0.0
11.45844,23.66594,38.79382,2466.73681,0.09218,97.46504,9.508768066177323,3.542266295396387,0.0
11.45414,23.69936,38.80099,2461.40919,0.12979,97.47417,9.458197864250637,3.523427564596604,0.0
11.44985,23.73271,38.8105,2456.10129,0.1655,97.48328,9.404856963064475,3.5035566754211818,0.0
11.44556,23.76599,38.82223,2450.8151,0.19921,97.49238,9.348989362982724,3.4827445244257023,0.0
11.44128,23.7992,38.83602,2445.55248,0.23083,97.50146,9.290842719162866,3.461083369672528,0.0
11.437,23.83233,38.85174,2440.31518,0.26026,97.51052,9.230666797285503,3.438666255449415,0.0
11.43273,23.86539,38.86922,2435.10482,0.28744,97.51957,9.168712003063082,3.4155864644728187,0.0
11.42846,23.89838,38.88833,2429.92291,0.3123,97.5286,9.105227997224432,3.3919370019332,0.0
11.42419,23.93129,38.90891,2424.77083,0.33477,97.53761,9.04046240549972,3.3678101149304673,0.0
11.41993,23.96414,38.93078,2419.64984,0.35482,97.54661,8.974659631017008,3.343296850060458,0.0
11.41567,23.99691,38.9538,2414.56108,0.3724,97.55559,8.908059774408008,3.3184866511259155,0.0
11.41141,24.02962,38.97781,2409.50556,0.38747,97.56455,8.840897664940673,3.293466998207879,0.0
11.40716,24.06225,39.00263,2404.48416,0.4,97.5735,8.77340200415179,3.268323088646303,0.0
11.40291,24.09482,39.02811,2399.49767,0.40999,97.58243,8.705794621688163,3.24313755982131,0.0
11.39867,24.12732,39.05409,2394.54671,0.41743,97.59134,8.638289841582484,3.2179902530742837,0.0
11.39443,24.15975,39.0804,2389.63185,0.4223,97.60024,8.57109395582645,3.1929580175999996,0.0
11.3902,24.19211,39.10687,2384.75348,0.42462,97.60912,8.504404800918794,3.1681145526996266,0.0
11.38597,24.2244,39.13336,2379.91193,0.42439,97.61798,8.43841143211491,3.1435302864301438,0.0
11.38174,24.25663,39.15971,2375.1074,0.42165,97.62683,8.373293889347355,3.119272288403563,0.0
11.37751,24.28879,39.18575,2370.33999,0.41641,97.63566,8.30922304814022,3.0954042142486142,0.0
11.37329,24.32089,39.21134,2365.60969,0.4087,97.64448,8.24636054846973,3.0719862791094457,0.0
11.36907,24.35292,39.23632,2360.91641,0.39857,97.65327,8.184858794192452,3.049075257432613,0.0
11.36486,24.38488,39.26056,2356.25996,0.38606,97.66206,8.124861015582768,3.0267245062639425,0.0
11.36065,24.41679,39.2839,2351.64007,0.37121,97.67082,8.066501387471602,3.0049840092583024,0.0
11.35644,24.44863,39.30622,2347.05635,0.35409,97.67957,8.0099051956179,2.983900438657369,0.0
11.35224,24.4804,39.32737,2342.50838,0.33475,97.6883,7.955189044084105,2.963517232542438,0.0
11.34804,24.51211,39.34724,2337.99561,0.31325,97.69702,7.90246109672144,2.9438746847940536,0.0
11.34384,24.54377,39.36568,2333.51745,0.28967,97.70572,7.851821346126486,2.9250100452854046,0.0
11.33965,24.57536,39.38259,2329.07324,0.26408,97.71441,7.8033619038476,2.906957627991856,0.0
11.33546,24.60688,39.39785,2324.66222,0.23654,97.72308,7.757167306020214,2.8897489248481345,0.0
11.33127,24.63835,39.41134,2320.28359,0.20715,97.73173,7.71331482901844,2.873412723336862,0.0
11.32709,24.66976,39.42298,2315.93648,0.17598,97.74037,7.671874810145107,2.857975225954027,0.0
11.32291,24.70111,39.43265,2311.61998,0.14312,97.74899,7.632910968854689,2.8434601698729804,0.0
11.31873,24.7324,39.44027,2307.33309,0.10866,97.7576,7.596480724407821,2.8298889452791025,0.0
11.31456,24.76362,39.44575,2303.07478,0.07269,97.76619,7.562635506271269,2.817280711001952,0.0
11.31039,24.7948,39.44901,2298.84397,0.0353,97.77476,7.531421054044895,2.8056525062459605,0.0
11.30622,24.82591,39.44998,2294.63952,-0.00341,97.78332,7.502877704006126,2.7950193573357804,0.0
11.30206,24.85696,39.44858,2290.46025,-0.04335,97.79186,7.477040659801792,2.7853943785561186,0.0
11.29789,24.88796,39.44476,2286.30494,-0.08441,97.80039,7.453940245130581,2.776788866282602,0.0
11.29374,24.9189,39.43846,2282.17233,-0.1265,97.8089,7.43360213659909,2.7692123857267803,0.0
11.28958,24.94978,39.42963,2278.06111,-0.16951,97.8174,7.416047575221794,2.76267284972543,0.0
11.28543,24.98061,39.41823,2273.96995,-0.21334,97.82588,7.401293555345665,2.7571765891199447,0.0
11.28128,25.01138,39.40422,2269.89748,-0.25789,97.83435,7.389352990001556,2.752728414354082,0.0
11.27713,25.04209,39.38757,2265.84227,-0.30304,97.8428,7.380234851979098,2.749331668028066,0.0
11.27299,25.07275,39.36826,2261.80291,-0.3487,97.85124,7.373944290097307,2.746988268212454,0.0
11.26885,25.10335,39.34627,2257.77792,-0.39476,97.85966,7.370482720389522,2.7456987424169235,0.0
11.26471,25.1339,39.32159,2253.76581,-0.44111,97.86806,7.369847892102739,2.7454622521767593,0.0
11.26057,25.16439,39.29421,2249.76506,-0.48764,97.87645,7.372033928625656,2.746276608299629,0.0
11.25644,25.19483,39.26415,2245.77413,-0.53425,97.88482,7.377031343617426,2.748138276873965,0.0
11.25231,25.22521,39.2314,2241.79147,-0.58082,97.89318,7.3848270327989685,2.7510423762110165,0.0
11.24819,25.25553,39.19598,2237.81548,-0.62726,97.90153,7.3954042420641795,2.754982664965433,0.0
11.24407,25.28581,39.15791,2233.84457,-0.67344,97.90986,7.408742512720665,2.7599515217359967,0.0
11.23995,25.31602,39.11722,2229.87713,-0.71927,97.91817,7.4248176048778385,2.765939916525674,0.0
11.23583,25.34618,39.07395,2225.91154,-0.76464,97.92647,7.443601400157467,2.7729373744987345,0.0
11.23172,25.37629,39.02812,2221.94615,-0.80944,97.93475,7.465061785129763,2.7809319325576265,0.0
11.2276,25.40634,38.97979,2217.97933,-0.85357,97.94302,7.489162517044911,2.78991008932444,0.0
11.2235,25.43634,38.92901,2214.00942,-0.89693,97.95127,7.515863073660512,2.7998567491976774,0.0
11.21939,25.46628,38.87584,2210.03479,-0.9394,97.95951,7.54511848917354,2.8107551612325894,0.0
11.21529,25.49617,38.82034,2206.05377,-0.9809,97.96774,7.576879178495144,2.8225868536789176,0.0
11.21119,25.526,38.76257,2202.06472,-1.02131,97.97595,7.611090752329801,2.83533156509301,0.0
11.2071,25.55578,38.70261,2198.06601,-1.06055,97.98414,7.647693825777165,2.8489671730369786,0.0
11.20301,25.5855,38.64054,2194.05599,-1.09851,97.99232,7.686623823390993,2.8634696214580138,0.0
11.19892,25.61516,38.57645,2190.03307,-1.1351,98.00048,7.72781078391698,2.878812847948096,0.0
11.19484,25.64477,38.51042,2185.99563,-1.17023,98.00863,7.771179168115647,2.8949687121529633,0.0
11.19075,25.67433,38.44255,2181.9421,-1.20382,98.01677,7.816647673386435,2.911906926714706,0.0
11.18668,25.70383,38.37293,2177.87092,-1.23577,98.02489,7.864129059047592,2.929594992183934,0.0
11.1826,25.73327,38.30168,2173.78058,-1.266,98.03299,7.913529986443591,2.9479981374555715,0.0
11.17853,25.76265,38.22889,2169.66958,-1.29444,98.04108,7.964750878119263,2.9670792673075295,0.0
11.17447,25.79198,38.15467,2165.53646,-1.321,98.04916,8.017685800560038,2.9867989187183523,0.0
11.1704,25.82125,38.07915,2161.37982,-1.34562,98.05722,8.072222375048966,3.0071152276591127,0.0
11.16634,25.85047,38.00244,2157.1983,-1.36822,98.06526,8.12824172129457,3.0279839080933093,0.0
11.16229,25.87963,37.92467,2152.99057,-1.38875,98.07329,8.185618438499494,3.0493582449244316,0.0
11.15824,25.90873,37.84595,2148.75538,-1.40715,98.08131,8.244220628490433,3.0711891026124736,0.0
11.15419,25.93777,37.76641,2144.49155,-1.42336,98.08931,8.30390996542473,3.093424951141474,0.0
11.15014,25.96675,37.68618,2140.19793,-1.43733,98.0973,8.364541816388552,3.11601191094551,0.0
11.14611,25.99567,37.6054,2135.87347,-1.44903,98.10527,8.425965416963908,3.138893818312028,0.0
11.14207,26.02453,37.5242,2131.51719,-1.45841,98.11323,8.488024105404325,3.1620123126184483,0.0
11.13804,26.05334,37.4427,2127.12819,-1.46545,98.12117,8.550555618679693,3.185306946616659,0.0
11.13401,26.08208,37.36104,2122.70565,-1.47012,98.1291,8.61339245306449,3.2087153207616126,0.0
11.12999,26.11076,37.27936,2118.24885,-1.4724,98.13701,8.67636229125471,3.232173242323628,0.0
11.12597,26.13939,37.1978,2113.75714,-1.47228,98.14491,8.739288497330344,3.2556149097749296,0.0
11.12196,26.16795,37.11648,2109.23001,-1.46977,98.15279,8.80199067994007,3.2789731225907683,0.0
11.11795,26.19644,37.03554,2104.667,-1.46485,98.16066,8.864285323271734,3.3021795163025254,0.0
11.11395,26.22488,36.95511,2100.06781,-1.45755,98.16851,8.925986484276839,3.3251648222321792,0.0
11.10995,26.25325,36.87533,2095.43219,-1.44789,98.17635,8.986906553606504,3.3478591509609723,0.0
11.10596,26.28156,36.79632,2090.76006,-1.43588,98.18418,9.046857076646441,3.370192298186545,0.0
11.10197,26.30981,36.7182,2086.0514,-1.42157,98.19199,9.105649629838249,3.3920940711756677,0.0
11.09799,26.33799,36.6411,2081.30634,-1.40499,98.19978,9.163096746415967,3.413494633625474,0.0
11.09401,26.3661,36.56514,2076.52512,-1.3862,98.20756,9.219012884546679,3.4343248663213046,0.0
11.09004,26.39415,36.49044,2071.70808,-1.36526,98.21533,9.273215429837329,3.45451674059687,0.0
11.08607,26.42214,36.4171,2066.85569,-1.34222,98.22308,9.325525723139908,3.474003701218733,0.0
11.08211,26.45006,36.34523,2061.96854,-1.31717,98.23082,9.375770103773123,3.492721055013824,0.0
11.07815,26.47791,36.27494,2057.04731,-1.29018,98.23854,9.423780957466963,3.510606361256368,0.0
11.0742,26.5057,36.20631,2052.09284,-1.26134,98.24624,9.469397757775006,3.5275998196213654,0.0
11.07026,26.53341,36.13945,2047.10603,-1.23074,98.25394,9.51246808925592,3.5436446513466313,0.0
11.06632,26.56106,36.07443,2042.08792,-1.1985,98.26161,9.552848640502187,3.558687469162113,0.0
11.06239,26.58864,36.01133,2037.03964,-1.16471,98.26928,9.590406155067509,3.572678631535378,0.0
11.05846,26.61616,35.95023,2031.96242,-1.12949,98.27692,9.62501832853544,3.5855725768532745,0.0
11.05454,26.6436,35.89119,2026.8576,-1.09296,98.28456,9.656574640407653,3.5973281333222107,0.0
11.05063,26.67097,35.83427,2021.72659,-1.05524,98.29217,9.684977110082682,3.607908800590113,0.0
11.04672,26.69828,35.77951,2016.57089,-1.01647,98.29978,9.710140967121829,3.6172829994381215,0.0
11.04282,26.72551,35.72696,2011.39207,-0.97677,98.30736,9.73199522697557,3.6254242862538235,0.0
11.03893,26.75267,35.67665,2006.1918,-0.9363,98.31494,9.75048316461927,3.6323115294730184,0.0
11.03504,26.77977,35.62862,2000.97178,-0.89518,98.32249,9.76556267991674,3.637929045687252,0.0
11.03116,26.80679,35.58288,1995.73377,-0.85356,98.33004,9.77720655007825,3.642266693691077,0.0
11.02728,26.83374,35.53943,1990.4796,-0.81159,98.33756,9.785402566114971,3.6453199253149164,0.0
11.02341,26.86062,35.49829,1985.21111,-0.76941,98.34508,9.790153551946522,3.647089792543129,0.0
11.01955,26.88742,35.45946,1979.9302,-0.72716,98.35257,9.79147726643834,3.647582911020356,0.0
11.0157,26.91416,35.42291,1974.63876,-0.68501,98.36006,9.789406190335361,3.6468113806787046,0.0
11.01185,26.94082,35.38862,1969.33874,-0.64309,98.36753,9.783987201681034,3.6447926648227944,0.0
11.00801,26.96741,35.35659,1964.03205,-0.60155,98.37498,9.775281144830624,3.6415494295758744,0.0
11.00417,26.99393,35.32675,1958.72063,-0.56052,98.38242,9.763362299540086,3.637109346101456,0.0
11.00035,27.02038,35.29908,1953.4064,-0.52017,98.38984,9.74831775793245,3.631504858506898,0.0
10.99653,27.04675,35.27353,1948.09127,-0.48061,98.39724,9.7302467181488,3.6247729207098156,0.0
10.99271,27.07305,35.25004,1942.77712,-0.442,98.40464,9.709259704437217,3.6169547059006866,0.0
10.98891,27.09928,35.22855,1937.4658,-0.40445,98.41201,9.68547772409339,3.6080952924810488,0.0
10.98511,27.12544,35.20899,1932.15912,-0.36809,98.41938,9.659031372164916,3.5982433305422936,0.0
10.98132,27.15152,35.19129,1926.85885,-0.33305,98.42672,9.630059895065003,3.5874506930371375,0.0
10.97753,27.17753,35.17536,1921.56671,-0.29944,98.43405,9.598710224360014,3.5757721158400484,0.0
10.97376,27.20347,35.16113,1916.28437,-0.26737,98.44137,9.565135991811887,3.5632648308246466,0.0
10.96999,27.22934,35.1485,1911.01342,-0.23694,98.44867,9.529496536469283,3.549988195979019,0.0
10.96622,27.25513,35.13739,1905.75541,-0.20826,98.45596,9.491955914124715,3.536003326402447,0.0
10.96247,27.28086,35.12769,1900.51181,-0.18141,98.46323,9.452681918810535,3.5213727297869073,0.0
10.95872,27.30651,35.1193,1895.28402,-0.15647,98.47048,9.411845125289865,3.5061599497197538,0.0
10.95498,27.33209,35.11213,1890.07335,-0.13353,98.47772,9.369617960634082,3.490429219821903,0.0
10.95124,27.3576,35.10605,1884.88106,-0.11266,98.48495,9.32617381208167,3.4742451314017857,0.0
10.94751,27.38304,35.10097,1879.7083,-0.0939,98.49216,9.281686177390027,3.457672316939032,0.0
10.94379,27.40841,35.09677,1874.55615,-0.07733,98.49935,9.236327862904155,3.4407751513439644,0.0
10.94008,27.43371,35.09334,1869.42563,-0.06298,98.50653,9.190270233578067,3.423617472570835,0.0
10.93637,27.45893,35.09057,1864.31764,-0.0509,98.51369,9.143682518177902,3.406262322787707,0.0
10.93267,27.48409,35.08834,1859.233,-0.04111,98.52084,9.096731171962023,3.388771710958024,0.0
10.92898,27.50918,35.08653,1854.17248,-0.03365,98.52797,9.049579298221412,3.371206397349181,0.0
10.9253,27.5342,35.08503,1849.13671,-0.02852,98.53509,9.002386129184298,3.353625700155847,0.0
10.92162,27.55915,35.08373,1844.12629,-0.02574,98.54219,8.955306566070158,3.336087324157972,0.0
10.91795,27.58404,35.08251,1839.14171,-0.02532,98.54928,8.908490777295887,3.318647211042018,0.0
10.91428,27.60885,35.08126,1834.18337,-0.02724,98.55635,8.862083853283776,3.30135941080785,0.0
10.91062,27.6336,35.07986,1829.25159,-0.0315,98.56341,8.816225515703753,3.28427597345381,0.0
10.90697,27.65828,35.0782,1824.34664,-0.03808,98.57045,8.771049878587975,3.2674468599856334,0.0
10.90333,27.6829,35.07618,1819.46867,-0.04695,98.57748,8.726685258328612,3.2509198716356082,0.0
10.89969,27.70744,35.07369,1814.61779,-0.05808,98.58449,8.683254029292321,3.2347405960751794,0.0
10.89606,27.73192,35.07063,1809.794,-0.07145,98.59149,8.640872521555348,3.218952369318575,0.0
10.89244,27.75634,35.06689,1804.99725,-0.087,98.59847,8.599650957087434,3.20359625194964,0.0
10.88882,27.78069,35.06238,1800.22741,-0.10468,98.60543,8.559693420665171,3.1887110182862894,0.0
10.88521,27.80498,35.05699,1795.48429,-0.12446,98.61238,8.521097861704227,3.174333157063064,0.0
10.88161,27.8292,35.05065,1790.76762,-0.14625,98.61932,8.483956123267713,3.160496882237509,0.0
10.87801,27.85335,35.04325,1786.07707,-0.17002,98.62624,8.44835399454404,3.147234152539556,0.0
10.87442,27.87744,35.03472,1781.41225,-0.19568,98.63314,8.414371283190878,3.1345746984215546,0.0
10.87083,27.90147,35.02497,1776.77271,-0.22317,98.64003,8.382081904096156,3.122546055124076,0.0
10.86726,27.92544,35.01393,1772.15794,-0.2524,98.64691,8.351553981244892,3.111173600623987,0.0
10.86369,27.94934,35.00153,1767.56737,-0.28331,98.65377,8.32284995959191,3.100480597309988,0.0
10.86012,27.97318,34.98769,1763.00038,-0.31581,98.66061,8.29602672400387,3.090488236291639,0.0
10.85656,27.99696,34.97235,1758.45629,-0.3498,98.66744,8.27113572259832,3.0812156833464086,0.0
10.85301,28.02068,34.95546,1753.93439,-0.38521,98.67426,8.248223091993259,3.072680125578429,0.0
10.84946,28.04433,34.93696,1749.43391,-0.42193,98.68106,8.227329782203762,3.064896817945775,0.0
10.84593,28.06792,34.9168,1744.95402,-0.45988,98.68784,8.208491679208834,3.0578791289198444,0.0
10.84239,28.09146,34.89493,1740.49388,-0.49896,98.69461,8.19173972336091,3.0516385845960072,0.0
10.83887,28.11493,34.87132,1736.05257,-0.53907,98.70137,8.177100022110533,3.0461849106865193,0.0
10.83535,28.13834,34.84592,1731.62918,-0.5801,98.70811,8.16459395571405,3.0415260718994186,0.0
10.83183,28.16169,34.81871,1727.22271,-0.62195,98.71483,8.154238274807318,3.0376683082872975,0.0
10.82832,28.18498,34.78967,1722.83216,-0.66452,98.72154,8.146045188985614,3.034616168245651,0.0
10.82482,28.20821,34.75876,1718.45649,-0.70771,98.72824,8.140022445676347,3.0323725378950352,0.0
10.82133,28.23138,34.72598,1714.09463,-0.7514,98.73492,8.13617339888017,3.030938666688942,0.0
10.81784,28.25449,34.69132,1709.74548,-0.79549,98.74159,8.134497067482785,3.0303141891364835,0.0
10.81435,28.27754,34.65477,1705.40791,-0.83987,98.74824,8.134988183087927,3.030497142621428,0.0
10.81088,28.30053,34.61633,1701.08077,-0.88443,98.75487,8.137637227482173,3.0314839813588375,0.0
10.80741,28.32346,34.576,1696.7629,-0.92906,98.76149,8.142430460046814,3.0332695866067056,0.0
10.80394,28.34634,34.5338,1692.45311,-0.97366,98.7681,8.149349935591209,3.035847273309352,0.0
10.80049,28.36915,34.48973,1688.15019,-1.01811,98.77469,8.158373513281997,3.0392087934237884,0.0
10.79703,28.39191,34.44382,1683.85293,-1.06231,98.78127,8.169474857494997,3.043344336237076,0.0
10.79359,28.4146,34.39608,1679.56008,-1.10615,98.78783,8.182623431577545,3.04824252604263,0.0
10.79015,28.43724,34.34656,1675.27042,-1.14952,98.79438,8.197784485689445,3.053890417610656,0.0
10.78672,28.45982,34.29527,1670.9827,-1.19232,98.80092,8.21491904002115,3.0602734899364723,0.0
10.78329,28.48234,34.24226,1666.69567,-1.23445,98.80744,8.233983864845364,3.0673756388092235,0.0
10.77987,28.5048,34.18756,1662.40807,-1.2758,98.81394,8.254931459007494,3.075179168798991,0.0
10.77646,28.52721,34.13123,1658.11867,-1.31627,98.82043,8.277710028554424,3.0836647852954577,0.0
10.77305,28.54955,34.07331,1653.82621,-1.35576,98.82691,8.302263467367688,3.0928115872932556,0.0
10.76965,28.57184,34.01386,1649.52947,-1.39419,98.83337,8.328531341747576,3.1025970616491345,0.0
10.76625,28.59407,33.95293,1645.22722,-1.43144,98.83982,8.356448880990428,3.1129970795717634,0.0
10.76286,28.61623,33.89059,1640.91825,-1.46745,98.84625,8.385946976091867,3.123985896138643,0.0
10.75948,28.63834,33.82689,1636.60136,-1.50211,98.85267,8.416952188758632,3.135536153653256,0.0
10.75611,28.66039,33.7619,1632.27538,-1.53535,98.85908,8.449386772965067,3.147618889675425,0.0
10.75274,28.68239,33.69571,1627.93917,-1.56708,98.86547,8.48316871129625,3.160203550560083,0.0
10.74938,28.70432,33.62837,1623.59161,-1.59722,98.87185,8.518211768315277,3.1732580113379925,0.0
10.74602,28.72619,33.55997,1619.2316,-1.62572,98.87821,8.554425563169167,3.186748602763355,0.0
10.74267,28.748,33.49058,1614.85808,-1.65249,98.88456,8.591715663562137,3.2006401463213283,0.0
10.73933,28.76976,33.42029,1610.47004,-1.67747,98.89089,8.629983703142955,3.2148959979579037,0.0
10.736,28.79145,33.34918,1606.0665,-1.70061,98.89721,8.669127524212476,3.2294781012422185,0.0
10.73267,28.81308,33.27733,1601.64651,-1.72185,98.90352,8.709041347489768,3.2443470506089054,0.0
10.72935,28.83466,33.20483,1597.2092,-1.74115,98.90981,8.749615970471654,3.25946216525224,0.0
10.72603,28.85617,33.13177,1592.75373,-1.75846,98.91609,8.790738995669537,3.274781574150364,0.0
10.72272,28.87762,33.05824,1588.2793,-1.77375,98.92236,8.832295089728285,3.290262312593889,0.0
10.71942,28.89901,32.98432,1583.7852,-1.78698,98.92861,8.87416627413171,3.3058604304813297,0.0
10.71613,28.92034,32.9101,1579.27075,-1.79813,98.93485,8.916232247790969,3.3215311124917846,0.0
10.71284,28.94161,32.83568,1574.73535,-1.80719,98.94107,8.958370741506025,3.33722881013114,0.0
10.70956,28.96281,32.76115,1570.17846,-1.81413,98.94728,9.000457903791395,3.352907385462327,0.0
10.70629,28.98396,32.68659,1565.5996,-1.81896,98.95348,9.042368717186077,3.368520266191714,0.0
10.70303,29.00504,32.61209,1560.99837,-1.82168,98.95966,9.083977443661684,3.3840206115953606,0.0
10.69977,29.02606,32.53775,1556.37444,-1.8223,98.96583,9.12515809730351,3.399361488605149,0.0
10.69652,29.04701,32.46364,1551.72755,-1.82083,98.97199,9.165784941940036,3.414496057188872,0.0
10.69328,29.06791,32.38986,1547.05752,-1.8173,98.97813,9.205733010948904,3.4293777639916305,0.0
10.69004,29.08874,32.31649,1542.36423,-1.81173,98.98426,9.244878645979338,3.443960543024113,0.0
10.68681,29.1095,32.2436,1537.64766,-1.80416,98.99037,9.283100050916115,3.4581990220287517,0.0
10.68359,29.1302,32.17128,1532.90785,-1.79463,98.99648,9.32027785699805,3.472048733001223,0.0
10.68038,29.15084,32.09961,1528.14493,-1.7832,99.00256,9.356295694619229,3.4854663252014553,0.0
10.67718,29.17142,32.02865,1523.3591,-1.76993,99.00864,9.391040767044867,3.4984097788778814,0.0
10.67398,29.19192,31.95848,1518.55065,-1.75487,99.0147,9.42440442099457,3.510838617824713,0.0
10.67079,29.21237,31.88916,1513.71991,-1.73809,99.02075,9.456282708875973,3.5227141188287714,0.0
10.66761,29.23275,31.82076,1508.86734,-1.71968,99.02678,9.486576937288426,3.5339995160015314,0.0
10.66444,29.25306,31.75334,1503.99343,-1.69972,99.03281,9.515194196435418,3.5446601979991907,0.0
10.66128,29.2733,31.68695,1499.09876,-1.6783,99.03881,9.542047865044788,3.5546638961187256,0.0
10.65812,29.29348,31.62164,1494.18397,-1.6555,99.04481,9.567058085592171,3.5639808613311335,0.0
10.65497,29.3136,31.55746,1489.24979,-1.63143,99.05079,9.590152204795597,3.572584028377256,0.0
10.65183,29.33364,31.49446,1484.29698,-1.60619,99.05676,9.611265174637394,3.580449165158995,0.0
10.6487,29.35362,31.43266,1479.32639,-1.5799,99.06271,9.630339909560815,3.587555005804452,0.0
10.64558,29.37353,31.37211,1474.33892,-1.55266,99.06866,9.647327595940515,3.5938833659538196,0.0
10.64247,29.39338,31.31283,1469.33552,-1.52459,99.07458,9.662187950407054,3.5994192389920627,0.0
10.63936,29.41316,31.25484,1464.31719,-1.49581,99.0805,9.674889424236,3.6041508721892335,0.0
10.63626,29.43287,31.19816,1459.28497,-1.46645,99.0864,9.685409351590128,3.6080698219245946,0.0
10.63318,29.45251,31.1428,1454.23996,-1.43662,99.09229,9.693734040073728,3.6111709874204725,0.0
10.6301,29.47208,31.08878,1449.18328,-1.40646,99.09817,9.699858802786261,3.613452622683096,0.0
10.62703,29.49159,31.03609,1444.1161,-1.37609,99.10403,9.703787931701987,3.6149163265858077,0.0
10.62396,29.51102,30.98474,1439.03959,-1.34563,99.10988,9.705534612912116,3.61556701129453,0.0
10.62091,29.53039,30.93471,1433.95496,-1.31523,99.11571,9.705120785016607,3.615412849514985,0.0
10.61787,29.54969,30.88599,1428.86345,-1.285,99.12153,9.702576942490543,3.6144652012415017,0.0
10.61483,29.56892,30.83857,1423.7663,-1.25508,99.12734,9.697941886569996,3.6127385209554372,0.0
10.6118,29.58808,30.79243,1418.66475,-1.22558,99.13314,9.691262426712084,3.610250246411198,0.0
10.60878,29.60717,30.74753,1413.56005,-1.19665,99.13892,9.682593036206558,3.607020670342498,0.0
10.60578,29.6262,30.70386,1408.45347,-1.16839,99.14469,9.671995465961029,3.6030727965871834,0.0
10.60278,29.64515,30.66136,1403.34623,-1.14093,99.15044,9.659538320846758,3.598432182264902,0.0
10.59978,29.66404,30.62001,1398.23959,-1.11438,99.15619,9.645296603257702,3.5931267677408374,0.0
10.5968,29.68285,30.57977,1393.13476,-1.08886,99.16191,9.629351228804145,3.5871866962088346,0.0
10.59383,29.7016,30.54058,1388.03294,-1.06448,99.16763,9.611788519121435,3.580644124749323,0.0
10.59087,29.72028,30.50239,1382.93532,-1.04134,99.17333,9.592699676887108,3.573533028759368,0.0
10.58791,29.73889,30.46516,1377.84305,-1.01954,99.17902,9.572180248062885,3.5658890016236806,0.0
10.58496,29.75743,30.42882,1372.75725,-0.99917,99.18469,9.550329576332407,3.5577490514783023,0.0
10.58203,29.7759,30.39332,1367.67903,-0.98033,99.19035,9.527250254493893,3.549151396839952,0.0
10.5791,29.7943,30.3586,1362.60943,-0.96311,99.196,9.503047577397588,3.540135262810818,0.0
10.57618,29.81264,30.32459,1357.54947,-0.94757,99.20163,9.477829000681673,3.5307406794434515,0.0
10.57327,29.8309,30.29123,1352.50013,-0.93379,99.20725,9.45170360932027,3.521008283760912,0.0
10.57037,29.8491,30.25844,1347.46235,-0.92184,99.21286,9.42478159955249,3.5109791267617037,0.0
10.56748,29.86723,30.22617,1342.437,-0.91178,99.21845,9.397173777468963,3.5006944866300733,0.0
10.5646,29.88529,30.19434,1337.42493,-0.90366,99.22403,9.368991077089133,3.490195689207111,0.0
10.56172,29.90329,30.16287,1332.42693,-0.89752,99.2296,9.340344100330181,3.4795239366170794,0.0
10.55886,29.92121,30.1317,1327.44374,-0.89341,99.23515,9.311342680935738,3.4687201448193794,0.0
10.556,29.93907,30.10075,1322.47605,-0.89137,99.24069,9.282095473910445,3.4578247906621273,0.0
10.55316,29.95686,30.06995,1317.52449,-0.89141,99.24621,9.252709571730625,3.4468777689105248,0.0
10.55032,29.97459,30.03923,1312.58964,-0.89355,99.25172,9.223290148122178,3.4359182595447564,0.0
10.54749,29.99224,30.00852,1307.67204,-0.89782,99.25722,9.19394012987523,3.4249846055023103,0.0
10.54467,30.00984,29.97774,1302.77216,-0.90421,99.2627,9.164759896849468,3.4141142009220755,0.0
10.54186,30.02736,29.94682,1297.89041,-0.91273,99.26817,9.135847009953721,3.403343389809571,0.0
10.53906,30.04482,29.91569,1293.02716,-0.92337,99.27362,9.10729596665652,3.3927073749582033,0.0
10.53627,30.06221,29.88429,1288.18273,-0.93612,99.27907,9.07919798332656,3.3822401368653567,0.0
10.53348,30.07954,29.85253,1283.35736,-0.95095,99.28449,9.051640803458653,3.371974362291521,0.0
10.53071,30.0968,29.82037,1278.55127,-0.96785,99.28991,9.02470853068434,3.3619413820523447,0.0
10.52794,30.114,29.78772,1273.7646,-0.98678,99.2953,8.998481485301184,3.352171117572023,0.0
10.52518,30.13113,29.75454,1268.99744,-1.00771,99.30069,8.973036082951504,3.342692035687938,0.0
10.52243,30.1482,29.72075,1264.24985,-1.03059,99.30606,8.948444733941313,3.3335311111443082,0.0
10.51969,30.1652,29.6863,1259.52182,-1.05537,99.31142,8.92477576171248,3.3247137962209274,0.0
10.51696,30.18214,29.65113,1254.8133,-1.08201,99.31676,8.902093338850804,3.3162639968944894,0.0
10.51424,30.19902,29.6152,1250.12417,-1.11043,99.32209,8.88045743907353,3.3082040549526703,0.0
10.51152,30.21583,29.57844,1245.4543,-1.1406,99.32741,8.859923803615263,3.300554735472001,0.0
10.50882,30.23258,29.5408,1240.80348,-1.17242,99.33271,8.84054392046464,3.2933352190829797,0.0
10.50612,30.24927,29.50226,1236.17146,-1.20584,99.33799,8.822365014966131,3.2865630984689935,0.0
10.50343,30.26589,29.46275,1231.55797,-1.24078,99.34327,8.805430050360133,3.2802543785675247,0.0
10.50075,30.28245,29.42224,1226.96267,-1.27716,99.34853,8.7897777369039,3.274423479967924,0.0
10.49808,30.29895,29.38069,1222.38519,-1.31489,99.35377,8.77544254832203,3.2690832450396647,0.0
10.49542,30.31538,29.33808,1217.82513,-1.35389,99.359,8.762454744420753,3.2642449463567527,0.0
10.49277,30.33176,29.29436,1213.28203,-1.39408,99.36422,8.750840398823176,3.2599182970298304,0.0
10.49012,30.34807,29.24952,1208.75541,-1.43536,99.36942,8.740621430870021,3.2561114625900514,0.0
10.48748,30.36432,29.20352,1204.24475,-1.47763,99.37461,8.731815640882127,3.252831074125282,0.0
10.48485,30.38051,29.15635,1199.74951,-1.5208,99.37979,8.724436748075824,3.2500822424045803,0.0
10.48223,30.39664,29.10799,1195.26909,-1.56478,99.38495,8.7184944305689,3.2478685727814667,0.0
10.47962,30.41271,29.05843,1190.80289,-1.60946,99.3901,8.713994366990065,3.246192180694552,0.0
10.47702,30.42872,29.00765,1186.35026,-1.65474,99.39523,8.710938279411454,3.245053707661016,0.0
10.47442,30.44466,28.95565,1181.91053,-1.70053,99.40035,8.709323977349351,3.2444523376680396,0.0
10.47183,30.46055,28.90243,1177.48303,-1.74671,99.40545,8.70914540276814,3.244385813937958,0.0
10.46926,30.47638,28.84798,1173.06704,-1.79318,99.41055,8.71039267610879,3.244850456075087,0.0
10.46669,30.49214,28.79231,1168.66182,-1.83984,99.41562,8.713052143462805,3.2458411776392553,0.0
10.46412,30.50785,28.73542,1164.26663,-1.8866,99.42069,8.71710642514636,3.2473515042409504,0.0
10.46157,30.5235,28.67732,1159.88071,-1.93333,99.42574,8.722534465997473,3.24937359227834,0.0
10.45902,30.53908,28.61803,1155.50327,-1.97995,99.43078,8.729311587841616,3.2518982484820915,0.0
10.45649,30.55461,28.55756,1151.13352,-2.02634,99.4358,8.737409544618586,3.254914950451578,0.0
10.45396,30.57008,28.49593,1146.77068,-2.07242,99.44081,8.746796580785485,3.2584118684115353,0.0
10.45144,30.58549,28.43316,1142.41392,-2.11807,99.4458,8.757437493612246,3.2623758884187697,0.0
10.44893,30.60084,28.36927,1138.06246,-2.16321,99.45078,8.769293700126667,3.2667926373009597,0.0
10.44642,30.61613,28.3043,1133.71547,-2.20774,99.45575,8.782323309418583,3.2716465095918523,0.0
10.44393,30.63136,28.23826,1129.37214,-2.25156,99.46071,8.796481201123878,3.276920696768625,0.0
10.44144,30.64653,28.1712,1125.03166,-2.29458,99.46565,8.81171911087562,3.2825972190846837,0.0
10.43896,30.66165,28.10314,1120.69324,-2.33673,99.47058,8.827985723543698,3.2886569603038813,0.0
10.43649,30.6767,28.03413,1116.35608,-2.37791,99.47549,8.845226775086937,3.2950797056431056,0.0
10.43403,30.6917,27.9642,1112.01939,-2.41804,99.48039,8.863385163773637,3.301844183204862,0.0
10.43158,30.70663,27.8934,1107.6824,-2.45704,99.48528,8.882401071556183,3.308928109192507,0.0
10.42913,30.72151,27.82176,1103.34435,-2.49485,99.49016,8.90221209627866,3.3163082371610617,0.0
10.42669,30.73633,27.74933,1099.00451,-2.5314,99.49502,8.92275339535994,3.3239604115429455,0.0
10.42426,30.75109,27.67615,1094.66216,-2.56661,99.49987,8.943957841509137,3.3318596256560773,0.0
10.42184,30.76579,27.60228,1090.31659,-2.60044,99.5047,8.965756190914146,3.3399800843585346,0.0
10.41943,30.78043,27.52776,1085.96714,-2.63282,99.50952,8.98807726426869,3.3482952714858882,0.0
10.41703,30.79501,27.45265,1081.61315,-2.66371,99.51433,9.010848140835064,3.3567780221446837,0.0
10.41464,30.80953,27.37698,1077.25402,-2.69306,99.51913,9.033994365631658,3.3654005998952425,0.0
10.41225,30.824,27.30082,1072.88916,-2.72083,99.52391,9.057440169668862,3.374134778795333,0.0
10.40987,30.8384,27.22421,1068.51801,-2.74699,99.52868,9.08110870299266,3.3829519302150386,0.0
10.4075,30.85275,27.14721,1064.14007,-2.77152,99.53344,9.104922280139597,3.391823114275198,0.0
10.40514,30.86703,27.06986,1059.75484,-2.79439,99.53819,9.128802637391582,3.4007191756815764,0.0
10.40279,30.88126,26.99223,1055.3619,-2.81558,99.54292,9.152671201102098,3.4096108436834514,0.0
10.40045,30.89543,26.91436,1050.96084,-2.83509,99.54764,9.176449366095644,3.4184688357847226,0.0
10.39811,30.90954,26.8363,1046.55131,-2.85292,99.55235,9.200058783039514,3.427263964797461,0.0
10.39579,30.92358,26.75811,1042.133,-2.86907,99.55704,9.22342165343814,3.4359672487350648,0.0
10.39347,30.93757,26.67983,1037.70564,-2.88355,99.56172,9.246461030781953,3.4445500229981367,0.0
10.39116,30.9515,26.60151,1033.269,-2.89638,99.56639,9.269101126185193,3.452984054232605,0.0
10.38886,30.96537,26.52321,1028.82292,-2.90758,99.57105,9.291267616692021,3.4612416551818654,0.0
10.38657,30.97918,26.44497,1024.36727,-2.91717,99.5757,9.312887954333611,3.4692957998186773,0.0
10.38429,30.99292,26.36683,1019.90196,-2.92521,99.58033,9.333891673856408,3.477120237982041,0.0
10.38202,31.00661,26.28884,1015.42698,-2.93172,99.58495,9.354210696977075,3.484689608720163,0.0
10.37975,31.02024,26.21104,1010.94234,-2.93676,99.58956,9.373779630946354,3.49197955151336,0.0
10.3775,31.0338,26.13347,1006.44811,-2.94038,99.59416,9.392536059145952,3.498966814529038,0.0
10.37525,31.04731,26.05617,1001.9444,-2.94264,99.59874,9.4104208214504,3.505629359063863,0.0
10.37302,31.06075,25.97917,997.43138,-2.94361,99.60331,9.42737828208387,3.511946459327473,0.0
