0.04513,0.04513,51.65032,4768.10181,-0.50387,45.0001,5.434427065055841,2.0244670701150143,0.0
0.09023,0.09023,51.58723,4765.18136,-0.50709,45.00025,5.476145521128449,2.0400082926807026,0.0
0.1353,0.1353,51.52383,4762.23819,-0.50964,45.00044,5.518376255684153,2.055740352460203,0.0
0.18035,0.18035,51.46019,4759.27185,-0.51151,45.00068,5.561058824265492,2.071640732302721,0.0
0.22536,0.22537,51.39639,4756.28194,-0.51269,45.00096,5.604130167908057,2.0876859410848323,0.0
0.27035,0.27036,51.33254,4753.26808,-0.51318,45.00129,5.647524657990625,2.10385153041834,0.0
0.31531,0.31532,51.2687,4750.22994,-0.51298,45.00166,5.6911741579113775,2.1201121176262836,0.0
0.36025,0.36026,51.20498,4747.16721,-0.51207,45.00208,5.735008102444607,2.1364414153054057,0.0
0.40515,0.40517,51.14145,4744.07964,-0.51046,45.00254,5.778953595594004,2.15281226777907,0.0
0.45002,0.45005,51.07821,4740.967,-0.50814,45.00305,5.822935527570114,2.1691966946744485,0.0
0.49487,0.4949,51.01535,4737.82913,-0.50511,45.0036,5.866876711478242,2.1855659418423574,0.0
0.53968,0.53972,50.95294,4734.66587,-0.50138,45.0042,5.910698040069709,2.2018905397512265,0.0
0.58447,0.58451,50.89108,4731.47715,-0.49695,45.00484,5.9543186628043685,2.2181403694475463,0.0
0.62922,0.62928,50.82986,4728.26292,-0.49182,45.00552,5.997656183260124,2.2342847360961056,0.0
0.67394,0.67401,50.76935,4725.0232,-0.48599,45.00625,6.040626876734378,2.250292450042256,0.0
0.71864,0.71872,50.70965,4721.75802,-0.47948,45.00702,6.08314592767986,2.266131915263009,0.0
0.7633,0.76339,50.65084,4718.4675,-0.47229,45.00783,6.125127686374415,2.281771224983282,0.0
0.80793,0.80804,50.59299,4715.15179,-0.46444,45.00869,6.166485944017638,2.297178264156633,0.0
0.85252,0.85266,50.5362,4711.81109,-0.45593,45.00959,6.2071342251909165,2.312320818414326,0.0
0.89712,0.89722,50.47898,4708.44861,-0.4721,44.93902,6.248365742288468,2.32768064339967,-38.99999933473172
0.94174,0.94169,50.41984,4705.06659,-0.48779,44.86795,6.291510973467943,2.343753377233379,-38.99999933473172
0.98638,0.98608,50.35883,4701.66384,-0.50298,44.79638,6.336547991483964,2.360530851439609,-38.99999933473172
1.03104,1.03038,50.29604,4698.23918,-0.51763,44.72427,6.383449870274255,2.3780030353516945,-38.99999933473172
1.07573,1.07459,50.23152,4694.79144,-0.53173,44.6516,6.432186634666941,2.3961587624294176,-38.99999933473172
1.12044,1.11871,50.16536,4691.31946,-0.54525,44.57835,6.482725069634776,2.4149856592011893,-38.99999933473172
1.16517,1.16274,50.09762,4687.82209,-0.55816,44.50449,6.535028527571452,2.4344700734694045,-38.99999933473172
1.20993,1.20669,50.02838,4684.2982,-0.57043,44.43001,6.589056734956876,2.454597002288167,-38.99999933473172
1.25472,1.25054,49.95774,4680.74667,-0.58205,44.35488,6.644765599956019,2.4753500202888032,-38.99999933473172
1.29952,1.2943,49.88576,4677.16642,-0.59299,44.27908,6.702107022622193,2.496711208975585,-38.99999933473172
1.34435,1.33797,49.81255,4673.55636,-0.60322,44.2026,6.761028709529485,2.5186610876714393,-38.99999933473172
1.38921,1.38155,49.73818,4669.91545,-0.61273,44.1254,6.821473994792197,2.541178546842972,-38.99999933473172
1.43409,1.42503,49.66276,4666.24267,-0.62149,44.04748,6.883381669583922,2.564240784591847,-38.99999933473172
1.47899,1.46842,49.58637,4662.53703,-0.62948,43.96881,6.946685822389765,2.5878232471445286,-38.99999933473172
1.52392,1.51172,49.50912,4658.79757,-0.63669,43.88938,7.011315692387549,2.611899574232927,-38.99999933473172
1.56887,1.55491,49.4311,4655.02336,-0.64308,43.80917,7.07719553839031,2.6364415502720266,-38.99999933473172
1.61385,1.59801,49.35241,4651.21353,-0.64866,43.72816,7.1442445259863145,2.661419062316577,-38.99999933473172
1.65885,1.64102,49.27317,4647.36724,-0.65339,43.64634,7.21237663549333,2.686800065771631,-38.99999933473172
1.70388,1.68392,49.19346,4643.48369,-0.65727,43.56369,7.281500593475798,2.7125505588808956,-38.99999933473172
1.74893,1.72673,49.1134,4639.56213,-0.66028,43.4802,7.351519830539592,2.7386345670041643,-38.99999933473172
1.794,1.76943,49.0331,4635.60187,-0.6624,43.39586,7.422332468174127,2.765014137715659,-38.99999933473172
1.8391,1.81203,48.95266,4631.60228,-0.66364,43.31065,7.4938313373261165,2.7916493477232436,-38.99999933473172
1.88423,1.85453,48.8722,4627.56277,-0.66397,43.22457,7.565904031342805,2.81849832259117,-38.99999933473172
1.92938,1.89692,48.79182,4623.48283,-0.66339,43.1376,7.6384329957868085,2.845517270198468,-38.99999933473172
1.97456,1.93921,48.71164,4619.36201,-0.6619,43.04975,7.711295657474085,2.8726605288089893,-38.99999933473172
2.01976,1.9814,48.63177,4615.19991,-0.65949,42.961,7.784364594848323,2.899880630540342,-38.99999933473172
2.06498,2.02348,48.55232,4610.99624,-0.65615,42.87135,7.857507751579727,2.9271283809350694,-38.99999933473172
2.11023,2.06544,48.4734,4606.75074,-0.65189,42.78079,7.930588694920821,2.9543529552049725,-38.99999933473172
2.15551,2.1073,48.39512,4602.46327,-0.64671,42.68934,8.003466920008266,2.981502011591553,-38.99999933473172
2.20081,2.14906,48.31759,4598.13374,-0.64061,42.59697,8.075998200893203,3.008521822134048,-38.99999933473172
2.24614,2.19069,48.24092,4593.76215,-0.6336,42.50371,8.148034988586373,3.0353574209517116,-38.99999933473172
2.29149,2.23222,48.16523,4589.3486,-0.62568,42.40954,8.219426855912012,3.061952769963593,-38.99999933473172
2.33687,2.27364,48.09061,4584.89325,-0.61686,42.31448,8.290020988421054,3.0882509417666264,-38.99999933473172
2.38227,2.31494,48.01718,4580.39638,-0.60717,42.21854,8.359662720008654,3.114194319167246,-38.99999933473172
2.4277,2.35612,47.94504,4575.85833,-0.5966,42.12172,8.428196111289843,3.1397248106415394,-38.99999933473172
2.47315,2.39719,47.87428,4571.27955,-0.58518,42.02403,8.49546456811565,3.164784080748774,-38.99999933473172
2.51863,2.43814,47.80501,4566.66058,-0.57293,41.92549,8.561311497027523,3.1893137943054173,-38.99999933473172
2.56413,2.47897,47.73732,4562.00204,-0.55987,41.82611,8.625580993765205,3.213255872872436,-38.99999933473172
2.60966,2.51969,47.6713,4557.30466,-0.54602,41.72591,8.688118560319516,3.2365527618763243,-38.99999933473172
2.65521,2.56028,47.60706,4552.56925,-0.5314,41.62491,8.74877184544669,3.2591477064701753,-38.99999933473172
2.70079,2.60075,47.54466,4547.79672,-0.51606,41.52312,8.807391402986996,3.280985034027323,-38.99999933473172
2.74639,2.6411,47.4842,4542.98806,-0.5,41.42058,8.863831461821801,3.3020104409706117,-38.99999933473172
2.79201,2.68133,47.42575,4538.14436,-0.48328,41.31729,8.917950700843917,3.322171281469229,-38.99999933473172
2.83766,2.72143,47.36939,4533.26678,-0.46591,41.2133,8.969613022004959,3.3414168554191956,-38.99999933473172
2.88334,2.76141,47.31519,4528.35657,-0.44795,41.10862,9.018688314155701,3.3596986929939976,-38.99999933473172
2.92904,2.80127,47.2632,4523.41507,-0.42943,41.00329,9.065053200264998,3.3769708330032833,-38.99999933473172
2.97476,2.841,47.2135,4518.4437,-0.41038,40.89734,9.108591760518394,3.3931900922661393,-38.99999933473172
3.0205,2.8806,47.16613,4513.44392,-0.39085,40.79079,9.149196223819557,3.4083163232135503,-38.99999933473172
3.06627,2.92007,47.12115,4508.41729,-0.37088,40.68368,9.186767620411626,3.422312657007036,-38.99999933473172
3.11206,2.95942,47.0786,4503.36544,-0.35053,40.57605,9.221216388562594,3.4351457295449133,-38.99999933473172
3.15788,2.99864,47.03851,4498.29002,-0.32983,40.46794,9.252462928691022,3.446785887888704,-38.99999933473172
3.20371,3.03773,47.00092,4493.19277,-0.30883,40.35937,9.280438098767965,3.457207374813389,-38.99999933473172
3.24957,3.07668,46.96586,4488.07547,-0.28758,40.25039,9.305083645501423,3.4663884894349644,-38.99999933473172
3.29545,3.11551,46.93335,4482.93993,-0.26613,40.14103,9.326352566431158,3.47431172210028,-38.99999933473172
3.34135,3.15421,46.9034,4477.788,-0.24454,40.03134,9.344209398934774,3.4809638620494168,-38.99999933473172
3.38728,3.19278,46.87602,4472.62157,-0.22285,39.92136,9.35863043293682,3.4863360766554203,-38.99999933473172
3.43322,3.23122,46.85121,4467.44255,-0.20111,39.81112,9.369603845092586,3.490423961411294,-38.99999933473172
3.47919,3.26953,46.82897,4462.25284,-0.17937,39.70067,9.377129753089953,3.49322756015887,-38.99999933473172
3.52517,3.3077,46.8093,4457.0544,-0.15769,39.59004,9.381220189802294,3.4947513554600835,-38.99999933473172
3.57118,3.34575,46.79217,4451.84914,-0.13612,39.47928,9.381898997865237,3.4950042293240458,-38.99999933473172
3.6172,3.38366,46.77756,4446.639,-0.11471,39.36843,9.379201646338766,3.4939993949088453,-38.99999933473172
3.66325,3.42144,46.76545,4441.42591,-0.09351,39.25752,9.373174971949798,3.491754300127608,-38.99999933473172
3.70931,3.45909,46.7558,4436.21176,-0.07256,39.1466,9.363876848334154,3.488290504432425,-38.99999933473172
3.75539,3.4966,46.74858,4430.99843,-0.05193,39.03572,9.351375787485182,3.4836335303434756,-38.99999933473172
3.80149,3.53399,46.74374,4425.78779,-0.03165,38.92489,9.335750478358673,3.4778126915672236,-38.99999933473172
3.84761,3.57124,46.74123,4420.58164,-0.01177,38.81417,9.317089268204931,3.4708608997789656,-38.99999933473172
3.89375,3.60837,46.74099,4415.38176,0.00765,38.70359,9.295489592732359,3.4628144523437667,-38.99999933473172
3.9399,3.64536,46.74298,4410.18989,0.02658,38.59319,9.271057361677098,3.453712803424994,-38.99999933473172
3.98607,3.68222,46.74711,4405.00771,0.04498,38.48299,9.243906306602787,3.4435983210225594,-38.99999933473172
4.03225,3.71896,46.75333,4399.83684,0.0628,38.37304,9.21415729801097,3.4325160325785826,-38.99999933473172
4.07845,3.75556,46.76155,4394.67886,0.08,38.26337,9.18193763892238,3.42051336181783,-38.99999933473172
4.12467,3.79203,46.77171,4389.53526,0.09655,38.154,9.147380342054051,3.4076398594771744,-38.99999933473172
4.1709,3.82838,46.78372,4384.40749,0.11242,38.04496,9.110623397634834,3.3939469305476027,-38.99999933473172
4.21715,3.86459,46.79749,4379.29691,0.12755,37.93629,9.071809038644187,3.3794875605563375,-38.99999933473172
4.26341,3.90068,46.81294,4374.20482,0.14194,37.828,9.031083010003078,3.3643160433212196,-38.99999933473172
4.30968,3.93664,46.82997,4369.13245,0.15554,37.72013,8.98859384781868,3.3484877124503916,-38.99999933473172
4.35597,3.97248,46.84849,4364.08092,0.16834,37.61269,8.944492174411568,3.3320586787213777,-38.99999933473172
4.40227,4.00818,46.8684,4359.05133,0.1803,37.50571,8.898930014278548,3.3150855752592454,-38.99999933473172
4.44858,4.04377,46.8896,4354.04464,0.1914,37.3992,8.852060135680416,3.2976253122607146,-38.99999933473172
4.49491,4.07922,46.912,4349.06177,0.20163,37.29318,8.804035421935147,3.2797348427843347,-38.99999933473172
4.54124,4.11456,46.93548,4344.10354,0.21096,37.18767,8.755008275924995,3.2614709409137044,-38.99999933473172
4.58759,4.14977,46.95995,4339.17071,0.21939,37.08267,8.705130060745446,3.242889993384498,-38.99999933473172
4.63395,4.18485,46.98529,4334.26393,0.22689,36.97821,8.654550578832309,3.22404780554559,-38.99999933473172
4.68032,4.21982,47.0114,4329.3838,0.23346,36.87429,8.603417591316589,3.2049994223061113,-38.99999933473172
4.72671,4.25466,47.03818,4324.53081,0.23909,36.77091,8.551876378838239,3.1857989645270086,-38.99999933473172
4.7731,4.28939,47.06551,4319.7054,0.24377,36.66809,8.500069344471992,3.1664994811004683,-38.99999933473172
4.8195,4.32399,47.09328,4314.90792,0.2475,36.56582,8.44813565898174,3.1471528167978455,-38.99999933473172
4.86591,4.35848,47.12139,4310.13863,0.25028,36.46412,8.396210948142253,3.1278094957887688,-38.99999933473172
4.91233,4.39284,47.14972,4305.39775,0.2521,36.36298,8.344427021424037,3.1085186205691198,-38.99999933473172
4.95876,4.42709,47.17818,4300.68539,0.25297,36.2624,8.292911641039785,3.089327785924752,-38.99999933473172
5.0052,4.46122,47.20665,4296.00162,0.2529,36.16238,8.241788329950731,3.0702830074088086,-38.99999933473172
5.05165,4.49524,47.23503,4291.34641,0.25188,36.06292,8.191176217205433,3.0514286637263526,-38.99999933473172
5.09811,4.52914,47.26321,4286.71969,0.24993,35.964,8.141189918738633,3.0328074523288016,-38.99999933473172
5.14457,4.56293,47.29109,4282.12131,0.24705,35.86563,8.091939451529186,3.0144603574355004,-38.99999933473172
5.19104,4.5966,47.31857,4277.55107,0.24327,35.76779,8.043530178932961,2.996426629668787,-38.99999933473172
5.23752,4.63016,47.34555,4273.0087,0.23858,35.67048,7.996062784842125,2.9787437764276445,-38.99999933473172
5.284,4.66361,47.37192,4268.49386,0.23301,35.57368,7.949633274268328,2.9614475621049596,-38.99999933473172
5.33049,4.69695,47.39759,4264.00618,0.22657,35.47739,7.904332997906923,2.9445720172383307,-38.99999933473172
5.37699,4.73017,47.42247,4259.54522,0.21928,35.38159,7.860248698234259,2.9281494556825294,-38.99999933473172
5.4235,4.76329,47.44647,4255.11048,0.21116,35.28626,7.817462574684064,2.9122104988894173,-38.99999933473172
5.47001,4.79629,47.46949,4250.70143,0.20222,35.19139,7.776052365505989,2.8967841064024062,-38.99999933473172
5.51653,4.82919,47.49145,4246.31749,0.1925,35.09697,7.736091443985097,2.8818976117007487,-38.99999933473172
5.56305,4.86198,47.51226,4241.95801,0.182,35.00297,7.697648926703925,2.8675767625300077,-38.99999933473172
5.60958,4.89466,47.53184,4237.62233,0.17077,34.90938,7.660789791731939,2.853845764930734,-38.99999933473172
5.65611,4.92724,47.55012,4233.30973,0.15881,34.81618,7.625575004609984,2.840727330170992,-38.99999933473172
5.70265,4.95971,47.56702,4229.01944,0.14616,34.72334,7.592061650187493,2.8282427238591903,-38.99999933473172
5.74919,4.99207,47.58246,4224.75069,0.13284,34.63086,7.560303068449287,2.8164118165431313,-38.99999933473172
5.79574,5.02433,47.59638,4220.50264,0.11889,34.53869,7.5303489925826534,2.8052531351436416,-38.99999933473172
5.8423,5.05648,47.60872,4216.27442,0.10432,34.44684,7.502245687667185,2.794783914620174,-38.99999933473172
5.88885,5.08853,47.61939,4212.06514,0.08917,34.35526,7.47603608849177,2.785020149311273,-38.99999933473172
5.93542,5.12047,47.62836,4207.87388,0.07347,34.26394,7.451759935096327,2.775976643427433,-38.99999933473172
5.98198,5.15231,47.63556,4203.69967,0.05725,34.17285,7.429453904789719,2.767667060231242,-38.99999933473172
6.02855,5.18405,47.64095,4199.54155,0.04054,34.08197,7.409151739454439,2.760103969461731,-38.99999933473172
6.07513,5.21568,47.64446,4195.39849,0.02337,33.99127,7.390884367128579,2.7532988926268547,-38.99999933473172
6.1217,5.24721,47.64607,4191.26947,0.00577,33.90073,7.374680016869868,2.747262345793369,-38.99999933473172
6.16829,5.27864,47.64572,4187.15343,-0.01222,33.81031,7.360564326089742,2.742003879571595,-38.99999933473172
6.21487,5.30997,47.64338,4183.04929,-0.03057,33.72,7.348560439590701,2.7375321160094406,-38.99999933473172
6.26146,5.3412,47.63901,4178.95595,-0.04924,33.62977,7.33868909962144,2.733854782140304,-38.99999933473172
6.30805,5.37232,47.63259,4174.8723,-0.06821,33.53958,7.330968726405925,2.73097873998228,-38.99999933473172
6.35465,5.40334,47.62409,4170.79719,-0.08744,33.44942,7.325415488591124,2.7289100127817854,-38.99999933473172
6.40124,5.43426,47.61349,4166.72948,-0.10689,33.35925,7.322043363227593,2.727653807357912,-38.99999933473172
6.44784,5.46509,47.60077,4162.66799,-0.12652,33.26904,7.320864184898739,2.727214532404365,-38.99999933473172
6.49442,5.49584,47.58774,4158.60762,-0.11262,33.27394,7.319984182540909,2.726886708371818,0.0
6.54095,5.52658,47.57624,4154.54469,-0.09885,33.27887,7.3175191453355355,2.725968417153784,0.0
6.58743,5.55729,47.56623,4150.4801,-0.08525,33.28383,7.313492907141204,2.724468537489693,0.0
6.63387,5.58798,47.5577,4146.41477,-0.07185,33.28882,7.307934949304877,2.7223980519569895,0.0
6.68025,5.61865,47.55062,4142.34961,-0.05869,33.29384,7.300879122934093,2.7197695709839067,0.0
6.72659,5.64929,47.54496,4138.28549,-0.04579,33.29889,7.292363474862271,2.716597268016968,0.0
6.77288,5.67991,47.54069,4134.2233,-0.03319,33.30397,7.282430055266651,2.7128968078535998,0.0
6.81912,5.71051,47.53777,4130.1639,-0.02091,33.30908,7.271124708673894,2.708685268786226,0.0
6.86532,5.74109,47.53616,4126.10812,-0.00898,33.31422,7.2584968502533584,2.703981059265625,0.0
6.91146,5.77164,47.53581,4122.05678,0.00257,33.31939,7.244599229317604,2.698803829798643,0.0
6.95756,5.80217,47.53669,4118.01067,0.01371,33.32459,7.229487682065701,2.693174380838571,0.0
7.00361,5.83267,47.53875,4113.97056,0.02442,33.32981,7.213220875586609,2.6871145674196715,0.0
7.04961,5.86316,47.54194,4109.9372,0.03468,33.33507,7.195860045209569,2.680647201313285,0.0
7.09556,5.89362,47.5462,4105.91129,0.04445,33.34036,7.177468727191609,2.6737959514468947,0.0
7.14147,5.92405,47.55148,4101.89352,0.05373,33.34567,7.158112488771593,2.6665852433421544,0.0
7.18733,5.95447,47.55772,4097.88453,0.06249,33.35102,7.137858657509536,2.659040158286665,0.0
7.23314,5.98486,47.56486,4093.88495,0.07071,33.35639,7.11677605176721,2.6511863329309056,0.0
7.2789,6.01523,47.57285,4089.89535,0.07837,33.3618,7.094934714081342,2.6430498599627392,0.0
7.32461,6.04558,47.58163,4085.91628,0.08546,33.36724,7.072405649080684,2.634657190474618,0.0
7.37028,6.07591,47.59112,4081.94826,0.09196,33.3727,7.049260567464433,2.6260350385888165,0.0
7.4159,6.10622,47.60126,4077.99175,0.09787,33.3782,7.025571637414042,2.6172102888517834,0.0
7.46147,6.1365,47.61199,4074.04719,0.10316,33.38372,7.001411244691926,2.608209906864604,0.0
7.507,6.16676,47.62324,4070.11499,0.10784,33.38928,6.9768517625042525,2.599060853550828,0.0
7.55248,6.197,47.63495,4066.1955,0.11189,33.39486,6.951965332082011,2.589790003417151,0.0
7.59791,6.22722,47.64704,4062.28905,0.1153,33.40048,6.92682365475209,2.580424067094411,0.0
7.6433,6.25742,47.65945,4058.39591,0.11807,33.40612,6.901497796139175,2.5709895183976554,0.0
7.68864,6.28759,47.67211,4054.51635,0.12019,33.4118,6.876058002990154,2.561512526088403,0.0
7.73393,6.31775,47.68494,4050.65056,0.12167,33.4175,6.850573532954217,2.5520188904632537,0.0
7.77918,6.34788,47.69789,4046.79871,0.1225,33.42324,6.825112497528143,2.5425339848468806,0.0
7.82438,6.37799,47.71088,4042.96095,0.12268,33.42901,6.799741718249939,2.5330827020203714,0.0
7.86954,6.40809,47.72384,4039.13735,0.12221,33.43481,6.774526596075149,2.523689405560469,0.0
7.91464,6.43816,47.7367,4035.32799,0.12111,33.44063,6.749530993799759,2.514377886039008,0.0
7.95971,6.46821,47.7494,4031.53288,0.11936,33.44649,6.724817131245342,2.5051713219766296,0.0
8.00473,6.49824,47.76187,4027.75201,0.11698,33.45238,6.700445492869568,2.496092245425254,0.0
8.0497,6.52825,47.77405,4023.98533,0.11398,33.4583,6.676474747360033,2.487162512014679,0.0
8.09463,6.55824,47.78587,4020.23275,0.11036,33.46425,6.652961678691561,2.478403275269603,0.0
8.13951,6.58821,47.79726,4016.49417,0.10614,33.47024,6.629961128101668,2.469834964993959,0.0
8.18435,6.61816,47.80817,4012.76943,0.10132,33.47625,6.6075259463472245,2.46147726948527,0.0
8.22914,6.64809,47.81853,4009.05836,0.09591,33.48229,6.5857069555745715,2.453349121330258,0.0
8.27389,6.678,47.82828,4005.36073,0.08993,33.48837,6.56455292013354,2.4454686865323034,0.0
8.31859,6.7079,47.83737,4001.67632,0.0834,33.49447,6.544110525597686,2.4378533566959266,0.0
8.36325,6.73777,47.84574,3998.00484,0.07633,33.50061,6.524424365268961,2.430519743999424,0.0
8.40787,6.76762,47.85333,3994.34599,0.06873,33.50678,6.505536933430529,2.4234836786813676,0.0
8.45244,6.79746,47.8601,3990.69946,0.06063,33.51298,6.487488624600044,2.416760208762427,0.0
8.49697,6.82727,47.86598,3987.06488,0.05203,33.51921,6.4703177380665355,2.4103636017354786,0.0
8.54145,6.85707,47.87094,3983.44189,0.04296,33.52547,6.454060486977285,2.4043073479507133,0.0
8.58589,6.88685,47.87493,3979.83007,0.03344,33.53177,6.438751011284892,2.398604165438748,0.0
8.63029,6.91661,47.8779,3976.22899,0.02349,33.53809,6.424421393856992,2.3932660059119293,0.0
8.67464,6.94635,47.87981,3972.63822,0.01313,33.54445,6.411101679120799,2.3883040617099103,0.0
8.71895,6.97607,47.88062,3969.05727,0.00238,33.55084,6.398819893582897,2.3837287734438153,0.0
8.76322,7.00578,47.88029,3965.48566,-0.00873,33.55726,6.3876020676570775,2.3795498381276836,0.0
8.80745,7.03547,47.87879,3961.92287,-0.02019,33.56371,6.377472258227041,2.375776217583668,0.0
8.85163,7.06513,47.87609,3958.36838,-0.03196,33.57019,6.368452571420351,2.372416146925933,0.0
8.89576,7.09478,47.87216,3954.82164,-0.04404,33.5767,6.360563185110092,2.369477142943115,0.0
8.93986,7.12442,47.86696,3951.28207,-0.05638,33.58325,6.3538223706992145,2.3669660122135614,0.0
8.98391,7.15403,47.86048,3947.7491,-0.06897,33.58983,6.3482465137637965,2.364888858795493,0.0
9.02792,7.18363,47.8527,3944.22214,-0.08178,33.59644,6.343850133214297,2.3632510913650706,0.0
9.07189,7.21321,47.84359,3940.70057,-0.09478,33.60308,6.340645898618843,2.362057429669777,0.0
9.11581,7.24277,47.83314,3937.18377,-0.10796,33.60975,6.3386446454302625,2.361311910200891,0.0
9.1597,7.27232,47.82133,3933.67111,-0.12127,33.61645,6.337855387851941,2.361017890986349,0.0
9.20354,7.30184,47.80816,3930.16193,-0.1347,33.62318,6.338285329152212,2.361178055433137,0.0
9.24733,7.33135,47.79361,3926.65559,-0.14823,33.62995,6.3399398692714835,2.361794415161136,0.0
9.29109,7.36085,47.77768,3923.15141,-0.16181,33.63675,6.342822609591252,2.362868311779712,0.0
9.3348,7.39032,47.76037,3919.64872,-0.17543,33.64358,6.346935354795655,2.3644004175811912,0.0
9.37847,7.41978,47.74168,3916.14685,-0.18906,33.65044,6.352278111801695,2.3663907351423386,0.0
9.4221,7.44922,47.72161,3912.64509,-0.20267,33.65733,6.35884908574242,2.368838595827988,0.0
9.46568,7.47864,47.70016,3909.14277,-0.21624,33.66425,6.366644673082657,2.371742657226474,0.0
9.50922,7.50805,47.67735,3905.63917,-0.22973,33.6712,6.375659451933692,2.3751008995415916,0.0
9.55272,7.53744,47.65318,3902.13361,-0.24313,33.67819,6.385886169718045,2.3789106209974022,0.0
9.59618,7.56681,47.62768,3898.62537,-0.2564,33.6852,6.397315728346868,2.3831684323164257,0.0
9.6396,7.59616,47.60085,3895.11375,-0.26952,33.69225,6.40993716714036,2.3878702503570426,0.0
9.68297,7.6255,47.57272,3891.59805,-0.28246,33.69932,6.4237376437368345,2.3930112910016224,0.0
9.7263,7.65482,47.5433,3888.07757,-0.29519,33.70643,6.438702413308029,2.398586061413677,0.0
9.76959,7.68412,47.51263,3884.5516,-0.3077,33.71357,6.454814806401453,2.4045883517835547,0.0
9.81283,7.71341,47.48073,3881.01945,-0.31995,33.72074,6.472056205804506,2.411011226709712,0.0
9.85603,7.74268,47.44763,3877.48042,-0.33191,33.72793,6.4904060228523965,2.417847016372796,0.0
9.89919,7.77193,47.41336,3873.93383,-0.34358,33.73516,6.509841673635417,2.4250873076722206,0.0
9.94231,7.80116,47.37795,3870.37899,-0.35491,33.74242,6.530338555600479,2.4327229355096276,0.0
9.98538,7.83038,47.34145,3866.81524,-0.36589,33.74971,6.551870025085802,2.440743974419969,0.0
10.02841,7.85958,47.30388,3863.24191,-0.37649,33.75703,6.574407376356492,2.449139730761701,0.0
10.07139,7.88876,47.2653,3859.65834,-0.3867,33.76438,6.597919822737923,2.4578987356884814,0.0
10.11434,7.91792,47.22575,3856.06391,-0.39648,33.77175,6.622374480474232,2.467008739136027,0.0
10.15724,7.94707,47.18527,3852.45798,-0.40582,33.77916,6.647736355965183,2.4764567050675113,0.0
10.20009,7.9762,47.14391,3848.83995,-0.4147,33.7866,6.673968337063138,2.4862288082314623,0.0
10.2429,8.00531,47.10171,3845.20921,-0.4231,33.79406,6.70103118911542,2.4963104326874297,0.0
10.28567,8.03441,47.05874,3841.56519,-0.431,33.80156,6.728883556463693,2.506686172364551,0.0
10.32839,8.06348,47.01504,3837.90734,-0.43838,33.80908,6.757481970107862,2.517339833916554,0.0
10.37107,8.09254,46.97067,3834.23511,-0.44523,33.81663,6.786780862254021,2.528254442141247,0.0
10.41371,8.12158,46.92568,3830.54799,-0.45152,33.82421,6.816732588451592,2.539412248227188,0.0
10.4563,8.1506,46.88013,3826.84549,-0.45725,33.83182,6.847287458011795,2.550794741085367,0.0
10.49884,8.1796,46.83408,3823.12713,-0.4624,33.83945,6.8783937733854845,2.5623826620184813,0.0
10.54134,8.20859,46.78759,3819.39249,-0.46696,33.84712,6.909997879144676,2.5741560229678493,0.0
10.5838,8.23756,46.74071,3815.64114,-0.47092,33.85481,6.942044221167554,2.5860941285613763,0.0
10.62621,8.2665,46.69352,3811.8727,-0.47426,33.86253,6.974475416593623,2.5981756021736944,0.0
10.66857,8.29543,46.64608,3808.08682,-0.47698,33.87027,7.0072323350449395,2.6103784161832064,0.0
10.71089,8.32434,46.59844,3804.28316,-0.47907,33.87805,7.040254191545641,2.622679926587054,0.0
10.75316,8.35324,46.55067,3800.46144,-0.48053,33.88585,7.0734786515043835,2.6350569121098393,0.0
10.79539,8.38211,46.50284,3796.62141,-0.48135,33.89367,7.1068419480332095,2.6474856179079906,0.0
10.83757,8.41096,46.45501,3792.76284,-0.48152,33.90153,7.1402790117564825,2.6599418039270053,0.0
10.8797,8.4398,46.40724,3788.88554,-0.48105,33.90941,7.173723613213811,2.6724007979502855,0.0
10.92179,8.46861,46.3596,3784.98937,-0.47994,33.91731,7.207108517793887,2.6848375533160693,0.0
10.96383,8.49741,46.31215,3781.07421,-0.47818,33.92524,7.240365653036538,2.697226711241849,0.0
11.00582,8.52619,46.26495,3777.14,-0.47577,33.9332,7.273426288018828,2.7095426676504113,0.0
11.04777,8.55494,46.21808,3773.18669,-0.47274,33.94118,7.30622122441188,2.7217596443435315,0.0
11.08967,8.58368,46.17158,3769.21431,-0.46907,33.94919,7.33868099862718,2.7338517643067926,0.0
11.13152,8.61239,46.12552,3765.22288,-0.46477,33.95722,7.370736094370602,2.7457931308915464,0.0
11.17332,8.64109,46.07997,3761.21251,-0.45987,33.96528,7.402317164769026,2.7575579105629315,0.0
11.21507,8.66977,46.03498,3757.18332,-0.45436,33.97336,7.433355263070708,2.769120418841824,0.0
11.25678,8.69842,45.99061,3753.13549,-0.44825,33.98146,7.463782080841214,2.7804552090390953,0.0
11.29843,8.72706,45.94691,3749.06922,-0.44157,33.9896,7.493530192377905,2.7915371633064345,0.0
11.34004,8.75567,45.90395,3744.98477,-0.43433,33.99775,7.5225333040002,2.802341585503534,0.0
11.3816,8.78427,45.86176,3740.88244,-0.42654,34.00593,7.550726506729584,2.8128442953280386,0.0
11.4231,8.81284,45.82041,3736.76255,-0.41823,34.01413,7.578046530779751,2.823021723119821,0.0
11.46456,8.84139,45.77995,3732.62548,-0.40941,34.02235,7.604432000180231,2.8328510047149824,0.0
11.50597,8.86992,45.74042,3728.47165,-0.4001,34.0306,7.629823685807666,2.842310075706659,0.0
11.54733,8.89843,45.70186,3724.30151,-0.39034,34.03887,7.654164755008939,2.851377764436209,0.0
11.58864,8.92692,45.66431,3720.11554,-0.38013,34.04717,7.67740101600346,2.8600338830394905,0.0
11.6299,8.95538,45.62783,3715.91427,-0.36951,34.05549,7.699481155205364,2.8682593158556267,0.0
11.67111,8.98382,45.59243,3711.69825,-0.3585,34.06383,7.720356965608178,2.876036104506305,0.0
11.71227,9.01225,45.55816,3707.46808,-0.34714,34.07219,7.739983564457284,2.883347528984492,0.0
11.75337,9.04065,45.52505,3703.22439,-0.33544,34.08057,7.758319598403816,2.890178184079664,0.0
11.79443,9.06903,45.49313,3698.96781,-0.32345,34.08898,7.775327434456136,2.896514050512252,0.0
11.83544,9.09738,45.46242,3694.69903,-0.31118,34.09741,7.790973335159107,2.902342560192532,0.0
11.87639,9.12572,45.43294,3690.41876,-0.29868,34.10586,7.805227616470828,2.9076526550338615,0.0
11.91729,9.15403,45.40471,3686.12773,-0.28597,34.11433,7.818064787026897,2.912434838832283,0.0
11.95814,9.18232,45.37775,3681.82667,-0.27309,34.12282,7.829463667571044,2.9166812217575755,0.0
11.99894,9.21058,45.35207,3677.51638,-0.26006,34.13134,7.839407489533578,2.9203855570763215,0.0
12.03969,9.23883,45.32768,3673.19762,-0.24694,34.13988,7.847883971924092,2.923543269796462,0.0
12.08039,9.26705,45.30458,3668.8712,-0.23374,34.14843,7.854885375871403,2.9261514769848604,0.0
12.12103,9.29525,45.28278,3664.53793,-0.2205,34.15701,7.860408536376676,2.9282089995961744,0.0
12.16162,9.32342,45.26227,3660.19863,-0.20726,34.16561,7.864454871044596,2.9297163657254472,0.0
12.20216,9.35158,45.24305,3655.85413,-0.19406,34.17424,7.867030365763038,2.930675805273411,0.0
12.24265,9.37971,45.22512,3651.50526,-0.18092,34.18288,7.868145537527476,2.931091236097599,0.0
12.28308,9.40782,45.20846,3647.15285,-0.16788,34.19154,7.8678153747885435,2.930968241790242,0.0
12.32347,9.4359,45.19306,3642.79774,-0.15497,34.20022,7.866059255940742,2.9303140413131685,0.0
12.3638,9.46396,45.17889,3638.44075,-0.14224,34.20893,7.862900846735691,2.9291374507815395,0.0
12.40407,9.492,45.16595,3634.08271,-0.1297,34.21765,7.858367977586651,2.927448837756557,0.0
12.4443,9.52002,45.1542,3629.72443,-0.1174,34.2264,7.852492501893631,2.925260068467837,0.0
12.48447,9.54801,45.14363,3625.36672,-0.10536,34.23517,7.845310136707768,2.922584448456702,0.0
12.5246,9.57598,45.13419,3621.01036,-0.09363,34.24396,7.836860287111847,2.9194366571532973,0.0
12.56467,9.60392,45.12582,3616.65625,-0.08323,34.23332,7.827239579019019,2.9158526902526543,-5.999999897651034
12.6047,9.63183,45.11842,3612.30523,-0.0732,34.2227,7.816547280759926,2.9118695278198437,-5.999999897651034
12.64469,9.65969,45.11196,3607.95798,-0.06354,34.21211,7.804831648251843,2.907505146453739,-5.999999897651034
12.68463,9.68752,45.1064,3603.61515,-0.05429,34.20154,7.792143381848248,2.9027784333700186,-5.999999897651034
12.72453,9.71532,45.1017,3599.27738,-0.04547,34.191,7.778535465474791,2.8977091264750774,-5.999999897651034
12.76439,9.74307,45.09782,3594.94528,-0.0371,34.18048,7.764062945899723,2.8923177321384563,-5.999999897651034
12.80421,9.77079,45.0947,3590.61943,-0.0292,34.17,7.748782709023384,2.886625441854792,-5.999999897651034
12.84398,9.79848,45.09231,3586.30039,-0.02179,34.15955,7.732753254675338,2.8806540483498173,-5.999999897651034
12.88371,9.82613,45.0906,3581.9887,-0.0149,34.14914,7.716034471358029,2.8744258616664555,-5.999999897651034
12.92339,9.85374,45.0895,3577.68484,-0.00852,34.13877,7.698687412335675,2.867963625752036,-5.999999897651034
12.96304,9.88131,45.08898,3573.38928,-0.00269,34.12843,7.68077407433718,2.8612904360193068,-5.999999897651034
13.00264,9.90885,45.08898,3569.10247,0.00259,34.11814,7.662357180109093,2.8544296583416937,-5.999999897651034
13.0422,9.93636,45.08945,3564.82482,0.0073,34.10788,7.643499965908496,2.8474048498888043,-5.999999897651034
13.08171,9.96382,45.09033,3560.55668,0.01144,34.09767,7.624265974962166,2.8402396821845373,-5.999999897651034
13.12118,9.99126,45.09156,3556.29841,0.01499,34.08751,7.60471885777922,2.8329578667182833,-5.999999897651034
13.16062,10.01865,45.0931,3552.05031,0.01794,34.07739,7.584922180122744,2.8255830834093074,-5.999999897651034
13.2,10.04601,45.09488,3547.81266,0.0203,34.06731,7.564939239297143,2.8181389121689544,-5.999999897651034
13.23935,10.07334,45.09685,3543.58568,0.02205,34.05728,7.544832889324963,2.8106487677744108,-5.999999897651034
13.27865,10.10063,45.09895,3539.3696,0.02319,34.0473,7.524665375469592,2.803135838224059,-5.999999897651034
13.31792,10.12788,45.10113,3535.16458,0.02372,34.03736,7.50449817843678,2.795623026698447,-5.999999897651034
13.35713,10.1551,45.10332,3530.97075,0.02365,34.02747,7.4843918684964255,2.788132897216811,-5.999999897651034
13.39631,10.18229,45.10548,3526.78822,0.02296,34.01763,7.464405969655002,2.780687624037734,-5.999999897651034
13.43545,10.20944,45.10755,3522.61707,0.02167,34.00783,7.444598833935323,2.7733089448250476,-5.999999897651034
13.47454,10.23656,45.10946,3518.45732,0.01977,33.99808,7.425027525691752,2.766018117552206,-5.999999897651034
13.51359,10.26364,45.11117,3514.30899,0.01728,33.98838,7.405747715856439,2.7588358811062244,-5.999999897651034
13.5526,10.29069,45.11262,3510.17205,0.0142,33.97872,7.3868135858825585,2.751782419504011,-5.999999897651034
13.59157,10.3177,45.11376,3506.04642,0.01054,33.96911,7.368277741146213,2.744877329632295,-5.999999897651034
13.6305,10.34468,45.11454,3501.93204,0.0063,33.95954,7.350191133445231,2.7381395923763896,-5.999999897651034
13.66939,10.37163,45.1149,3497.82877,0.00151,33.95001,7.332602992226824,2.7315875470006867,-5.999999897651034
13.70823,10.39854,45.1148,3493.73646,-0.00384,33.94052,7.315560764116266,2.7252388686214952,-5.999999897651034
13.74704,10.42542,45.11418,3489.65494,-0.00972,33.93108,7.299110060266154,2.7191105485932594,-5.999999897651034
13.7858,10.45226,45.11301,3485.58399,-0.01613,33.92167,7.283294611060742,2.713218877634731,-5.999999897651034
13.82452,10.47907,45.11123,3481.52338,-0.02304,33.9123,7.268156227634561,2.7075794314936386,-5.999999897651034
13.86321,10.50585,45.10879,3477.47285,-0.03044,33.90296,7.253734769677423,2.7022070589532086,-5.999999897651034
13.90185,10.5326,45.10567,3473.4321,-0.03832,33.89366,7.240068119004361,2.6971158719862722,-5.999999897651034
13.94045,10.55931,45.10181,3469.40082,-0.04665,33.88439,7.2271921583196965,2.6923192378443197,-5.999999897651034
13.97901,10.58599,45.09718,3465.37868,-0.05542,33.87515,7.2151407546582975,2.6878297728889335,-5.999999897651034
14.01753,10.61263,45.09174,3461.36531,-0.0646,33.86594,7.203945746951445,2.6836593379597504,-5.999999897651034
14.056,10.63925,45.08546,3457.36032,-0.07418,33.85675,7.193636937209888,2.6798190350899125,-5.999999897651034
14.09444,10.66583,45.07831,3453.36332,-0.08413,33.84759,7.184242084816838,2.6763192053800577,-5.999999897651034
14.13284,10.69238,45.07024,3449.37388,-0.09443,33.83844,7.1757869034404065,2.673169427848125,-5.999999897651034
14.1712,10.71889,45.06124,3445.39154,-0.10506,33.82932,7.168295060106934,2.670378519084146,-5.999999897651034
14.20952,10.74538,45.05128,3441.41585,-0.11599,33.82021,7.161788176014379,2.6679545335532437,-5.999999897651034
14.24779,10.77183,45.04033,3437.44632,-0.12721,33.81112,7.156285828659323,2.6659047643880136,-5.999999897651034
14.28603,10.79825,45.02838,3433.48246,-0.13867,33.80203,7.151805554923936,2.664235744538485,-5.999999897651034
14.32423,10.82463,45.0154,3429.52375,-0.15037,33.79296,7.148362854782103,2.6629532481527605,-5.999999897651034
14.36239,10.85099,45.00137,3425.56966,-0.16227,33.78389,7.145971195307439,2.6620622920701,-5.999999897651034
14.4005,10.87731,44.98629,3421.61965,-0.17435,33.77482,7.144642014733681,2.6615671373335297,-5.999999897651034
14.43858,10.9036,44.97013,3417.67317,-0.18658,33.76575,7.144384726331765,2.66147129063415,-5.999999897651034
14.47662,10.92986,44.9529,3413.72964,-0.19893,33.75668,7.145206721916056,2.661777505617304,-5.999999897651034
14.51462,10.95609,44.93457,3409.7885,-0.21138,33.7476,7.147113374832919,2.662487783995893,-5.999999897651034
14.55258,10.98228,44.91516,3405.84916,-0.2239,33.73851,7.150108042311243,2.663603376426012,-5.999999897651034
14.5905,11.00844,44.89464,3401.91101,-0.23647,33.72941,7.154192067128023,2.6651247831274225,-5.999999897651034
14.62837,11.03457,44.87304,3397.97347,-0.24905,33.7203,7.159364778532563,2.6670517542278427,-5.999999897651034
14.66621,11.06067,44.85034,3394.03593,-0.26161,33.71116,7.165623492470372,2.6693832898463508,-5.999999897651034
14.70401,11.08674,44.82655,3390.09776,-0.27414,33.70201,7.172963511135268,2.672117639926539,-5.999999897651034
14.74177,11.11278,44.80168,3386.15836,-0.2866,33.69283,7.181378121963526,2.675252303861801,-5.999999897651034
14.77949,11.13878,44.77574,3382.21711,-0.29897,33.68362,7.190858596186343,2.6787840299560894,-5.999999897651034
14.81717,11.16475,44.74874,3378.27339,-0.31122,33.67439,7.201394187121073,2.6827088147873575,-5.999999897651034
14.85481,11.19069,44.72069,3374.32658,-0.32332,33.66512,7.212972128404919,2.68702190254956,-5.999999897651034
14.89241,11.2166,44.69162,3370.37606,-0.33525,33.65581,7.225577632425332,2.691717784467935,-5.999999897651034
14.92998,11.24247,44.66154,3366.4212,-0.34697,33.64647,7.239193889209264,2.6967901983852274,-5.999999897651034
14.9675,11.26831,44.63047,3362.46141,-0.35847,33.63708,7.253802066117104,2.702232128647666,-5.999999897651034
15.00498,11.29412,44.59843,3358.49607,-0.36972,33.62764,7.269381308648602,2.70803580640519,-5.999999897651034
15.04242,11.3199,44.56546,3354.52457,-0.38069,33.61816,7.285908742769115,2.7141927104780446,-5.999999897651034
15.07982,11.34565,44.53158,3350.54632,-0.39136,33.60863,7.303359479144828,2.720693568934505,-5.999999897651034
15.11718,11.37136,44.49681,3346.56074,-0.40171,33.59905,7.321706619712002,2.7275283615380994,-5.999999897651034
15.1545,11.39704,44.4612,3342.56724,-0.41171,33.5894,7.3409212670370705,2.7346863232344862,-5.999999897651034
15.19178,11.42269,44.42477,3338.56526,-0.42134,33.5797,7.360972536925452,2.742155948848571,-5.999999897651034
15.22902,11.44831,44.38756,3334.55424,-0.43057,33.56994,7.381827574769128,2.7499249991744104,-5.999999897651034
15.26622,11.47389,44.34961,3330.53365,-0.4394,33.56011,7.403451576111479,2.757980508636154,-5.999999897651034
15.30338,11.49944,44.31095,3326.50294,-0.44779,33.55022,7.425807811933889,2.766308794707968,-5.999999897651034
15.3405,11.52496,44.27163,3322.46162,-0.45573,33.54025,7.448857659155199,2.774895469275887,-5.999999897651034
15.37757,11.55044,44.23168,3318.4092,-0.4632,33.53022,7.472560636841175,2.7837254521267902,-5.999999897651034
15.41461,11.57589,44.19116,3314.34518,-0.47018,33.52011,7.496874448587209,2.7927829867370773,-5.999999897651034
15.45161,11.60131,44.1501,3310.26913,-0.47666,33.50992,7.521755031562317,2.802051658542842,-5.999999897651034
15.48856,11.62669,44.10856,3306.18061,-0.48262,33.49966,7.547156612631634,2.8115144158469856,-5.999999897651034
15.52547,11.65204,44.06657,3302.07921,-0.48805,33.48932,7.573031771987728,2.8211535935235474,-5.999999897651034
15.56235,11.67736,44.02419,3297.96453,-0.49294,33.4789,7.599331514647773,2.8309509396522903,-5.999999897651034
15.59918,11.70264,43.98147,3293.83622,-0.49727,33.46839,7.626005350169533,2.8408876452149974,-5.999999897651034
15.63597,11.72789,43.93845,3289.69395,-0.50103,33.4578,7.653001380853781,2.850944376953197,-5.999999897651034
15.67271,11.75311,43.89519,3285.53739,-0.50421,33.44712,7.680266398670832,2.861101313475842,-5.999999897651034
15.70942,11.77829,43.85173,3281.36627,-0.50682,33.43636,7.707745991064955,2.871338184674243,-5.999999897651034
15.74608,11.80343,43.80813,3277.18034,-0.50884,33.42551,7.735384655753792,2.8816343144878704,-5.999999897651034
15.78271,11.82854,43.76443,3272.97936,-0.51026,33.41457,7.763125924512807,2.8919686670173137,-5.999999897651034
15.81929,11.85362,43.7207,3268.76316,-0.51109,33.40354,7.7909124959212255,2.9023198959756447,-5.999999897651034
15.85582,11.87866,43.67698,3264.53157,-0.51132,33.39242,7.81868637689264,2.912666397412286,-5.999999897651034
15.89232,11.90366,43.63332,3260.28446,-0.51095,33.38121,7.84638903277429,2.922986365628945,-5.999999897651034
15.92877,11.92863,43.58977,3256.02174,-0.50998,33.36991,7.8739615456934695,2.9332578521678165,-5.999999897651034
15.96518,11.95357,43.54639,3251.74334,-0.50842,33.35851,7.9013447806997625,2.943458827703936,-5.999999897651034
16.00155,11.97847,43.50323,3247.44924,-0.50628,33.34703,7.928479559223853,2.9535672466631517,-5.999999897651034
16.03787,12.00333,43.46033,3243.13944,-0.50354,33.33545,7.955306839203883,2.963561114323931,-5.999999897651034
16.07415,12.02816,43.41774,3238.81398,-0.50024,33.32378,7.981767901187955,2.9734185561454414,-5.999999897651034
16.11039,12.05295,43.37551,3234.47295,-0.49637,33.31203,8.007804539587877,2.9831178890145984,-5.999999897651034
16.14658,12.0777,43.33369,3230.11645,-0.49194,33.30018,8.033359258214286,2.9926376940880504,-5.999999897651034
16.18273,12.10242,43.29233,3225.74462,-0.48697,33.28824,8.058375469087242,3.001956890854348,-5.999999897651034
16.21884,12.1271,43.25146,3221.35766,-0.48147,33.27622,8.08279769347498,3.011054812026177,-5.999999897651034
16.2549,12.15175,43.21113,3216.95577,-0.47545,33.26411,8.106571764035309,3.0199112788433435,-5.999999897651034
16.29092,12.17636,43.17139,3212.53919,-0.46894,33.25191,8.12964502685694,3.0285066763384836,-5.999999897651034
16.32689,12.20093,43.13227,3208.10823,-0.46195,33.23963,8.15196654216344,3.0368220281045692,-5.999999897651034
16.36282,12.22546,43.0938,3203.66318,-0.4545,33.22727,8.17348728239143,3.04483907008425,-5.999999897651034
16.39871,12.24995,43.05604,3199.20439,-0.44661,33.21482,8.194160326348314,3.0525403228987122,-5.999999897651034
16.43455,12.27441,43.019,3194.73225,-0.4383,33.2023,8.213941048106912,3.0599091622159036,-5.999999897651034
16.47034,12.29883,42.98273,3190.24716,-0.42961,33.1897,8.232787299324622,3.0669298866692136,-5.999999897651034
16.50609,12.32321,42.94725,3185.74955,-0.42054,33.17703,8.25065958367097,3.0735877828363307,-5.999999897651034
16.5418,12.34756,42.91259,3181.2399,-0.41113,33.16429,8.267521222094146,3.0798691868053716,-5.999999897651034
16.57746,12.37186,42.87878,3176.71868,-0.4014,33.15147,8.283338507689129,3.085761541867335,-5.999999897651034
16.61307,12.39613,42.84584,3172.18643,-0.39139,33.13859,8.298080848980678,3.091253451892781,-5.999999897651034
16.64864,12.42036,42.81378,3167.64367,-0.38111,33.12564,8.311720900538603,3.096334729989464,-5.999999897651034
16.68416,12.44455,42.78263,3163.09097,-0.37061,33.11263,8.324234679897238,3.1009964420579066,-5.999999897651034
16.71964,12.4687,42.75241,3158.5289,-0.3599,33.09956,8.335601669870895,3.1052309449066,-5.999999897651034
16.75507,12.49282,42.72311,3153.95807,-0.34903,33.08644,8.345804905460822,3.1090319186271334,-5.999999897651034
16.79046,12.51689,42.69477,3149.37909,-0.33802,33.07326,8.354831044672489,3.1123943929754954,-5.999999897651034
16.8258,12.54093,42.66738,3144.7926,-0.3269,33.06003,8.362670422690972,3.11531476755383,-5.999999897651034
16.8611,12.56492,42.64094,3140.19922,-0.3157,33.04676,8.369317088994457,3.117790825636194,-5.999999897651034
16.89634,12.58888,42.61547,3135.59962,-0.30447,33.03344,8.374768827151133,3.1198217415434204,-5.999999897651034
16.93155,12.6128,42.59096,3130.99446,-0.29322,33.02008,8.379027157144465,3.1214080815093412,-5.999999897651034
16.9667,12.63668,42.5674,3126.38439,-0.282,33.00668,8.382097320269144,3.1225517980541375,-5.999999897651034
17.00181,12.66052,42.54479,3121.7701,-0.27082,32.99325,8.38398824675482,3.123256217923322,-5.999999897651034
17.03687,12.68432,42.52313,3117.15226,-0.25974,32.97978,8.384712506417852,3.1235260237042195,-5.999999897651034
17.07189,12.70808,42.50239,3112.53154,-0.24878,32.96629,8.38428624279439,3.12336722928881,-5.999999897651034
17.10686,12.7318,42.48258,3107.90861,-0.23796,32.95277,8.38272909133615,3.1227871493994956,-5.999999897651034
17.14178,12.75549,42.46367,3103.28414,-0.22733,32.93923,8.380064082363207,3.121794363436467,-5.999999897651034
17.17666,12.77913,42.44564,3098.6588,-0.2169,32.92567,8.376317529590283,3.1203986739508163,-5.999999897651034
17.21149,12.80273,42.42847,3094.03322,-0.20672,32.91209,8.371518905147495,3.11861106008647,-5.999999897651034
17.24628,12.8263,42.41214,3089.40807,-0.19681,32.8985,8.365700702105077,3.1164436263670336,-5.999999897651034
17.28101,12.84982,42.39662,3084.78397,-0.1872,32.8849,8.358898285600988,3.1139095472369105,-5.999999897651034
17.3157,12.87331,42.38189,3080.16153,-0.17792,32.8713,8.351149733697651,3.1110230077762475,-5.999999897651034
17.35035,12.89676,42.36792,3075.54138,-0.16898,32.85768,8.342495669209967,3.1077991410524444,-5.999999897651034
17.38495,12.92016,42.35467,3070.92408,-0.16043,32.84407,8.332979083705078,3.1042539625554384,-5.999999897651034
17.4195,12.94353,42.34211,3066.31021,-0.15227,32.83045,8.322645154963999,3.100404302197357,-5.999999897651034
17.454,12.96686,42.33021,3061.70031,-0.14454,32.81684,8.311541059163613,3.0962677343453686,-5.999999897651034
17.48846,12.99015,42.31893,3057.09492,-0.13726,32.80323,8.29971577904053,3.0918625063576752,-5.999999897651034
17.52287,13.0134,42.30822,3052.49454,-0.13045,32.78963,8.28721990929103,3.0872074660898656,-5.999999897651034
17.55723,13.03661,42.29806,3047.89965,-0.12412,32.77603,8.274105460409375,3.082321988819531,-5.999999897651034
17.59155,13.05978,42.2884,3043.31071,-0.11829,32.76245,8.260425662138395,3.0772259040264363,-5.999999897651034
17.62582,13.08292,42.2792,3038.72815,-0.11299,32.74888,8.246234767668524,3.071939422451504,-5.999999897651034
17.66005,13.10601,42.27041,3034.15236,-0.10822,32.73532,8.231587859616848,3.06648306381891,-5.999999897651034
17.69423,13.12907,42.26199,3029.58374,-0.104,32.72178,8.21654065879609,3.060877585597497,-5.999999897651034
17.72836,13.15208,42.2539,3025.02262,-0.10034,32.70825,8.201149336679407,3.055143913138974,-5.999999897651034
17.76245,13.17506,42.24608,3020.46933,-0.09725,32.69474,8.18547033238149,3.0493030714985685,-5.999999897651034
17.79649,13.198,42.2385,3015.92415,-0.09473,32.68125,8.169560174945932,3.0433761192323865,-5.999999897651034
17.83049,13.2209,42.23111,3011.38736,-0.09281,32.66778,8.15347531154207,3.0373840843962214,-5.999999897651034
17.86443,13.24376,42.22385,3006.85917,-0.09147,32.65433,8.137271942185725,3.031347902974676,-5.999999897651034
17.89834,13.26659,42.21669,3002.3398,-0.09073,32.64089,8.12100586146785,3.025288359920926,-5.999999897651034
17.93219,13.28937,42.20957,2997.8294,-0.09059,32.62748,8.104732307649652,3.019226032940676,-5.999999897651034
17.96601,13.31212,42.20246,2993.32813,-0.09104,32.61409,8.088505819485459,3.0131812391549153,-5.999999897651034
17.99977,13.33483,42.19529,2988.8361,-0.0921,32.60072,8.072380100967592,3.0071739847138206,-5.999999897651034
18.03349,13.3575,42.18803,2984.35337,-0.09375,32.58736,8.056407894135802,3.001223917414924,-5.999999897651034
18.06717,13.38014,42.18063,2979.88001,-0.09599,32.57403,8.04064086005579,2.9953502823644858,-5.999999897651034
18.1008,13.40273,42.17304,2975.41604,-0.09881,32.56072,8.025129467941829,2.989571880672745,-5.999999897651034
18.13438,13.42529,42.16522,2970.96143,-0.10222,32.54742,8.009922892351124,2.9839070311561233,-5.999999897651034
18.16792,13.44781,42.15712,2966.51617,-0.10619,32.53415,7.995068918364636,2.9783735350145797,-5.999999897651034
18.20141,13.47029,42.14871,2962.08018,-0.11073,32.52088,7.98061385453043,2.972988643400718,-5.999999897651034
18.23486,13.49274,42.13993,2957.65336,-0.11582,32.50764,7.966602453379672,2.9677690278099087,-5.999999897651034
18.26826,13.51515,42.13076,2953.2356,-0.12144,32.49441,7.953077839226118,2.9627307531836946,-5.999999897651034
18.30162,13.53752,42.12114,2948.82675,-0.12759,32.48119,7.940081442958531,2.9578892536182524,-5.999999897651034
18.33494,13.55985,42.11105,2944.42662,-0.13426,32.46798,7.927652943480873,2.9532593105493223,-5.999999897651034
18.3682,13.58215,42.10043,2940.03503,-0.14141,32.45479,7.915830215474074,2.9488550332920944,-5.999999897651034
18.40143,13.60441,42.08927,2935.65174,-0.14904,32.4416,7.904649283058803,2.9446898417793683,-5.999999897651034
18.43461,13.62663,42.07751,2931.27651,-0.15713,32.42842,7.894144279025307,2.9407764513736003,-5.999999897651034
18.46774,13.64882,42.06514,2926.90906,-0.16566,32.41524,7.8843474092078605,2.937126859595443,-5.999999897651034
18.50083,13.67097,42.05211,2922.5491,-0.17461,32.40206,7.875288921616034,2.933752334624334,-5.999999897651034
18.53388,13.69308,42.03841,2918.19631,-0.18396,32.38888,7.866997079939582,2.930663405428371,-5.999999897651034
18.56688,13.71516,42.024,2913.85035,-0.19369,32.3757,7.859498141054006,2.9278698533845375,-5.999999897651034
18.59984,13.7372,42.00885,2909.51087,-0.20376,32.36251,7.8528163361258905,2.9253807052399456,-5.999999897651034
18.63275,13.7592,41.99295,2905.17749,-0.21417,32.34932,7.846973855000548,2.923204227295825,-5.999999897651034
18.66562,13.78117,41.97626,2900.84981,-0.22488,32.33612,7.841990833508751,2.921347920678944,-5.999999897651034
18.69844,13.8031,41.95878,2896.52743,-0.23588,32.3229,7.837885343391896,2.91981851758847,-5.999999897651034
18.73123,13.82499,41.94049,2892.20992,-0.24712,32.30967,7.8346733845566,2.918621978410599,-5.999999897651034
18.76396,13.84685,41.92136,2887.89683,-0.2586,32.29641,7.832368879385668,2.917763489599246,-5.999999897651034
18.79665,13.86867,41.90138,2883.58771,-0.27028,32.28314,7.8309836688766925,2.9172474622375706,-5.999999897651034
18.8293,13.89045,41.88054,2879.28209,-0.28213,32.26984,7.830527510412262,2.917077531207319,-5.999999897651034
18.86191,13.9122,41.85884,2874.97949,-0.29413,32.25651,7.831008076973269,2.9172565548957614,-5.999999897651034
18.89447,13.93392,41.83627,2870.67943,-0.30625,32.24316,7.832430957676871,2.9177866153960976,-5.999999897651034
18.92699,13.95559,41.81281,2866.38139,-0.31846,32.22977,7.834799659503754,2.9186690191509075,-5.999999897651034
18.95946,13.97723,41.78847,2862.08487,-0.33074,32.21634,7.838115610177849,2.919904298024921,-5.999999897651034
18.99189,13.99883,41.76325,2857.78935,-0.34305,32.20287,7.842378162134787,2.921492210783372,-5.999999897651034
19.02428,14.0204,41.73714,2853.49431,-0.35536,32.18936,7.847584597586159,2.92343174497857,-5.999999897651034
19.05662,14.04193,41.71015,2849.19923,-0.36766,32.1758,7.853730134711816,2.9257211192566905,-5.999999897651034
19.08891,14.06343,41.68229,2844.90357,-0.3799,32.16219,7.860807935038237,2.928357786106417,-5.999999897651034
19.12117,14.08489,41.65357,2840.60679,-0.39207,32.14853,7.868809112108665,2.93133843508879,-5.999999897651034
19.15338,14.10631,41.62398,2836.30836,-0.40414,32.13481,7.877722741559672,2.9346589965909957,-5.999999897651034
19.18555,14.12769,41.59355,2832.00774,-0.41607,32.12104,7.887535872773931,2.938314646167329,-5.999999897651034
19.21767,14.14904,41.56229,2827.7044,-0.42783,32.1072,7.898233542294777,2.94229980953647,-5.999999897651034
19.24975,14.17036,41.53022,2823.3978,-0.43941,32.09329,7.909798789201654,2.946608168309242,-5.999999897651034
19.28178,14.19163,41.49734,2819.08742,-0.45078,32.07932,7.922212672699583,2.9512326665411526,-5.999999897651034
19.31377,14.21287,41.46368,2814.77272,-0.46191,32.06527,7.9354542921793705,2.9561655182053515,-5.999999897651034
19.34572,14.23408,41.42927,2810.45319,-0.47277,32.05115,7.9495008100083,2.9613982156827547,-5.999999897651034
19.37762,14.25524,41.39412,2806.12831,-0.48334,32.03696,7.9643274773700945,2.96692153938812,-5.999999897651034
19.40948,14.27638,41.35831,2801.79742,-0.49225,32.04822,7.979851552595813,2.9727046658727017,0.0
19.44128,14.29749,41.32192,2797.4599,-0.50082,32.0595,7.995988283136392,2.9787160225820015,0.0
19.47303,14.31859,41.28497,2793.11533,-0.50903,32.07079,8.01270692373149,2.9849441560975833,0.0
19.50472,14.33966,41.24749,2788.7633,-0.51685,32.08209,8.029975279523603,2.9913770729879325,0.0
19.53636,14.36071,41.20951,2784.40342,-0.52427,32.0934,8.047759677287006,2.9980022290904675,0.0
19.56795,14.38174,41.17106,2780.03529,-0.53128,32.10473,8.06602502385091,3.004806551275714,0.0
19.59949,14.40274,41.13219,2775.65855,-0.53786,32.11606,8.084734869576454,3.0117764610941484,0.0
19.63097,14.42372,41.09291,2771.27286,-0.54399,32.12741,8.103851477053782,3.018897900367667,0.0
19.6624,14.44468,41.05326,2766.87788,-0.54966,32.13877,8.123335895182954,3.0261563587866793,0.0
19.69377,14.46562,41.01329,2762.4733,-0.55486,32.15013,8.143148038739398,3.0335369035503237,0.0
19.72509,14.48654,40.97302,2758.05883,-0.55958,32.16151,8.163246773535622,3.0410242110914574,0.0
19.75636,14.50743,40.93249,2753.6342,-0.56381,32.1729,8.183590007197525,3.0486026008932083,0.0
19.78757,14.5283,40.89174,2749.19915,-0.56753,32.1843,8.204134785569709,3.056256071402499,0.0
19.81873,14.54915,40.85081,2744.75346,-0.57075,32.19571,8.224837394714038,3.063968338027192,0.0
19.84984,14.56997,40.80973,2740.29692,-0.57346,32.20712,8.245653468398732,3.071722873178602,0.0
19.88089,14.59077,40.76855,2735.82935,-0.57565,32.21855,8.2665381009381,3.0795029483072707,0.0
19.91188,14.61155,40.72729,2731.35059,-0.57731,32.22999,8.28744596517694,3.0872916778552537,0.0
19.94282,14.6323,40.686,2726.86051,-0.57846,32.24144,8.308331435389894,3.095072065039375,0.0
19.97371,14.65303,40.64471,2722.359,-0.57908,32.25289,8.329148714757258,3.1028270493393033,0.0
20.00454,14.67374,40.60347,2717.84599,-0.57919,32.26436,8.349851967074274,3.110539555562744,0.0
20.03532,14.69443,40.5623,2713.32141,-0.57877,32.27583,8.3703954522572,3.118192544325011,0.0
20.06604,14.71509,40.52125,2708.78524,-0.57784,32.28731,8.390733665166145,3.1257690637641806,0.0
20.09671,14.73572,40.48036,2704.23748,-0.57641,32.2988,8.410821477231343,3.133252302300611,0.0
20.12732,14.75633,40.43965,2699.67814,-0.57447,32.3103,8.430614280266658,3.140625642211258,0.0
20.15787,14.77692,40.39917,2695.10728,-0.57204,32.3218,8.450068131863496,3.147872713792721,0.0
20.18838,14.79748,40.35894,2690.52498,-0.56913,32.33331,8.469139901674241,3.154977449855688,0.0
20.21882,14.81802,40.319,2685.93134,-0.56574,32.34483,8.487787417862641,3.1619241402815477,0.0
20.24921,14.83854,40.27939,2681.3265,-0.5619,32.35636,8.505969612975276,3.16869748636335,0.0
20.27954,14.85903,40.24013,2676.7106,-0.55761,32.3679,8.523646668453196,3.175282654640197,0.0
20.30982,14.87949,40.20125,2672.08384,-0.5529,32.37944,8.54078015696659,3.1816653299206505,0.0
20.34004,14.89994,40.16278,2667.44641,-0.54777,32.39099,8.55733318176408,3.18783176719401,0.0
20.37021,14.92035,40.12475,2662.79855,-0.54225,32.40254,8.573270512199977,3.1937688421177826,0.0
20.40031,14.94074,40.08719,2658.14052,-0.53635,32.41411,8.588558714628492,3.19946409977922,0.0
20.43037,14.96111,40.05011,2653.47259,-0.5301,32.42568,8.603166277812429,3.2049058014133562,0.0
20.46036,14.98145,40.01355,2648.79507,-0.52351,32.43725,8.617063732090065,3.2100829687958043,0.0
20.4903,15.00176,39.97752,2644.10828,-0.51661,32.44883,8.630223761491182,3.214985426008934,0.0
20.52018,15.02205,39.94203,2639.41256,-0.50943,32.46042,8.642621308061543,3.2196038383054755,0.0
20.55001,15.04232,39.90712,2634.70828,-0.50198,32.47201,8.65423366772049,3.2239297478180036,0.0
20.57978,15.06255,39.87279,2629.9958,-0.49429,32.48361,8.66504057696971,3.2279556058602346,0.0
20.60949,15.08277,39.83906,2625.27554,-0.48639,32.49521,8.675024289883364,3.2316748016078662,0.0
20.63914,15.10295,39.80594,2620.54791,-0.4783,32.50682,8.684169644835263,3.2350816869562196,0.0
20.66874,15.12311,39.77343,2615.81333,-0.47005,32.51843,8.69246412051136,3.2381715973863554,0.0
20.69828,15.14325,39.74156,2611.07224,-0.46167,32.53005,8.699897880819485,3.240940868695137,0.0
20.72777,15.16336,39.71032,2606.32511,-0.45318,32.54168,8.706463808385779,3.243386849473534,0.0
20.75719,15.18344,39.67972,2601.57238,-0.44462,32.55331,8.712157526425623,3.2455079092541133,0.0
20.78656,15.20349,39.64975,2596.81454,-0.43601,32.56494,8.716977408841611,3.2473034422728078,0.0
20.81587,15.22352,39.62043,2592.05205,-0.42738,32.57658,8.72092457851334,3.248773866831812,0.0
20.84512,15.24353,39.59175,2587.28542,-0.41876,32.58822,8.724002893782542,3.249920620264939,0.0
20.87432,15.2635,39.5637,2582.51513,-0.41018,32.59987,8.72621892330019,3.250746149567507,0.0
20.90346,15.28345,39.53628,2577.74166,-0.40167,32.61152,8.72758190940795,3.2512538977549714,0.0
20.93254,15.30338,39.50949,2572.96552,-0.39325,32.62318,8.728103720353808,3.2514482860619753,0.0
20.96156,15.32327,39.4833,2568.1872,-0.38495,32.63484,8.727798791721344,3.251334692123228,0.0
20.99053,15.34314,39.45772,2563.40718,-0.3768,32.64651,8.726684057497371,3.2509194242943753,0.0
21.01944,15.36299,39.43272,2558.62597,-0.36883,32.65818,8.724778871289203,3.250209692303367,0.0
21.04829,15.3828,39.4083,2553.84403,-0.36106,32.66985,8.722104918271613,3.2492135744483774,0.0
21.07708,15.40259,39.38444,2549.06186,-0.35353,32.68153,8.718686118476088,3.247939981570507,0.0
21.10581,15.42236,39.36111,2544.27992,-0.34625,32.69321,8.714548522118216,3.2463986180604865,0.0
21.13449,15.44209,39.3383,2539.49868,-0.33925,32.7049,8.709720197646611,3.2445999401539516,0.0
21.16311,15.4618,39.316,2534.71858,-0.33255,32.71659,8.704231113287923,3.2425551118038376,0.0
21.19168,15.48148,39.29416,2529.94006,-0.32618,32.72828,8.698113012848426,3.2402759584132155,0.0
21.22018,15.50114,39.27278,2525.16356,-0.32016,32.73998,8.691399286556637,3.237774918720753,0.0
21.24863,15.52077,39.25182,2520.38948,-0.3145,32.75168,8.684124837754396,3.2350649951396524,0.0
21.27702,15.54037,39.23127,2515.61823,-0.30924,32.76339,8.676325946216041,3.2321597028404283,0.0
21.30535,15.55994,39.21108,2510.8502,-0.30438,32.7751,8.668040128912292,3.229073017881807,0.0
21.33363,15.57949,39.19124,2506.08574,-0.29994,32.78682,8.659305998966756,3.2258193246683056,0.0
21.36184,15.59901,39.17171,2501.3252,-0.29595,32.79854,8.650163123582395,3.2224133630241023,0.0
21.39001,15.6185,39.15247,2496.56892,-0.2924,32.81026,8.64065188166581,3.2188701751543376,0.0
21.41811,15.63796,39.13348,2491.81721,-0.28933,32.82199,8.63081332182486,3.215205052745495,0.0
21.44616,15.6574,39.11471,2487.07036,-0.28673,32.83372,8.620689021440716,3.2114334844660255,0.0
21.47415,15.67681,39.09613,2482.32864,-0.28463,32.84546,8.610320947403398,3.207571104086678,0.0
21.50208,15.6962,39.07771,2477.5923,-0.28302,32.8572,8.599751319085222,3.2036336394344995,0.0
21.52995,15.71556,39.0594,2472.86158,-0.28192,32.86894,8.589022474123324,3.199636862393292,0.0
21.55777,15.73489,39.04119,2468.13666,-0.28134,32.88069,8.578176737432658,3.1955965401075117,0.0
21.58553,15.75419,39.02304,2463.41775,-0.28127,32.89245,8.567256293925734,3.1915283875670206,0.0
21.61324,15.77346,39.0049,2458.705,-0.28173,32.9042,8.556303065304938,3.1874480217089842,0.0
21.64089,15.79271,38.98676,2453.99856,-0.28271,32.91597,8.54535859123256,3.183370917150579,0.0
21.66848,15.81193,38.96857,2449.29853,-0.28421,32.92773,8.534463915205974,3.1793123636744975,0.0
21.69602,15.83113,38.9503,2444.60501,-0.28623,32.9395,8.523659475303065,3.1752874255287407,0.0
21.7235,15.8503,38.93192,2439.91808,-0.28878,32.95128,8.512985000046301,3.171310902633249,0.0
21.75092,15.86944,38.91339,2435.23779,-0.29185,32.96306,8.502479409450542,3.1673972937176043,0.0
21.77829,15.88855,38.89469,2430.56415,-0.29542,32.97484,8.492180721401127,3.1635607614444066,0.0
21.8056,15.90764,38.87579,2425.89717,-0.2995,32.98663,8.482125963379932,3.1598150995249052,0.0
21.83285,15.9267,38.85664,2421.23683,-0.30408,32.99843,8.472351089563386,3.1561737018358333,0.0
21.86005,15.94573,38.83723,2416.5831,-0.30915,33.01023,8.462890903260643,3.152649533525579,0.0
21.88719,15.96474,38.81751,2411.9359,-0.3147,33.02203,8.453778984651157,3.149255104094538,0.0
21.91428,15.98371,38.79747,2407.29516,-0.32071,33.03384,8.445047623726738,3.1460024424142596,0.0
21.94131,16.00267,38.77708,2402.66078,-0.32718,33.04565,8.43672775833157,3.142903073645726,0.0
21.96829,16.02159,38.7563,2398.03262,-0.33409,33.05747,8.42884891719137,3.1399679980162145,0.0
21.99521,16.04049,38.73512,2393.41054,-0.34142,33.06929,8.421439167758177,3.137207671390109,0.0
22.02207,16.05936,38.71351,2388.79438,-0.34917,33.08112,8.414525068742009,3.134631987585693,0.0
22.04888,16.07821,38.69144,2384.18395,-0.3573,33.09295,8.408131627145142,3.132250262369287,0.0
22.07564,16.09703,38.6689,2379.57907,-0.36581,33.10479,8.402282259616985,3.130071219058926,0.0
22.10234,16.11582,38.64586,2374.9795,-0.37467,33.11663,8.396998757984635,3.1281029756835816,0.0
22.12898,16.13458,38.6223,2370.38501,-0.38387,33.12848,8.392301258738458,3.1263530336157364,0.0
22.15557,16.15332,38.59821,2365.79536,-0.39338,33.14033,8.388208216318871,3.124828267620013,0.0
22.1821,16.17203,38.57357,2361.21028,-0.40319,33.15219,8.384736380040286,3.123534917256729,0.0
22.20858,16.19071,38.54836,2356.62949,-0.41327,33.16405,8.381900774463304,3.1224785795700307,0.0
22.235,16.20937,38.52257,2352.0527,-0.42359,33.17592,8.37971468307405,3.1216642030080086,0.0
22.26137,16.228,38.49619,2347.47959,-0.43414,33.18779,8.378189635129154,3.121096082522107,0.0
22.28769,16.24661,38.4692,2342.90985,-0.44489,33.19967,8.377335395526412,3.120777855793689,0.0
22.31395,16.26518,38.44161,2338.34316,-0.45582,33.21155,8.3771599575829,3.1207125005436813,0.0
22.34015,16.28373,38.41339,2333.77917,-0.46689,33.22344,8.377669538623227,3.1209023328890866,0.0
22.3663,16.30226,38.38456,2329.21754,-0.4781,33.23533,8.378868578294124,3.1213490067151284,0.0
22.3924,16.32075,38.35509,2324.6579,-0.48941,33.24723,8.380759739530236,3.1220535140350267,0.0
22.41844,16.33922,38.32499,2320.0999,-0.50079,33.25913,8.383343912120303,3.1230161863185,0.0
22.44442,16.35766,38.29425,2315.54315,-0.51222,33.27104,8.386620218838445,3.1242366967758253,0.0
22.47036,16.37608,38.26288,2310.98729,-0.52368,33.28295,8.390586024140394,3.1257140635974188,0.0
22.49623,16.39447,38.23089,2306.43194,-0.53514,33.29486,8.395236945389259,3.127446654135725,0.0
22.52206,16.41283,38.19826,2301.87671,-0.54657,33.30678,8.400566866673145,3.129432190052641,0.0
22.54782,16.43116,38.16501,2297.32121,-0.55794,33.3187,8.40656795520556,3.1316677534291073,0.0
22.57354,16.44947,38.13115,2292.76505,-0.56924,33.33063,8.413230680391427,3.134149793867694,0.0
22.5992,16.46775,38.09668,2288.20785,-0.58044,33.34256,8.420543835599672,3.136874136603459,0.0
22.6248,16.48601,38.06161,2283.64921,-0.59151,33.3545,8.428494562715107,3.139835991650179,0.0
22.65035,16.50423,38.02596,2279.08875,-0.60243,33.36644,8.437068379566982,3.143029964018201,0.0
22.67585,16.52243,37.98973,2274.52608,-0.61317,33.37838,8.446249210328542,3.1464500650390774,0.0
22.70129,16.5406,37.95294,2269.96083,-0.62372,33.39033,8.456019418962647,3.1500897248249426,0.0
22.72668,16.55875,37.9156,2265.3926,-0.63404,33.40228,8.466359845858905,3.1539418059168045,0.0
22.75201,16.57687,37.87774,2260.82104,-0.64412,33.41424,8.47724984773078,3.157998618147273,0.0
22.77729,16.59495,37.83936,2256.24577,-0.65393,33.4262,8.488667340907412,3.1622519347678932,0.0
22.80251,16.61302,37.80049,2251.66644,-0.66346,33.43816,8.500588848117767,3.1666930098774833,0.0
22.82768,16.63105,37.76115,2247.08269,-0.67268,33.45013,8.512989548859908,3.1713125971860037,0.0
22.85279,16.64906,37.72136,2242.4942,-0.68157,33.4621,8.525843333456404,3.1761009701516265,0.0
22.87785,16.66704,37.68113,2237.90061,-0.69012,33.47407,8.539122860873752,3.1810479435199843,0.0
22.90286,16.68499,37.6405,2233.30163,-0.69831,33.48604,8.552799620387928,3.186142896296214,0.0
22.92781,16.70291,37.59949,2228.69693,-0.70612,33.49802,8.566843997122328,3.1913747961595704,0.0
22.9527,16.72081,37.55811,2224.08622,-0.71354,33.51,8.58122534151879,3.1967322253431965,0.0
22.97754,16.73867,37.5164,2219.46923,-0.72055,33.52198,8.595912042741778,3.2022034079791264,0.0
23.00233,16.75651,37.47439,2214.84569,-0.72714,33.53397,8.61087160600692,3.2077762389051907,0.0
23.02705,16.77432,37.43209,2210.21534,-0.7333,33.54595,8.626070733796574,3.213438313919957,0.0
23.05173,16.79211,37.38954,2205.57795,-0.73902,33.55794,8.641475410900254,3.2191769614625256,0.0
23.07635,16.80986,37.34676,2200.9333,-0.74429,33.56993,8.657050993186948,3.2249792756825535,0.0
23.10091,16.82759,37.30377,2196.28119,-0.74911,33.58192,8.672762299968127,3.2308321508479043,0.0
23.12542,16.84528,37.26062,2191.62144,-0.75345,33.59392,8.688573709809548,3.236722317037064,0.0
23.14988,16.86295,37.21733,2186.95388,-0.75733,33.60591,8.704449259579995,3.24263637703741,0.0
23.17427,16.88059,37.17391,2182.27837,-0.76073,33.61791,8.720352746525005,3.248560844370351,0.0
23.19862,16.8982,37.13041,2177.59477,-0.76365,33.6299,8.736247833070042,3.254482182333275,0.0
23.2229,16.91578,37.08685,2172.903,-0.7661,33.6419,8.752098154082649,3.2603868439575163,0.0
23.24714,16.93333,37.04326,2168.20295,-0.76807,33.6539,8.767867426251016,3.2662613127547555,0.0
23.27131,16.95086,36.99967,2163.49456,-0.76957,33.66589,8.783519559175659,3.2720921441015873,0.0
23.29543,16.96835,36.9561,2158.77779,-0.77059,33.67789,8.79901876781508,3.277866007128495,0.0
23.3195,16.98581,36.91258,2154.05261,-0.77115,33.68989,8.814329685827866,3.2835697269427566,0.0
23.3435,17.00325,36.86914,2149.31903,-0.77125,33.70189,8.829417479342535,3.28919032701071,0.0
23.36746,17.02065,36.8258,2144.57705,-0.77089,33.71389,8.844247960683806,3.294715071523783,0.0
23.39135,17.03803,36.78258,2139.82672,-0.77009,33.72588,8.858787701526184,3.300131507551174,0.0
23.41519,17.05537,36.73952,2135.0681,-0.76885,33.73788,8.873004144955955,3.305427506785903,0.0
23.43898,17.07269,36.69664,2130.30127,-0.7672,33.74988,8.88686571589811,3.3105913066817365,0.0
23.4627,17.08997,36.65396,2125.52633,-0.76513,33.76187,8.900341929328409,3.315611550765039,0.0
23.48637,17.10723,36.6115,2120.74339,-0.76267,33.77386,8.91340349574243,3.320477327924758,0.0
23.50999,17.12445,36.56928,2115.95262,-0.75983,33.78586,8.926022423292252,3.3251782104610332,0.0
23.53354,17.14165,36.52733,2111.15415,-0.75663,33.79785,8.938172116042242,3.3297042906880607,0.0
23.55705,17.15881,36.48565,2106.34818,-0.75308,33.80984,8.949827467786628,3.3340462158836055,0.0
23.58049,17.17595,36.44428,2101.53489,-0.74921,33.82183,8.960964950903191,3.3381952213893418,0.0
23.60388,17.19305,36.40322,2096.71451,-0.74503,33.83381,8.971562699713946,3.342143161664901,0.0
23.62721,17.21012,36.36249,2091.88727,-0.74057,33.84579,8.981600587864737,3.345882539113803,0.0
23.65048,17.22716,36.32211,2087.05342,-0.73584,33.85778,8.991060299274782,3.3494065305140324,0.0
23.6737,17.24417,36.28209,2082.21322,-0.73088,33.86976,8.999925392200142,3.352709010883362,0.0
23.69686,17.26115,36.24243,2077.36694,-0.7257,33.88173,9.00818135604197,3.355784574641926,0.0
23.71996,17.2781,36.20316,2072.51488,-0.72032,33.89371,9.015815660560385,3.358628553945676,0.0
23.74301,17.29501,36.16427,2067.65735,-0.71479,33.90568,9.022817797163457,3.3612370340676216,0.0
23.76599,17.3119,36.12578,2062.79467,-0.70911,33.91765,9.029179312054278,3.363606865745984,0.0
23.78893,17.32875,36.08769,2057.92715,-0.70331,33.92961,9.034893831018431,3.365735674418174,0.0
23.8118,17.34557,36.05,2053.05513,-0.69743,33.94158,9.039957075705633,3.367621866286142,0.0
23.83462,17.36236,36.01272,2048.17897,-0.69148,33.95354,9.044366871343176,3.369264631189833,0.0
23.85738,17.37912,35.97584,2043.29901,-0.6855,33.96549,9.048123145812106,3.370663942263039,0.0
23.88008,17.39585,35.93938,2038.41562,-0.67951,33.97745,9.051227920151085,3.3718205523958384,0.0
23.90272,17.41254,35.90332,2033.52915,-0.67354,33.9894,9.053685290533064,3.3727359875204312,0.0
23.92531,17.42921,35.86766,2028.63998,-0.66761,34.00134,9.055501401887897,3.3734125367848726,0.0
23.94784,17.44584,35.83241,2023.74848,-0.66176,34.01329,9.056684413328737,3.3738532396734904,0.0
23.97031,17.46244,35.79754,2018.85501,-0.65601,34.02523,9.057244455648615,3.3740618701732443,0.0
23.99273,17.479,35.76306,2013.95996,-0.65038,34.03716,9.057193581179861,3.3740429180950464,0.0
24.01508,17.49554,35.72896,2009.0637,-0.64491,34.04909,9.056545706325677,3.3738015676652493,0.0
24.03738,17.51204,35.69522,2004.16659,-0.63961,34.06102,9.055316547187111,3.3733436735450097,0.0
24.05963,17.52851,35.66183,1999.26901,-0.63452,34.07295,9.053523548659234,3.3726757344167453,0.0
24.08181,17.54495,35.62879,1994.37132,-0.62966,34.08487,9.051185807466586,3.371804864312812,0.0
24.10394,17.56135,35.59608,1989.47388,-0.62504,34.09679,9.048323989630532,3.370738761869923,0.0
24.12601,17.57773,35.56368,1984.57704,-0.6207,34.1087,9.044960242849646,3.3694856776885382,0.0
24.14802,17.59407,35.53158,1979.68115,-0.61666,34.12061,9.04111810431088,3.368054379990098,0.0
24.16998,17.61038,35.49975,1974.78656,-0.61293,34.13252,9.036822404500448,3.366454118784048,0.0
24.19188,17.62665,35.46819,1969.89358,-0.60955,34.14442,9.032099167525457,3.36469458873502,0.0
24.21372,17.6429,35.43688,1965.00253,-0.60652,34.15632,9.02697550851287,3.3627858909412485,0.0
24.2355,17.65911,35.40578,1960.11374,-0.60386,34.16821,9.021479528631831,3.3607384938276286,0.0
24.25723,17.67529,35.3749,1955.22749,-0.6016,34.1801,9.01564020827353,3.358563193352395,0.0
24.2789,17.69143,35.34419,1950.34407,-0.59975,34.19199,9.00948729894817,3.3562710727359106,0.0
24.30051,17.70755,35.31364,1945.46375,-0.59832,34.20387,9.003051214391327,3.353873461894911,0.0
24.32207,17.72363,35.28324,1940.58679,-0.59733,34.21575,8.99636292139987,3.351381896776013,0.0
24.34357,17.73967,35.25294,1935.71345,-0.59679,34.22763,8.98945383087914,3.3488080787679286,0.0
24.36501,17.75569,35.22274,1930.84393,-0.59671,34.2395,8.98235568955698,3.346163834362085,0.0
24.38639,17.77167,35.19261,1925.97847,-0.5971,34.25137,8.975100472818026,3.3434610752305836,0.0
24.40772,17.78762,35.16252,1921.11727,-0.59796,34.26323,8.967720279035234,3.340711758861908,0.0
24.42899,17.80354,35.13245,1916.26049,-0.59931,34.27509,8.960247225813019,3.3379278499087692,0.0
24.45021,17.81942,35.10238,1911.40832,-0.60115,34.28695,8.952713348453779,3.335121282364209,0.0
24.47136,17.83527,35.07228,1906.5609,-0.60349,34.2988,8.945150501001061,3.3323039226975784,0.0
24.49247,17.85109,35.04213,1901.71837,-0.60632,34.31065,8.937590260107553,3.329487534042838,0.0
24.51351,17.86688,35.0119,1896.88083,-0.60965,34.32249,8.930063832018273,3.3266837415473387,0.0
24.5345,17.88263,34.98157,1892.0484,-0.61348,34.33434,8.92260196286063,3.3239039989525234,0.0
24.55543,17.89835,34.95112,1887.22115,-0.6178,34.34617,8.91523485244608,3.321159556482763,0.0
24.57631,17.91404,34.92052,1882.39915,-0.62262,34.35801,8.907992071740722,3.318461430100987,0.0
24.59712,17.9297,34.88975,1877.58244,-0.62793,34.36984,8.900902484141994,3.3158203721821846,0.0
24.61789,17.94532,34.85878,1872.77105,-0.63372,34.38167,8.893994170659353,3.313246843641233,0.0
24.63859,17.96091,34.8276,1867.96501,-0.63998,34.39349,8.887294359080244,3.3107509875453633,0.0
24.65925,17.97647,34.79618,1863.16429,-0.64672,34.40532,8.880829357168096,3.3083426042286503,0.0
24.67984,17.99199,34.7645,1858.36889,-0.65391,34.41713,8.874624489949932,3.3060311279300016,0.0
24.70038,18.00748,34.73255,1853.57877,-0.66155,34.42895,8.868704041077525,3.303825604948645,0.0
24.72086,18.02294,34.70029,1848.79387,-0.66962,34.44076,8.863091198262259,3.3017346733171755,0.0
24.74129,18.03837,34.66772,1844.01413,-0.67812,34.45257,8.857808002782846,3.2997665439918555,0.0
24.76166,18.05376,34.63481,1839.23945,-0.68703,34.46437,8.85287530301078,3.297928983539619,0.0
24.78198,18.06912,34.60155,1834.46975,-0.69633,34.47617,8.848312711911163,3.296229298306014,0.0
24.80224,18.08445,34.56793,1829.7049,-0.706,34.48797,8.844138568456085,3.2946743200406736,0.0
24.82244,18.09975,34.53391,1824.94479,-0.71604,34.49977,8.840369902916766,3.293270392967719,0.0
24.84259,18.11501,34.4995,1820.18925,-0.72642,34.51156,8.837022405918052,3.2920233622577517,0.0
24.86269,18.13024,34.46468,1815.43815,-0.73712,34.52335,8.83411040122895,3.2909385638916056,0.0
24.88273,18.14544,34.42943,1810.69132,-0.74812,34.53513,8.831646822182142,3.2900208158760043,0.0
24.90271,18.1606,34.39375,1805.94857,-0.75941,34.54691,8.829643191654146,3.289274410785634,0.0
24.92264,18.17573,34.35762,1801.20972,-0.77095,34.55869,8.828109605552026,3.2887031096115145,0.0
24.94251,18.19083,34.32104,1796.47455,-0.78274,34.57047,8.827054719701971,3.2883101368766527,0.0
24.96233,18.2059,34.284,1791.74288,-0.79474,34.58224,8.826485740089826,3.288098177000374,0.0
24.9821,18.22093,34.24648,1787.01446,-0.80694,34.59401,8.826408416396132,3.2880693718899643,0.0
25.00181,18.23593,34.20849,1782.28907,-0.81931,34.60578,8.826827038744351,3.288225319729292,0.0
25.02146,18.2509,34.17003,1777.56648,-0.83183,34.61754,8.827744437627972,3.288567074951659,0.0
25.04106,18.26584,34.13107,1772.84644,-0.84447,34.6293,8.82916198695305,3.2890951493732175,0.0
25.0606,18.28074,34.09164,1768.12869,-0.85721,34.64106,8.831079610178875,3.2898095144805417,0.0
25.08009,18.29561,34.05172,1763.41299,-0.87003,34.65281,8.833495789485182,3.2907096048456443,0.0
25.09953,18.31044,34.01131,1758.69907,-0.8829,34.66456,8.83640757797003,3.2917943226700164,0.0
25.11891,18.32525,33.97042,1753.98667,-0.89579,34.6763,8.839810614841673,3.2930620434439923,0.0
25.13823,18.34002,33.92905,1749.27551,-0.90869,34.68804,8.84369914358596,3.294510622714588,0.0
25.1575,18.35476,33.8872,1744.56533,-0.92157,34.69978,8.848066033100675,3.296137403958598,0.0
25.17672,18.36946,33.84487,1739.85585,-0.93441,34.71152,8.852902801785751,3.2979392275568316,0.0
25.19588,18.38413,33.80208,1735.14679,-0.94717,34.72325,8.858199644582724,3.299912440867026,0.0
25.21499,18.39877,33.75882,1730.43789,-0.95985,34.73498,8.86394546297811,3.3020529094008877,0.0
25.23404,18.41338,33.71512,1725.72887,-0.97241,34.7467,8.870127897928377,3.304356029089516,0.0
25.25304,18.42795,33.67097,1721.01946,-0.98483,34.75842,8.876733365762265,3.3068167396579575,0.0
25.27198,18.44249,33.62638,1716.30938,-0.9971,34.77013,8.883747097006651,3.3094295390888675,0.0
25.29087,18.45699,33.58137,1711.59838,-1.00918,34.78184,8.891153178147329,3.3121884991794923,0.0
25.3097,18.47146,33.53595,1706.88618,-1.02107,34.79355,8.89893459634115,3.3150872821981254,0.0
25.32848,18.4859,33.49012,1702.17254,-1.03273,34.80525,8.90707328701511,3.318119158616016,0.0
25.34721,18.50031,33.44391,1697.45719,-1.04416,34.81695,8.915550184373968,3.3212770259227837,0.0
25.36588,18.51468,33.39733,1692.73989,-1.05533,34.82864,8.92434527475957,3.324553428504175,0.0
25.3845,18.52902,33.35039,1688.02041,-1.06623,34.84033,8.933437652833481,3.3279405785715723,0.0
25.40306,18.54332,33.3031,1683.29851,-1.07683,34.85201,8.942805580515879,3.3314303781182772,0.0
25.42156,18.5576,33.25549,1678.57396,-1.08713,34.86369,8.952426548642766,3.3350144418884486,0.0
25.44002,18.57183,33.20757,1673.84656,-1.09711,34.87537,8.962277341230259,3.3386841213172427,0.0
25.45841,18.58604,33.15935,1669.11609,-1.10676,34.88703,8.972334102273763,3.3424305294152563,0.0
25.47676,18.60021,33.11085,1664.38237,-1.11606,34.8987,8.982572404955974,3.3462445665503355,0.0
25.49505,18.61434,33.0621,1659.6452,-1.125,34.91035,8.992967323160169,3.350116947088157,0.0
25.51328,18.62844,33.0131,1654.90442,-1.13358,34.92201,9.003493505103254,3.354038226822472,0.0
25.53146,18.64251,32.96389,1650.15987,-1.14178,34.93365,9.014125248965469,3.357998831149164,0.0
25.54958,18.65655,32.91446,1645.4114,-1.1496,34.94529,9.024836580307447,3.36198908390614,0.0
25.56765,18.67055,32.86486,1640.65887,-1.15704,34.95693,9.03560133108301,3.3659992368076765,0.0
25.58567,18.68451,32.81508,1635.90216,-1.16408,34.96855,9.046393220023528,3.3700194993897075,0.0
25.60363,18.69844,32.76516,1631.14117,-1.17073,34.98018,9.057185934152553,3.3740400693761683,0.0
25.62153,18.71234,32.71511,1626.3758,-1.17698,34.99179,9.067953211182246,3.3780511633738377,0.0
25.63938,18.7262,32.66495,1621.60597,-1.18283,35.0034,9.078668922499824,3.3820430477869694,0.0
25.65718,18.74003,32.61469,1616.83161,-1.18829,35.015,9.089307156480844,3.3860060698536816,0.0
25.67492,18.75382,32.56436,1612.05269,-1.19335,35.0266,9.099842301790332,3.389930688677822,0.0
25.69261,18.76758,32.51398,1607.26915,-1.19803,35.03819,9.110249130374267,3.3938075061454778,0.0
25.71024,18.7813,32.46355,1602.48098,-1.20232,35.04977,9.120502879821748,3.397627297607049,0.0
25.72781,18.79499,32.41311,1597.68818,-1.20623,35.06134,9.130579334719316,3.401381042183879,0.0
25.74533,18.80864,32.36266,1592.89076,-1.20977,35.07291,9.14045490669647,3.4050599525873047,0.0
25.7628,18.82226,32.31222,1588.08874,-1.21294,35.08447,9.150106712771844,3.4086555043046833,0.0
25.78021,18.83584,32.26181,1583.28216,-1.21577,35.09602,9.159512651679998,3.412159464033118,0.0
25.79757,18.84939,32.21145,1578.47108,-1.21825,35.10756,9.168651477793047,3.4155639172172156,0.0
25.81487,18.8629,32.16114,1573.65557,-1.22041,35.1191,9.177502872317891,3.418861294571926,0.0
25.83211,18.87638,32.1109,1568.83571,-1.22226,35.13062,9.18604751139686,3.422044397451827,0.0
25.8493,18.88982,32.06075,1564.01161,-1.22381,35.14214,9.194267130791033,3.4251064219473593,0.0
25.86644,18.90323,32.01069,1559.18336,-1.22507,35.15365,9.202144586828926,3.4280409815898176,0.0
25.88352,18.9166,31.96075,1554.35111,-1.22608,35.16515,9.209663913291035,3.430842128542339,0.0
25.90054,18.92993,31.91092,1549.51499,-1.22683,35.17665,9.216810373958712,3.433504373175746,0.0
25.91751,18.94323,31.86122,1544.67515,-1.22736,35.18813,9.223570510536499,3.4360227019208693,0.0
25.93442,18.9565,31.81166,1539.83176,-1.22769,35.19961,9.229932185721694,3.4383925933131034,0.0
25.95128,18.96972,31.76225,1534.98499,-1.22783,35.21108,9.23588462117227,3.4406100321364446,0.0
25.96808,18.98291,31.71299,1530.13503,-1.2278,35.22254,9.241418430187236,3.4426715215977985,0.0
25.98483,18.99607,31.66389,1525.28208,-1.22764,35.23398,9.246525644941396,3.44457409347263,0.0
26.00152,19.00919,31.61496,1520.42634,-1.22735,35.24542,9.251199738112406,3.4463153161616242,0.0
26.01816,19.02227,31.56619,1515.56803,-1.22698,35.25686,9.255435638807919,3.4478933006239583,0.0
26.03474,19.03532,31.5176,1510.70737,-1.22653,35.26828,9.25922974272696,3.449306704162684,0.0
26.05126,19.04833,31.46918,1505.84461,-1.22603,35.27969,9.262579916484942,3.450554732035908,0.0
26.06773,19.0613,31.42094,1500.97997,-1.22552,35.29109,9.265485496139915,3.451637136907787,0.0
26.08415,19.07424,31.37287,1496.11371,-1.22501,35.30248,9.267947279901431,3.4525542161323814,0.0
26.10051,19.08714,31.32498,1491.24607,-1.22453,35.31387,9.269967515118571,3.4533068069063537,0.0
26.11681,19.10001,31.27727,1486.37732,-1.2241,35.32524,9.271549879621013,3.453896279318029,0.0
26.13306,19.11283,31.22972,1481.5077,-1.22375,35.33661,9.272699457539392,3.454324527339841,0.0
26.14925,19.12562,31.18234,1476.63749,-1.2235,35.34796,9.273422709774056,3.4545939578271647,0.0
26.16539,19.13838,31.13513,1471.76696,-1.22339,35.3593,9.27372743929033,3.454707477589892,0.0
26.18147,19.1511,31.08807,1466.89636,-1.22343,35.37064,9.273622751433887,3.4546684786088644,0.0
26.19749,19.16378,31.04117,1462.02597,-1.22364,35.38196,9.273119009546633,3.4544808215016163,0.0
26.21347,19.17642,30.9944,1457.15605,-1.22406,35.39328,9.272227786108948,3.4541488173215775,0.0
26.22938,19.18903,30.94778,1452.28688,-1.2247,35.40458,9.270961809694283,3.4536772077972704,0.0
26.24524,19.2016,30.90128,1447.41872,-1.22559,35.41588,9.269334908060062,3.4530711441321653,0.0
26.26104,19.21413,30.8549,1442.55182,-1.22675,35.42716,9.267361947659637,3.4523361644712947,0.0
26.27679,19.22663,30.80863,1437.68646,-1.22821,35.43843,9.265058769929995,3.45147817016675,0.0
26.29249,19.23909,30.76245,1432.82289,-1.22997,35.4497,9.262442124667283,3.4505034009583087,0.0
26.30813,19.25151,30.71635,1427.96136,-1.23207,35.46095,9.259529600874716,3.4494184092124645,0.0
26.32371,19.2639,30.67033,1423.10212,-1.23451,35.4722,9.256339555379215,3.448230033330243,0.0
26.33924,19.27625,30.62437,1418.2454,-1.23733,35.48343,9.252891039634264,3.4469453704793387,0.0
26.35471,19.28856,30.57845,1413.39146,-1.24053,35.49466,9.24920372500024,3.4455717487590762,0.0
26.37013,19.30083,30.53256,1408.5405,-1.24414,35.50587,9.245297826891148,3.444116698943076,0.0
26.38549,19.31307,30.4867,1403.69276,-1.24816,35.51707,9.241194028121628,3.4425879259239855,0.0
26.4008,19.32527,30.44083,1398.84845,-1.25261,35.52827,9.236913401774537,3.4409932799796366,0.0
26.41605,19.33743,30.39495,1394.00777,-1.25751,35.53945,9.232477333942851,3.4393407279923642,0.0
26.43125,19.34956,30.34905,1389.17091,-1.26286,35.55063,9.227907446636095,3.437638324729626,0.0
26.44639,19.36164,30.3031,1384.33806,-1.26867,35.56179,9.223225521179595,3.435894184308207,0.0
26.46148,19.37369,30.25709,1379.5094,-1.27496,35.57295,9.21845342236269,3.434116451937434,0.0
26.47652,19.38571,30.21101,1374.6851,-1.28173,35.58409,9.21361302364281,3.432313276055723,0.0
26.4915,19.39769,30.16484,1369.8653,-1.28898,35.59523,9.208726133645785,3.4304927809500154,0.0
26.50642,19.40962,30.11856,1365.05016,-1.29673,35.60635,9.20381442419413,3.42866303994442,0.0
26.52129,19.42153,30.07216,1360.2398,-1.30497,35.61747,9.198899360110968,3.4268320492503235,0.0
26.53611,19.43339,30.02562,1355.43436,-1.31372,35.62858,9.194002130977218,3.4250077025441485,0.0
26.55087,19.44522,29.97893,1350.63393,-1.32296,35.63967,9.189143585051331,3.423197766350719,0.0
26.56557,19.45701,29.93206,1345.83863,-1.3327,35.65076,9.184344165509692,3.4214098562911293,0.0
26.58023,19.46876,29.88502,1341.04853,-1.34293,35.66184,9.179623849161116,3.419651414252287,0.0
26.59482,19.48048,29.83777,1336.26372,-1.35367,35.6729,9.175002087772462,3.417929686529153,0.0
26.60937,19.49216,29.79031,1331.48426,-1.36489,35.68396,9.170497752124186,3.416251702983966,0.0
26.62386,19.5038,29.74262,1326.71021,-1.37659,35.69501,9.166129078900168,3.414624257261309,0.0
26.63829,19.51541,29.69469,1321.9416,-1.38878,35.70605,9.161913620489662,3.4130538880880095,0.0
26.65268,19.52697,29.6465,1317.17847,-1.40143,35.71708,9.1578681977819,3.4115468616878912,0.0
26.66701,19.5385,29.59804,1312.42083,-1.41455,35.7281,9.15400885602367,3.410109155337557,0.0
26.68128,19.55,29.5493,1307.6687,-1.42811,35.73912,9.150350823758119,3.4087464420700173,0.0
26.6955,19.56145,29.50026,1302.92207,-1.44212,35.75012,9.146908474909612,3.407464076550299,0.0
26.70967,19.57287,29.45092,1298.18092,-1.45655,35.76111,9.143695294018865,3.4062670821246193,0.0
26.72378,19.58425,29.40127,1293.44524,-1.4714,35.7721,9.140723844659883,3.40516013905486,0.0
26.73784,19.5956,29.35128,1288.71499,-1.48665,35.78307,9.138005741037501,3.404147573937912,0.0
26.75185,19.60691,29.30096,1283.99012,-1.50228,35.79404,9.135551622757008,3.40323335030669,0.0
26.7658,19.61818,29.25029,1279.27058,-1.51828,35.80499,9.133371132779988,3.4024210604181064,0.0
26.7797,19.62941,29.19927,1274.5563,-1.53463,35.81594,9.131472898525743,3.401713918212851,0.0
26.79355,19.64061,29.14789,1269.84722,-1.55132,35.82688,9.129864516118884,3.4011147534472075,0.0
26.80734,19.65177,29.09613,1265.14325,-1.56832,35.83781,9.128552537762268,3.4006260069891407,0.0
26.82108,19.66289,29.04401,1260.44431,-1.58562,35.84873,9.127542462198557,3.400249727264971,0.0
26.83477,19.67397,28.9915,1255.75029,-1.6032,35.85964,9.126838728228188,3.399987567844653,0.0
26.84841,19.68502,28.93861,1251.0611,-1.62104,35.87055,9.126444711260753,3.399840786157072,0.0
26.86199,19.69603,28.88533,1246.37662,-1.63912,35.88144,9.1263627228768,3.399810243326806,0.0
26.87552,19.707,28.83165,1241.69674,-1.65741,35.89233,9.126594013328232,3.3998964051055824,0.0
26.889,19.71794,28.77758,1237.02133,-1.6759,35.9032,9.127138776980225,3.400099343899544,0.0
26.90242,19.72884,28.72312,1232.35027,-1.69457,35.91407,9.127996160623438,3.400418741865762,0.0
26.91579,19.7397,28.66826,1227.68343,-1.71339,35.92493,9.12916427463833,3.400853895071239,0.0
26.92911,19.75053,28.613,1223.02066,-1.73235,35.93578,9.130640206949106,3.4014037186911197,0.0
26.94238,19.76132,28.55734,1218.36183,-1.75141,35.94662,9.132420039749043,3.4020667532393154,0.0
26.95559,19.77207,28.50129,1213.70681,-1.77057,35.95745,9.134498868912084,3.4028411717998357,0.0
26.96875,19.78278,28.44484,1209.05543,-1.7898,35.96827,9.136870826092617,3.4037247882595336,0.0
26.98186,19.79346,28.388,1204.40756,-1.80908,35.97908,9.139529103406662,3.4047150665025003,0.0
26.99492,19.8041,28.33077,1199.76305,-1.82838,35.98988,9.142465980692643,3.405809130565421,0.0
27.00792,19.8147,28.27316,1195.12175,-1.8477,36.00068,9.145672855249844,3.407003775715926,0.0
27.02087,19.82526,28.21517,1190.48351,-1.867,36.01146,9.149140274023988,3.408295480442574,0.0
27.03377,19.83579,28.15681,1185.84819,-1.88627,36.02224,9.15285796816271,3.409680419327667,0.0
27.04662,19.84628,28.09808,1181.21563,-1.9055,36.03301,9.15681488985858,3.4111544767722544,0.0
27.05942,19.85674,28.03898,1176.58569,-1.92466,36.04376,9.160999251427919,3.412713261554013,0.0
27.07216,19.86715,27.97953,1171.95823,-1.94373,36.05451,9.165398566520157,3.4143521221788173,0.0
27.08485,19.87753,27.91973,1167.33312,-1.96271,36.06525,9.16999969337137,3.4160661629938276,0.0
27.09749,19.88788,27.85959,1162.7102,-1.98156,36.07598,9.174788880020882,3.417850261031856,0.0
27.11008,19.89818,27.79912,1158.08936,-2.00029,36.0867,9.179751811367726,3.4196990835411376,0.0
27.12262,19.90845,27.73833,1153.47046,-2.01887,36.09741,9.184873657969328,3.42160710616413,0.0
27.1351,19.91868,27.67722,1148.85338,-2.03729,36.10811,9.190139126443022,3.4235686317133935,0.0
27.14754,19.92887,27.61581,1144.23801,-2.05555,36.1188,9.195532511371482,3.425577809507744,0.0
27.15992,19.93903,27.5541,1139.62422,-2.07362,36.12948,9.201037748549503,3.4276286552080646,0.0
27.17225,19.94915,27.4921,1135.01192,-2.0915,36.14015,9.20663846942115,3.4297150710965876,0.0
27.18453,19.95923,27.42983,1130.40101,-2.10918,36.15081,9.21231805657856,3.431830866751655,0.0
27.19675,19.96927,27.3673,1125.79139,-2.12666,36.16146,9.21805970013699,3.4339697800489044,0.0
27.20893,19.97928,27.30451,1121.18299,-2.14392,36.1721,9.223846454820752,3.436125498427285,0.0
27.22105,19.98925,27.24147,1116.57572,-2.16097,36.18273,9.229661297574186,3.43829168035066,0.0
27.23312,19.99918,27.1782,1111.96953,-2.17779,36.19334,9.235487185518052,3.440461976898087,0.0
27.24514,20.00907,27.11471,1107.36434,-2.19439,36.20395,9.241307114050784,3.4426300534080663,0.0
27.25711,20.01893,27.051,1102.76013,-2.21076,36.21455,9.24710417488309,3.4447896110979497,0.0
27.26902,20.02875,26.98709,1098.15683,-2.2269,36.22514,9.252861613823468,3.4469344085905766,0.0
27.28089,20.03853,26.92299,1093.55443,-2.24283,36.23572,9.258562888072728,3.4490582832579797,0.0
27.2927,20.04827,26.85871,1088.95291,-2.25853,36.24628,9.26419172283124,3.451155172309081,0.0
27.30447,20.05798,26.79425,1084.35224,-2.27401,36.25684,9.269732166999422,3.4532191335395885,0.0
27.31618,20.06765,26.72964,1079.75244,-2.28928,36.26738,9.275168647734244,3.4552443656557275,0.0
27.32784,20.07728,26.66486,1075.1535,-2.30435,36.27792,9.28048602366739,3.4572252280994045,0.0
27.33945,20.08687,26.59995,1070.55546,-2.31922,36.28844,9.285669636548555,3.4591562602867008,0.0
27.351,20.09642,26.5349,1065.95834,-2.3339,36.29895,9.290705361097917,3.461032200179227,0.0
27.36251,20.10594,26.46973,1061.36217,-2.3484,36.30945,9.29557965286934,3.4628480021144172,0.0
27.37396,20.11542,26.40443,1056.76702,-2.36274,36.31994,9.300279593910009,3.464598853814958,0.0
27.38537,20.12486,26.33903,1052.17294,-2.37692,36.33042,9.304792936006129,3.46628019249894,0.0
27.39672,20.13427,26.27352,1047.57999,-2.39096,36.34088,9.309108141351704,3.4678877200300526,0.0
27.40802,20.14363,26.20792,1042.98827,-2.40488,36.35134,9.313214420435894,3.469417417031618,0.0
27.41927,20.15296,26.14223,1038.39786,-2.41869,36.36178,9.317101766979297,3.4708655559012795,0.0
27.43047,20.16225,26.07646,1033.80886,-2.43241,36.37221,9.320760989794039,3.4722287126797173,0.0
27.44162,20.17151,26.01061,1029.22137,-2.44605,36.38263,9.324183741376038,3.4735037777020263,0.0
27.45271,20.18072,25.94468,1024.63553,-2.45964,36.39304,9.327362543153562,3.474687965003463,0.0
27.46376,20.1899,25.87869,1020.05144,-2.47319,36.40344,9.330290807237393,3.4757788204219544,0.0
27.47475,20.19904,25.81263,1015.46926,-2.48673,36.41382,9.332962854601746,3.4767742283709735,0.0
27.4857,20.20814,25.74651,1010.88912,-2.50028,36.4242,9.335373929621285,3.4776724172549542,0.0
27.49659,20.2172,25.68034,1006.31117,-2.51385,36.43456,9.33752021089221,3.4784719635004326,0.0
27.50743,20.22622,25.6141,1001.73557,-2.52747,36.44491,9.339398818313793,3.479171794194108,0.0
27.51822,20.23521,25.54781,997.1625,-2.54117,36.45524,9.341007816392883,3.4797711883138565,0.0
