0.0496,0.0496,51.33361,5240.3023,-0.46734,45.0001,6.863099916832206,2.556685298046801,0.0
0.09917,0.09917,51.27181,5236.56711,-0.43391,45.00025,6.913156092707281,2.5753325406175196,0.0
0.1487,0.1487,51.21467,5232.7966,-0.39977,45.00045,6.958899604814768,2.5923732024617983,0.0
0.1982,0.1982,51.1623,5228.99305,-0.36501,45.0007,7.000162621398893,2.6077447618346934,0.0
0.24766,0.24766,51.11476,5225.15887,-0.3297,45.00099,7.036794528703502,2.6213911111491495,0.0
0.29708,0.29709,51.07212,5221.29656,-0.2939,45.00134,7.06866324916803,2.6332630480386876,0.0
0.34647,0.34648,51.03443,5217.40868,-0.25771,45.00173,7.095656406880203,2.6433187095191957,0.0
0.39582,0.39584,51.00173,5213.4979,-0.22119,45.00216,7.117682322056599,2.65152394245911,0.0
0.44514,0.44516,50.97405,5209.56696,-0.18445,45.00265,7.134670818949854,2.657852604546103,0.0
0.49442,0.49444,50.95142,5205.61862,-0.14754,45.00318,7.14657383445274,2.662286791008115,0.0
0.54365,0.54369,50.93384,5201.65571,-0.11057,45.00376,7.153365817958893,2.6648169835719977,0.0
0.59286,0.5929,50.9213,5197.68108,-0.07362,45.00439,7.1550439164773385,2.6654421194235485,0.0
0.64202,0.64207,50.9138,5193.6976,-0.03676,45.00506,7.1516279426744225,2.664169579302282,0.0
0.69114,0.69121,50.91129,5189.70813,-9e-05,45.00578,7.143160127109103,2.661015095202564,0.0
0.74023,0.74031,50.91376,5185.71555,0.03631,45.00655,7.129704659600091,2.6560025795207998,0.0
0.78928,0.78938,50.92113,5181.72269,0.07236,45.00736,7.111347028134392,2.6491638787814726,0.0
0.83829,0.83841,50.93337,5177.73237,0.10799,45.00822,7.0881931669354135,2.6405384562701,0.0
0.88726,0.8874,50.95039,5173.74735,0.1431,45.00913,7.060368428303471,2.630173009016766,0.0
0.93619,0.93635,50.97211,5169.77033,0.17763,45.01008,7.0280163953836,2.6181210255208978,0.0
0.98512,0.98523,50.99613,5165.80787,0.17736,44.92864,6.993579807686236,2.6052924905224755,-44.999999232382756
1.03408,1.03401,51.02006,5161.8647,0.17656,44.84759,6.959445385711697,2.592576520206264,-44.999999232382756
1.08307,1.08268,51.04382,5157.94077,0.17523,44.76693,6.9256789230236695,2.57999762440587,-44.999999232382756
1.1321,1.13125,51.06736,5154.036,0.17339,44.68665,6.892344555395395,2.5675796953843397,-44.999999232382756
1.18115,1.17971,51.09059,5150.15025,0.17103,44.60675,6.859504273016102,2.55534582611822,-44.999999232382756
1.23023,1.22807,51.11345,5146.28336,0.16816,44.52722,6.827217896048492,2.5433183011920804,-44.999999232382756
1.27934,1.27632,51.13588,5142.43513,0.16479,44.44806,6.795543060620213,2.531518591579968,-44.999999232382756
1.32849,1.32447,51.1578,5138.60534,0.16093,44.36926,6.76453521451056,2.5199673530385884,-44.999999232382756
1.37766,1.37252,51.17916,5134.79371,0.15658,44.29082,6.734247621758683,2.508684427823987,-44.999999232382756
1.42686,1.42047,51.19988,5130.99996,0.15175,44.21272,6.704731375421068,2.497688849444045,-44.999999232382756
1.47609,1.46832,51.2199,5127.22375,0.14645,44.13496,6.676035417703438,2.4869988501581384,-44.999999232382756
1.52535,1.51606,51.23918,5123.46473,0.1407,44.05752,6.6482065666977,2.4766318709373634,-44.999999232382756
1.57463,1.5637,51.25763,5119.72253,0.1345,43.9804,6.621289548954831,2.466604573598784,-44.999999232382756
1.62395,1.61125,51.27521,5115.99673,0.12786,43.90359,6.595327037167325,2.4569328548431395,-44.999999232382756
1.67329,1.65869,51.29186,5112.28689,0.1208,43.82707,6.570359692215429,2.447631861918176,-44.999999232382756
1.72266,1.70604,51.30753,5108.59255,0.11333,43.75084,6.54642620889118,2.4387160096520475,-44.999999232382756
1.77206,1.75329,51.32216,5104.91323,0.10545,43.67488,6.5235633646096565,2.4301989985995425,-44.999999232382756
1.82148,1.80043,51.3357,5101.24843,0.09719,43.59918,6.501806070463589,2.42209383406127,-44.999999232382756
1.87093,1.84748,51.3481,5097.5976,0.08855,43.52372,6.481187424000095,2.4144128457443794,-44.999999232382756
1.9204,1.89444,51.35932,5093.9602,0.07955,43.4485,6.461738763127883,2.4071677078444154,-44.999999232382756
1.96991,1.94129,51.36931,5090.33565,0.07021,43.3735,6.44348972059224,2.400369459338681,-44.999999232382756
2.01943,1.98805,51.37802,5086.72337,0.06053,43.2987,6.426468278493621,2.39402852429585,-44.999999232382756
2.06899,2.03472,51.38541,5083.12273,0.05054,43.22409,6.410700822350277,2.388154732015715,-44.999999232382756
2.11856,2.08129,51.39146,5079.53312,0.04024,43.14966,6.396212194242153,2.3827573368266894,-44.999999232382756
2.16817,2.12776,51.39611,5075.95388,0.02966,43.07539,6.38302574460013,2.3778450373786644,-44.999999232382756
2.2178,2.17413,51.39933,5072.38436,0.01881,43.00127,6.371163382237752,2.3734259952811407,-44.999999232382756
2.26745,2.22041,51.40109,5068.82387,0.0077,42.92727,6.360645622249085,2.3695078529464415,-44.999999232382756
2.31713,2.2666,51.40136,5065.27171,-0.00365,42.85339,6.351491631429294,2.3660977505100753,-44.999999232382756
2.36683,2.31269,51.40011,5061.72718,-0.01522,42.77961,6.343719270902293,2.363202341710654,-44.999999232382756
2.41656,2.35869,51.39732,5058.18956,-0.027,42.7059,6.3373451356615735,2.3608278086198937,-44.999999232382756
2.46632,2.40459,51.39295,5054.65812,-0.03897,42.63226,6.332384590750988,2.3589798751209092,-44.999999232382756
2.51609,2.4504,51.387,5051.13209,-0.0511,42.55867,6.328851803867022,2.3576638190534145,-44.999999232382756
2.56589,2.49611,51.37943,5047.61073,-0.0634,42.48511,6.326759774132982,2.3568844829328692,-44.999999232382756
2.61572,2.54173,51.37024,5044.09326,-0.07583,42.41155,6.3261203568851645,2.3566462831839776,-44.999999232382756
2.66556,2.58726,51.3594,5040.5789,-0.08838,42.33799,6.326944284269461,2.356953217813462,-44.999999232382756
2.71544,2.63269,51.34691,5037.06686,-0.10103,42.26441,6.329241181513508,2.3578088724718733,-44.999999232382756
2.76533,2.67803,51.33275,5033.55633,-0.11377,42.19078,6.333019578741241,2.359216424854818,-44.999999232382756
2.81525,2.72327,51.31692,5030.0465,-0.12658,42.1171,6.338286918207692,2.3611786473981136,-44.999999232382756
2.86519,2.76842,51.29941,5026.53657,-0.13943,42.04334,6.345049556879251,2.3636979082390015,-44.999999232382756
2.91516,2.81348,51.28022,5023.02569,-0.15232,41.96948,6.353312764281471,2.3667761704144,-44.999999232382756
2.96515,2.85844,51.25935,5019.51303,-0.16522,41.8955,6.36308071555363,2.370414989273545,-44.999999232382756
3.01516,2.90331,51.2368,5015.99776,-0.17811,41.82139,6.374356479688685,2.374615508097064,-44.999999232382756
3.06519,2.94808,51.21258,5012.47903,-0.19098,41.74713,6.387142002945549,2.3793784519176087,-44.999999232382756
3.11525,2.99276,51.18668,5008.95598,-0.20381,41.67269,6.401438087439331,2.3847041195441636,-44.999999232382756
3.16533,3.03735,51.15913,5005.42776,-0.21658,41.59807,6.417244364937346,2.3905923738003647,-44.999999232382756
3.21543,3.08184,51.12992,5001.89351,-0.22927,41.52324,6.434559265920661,2.397042629999114,-44.999999232382756
3.26556,3.12624,51.09909,4998.35236,-0.24186,41.44817,6.453379983978485,2.4040538426785485,-44.999999232382756
3.31571,3.17054,51.06663,4994.80345,-0.25434,41.37286,6.473702435638048,2.41162449063762,-44.999999232382756
3.36588,3.21474,51.03258,4991.2459,-0.26669,41.29729,6.49552121576922,2.419752560323138,-44.999999232382756
3.41608,3.25886,50.99694,4987.67885,-0.27889,41.22143,6.518829548687351,2.428435527614291,-44.999999232382756
3.46629,3.30287,50.95975,4984.10143,-0.29091,41.14526,6.543619235169812,2.437670338084914,-44.999999232382756
3.51653,3.34679,50.92103,4980.51277,-0.30276,41.06877,6.569880595577006,2.447453385814572,-44.999999232382756
3.56679,3.39061,50.88081,4976.91199,-0.31439,40.99194,6.597602409328891,2.457780490841968,-44.999999232382756
3.61708,3.43434,50.83912,4973.29824,-0.32581,40.91475,6.626771851024,2.468646875367597,-44.999999232382756
3.66739,3.47797,50.79598,4969.67065,-0.33699,40.83718,6.657374423504723,2.4800471388188092,-44.999999232382756
3.71771,3.5215,50.75144,4966.02835,-0.34791,40.75921,6.689393888230185,2.4919752319118653,-44.999999232382756
3.76807,3.56493,50.70553,4962.37051,-0.35855,40.68083,6.722812193348929,2.5044244298571243,-44.999999232382756
3.81844,3.60827,50.65829,4958.69626,-0.36891,40.60201,6.757609399892603,2.5173873048642497,-44.999999232382756
3.86884,3.6515,50.60976,4955.00477,-0.37896,40.52274,6.7937636065958875,2.5308556981356527,-44.999999232382756
3.91926,3.69464,50.55999,4951.29521,-0.38868,40.443,6.8312508738259625,2.544820691528219,-44.999999232382756
3.9697,3.73767,50.50902,4947.56675,-0.39807,40.36277,6.870045147212601,2.559272579103507,-44.999999232382756
4.02017,3.78061,50.45689,4943.81859,-0.4071,40.28204,6.910118181579354,2.574200838790115,-44.999999232382756
4.07065,3.82344,50.40365,4940.04993,-0.41576,40.20079,6.951439465832488,2.5895941044028294,-44.999999232382756
4.12116,3.86618,50.34936,4936.25998,-0.42403,40.11899,6.993976149505265,2.6054401382784445,-44.999999232382756
4.17169,3.90881,50.29407,4932.44797,-0.43191,40.03664,7.0376929717038,2.6217258048062178,-44.999999232382756
4.22225,3.95133,50.23784,4928.61316,-0.43937,39.95373,7.082552193249149,2.6384370451490162,-44.999999232382756
4.27282,3.99376,50.18071,4924.75481,-0.4464,39.87022,7.128513532825146,2.6555588534567005,-44.999999232382756
4.32342,4.03607,50.12275,4920.8722,-0.45299,39.78611,7.175534108035773,2.6730752549084515,-44.999999232382756
4.37405,4.07829,50.06402,4916.96464,-0.45912,39.70139,7.223568382222021,2.6909692859006475,-44.999999232382756
4.42469,4.1204,50.00457,4913.03147,-0.46479,39.61604,7.272568118034054,2.709222976751272,-44.999999232382756
4.47536,4.1624,49.94448,4909.07204,-0.46998,39.53005,7.322482338652027,2.727817337253653,-44.999999232382756
4.52605,4.20429,49.88379,4905.08572,-0.47468,39.4434,7.373257297687472,2.7467323454639323,-44.999999232382756
4.57676,4.24608,49.82259,4901.07193,-0.47888,39.35608,7.424836458725474,2.7659469400799925,-44.999999232382756
4.62749,4.28776,49.76092,4897.03012,-0.48258,39.26808,7.47716048550402,2.7854390167830023,-44.999999232382756
4.67825,4.32932,49.69887,4892.95974,-0.48575,39.17939,7.530167243733373,2.8051854289151836,-44.999999232382756
4.72903,4.37078,49.6365,4888.86031,-0.4884,39.09,7.5837918155091355,2.8251619928490554,-44.999999232382756
4.77983,4.41213,49.57388,4884.73136,-0.49052,38.99989,7.637966527288667,2.845343498409386,-44.999999232382756
4.83065,4.45336,49.51107,4880.57247,-0.4921,38.90907,7.692620992339088,2.8657037246861905,-44.999999232382756
4.8815,4.49448,49.44815,4876.38326,-0.49313,38.81753,7.747682168489515,2.8862154615489604,-44.999999232382756
4.93236,4.53549,49.38519,4872.16337,-0.49361,38.72524,7.80307443204272,2.9068505371806994,-44.999999232382756
4.98325,4.57638,49.32225,4867.91252,-0.49354,38.63222,7.858719668509054,2.927579851878697,-44.999999232382756
5.03417,4.61716,49.25942,4863.63043,-0.49292,38.53846,7.914537380845198,2.948373418376311,-44.999999232382756
5.0851,4.65782,49.19675,4859.3169,-0.49173,38.44394,7.9704448156905725,2.9692004088693555,-44.999999232382756
5.13606,4.69837,49.13433,4854.97176,-0.48999,38.34868,8.02635710804232,2.9900292089113334,-44.999999232382756
5.18704,4.73879,49.07222,4850.59488,-0.48769,38.25266,8.082187444618434,3.010827478270501,-44.999999232382756
5.23804,4.7791,49.01049,4846.1862,-0.48484,38.15588,8.13784724606933,3.031562218808474,-44.999999232382756
5.28906,4.81928,48.94922,4841.74569,-0.48143,38.05836,8.193246367980597,3.0521998493590465,-44.999999232382756
5.3401,4.85935,48.88847,4837.27339,-0.47747,37.96008,8.248293320512749,3.0727062875497633,-44.999999232382756
5.39117,4.89929,48.82831,4832.76938,-0.47296,37.86104,8.302895506268468,3.0930470384137405,-44.999999232382756
5.44226,4.93912,48.76881,4828.2338,-0.46792,37.76127,8.356959475845576,3.1131872895898645,-44.999999232382756
5.49337,4.97881,48.71004,4823.66684,-0.46234,37.66075,8.41039120031191,3.133092012826857,-44.999999232382756
5.5445,5.01839,48.65206,4819.06874,-0.45624,37.55949,8.463096359647814,3.152726071435683,-44.999999232382756
5.59565,5.05784,48.59494,4814.43981,-0.44963,37.45751,8.514980646003233,3.1720543332608115,-44.999999232382756
5.64682,5.09716,48.53874,4809.7804,-0.44251,37.3548,8.565950080400357,3.191041788660272,-44.999999232382756
5.69802,5.13635,48.48352,4805.09093,-0.4349,37.25139,8.615911341350031,3.209653672923917,-44.999999232382756
5.74923,5.17542,48.42934,4800.37185,-0.42682,37.14728,8.664772103616931,3.2278555924723658,-44.999999232382756
5.80047,5.21436,48.37626,4795.6237,-0.41827,37.04247,8.712441385225425,3.2456136541258145,-44.999999232382756
5.85172,5.25317,48.32433,4790.84704,-0.40927,36.937,8.758829900603237,3.262894596659346,-44.999999232382756
5.903,5.29185,48.27361,4786.04251,-0.39984,36.83086,8.803850417631146,3.279665923813338,-44.999999232382756
5.9543,5.3304,48.22415,4781.21078,-0.38999,36.72408,8.847418116212726,3.295896037870117,-44.999999232382756
6.00561,5.36882,48.176,4776.3526,-0.37975,36.61667,8.889450945891298,3.3115543728756958,-44.999999232382756
6.05695,5.40711,48.12919,4771.46873,-0.36914,36.50866,8.929869979924614,3.326611526541896,-44.999999232382756
6.10831,5.44526,48.08379,4766.56001,-0.35817,36.40005,8.968599763200558,3.341039389854113,-44.999999232382756
6.15968,5.48328,48.03982,4761.62732,-0.34687,36.29087,9.005568651331506,3.3548112733928805,-44.999999232382756
6.21108,5.52117,47.99732,4756.67158,-0.33525,36.18113,9.040709138250396,3.3679020293720225,-44.999999232382756
6.26249,5.55892,47.95633,4751.69375,-0.32335,36.07087,9.073958169702616,3.380288168422644,-44.999999232382756
6.31392,5.59653,47.91688,4746.69484,-0.31119,35.96011,9.105257440040932,3.3919479701570325,-44.999999232382756
6.36537,5.63401,47.879,4741.67588,-0.29879,35.84886,9.134553669882946,3.402861586603382,-44.999999232382756
6.41684,5.67135,47.84271,4736.63796,-0.28618,35.73715,9.161798862266188,3.413011137630295,-44.999999232382756
6.46833,5.70856,47.80803,4731.58219,-0.27339,35.625,9.18695053512443,3.422380797550332,-44.999999232382756
6.51983,5.74563,47.77498,4726.50969,-0.26044,35.51245,9.209971928108006,3.4309568721660186,-44.999999232382756
6.57135,5.78256,47.74358,4721.42163,-0.24736,35.39952,9.230832181944418,3.438727865586394,-44.999999232382756
6.62289,5.81935,47.71384,4716.3192,-0.23417,35.28622,9.249506488810086,3.4456845362444404,-44.999999232382756
6.67445,5.85601,47.68575,4711.20361,-0.22091,35.1726,9.265976212431688,3.4518199416379955,-44.999999232382756
6.72602,5.89252,47.65934,4706.07606,-0.20761,35.05868,9.280228976924,3.4571294714241856,-44.999999232382756
6.77761,5.9289,47.6346,4700.9378,-0.19429,34.94448,9.292258723619941,3.4616108685901086,-44.999999232382756
6.82921,5.96514,47.61152,4695.79007,-0.18098,34.83003,9.302065735534391,3.465264238566255,-44.999999232382756
6.88083,6.00123,47.5901,4690.63411,-0.16772,34.71536,9.309656629283095,3.468092046216081,-44.999999232382756
6.93246,6.03719,47.57032,4685.47117,-0.15452,34.60051,9.315044314730804,3.470099100803888,-44.999999232382756
6.98411,6.07301,47.55218,4680.3025,-0.14142,34.48548,9.318247922795672,3.471292529100054,-44.999999232382756
7.03577,6.10869,47.53566,4675.12935,-0.12845,34.37032,9.319292702245084,3.471681736934761,-44.999999232382756
7.08745,6.14423,47.52073,4669.95294,-0.11563,34.25505,9.31820988654972,3.471278359597643,-44.999999232382756
7.1391,6.17968,47.51045,4664.76889,-0.05276,34.26101,9.310993475309518,3.46859005653546,0.0
7.1907,6.2151,47.50783,4659.57581,0.00981,34.26699,9.29369793430609,3.4621470124386113,0.0
7.24223,6.2505,47.51281,4654.37938,0.07188,34.27301,9.266483680855321,3.4520089869780963,0.0
7.2937,6.28586,47.52531,4649.18523,0.13329,34.27905,9.229573866619585,3.4382591100196245,0.0
7.34511,6.32119,47.54522,4643.99891,0.19386,34.28512,9.183247828492204,3.4210014419057524,0.0
7.39645,6.35649,47.5724,4638.82581,0.2534,34.29121,9.12783722289349,3.400359533379454,0.0
7.44774,6.39177,47.60671,4633.6712,0.31175,34.29734,9.063721577344745,3.3764747684283822,0.0
7.49896,6.42701,47.64798,4628.54013,0.36876,34.30349,8.991323360057795,3.349504527577251,0.0
7.55013,6.46222,47.69602,4623.43748,0.42428,34.30967,8.911102675071643,3.319620211686654,0.0
7.60123,6.49741,47.75062,4618.36787,0.47815,34.31588,8.823551693735732,3.2870051675340677,0.0
7.65227,6.53256,47.81157,4613.3357,0.53025,34.32212,8.729188933317786,3.25185255644473,0.0
7.70325,6.56769,47.87862,4608.34507,0.58044,34.32839,8.628553490315719,3.214363206048594,0.0
7.75418,6.60278,47.95153,4603.39985,0.62863,34.33469,8.522199330156125,3.1747434830427754,0.0
7.80504,6.63785,48.03005,4598.5036,0.67469,34.34101,8.41068972658908,3.133203221719802,0.0
7.85584,6.67289,48.11389,4593.65957,0.71855,34.34737,8.294591933972795,3.089953739253466,0.0
7.90659,6.70791,48.20278,4588.87077,0.7601,34.35376,8.1744721639702,3.045205964386136,0.0
7.95728,6.74289,48.29642,4584.13985,0.79929,34.36018,8.050890925838372,2.9991687015639594,0.0
8.00791,6.77785,48.39452,4579.46923,0.83604,34.36663,7.924398776618577,2.952047047770834,0.0
8.05848,6.81278,48.49678,4574.86099,0.87031,34.37311,7.795532514826988,2.9040409745780544,0.0
8.109,6.84769,48.60288,4570.31695,0.90205,34.37962,7.664811838940848,2.8553440833424837,0.0
8.15947,6.88257,48.71252,4565.83865,0.93122,34.38616,7.532736480551349,2.806142537230569,0.0
8.20988,6.91743,48.82539,4561.42737,0.95781,34.39274,7.399783811555322,2.756614169834292,0.0
8.26023,6.95226,48.94117,4557.08413,0.98179,34.39935,7.266406915592279,2.7069277667307183,0.0
8.31054,6.98707,49.05954,4552.8097,1.00317,34.406,7.133033106082413,2.657242513412162,0.0
8.36079,7.02186,49.18019,4548.60464,1.02193,34.41268,7.000062866742395,2.607707600600445,0.0
8.41099,7.05663,49.30281,4544.46926,1.0381,34.41939,6.867869185368832,2.5584619760637017,0.0
8.46114,7.09137,49.42709,4540.40371,1.05168,34.42614,6.736797247995259,2.5096342306818156,0.0
8.51124,7.12609,49.55272,4536.4079,1.06269,34.43293,6.607164457987692,2.4613426055600134,0.0
8.56129,7.16079,49.67939,4532.48161,1.07117,34.43975,6.479260743323456,2.413695106498312,0.0
8.61129,7.19547,49.80681,4528.62442,1.07714,34.4466,6.353349114942126,2.3667897119919377,0.0
8.66124,7.23014,49.93469,4524.8358,1.08065,34.4535,6.2296664395437915,2.3207146611190117,0.0
8.71115,7.26478,50.06273,4521.11504,1.08173,34.46043,6.108424391441859,2.2755488081307647,0.0
8.76102,7.29941,50.19065,4517.46134,1.08044,34.4674,5.98981054982441,2.231362031210262,0.0
8.81083,7.33401,50.31818,4513.87379,1.07681,34.47441,5.873989610018252,2.1882156837001348,0.0
8.86061,7.3686,50.44505,4510.35135,1.07091,34.48146,5.7611046798280725,2.1461630770230222,0.0
8.91034,7.40318,50.57099,4506.89294,1.06279,34.48854,5.651278634730008,2.1052499855268323,0.0
8.96002,7.43774,50.69575,4503.49735,1.05251,34.49567,5.544615508513672,2.0655151645354914,0.0
9.00967,7.47228,50.81908,4500.16333,1.04013,34.50283,5.441201898738353,2.026990873918352,0.0
9.05927,7.50681,50.94074,4496.88958,1.0257,34.51004,5.341108369179537,1.9897034005384286,0.0
9.10883,7.54132,51.0605,4493.67474,1.0093,34.51729,5.244390834026307,1.953673573902344,0.0
9.15836,7.57582,51.17813,4490.51738,0.99098,34.52458,5.151091911148985,1.9189172702881385,0.0
9.20784,7.61031,51.29342,4487.41608,0.97081,34.53191,5.061242234037823,1.8854459014769454,0.0
9.25728,7.64478,51.40616,4484.36935,0.94886,34.53928,4.97486171415761,1.853266885013301,0.0
9.30669,7.67924,51.51614,4481.3757,0.92519,34.54669,4.891960747391169,1.8223840936370888,0.0
9.35606,7.71369,51.62317,4478.4336,0.89987,34.55415,4.81254135992824,1.7927982821572996,0.0
9.40539,7.74813,51.72708,4475.54153,0.87296,34.56164,4.736598290493864,1.7645074906105793,0.0
9.45468,7.78256,51.82768,4472.69792,0.84454,34.56919,4.6641200070847795,1.7375074230222871,0.0
9.50394,7.81698,51.9248,4469.90124,0.81466,34.57677,4.595089657499465,1.711791801503947,0.0
9.55317,7.85138,52.01828,4467.14991,0.78339,34.5844,4.529485953903581,1.6873526957771525,0.0
9.60236,7.88578,52.10798,4464.44237,0.7508,34.59207,4.467283992403987,1.6641808284864479,0.0
9.65151,7.92017,52.19374,4461.77706,0.71695,34.59979,4.408456009263286,1.6422658569091437,0.0
9.70063,7.95455,52.27542,4459.15239,0.68191,34.60755,4.352972075847453,1.6215966318415969,0.0
9.74972,7.98892,52.3529,4456.56682,0.64574,34.61536,4.300800734780606,1.6021614345835968,0.0
9.79877,8.02328,52.42606,4454.01876,0.6085,34.62321,4.2519095800473865,1.5839481930417711,0.0
9.84779,8.05764,52.49477,4451.50667,0.57027,34.6311,4.206265783947373,1.5669446780339615,0.0
9.89678,8.09198,52.55894,4449.02897,0.53109,34.63904,4.1638365738987115,1.5511386809111305,0.0
9.94574,8.12633,52.61846,4446.58411,0.49103,34.64703,4.124589662138396,1.5365181736320155,0.0
9.99466,8.16066,52.67323,4444.17054,0.45016,34.65506,4.088493631315273,1.5230714524066715,0.0
10.04355,8.19499,52.72318,4441.7867,0.40854,34.66314,4.055518278904983,1.510787266000099,0.0
10.09242,8.22931,52.76822,4439.43104,0.36621,34.67126,4.025634923273079,1.4996549297488062,0.0
10.14125,8.26362,52.80828,4437.102,0.32325,34.67943,3.9988166740515187,1.4896644262831706,0.0
10.19005,8.29793,52.8433,4434.79804,0.27972,34.68764,3.975038669343009,1.4808064938922936,0.0
10.23882,8.33224,52.87321,4432.5176,0.23567,34.6959,3.954278282065222,1.4730727033926534,0.0
10.28756,8.36654,52.89798,4430.25912,0.19116,34.70421,3.93651529755484,1.4664555242902855,0.0
10.33628,8.40083,52.91754,4428.02104,0.14624,34.71256,3.9217320643134133,1.4609483809375776,0.0
10.38496,8.43512,52.93187,4425.80179,0.10099,34.72096,3.9099136195920505,1.4565456993168742,0.0
10.43361,8.46941,52.94094,4423.5998,0.05545,34.7294,3.901047791239877,1.4532429449817061,0.0
10.48224,8.50369,52.94471,4421.41349,0.00968,34.7379,3.895125277029968,1.4510366526077878,0.0
10.53083,8.53796,52.94317,4419.24127,-0.03626,34.74643,3.89213970243928,1.4499244475175614,0.0
10.5794,8.57223,52.93631,4417.08152,-0.08231,34.75502,3.8920876576110284,1.4499050594496556,0.0
10.62793,8.6065,52.92413,4414.93264,-0.12842,34.76365,3.8949687139929448,1.4509783287570752,0.0
10.67644,8.64077,52.90663,4412.79299,-0.17453,34.77233,3.9007854209092567,1.4531452051301716,0.0
10.72492,8.67503,52.88381,4410.66092,-0.22058,34.78105,3.9095432820761773,1.456407738848045,0.0
10.77338,8.70929,52.85569,4408.53477,-0.26651,34.78982,3.921250711848624,1.4607690644792979,0.0
10.8218,8.74354,52.8223,4406.41284,-0.31227,34.79864,3.935918970732038,1.4662333768584888,0.0
10.87019,8.77779,52.78366,4404.29342,-0.35779,34.8075,3.9535620794798847,1.4728058990851915,0.0
10.91856,8.81204,52.7398,4402.1748,-0.40303,34.81641,3.9741967108558707,1.4804928422025732,0.0
10.9669,8.84629,52.69078,4400.0552,-0.44791,34.82536,3.9978420579146277,1.489301356128485,0.0
11.01521,8.88053,52.63663,4397.93284,-0.49239,34.83437,4.024519677451357,1.4992394713363315,0.0
11.06349,8.91477,52.57741,4395.80591,-0.5364,34.84341,4.0542533070438465,1.5103160306984127,0.0
11.11174,8.949,52.51319,4393.67258,-0.57988,34.8525,4.087068653915668,1.522540610831907,0.0
11.15997,8.98323,52.44404,4391.53096,-0.62277,34.86164,4.122993153665616,1.5359234322192392,0.0
11.20816,9.01746,52.37002,4389.37917,-0.66502,34.87083,4.162055696737419,1.5504752573108505,0.0
11.25633,9.05169,52.29123,4387.21527,-0.70655,34.88006,4.204286320336198,1.5662072757559764,0.0
11.30446,9.08591,52.20775,4385.03728,-0.7473,34.88933,4.249715863400758,1.583130975870743,0.0
11.35257,9.12013,52.11969,4382.84322,-0.78722,34.89865,4.298375582110065,1.6012580014042141,0.0
11.40065,9.15435,52.02714,4380.63104,-0.82624,34.90801,4.350296723375195,1.6205999926529202,0.0
11.4487,9.18856,51.93022,4378.39869,-0.86429,34.91742,4.405510053718369,1.6411684109559068,0.0
11.49672,9.22277,51.82905,4376.14406,-0.90131,34.92687,4.464045341014489,1.6629743456298132,0.0
11.54471,9.25698,51.72375,4373.86502,-0.93724,34.93637,4.525930786622363,1.6860283024228178,0.0
11.59267,9.29118,51.61446,4371.5594,-0.97201,34.94591,4.591192405645938,1.7103399726456405,0.0
11.64059,9.32538,51.50132,4369.22502,-1.00554,34.95549,4.659853353278532,1.7359179822170416,0.0
11.68849,9.35957,51.38448,4366.85965,-1.03778,34.96512,4.731933195534921,1.7627696199923377,0.0
11.73636,9.39376,51.2641,4364.46103,-1.06866,34.97479,4.807447123141394,1.790900544916763,0.0
11.78419,9.42795,51.14034,4362.02689,-1.0981,34.9845,4.886405107889151,1.8203144717449147,0.0
11.83199,9.46213,51.01338,4359.55494,-1.12605,34.99426,4.968811001451553,1.851012835326462,0.0
11.87976,9.4963,50.88338,4357.04287,-1.15243,35.00406,5.054661577516255,1.882994433775167,0.0
11.9275,9.53048,50.75055,4354.48834,-1.17717,35.01389,5.14394551904179,1.9162550511953156,0.0
11.9752,9.56464,50.61507,4351.88903,-1.20021,35.02377,5.236642353598218,1.9507870610680915,0.0
12.02287,9.5988,50.47715,4349.24258,-1.22147,35.03369,5.332721341045175,1.9865790118823874,0.0
12.0705,9.63296,50.337,4346.54668,-1.2409,35.04365,5.432140319294147,2.023615197150881,0.0
12.1181,9.6671,50.19484,4343.79899,-1.25843,35.05365,5.53484451550319,2.061875212548788,0.0
12.16567,9.70125,50.05088,4340.99721,-1.27399,35.06369,5.6407653318902575,2.1013335035973797,0.0
12.21319,9.73538,49.90537,4338.13906,-1.28751,35.07377,5.7498191172618185,2.14195890802607,0.0
12.26069,9.76951,49.75854,4335.22229,-1.29894,35.08389,5.861905937439033,2.1837141977238157,0.0
12.30814,9.80362,49.61063,4332.24471,-1.30822,35.09404,5.976908359945311,2.226555626003251,0.0
12.35556,9.83774,49.4619,4329.20416,-1.31529,35.10423,6.0946902705180195,2.2704324867201646,0.0
12.40293,9.87184,49.3126,4326.09857,-1.32008,35.11446,6.215095741269461,2.315286692633679,0.0
12.45027,9.90593,49.16299,4322.92595,-1.32256,35.12472,6.337947972519004,2.3610523812108792,0.0
12.49757,9.94001,49.01335,4319.68439,-1.32268,35.13502,6.463048332369721,2.4076555568438405,0.0
12.54483,9.97409,48.86395,4316.37208,-1.32038,35.14536,6.590175520009884,2.455013779157419,0.0
12.59204,10.00815,48.71506,4312.98735,-1.31564,35.15573,6.719084880291969,2.5030359076718973,0.0
12.63922,10.0422,48.56696,4309.52865,-1.30841,35.16613,6.849507898337823,2.551621913530113,0.0
12.68635,10.07624,48.41994,4305.99459,-1.29866,35.17657,6.9811519036583665,2.6006627692742588,0.0
12.73344,10.11027,48.27429,4302.38392,-1.28638,35.18704,7.113700013346175,2.650040427683629,0.0
12.78048,10.14428,48.13028,4298.6956,-1.27155,35.19754,7.246811343332469,2.6996279004734025,0.0
12.82748,10.17828,47.98821,4294.92875,-1.25415,35.20808,7.38012151530086,2.749289447133354,0.0
12.87443,10.21227,47.84836,4291.08273,-1.23418,35.21864,7.5132434845307285,2.798880883321295,0.0
12.92133,10.24624,47.71103,4287.1571,-1.21165,35.22923,7.645768710719153,2.848250017025043,0.0
12.96818,10.2802,47.57649,4283.15167,-1.18658,35.23986,7.777268689520031,2.8972372191010476,0.0
13.01499,10.31415,47.44503,4279.06648,-1.15897,35.25051,7.907296857283798,2.9456761328400503,0.0
13.06175,10.34807,47.31693,4274.90187,-1.12887,35.26119,8.035390875144676,2.9933945248496787,0.0
13.10845,10.38198,47.19246,4270.6584,-1.09632,35.2719,8.161075291395438,3.040215276859105,0.0
13.15511,10.41587,47.07188,4266.33695,-1.06135,35.28263,8.283864572989973,3.0859575150335106,0.0
13.20171,10.44974,46.95547,4261.93866,-1.02405,35.2934,8.403266488306762,3.1304378701424835,0.0
13.24826,10.4836,46.84346,4257.46498,-0.98446,35.30418,8.518785814085406,3.17347185849142,0.0
13.29475,10.51743,46.7361,4252.91765,-0.94268,35.315,8.629928330048633,3.214875370023315,0.0
13.34119,10.55125,46.63362,4248.29871,-0.89879,35.32583,8.736205055409688,3.2544662465292458,0.0
13.38757,10.58504,46.53625,4243.61049,-0.8529,35.33669,8.837136672547107,3.29206592958361,0.0
13.4339,10.61882,46.44419,4238.85561,-0.80511,35.34758,8.932258074951068,3.327501154773812,0.0
13.48017,10.65257,46.35763,4234.03697,-0.75554,35.35848,9.021122969528868,3.3606056661801396,0.0
13.52638,10.6863,46.27675,4229.15775,-0.70431,35.36941,9.103308457643763,3.391221922933274,0.0
13.57253,10.72,46.20172,4224.2214,-0.65158,35.38036,9.178419515451845,3.4192027682576565,0.0
13.61863,10.75369,46.13269,4219.23161,-0.59747,35.39134,9.246093292142662,3.4444130306792147,0.0
13.66466,10.78735,46.06977,4214.19229,-0.54215,35.40233,9.306003144936959,3.466731027168188,0.0
13.71063,10.82098,46.01309,4209.10758,-0.48576,35.41334,9.357862332355735,3.486049938979024,0.0
13.75654,10.85459,45.96275,4203.9818,-0.42848,35.42438,9.401427292059134,3.5022790327316162,0.0
13.80239,10.88818,45.9188,4198.81943,-0.37048,35.43543,9.436500436765474,3.5153447019647053,0.0
13.84818,10.92174,45.88131,4193.6251,-0.31193,35.44651,9.46293241096356,3.5251913078205894,0.0
13.8939,10.95528,45.85032,4188.40355,-0.253,35.4576,9.48062376215128,3.5317818016254794,0.0
13.93954,10.98883,45.82411,4183.16315,-0.22527,35.57481,9.491838891426834,3.5359597323684357,32.99999943708069
13.98504,11.02244,45.80098,4177.91062,-0.19748,35.69231,9.498875787919737,3.5385811614639304,32.99999943708069
14.03043,11.05612,45.78091,4172.64828,-0.16971,35.81003,9.501744362112323,3.5396497808273986,32.99999943708069
14.07569,11.08985,45.76389,4167.37847,-0.14202,35.92795,9.500468377019748,3.5391744428072256,32.99999943708069
14.12082,11.12365,45.74991,4162.10352,-0.11448,36.04601,9.495087521401592,3.537169932510631,32.99999943708069
14.16583,11.1575,45.73893,4156.82577,-0.08717,36.16416,9.485657065739883,3.5336568396464214,32.99999943708069
14.21072,11.19142,45.73092,4151.54751,-0.06016,36.28237,9.472247404096866,3.528661387854965,32.99999943708069
14.25548,11.22539,45.72584,4146.27103,-0.03351,36.40058,9.454943488542053,3.5222152240173785,32.99999943708069
14.30012,11.25942,45.72363,4140.9986,-0.00729,36.51876,9.433844164136568,3.514355170519697,32.99999943708069
14.34463,11.29351,45.72424,4135.7324,0.01843,36.63686,9.409061413670733,3.5051229438977662,32.99999943708069
14.38901,11.32766,45.7276,4130.4746,0.04358,36.75484,9.380719522302254,3.4945648436429644,32.99999943708069
14.43328,11.36186,45.73364,4125.22731,0.06812,36.87266,9.348954173003252,3.4827314152324442,32.99999943708069
14.47741,11.39612,45.74229,4119.99256,0.09197,36.99028,9.313911484322253,3.469677091670141,32.99999943708069
14.52143,11.43044,45.75345,4114.77232,0.11507,37.10767,9.27574700227443,3.45545981793937,32.99999943708069
14.56532,11.46482,45.76705,4109.56848,0.13738,37.22478,9.234624658321518,3.4401406628229223,32.99999943708069
14.60908,11.49925,45.78298,4104.38286,0.15885,37.34159,9.190715705341924,3.423783422523939,32.99999943708069
14.65273,11.53373,45.80115,4099.21718,0.17942,37.45805,9.144197643187924,3.4064542204076957,32.99999943708069
14.69625,11.56828,45.82145,4094.0731,0.19904,37.57415,9.095253145052157,3.388221107044871,32.99999943708069
14.73964,11.60287,45.84378,4088.95215,0.21768,37.68985,9.044068995187137,3.3691536644841165,32.99999943708069
14.78292,11.63752,45.86802,4083.85578,0.2353,37.80513,8.99083504786885,3.349322618438602,32.99999943708069
14.82608,11.67222,45.89406,4078.78536,0.25185,37.91996,8.935743216590865,3.328799461734231,32.99999943708069
14.86911,11.70698,45.92177,4073.74215,0.26731,38.03432,8.87898650158155,3.3076560920342133,32.99999943708069
14.91202,11.74178,45.95103,4068.72729,0.28165,38.14819,8.820758062725696,3.285964466477974,32.99999943708069
14.95482,11.77664,45.98173,4063.74185,0.29484,38.26156,8.761250343942224,3.2637962754888172,32.99999943708069
14.99749,11.81155,46.01372,4058.78678,0.30685,38.3744,8.70065425402611,3.2412226376159827,32.99999943708069
15.04005,11.84651,46.04689,4053.86294,0.31767,38.48671,8.639158407907193,3.218313816883593,32.99999943708069
15.08249,11.88152,46.08111,4048.97108,0.32728,38.59846,8.576948431276088,3.19513896374551,32.99999943708069
15.12481,11.91659,46.11624,4044.11187,0.33567,38.70966,8.514206330506921,3.171765880364969,32.99999943708069
15.16702,11.9517,46.15214,4039.28585,0.34283,38.8203,8.451109928922557,3.148260810608553,32.99999943708069
15.20911,11.98686,46.1887,4034.49349,0.34874,38.93036,8.387832369568992,3.12468825481656,32.99999943708069
15.25108,12.02207,46.22577,4029.73516,0.35342,39.03986,8.324541683854953,3.1011108091099158,32.99999943708069
15.29294,12.05732,46.26322,4025.01113,0.35685,39.14877,8.261400424741709,3.0775890287437178,32.99999943708069
15.33469,12.09263,46.30093,4020.3216,0.35904,39.25711,8.19856536252338,3.0541813147774017,32.99999943708069
15.37632,12.12798,46.33876,4015.66666,0.35999,39.36489,8.136187240683531,3.030943823124895,32.99999943708069
15.41784,12.16338,46.37658,4011.04634,0.35972,39.47209,8.074410588927588,3.0079303949042724,32.99999943708069
15.45925,12.19883,46.41426,4006.46055,0.35822,39.57873,8.0133735900243,2.985192506832701,32.99999943708069
15.50055,12.23432,46.45168,4001.90917,0.35552,39.68481,7.953207996903467,2.9627792403431616,32.99999943708069
15.54174,12.26985,46.48872,3997.39198,0.35163,39.79035,7.894039096165945,2.94073726799096,32.99999943708069
15.58282,12.30544,46.52524,3992.90867,0.34656,39.89535,7.835985714075532,2.9191108556858687,32.99999943708069
15.62379,12.34106,46.56113,3988.4589,0.34034,39.99983,7.779160260994187,2.8979418792454115,32.99999943708069
15.66465,12.37674,46.59628,3984.04224,0.33299,40.10379,7.723668810222003,2.8772698537648305,32.99999943708069
15.70541,12.41245,46.63056,3979.65819,0.32453,40.20726,7.669611207225425,2.857131974307468,32.99999943708069
15.74605,12.44821,46.66386,3975.30621,0.31498,40.31025,7.617081205302426,2.837563166443617,32.99999943708069
15.7866,12.48402,46.69608,3970.98569,0.30438,40.41277,7.566166623890999,2.818596145224598,32.99999943708069
15.82703,12.51986,46.72712,3966.69596,0.29275,40.51485,7.516949525806791,2.800261481208443,32.99999943708069
15.86736,12.55575,46.75685,3962.43632,0.28012,40.61649,7.4695064099142945,2.782587672234981,32.99999943708069
15.90759,12.59169,46.7852,3958.20601,0.26653,40.71773,7.423908415912539,2.765601219713899,32.99999943708069
15.94771,12.62766,46.81206,3954.0042,0.252,40.81858,7.380221538084111,2.749326708251873,32.99999943708069
15.98773,12.66368,46.83734,3949.83005,0.23657,40.91907,7.338506845123722,2.7337868875445,32.99999943708069
16.02765,12.69974,46.86096,3945.68267,0.22028,41.01921,7.298820703311342,2.7190027555141527,32.99999943708069
16.06746,12.73584,46.88282,3941.56112,0.20316,41.11902,7.261215000571815,2.704993641778089,32.99999943708069
16.10717,12.77198,46.90286,3937.46443,0.18525,41.21855,7.22573736911558,2.691777290587978,32.99999943708069
16.14679,12.80817,46.92099,3933.39159,0.16659,41.31779,7.19243140461724,2.6793699424796795,32.99999943708069
16.1863,12.84439,46.93715,3929.34156,0.14722,41.41679,7.161336880033641,2.6677864139261076,32.99999943708069
16.2257,12.88066,46.95126,3925.31328,0.12718,41.51557,7.132489952415885,2.6570401743801475,32.99999943708069
16.26501,12.91696,46.96326,3921.30564,0.1065,41.61415,7.105923361193938,2.6471434201408877,32.99999943708069
16.30422,12.95331,46.97311,3917.31751,0.08524,41.71256,7.0816666166123285,2.638107144550877,32.99999943708069
16.34333,12.9897,46.98073,3913.34774,0.06343,41.81083,7.059746177166353,2.6299412040957773,32.99999943708069
16.38234,13.02613,46.98609,3909.39516,0.04111,41.90898,7.040185615000722,2.622654380019714,32.99999943708069
16.42125,13.06259,46.98913,3905.45855,0.01834,42.00704,7.023005768404379,2.616254435133607,32.99999943708069
16.46006,13.0991,46.98982,3901.5367,-0.00486,42.10505,7.0082248806392,2.610748165532515,32.99999943708069
16.49877,13.13565,46.98813,3897.62835,-0.02842,42.20302,6.995858724467084,2.6061414469852506,32.99999943708069
16.53739,13.17223,46.98401,3893.73225,-0.05232,42.30099,6.985920711848641,2.602439275800031,32.99999943708069
16.5759,13.20886,46.97745,3889.84712,-0.0765,42.39898,6.978421988358829,2.599645803996787,32.99999943708069
16.61432,13.24553,46.96843,3885.97164,-0.10092,42.49703,6.973371511996639,2.5977643686658403,32.99999943708069
16.65264,13.28223,46.95692,3882.10452,-0.12553,42.59516,6.970776116112168,2.5967975154098992,32.99999943708069
16.69086,13.31898,46.94291,3878.24441,-0.1503,42.69341,6.970640556265083,2.596747015800066,32.99999943708069
16.72898,13.35576,46.92639,3874.38998,-0.17516,42.7918,6.972967540897054,2.5976138788021252,32.99999943708069
16.76701,13.39258,46.90737,3870.53987,-0.20009,42.89037,6.977757745782384,2.5993983561597864,32.99999943708069
16.80493,13.42944,46.88585,3866.69271,-0.22502,42.98913,6.985009812272143,2.6020999417405757,32.99999943708069
16.84276,13.46635,46.86182,3862.84713,-0.24992,43.08813,6.994720329410865,2.6057173648738323,32.99999943708069
16.88048,13.50329,46.8353,3859.00173,-0.27474,43.1874,7.006883800099791,2.6102485777456326,32.99999943708069
16.91811,13.54026,46.80631,3855.15513,-0.29943,43.28695,7.02149259151244,2.61569073692728,32.99999943708069
16.95564,13.57728,46.77487,3851.30592,-0.32395,43.38684,7.038536870062369,2.6220401791490877,32.99999943708069
16.99307,13.61434,46.74099,3847.45269,-0.34825,43.48707,7.058004521296585,2.6292923914585646,32.99999943708069
17.03041,13.65143,46.70472,3843.59403,-0.37229,43.58769,7.079881055158038,2.637441975928204,32.99999943708069
17.06764,13.68857,46.66608,3839.72854,-0.39602,43.68872,7.10414949716059,2.646482609115294,32.99999943708069
17.10477,13.72574,46.62512,3835.85479,-0.4194,43.7902,7.130790266094923,2.6564069965041504,32.99999943708069
17.1418,13.76295,46.58187,3831.97137,-0.44237,43.89214,7.159781039021114,2.6672068222123,32.99999943708069
17.17873,13.8002,46.53638,3828.07686,-0.46491,43.9946,7.191096604350924,2.6788726942597676,32.99999943708069
17.21556,13.83749,46.4887,3824.16987,-0.48696,44.09758,7.224708704012007,2.691394085771089,32.99999943708069
17.25229,13.87482,46.43889,3820.24898,-0.50847,44.20112,7.260585865770759,2.7047592725111635,32.99999943708069
17.28891,13.91219,46.38701,3816.3128,-0.52941,44.30526,7.29869322691658,2.7189552672029977,32.99999943708069
17.32543,13.94959,46.33313,3812.35994,-0.54974,44.41001,7.338992350707095,2.733967751148727,32.99999943708069
17.36185,13.98704,46.2773,3808.38903,-0.56941,44.51541,7.381441037059049,2.7497810037069867,32.99999943708069
17.39817,14.02452,46.21961,3804.39871,-0.58838,44.62149,7.425993129189705,2.76637783026175,32.99999943708069
17.43438,14.06205,46.16013,3800.38763,-0.60661,44.72827,7.4725983180434445,2.7837394893660883,32.99999943708069
17.47048,14.09961,46.09893,3796.35448,-0.62406,44.83577,7.521201946520071,2.8018456198120627,32.99999943708069
17.50648,14.13721,46.03611,3792.29794,-0.64069,44.94403,7.571744815700923,2.8206741684448544,32.99999943708069
17.54238,14.17485,45.97174,3788.21674,-0.65647,45.05307,7.624162995424733,2.8402013195972886,32.99999943708069
17.57816,14.21252,45.90593,3784.10964,-0.67136,45.16291,7.678387641766959,2.86040142709608,32.99999943708069
17.61384,14.25024,45.83876,3779.97541,-0.68533,45.27359,7.734344824109836,2.881246949840879,32.99999943708069
17.64941,14.28799,45.77033,3775.81286,-0.69833,45.38511,7.7919553646740125,2.9027083920255863,32.99999943708069
17.68487,14.32579,45.70073,3771.62086,-0.71035,45.49751,7.851134693504937,2.92475424911696,32.99999943708069
17.72023,14.36362,45.63008,3767.39829,-0.72134,45.61081,7.911792722054068,2.9473509607602972,32.99999943708069
17.75547,14.40149,45.55848,3763.14409,-0.73129,45.72502,7.973833738585471,2.9704628718156334,32.99999943708069
17.79059,14.4394,45.48603,3758.85724,-0.74015,45.84016,8.037156328720119,2.99405220275841,32.99999943708069
17.82561,14.47735,45.41285,3754.5368,-0.74792,45.95626,8.101653324474105,3.018079030694862,32.99999943708069
17.86051,14.51534,45.33904,3750.18184,-0.75456,46.07333,8.167211785165222,3.042501282249218,32.99999943708069
17.8953,14.55337,45.26473,3745.79152,-0.76005,46.19139,8.233713013509341,3.0672747395600277,32.99999943708069
17.92997,14.59143,45.19002,3741.36505,-0.76438,46.31044,8.301032610165205,3.092353060599528,32.99999943708069
17.96452,14.62953,45.11503,3736.90172,-0.76753,46.4305,8.369040569827336,3.117687814970784,32.99999943708069
17.99896,14.66768,45.03988,3732.40088,-0.76948,46.55159,8.437601421802698,3.143228536276191,32.99999943708069
18.03328,14.70586,44.9647,3727.86196,-0.77023,46.67371,8.506574417749379,3.1689227920550747,32.99999943708069
18.06748,14.74407,44.88959,3723.28445,-0.76976,46.79686,8.575813768909217,3.194716272159086,32.99999943708069
18.10156,14.78233,44.81468,3718.66794,-0.76807,46.92107,8.645168934826033,3.2205528963073426,32.99999943708069
18.13552,14.82063,44.74008,3714.0121,-0.76516,47.04632,8.714484965096204,3.246374941397502,32.99999943708069
18.16936,14.85896,44.66592,3709.31669,-0.76103,47.17262,8.78360289514256,3.27212318894196,32.99999943708069
18.20307,14.89733,44.59232,3704.58155,-0.75567,47.29997,8.852360196483756,3.2977370928050336,32.99999943708069
18.23666,14.93574,44.51939,3699.80662,-0.7491,47.42837,8.920591281331173,3.323154967178586,32.99999943708069
18.27013,14.97418,44.44724,3694.99194,-0.74133,47.55781,8.9881280606159,3.3483141944617563,32.99999943708069
18.30347,15.01267,44.376,3690.13764,-0.73237,47.68829,9.054800553914944,3.373151452474528,32.99999943708069
18.33668,15.05119,44.30578,3685.24394,-0.72223,47.8198,9.120437548884926,3.3976029601141224,32.99999943708069
18.36976,15.08974,44.23668,3680.31118,-0.71094,47.95233,9.184867307093446,3.4216047402957623,32.99999943708069
18.40272,15.12834,44.16882,3675.3398,-0.69851,48.08587,9.247918312340339,3.4450928987220206,32.99999943708069
18.43554,15.16697,44.1023,3670.33031,-0.68498,48.22039,9.30942005672728,3.4680039167144416,32.99999943708069
18.46823,15.20564,44.03722,3665.28337,-0.67038,48.35589,9.369203859000445,3.490274956067704,32.99999943708069
18.5008,15.24434,43.97368,3660.19971,-0.65473,48.49234,9.427103708965207,3.511844173616317,32.99999943708069
18.53322,15.28308,43.91177,3655.08017,-0.63807,48.62972,9.482957131044502,3.5326510429328355,32.99999943708069
18.56552,15.32185,43.8516,3649.92568,-0.62045,48.76801,9.536606059468355,3.552636680358982,32.99999943708069
18.59768,15.36066,43.79323,3644.73728,-0.6019,48.90718,9.587897717084907,3.5717441723858827,32.99999943708069
18.62971,15.3995,43.73676,3639.51611,-0.58248,49.04721,9.636685489271962,3.5899189012091046,32.99999943708069
18.6616,15.43838,43.68226,3634.26337,-0.56223,49.18806,9.682829784237954,3.6071088652134082,32.99999943708069
18.69335,15.4773,43.6298,3628.98038,-0.5412,49.3297,9.726198870700262,3.6232649910299592,32.99999943708069
18.72497,15.51624,43.57944,3623.66854,-0.51945,49.4721,9.76666968398889,3.638341433831158,32.99999943708069
18.75645,15.55522,43.53126,3618.32933,-0.49703,49.61522,9.8041285916691,3.652295862545215,32.99999943708069
18.78779,15.59424,43.4853,3612.96428,-0.47401,49.75903,9.838472110027991,3.6650897267662543,32.99999943708069
18.81899,15.63328,43.44161,3607.57503,-0.45044,49.90348,9.86960756321427,3.6766885023012206,32.99999943708069
18.85005,15.67236,43.40023,3602.16327,-0.42639,50.04855,9.897453677332088,3.6870619124854658,32.99999943708069
18.88097,15.71147,43.3612,3596.73072,-0.40193,50.19418,9.921941102472916,3.696184122653357,32.99999943708069
18.91175,15.75061,43.32454,3591.27919,-0.37711,50.34033,9.943012856517113,3.7040339054660367,32.99999943708069
18.94239,15.78978,43.29029,3585.81053,-0.35202,50.48697,9.960624685433174,3.710594775132378,32.99999943708069
18.97289,15.82899,43.25846,3580.32661,-0.32671,50.63404,9.974745335856694,3.715855088951811,32.99999943708069
19.00324,15.86822,43.22905,3574.82934,-0.30127,50.78151,9.985356736806981,3.7198081150085556,32.99999943708069
19.03346,15.90748,43.20207,3569.32065,-0.27575,50.92933,9.992454088598985,3.7224520652936426,32.99999943708069
19.06353,15.94677,43.17751,3563.80251,-0.25023,51.07745,9.996045858165322,3.7237900939622475,32.99999943708069
19.09346,15.98609,43.15537,3558.27688,-0.22478,51.22582,9.996153681246131,3.7238302608968454,32.99999943708069
19.12325,16.02544,43.13563,3552.7457,-0.19947,51.37442,9.992812173050234,3.7225854611735016,32.99999943708069
19.15289,16.06482,43.11826,3547.21096,-0.17437,51.52318,9.986068650209212,3.720073321482456,32.99999943708069
19.18239,16.10422,43.10323,3541.67459,-0.14954,51.67207,9.975982767845917,3.716316064926592,32.99999943708069
19.21175,16.14365,43.09051,3536.13852,-0.12507,51.82104,9.962626076687517,3.711340346034393,32.99999943708069
19.24097,16.1831,43.08006,3530.60465,-0.10101,51.97005,9.946081506009293,3.7051770581429007,32.99999943708069
19.27004,16.22258,43.07182,3525.07485,-0.07743,52.11905,9.92644277898731,3.6978611156012064,32.99999943708069
19.29897,16.26209,43.06575,3519.55095,-0.05438,52.26801,9.903813767745271,3.6894312135084273,32.99999943708069
19.32776,16.30162,43.06178,3514.03474,-0.03195,52.41689,9.878307795896491,3.6799295678922466,32.99999943708069
19.35641,16.34117,43.05985,3508.52795,-0.01017,52.56565,9.850046896751586,3.669401639371761,32.99999943708069
19.38491,16.38075,43.05989,3503.03225,0.01088,52.71424,9.819161035678157,3.6578958434659943,32.99999943708069
19.41328,16.42035,43.06182,3497.54927,0.03117,52.86264,9.785787305137898,3.64546325072405,32.99999943708069
19.4415,16.45998,43.06557,3492.08057,0.05062,53.01082,9.750069100940184,3.632157279857887,32.99999943708069
19.46958,16.49962,43.07105,3486.62761,0.0692,53.15873,9.712155288086798,3.618033386997547,32.99999943708069
19.49752,16.53929,43.07817,3481.19183,0.08687,53.30635,9.67219936430225,3.6031487540841756,32.99999943708069
19.52533,16.57898,43.08685,3475.77454,0.10356,53.45366,9.630358628957318,3.5875619792721856,32.99999943708069
19.55299,16.61868,43.09699,3470.37702,0.11926,53.60062,9.586793364625475,3.571332772037482,32.99999943708069
19.58051,16.65841,43.10849,3465.00044,0.13392,53.74721,9.541666037951366,3.5545216554799515,32.99999943708069
19.6079,16.69816,43.12125,3459.64588,0.1475,53.89341,9.4951405258819,3.537189678074177,32.99999943708069
19.63515,16.73793,43.13517,3454.31438,0.15998,54.0392,9.447381372642967,3.5193981368737246,32.99999943708069
19.66226,16.77771,43.15015,3449.00684,0.17133,54.18456,9.398553082159632,3.501208313919038,32.99999943708069
19.68923,16.81752,43.16607,3443.72412,0.18152,54.32947,9.348819449873808,3.482681227321948,32.99999943708069
19.71607,16.85734,43.18284,3438.46697,0.19054,54.47393,9.298342937191363,3.463877398230757,32.99999943708069
19.74278,16.89718,43.20034,3433.23605,0.19838,54.61792,9.247284091108945,3.444856634625962,32.99999943708069
19.76934,16.93703,43.21847,3428.03196,0.20501,54.76142,9.195801010799949,3.4256778326094923,32.99999943708069
19.79578,16.97691,43.2371,3422.85519,0.21042,54.90444,9.144048862378263,3.4063987956414374,32.99999943708069
19.82208,17.0168,43.25614,3417.70615,0.21462,55.04697,9.092179442314956,3.3870760719012774,32.99999943708069
19.84825,17.0567,43.27547,3412.5852,0.21759,55.189,9.040340789499064,3.3677648097703132,32.99999943708069
19.87429,17.09662,43.29498,3407.49257,0.21934,55.33054,8.98867684533698,3.348518631209755,32.99999943708069
19.90019,17.13656,43.31457,3402.42844,0.21986,55.47157,8.937327160838532,3.329389522642568,32.99999943708069
19.92597,17.17651,43.33412,3397.3929,0.21917,55.61212,8.886426649192892,3.3104277427815028,32.99999943708069
19.95161,17.21647,43.35352,3392.38598,0.21727,55.75217,8.83610538199594,3.291681746718413,32.99999943708069
19.97713,17.25645,43.37268,3387.40763,0.21417,55.89175,8.786488426965226,3.2731981254688147,32.99999943708069
20.00251,17.29644,43.39147,3382.45771,0.20989,56.03084,8.737695724725562,3.2550215600712784,32.99999943708069
20.02777,17.33644,43.40981,3377.53603,0.20444,56.16948,8.689842002053721,3.2371947892687967,32.99999943708069
20.0529,17.37646,43.42759,3372.64233,0.19784,56.30765,8.643036718820705,3.2197585897433774,32.99999943708069
20.07791,17.41649,43.44472,3367.77629,0.19011,56.44539,8.597384045758064,3.2027517678334227,32.99999943708069
20.10278,17.45653,43.46109,3362.93752,0.18128,56.5827,8.552982870129805,3.186211161646655,32.99999943708069
20.12754,17.49659,43.47661,3358.12556,0.17137,56.7196,8.509926826353073,3.17017165246713,32.99999943708069
20.15216,17.53666,43.49119,3353.33991,0.1604,56.8561,8.468304348643212,3.154666184366907,32.99999943708069
20.17666,17.57673,43.50474,3348.58001,0.14842,56.99223,8.428198742772585,3.1397257909380984,32.99999943708069
20.20104,17.61682,43.51718,3343.84525,0.13544,57.128,8.389688274145543,3.1253796281031136,32.99999943708069
20.2253,17.65692,43.52843,3339.13495,0.12151,57.26344,8.352846269449705,3.111655011982429,32.99999943708069
20.24943,17.69703,43.5384,3334.44841,0.10665,57.39856,8.317741229246959,3.098577460837708,32.99999943708069
20.27344,17.73715,43.54702,3329.78487,0.09091,57.53339,8.284436949050217,3.086170740176072,32.99999943708069
20.29733,17.77729,43.55423,3325.14352,0.07432,57.66796,8.252992646484042,3.074456910120777,32.99999943708069
20.32109,17.81743,43.55994,3320.52352,0.05692,57.80228,8.223463092342277,3.0634563742336396,32.99999943708069
20.34474,17.85758,43.5641,3315.92399,0.03875,57.93639,8.195898743467431,3.0531879290160906,32.99999943708069
20.36826,17.89774,43.56665,3311.344,0.01985,58.07031,8.170345875542706,3.0436688133777117,32.99999943708069
20.39167,17.93791,43.56753,3306.7826,0.00028,58.20407,8.14684671403245,3.03491475741499,32.99999943708069
20.41495,17.97809,43.56668,3302.23879,-0.01994,58.33769,8.125439561672337,3.0269400299047704,32.99999943708069
20.43812,18.01827,43.56406,3297.71155,-0.04075,58.47121,8.10615892105052,3.019757483968957,32.99999943708069
20.46116,18.05847,43.55963,3293.19984,-0.06212,58.60465,8.08903561098995,3.0133786004299914,32.99999943708069
20.48409,18.09867,43.55334,3288.70256,-0.08398,58.73805,8.074096875547138,3.007813528415759,32.99999943708069
20.50693,18.13886,43.54662,3284.21462,-0.07228,58.75652,8.059688011170085,3.0024458473152675,0.0
20.52973,18.179,43.54089,3279.73214,-0.0611,58.77499,8.044179078800726,2.9966683619431116,0.0
20.55249,18.21911,43.53611,3275.25585,-0.05045,58.79346,8.027633611144397,2.9905047399036753,0.0
20.57521,18.25917,43.53222,3270.78645,-0.04037,58.81194,8.010117860597578,2.9839796619578505,0.0
20.59788,18.29919,43.52918,3266.32461,-0.03088,58.83043,7.991700124765052,2.97711857076044,0.0
20.62051,18.33918,43.52692,3261.87097,-0.02201,58.84892,7.972450460684123,2.9699475644011493,0.0
20.64309,18.37912,43.5254,3257.42614,-0.01377,58.86741,7.952440400587232,2.96249329051869,0.0
20.66564,18.41902,43.52456,3252.99067,-0.0062,58.88591,7.93174267097746,2.9547828416490076,0.0
20.68814,18.45888,43.52433,3248.56511,0.0007,58.90441,7.910430916706132,2.9468436524369355,0.0
20.7106,18.4987,43.52465,3244.14995,0.0069,58.92291,7.888579431596189,2.9387033992863056,0.0
20.73301,18.53848,43.52548,3239.74565,0.0124,58.94142,7.8662628969918895,2.9303899029628395,0.0
20.75539,18.57822,43.52674,3235.35263,0.01717,58.95993,7.843556129488124,2.921931034616676,0.0
20.77772,18.61792,43.52837,3230.97127,0.02122,58.97845,7.820533838918183,2.913354625626452,0.0
20.80001,18.65757,43.5303,3226.60192,0.02452,58.99697,7.797270397518252,2.904688381606997,0.0
20.82225,18.69719,43.53249,3222.24487,0.02707,59.0155,7.77383962103949,2.8959598008678245,0.0
20.84446,18.73677,43.53485,3217.9004,0.02887,59.03403,7.7503145623939345,2.8871960975408086,0.0
20.86662,18.77631,43.53733,3213.56871,0.02992,59.05257,7.726767318301886,2.878424129551241,0.0
20.88874,18.81581,43.53986,3209.25001,0.0302,59.07111,7.703268849224387,2.869670331537941,0.0
20.91082,18.85527,43.54239,3204.94443,0.02974,59.08965,7.679888812757746,2.8609606527883336,0.0
20.93286,18.89469,43.54483,3200.65208,0.02851,59.1082,7.656695410476889,2.852320500183573,0.0
20.95485,18.93407,43.54714,3196.37303,0.02654,59.12675,7.633755248197464,2.8437746861424915,0.0
20.97681,18.97341,43.54925,3192.1073,0.02383,59.14531,7.611133209362189,2.835347381454686,0.0
20.99872,19.01271,43.55111,3187.8549,0.02038,59.16388,7.588892341308103,2.827062072912081,0.0
21.02059,19.05197,43.55264,3183.61577,0.0162,59.18245,7.567093753961728,2.818941525570205,0.0
21.04243,19.0912,43.55379,3179.38983,0.01131,59.20102,7.545796530504707,2.8110077494687906,0.0
21.06422,19.13038,43.5545,3175.17697,0.00572,59.2196,7.525057649433779,2.8032819705970677,0.0
21.08597,19.16953,43.55472,3170.97703,-0.00056,59.23818,7.504931917418886,2.7957846058816407,0.0
21.10768,19.20864,43.55439,3166.78984,-0.0075,59.25677,7.485471912294155,2.788535241949128,0.0
21.12935,19.24771,43.55346,3162.61516,-0.01511,59.27536,7.466727935475055,2.7815526174003016,0.0
21.15098,19.28674,43.55187,3158.45276,-0.02334,59.29396,7.448747973100284,2.774854608334417,0.0
21.17256,19.32574,43.54958,3154.30234,-0.03219,59.31257,7.431577665137725,2.7684582168403717,0.0
21.19411,19.36469,43.54654,3150.16361,-0.04163,59.33118,7.415260281717656,2.7623795621801994,0.0
21.21562,19.40361,43.5427,3146.03621,-0.05164,59.34979,7.399836705946946,2.756633874386907,0.0
21.23709,19.44249,43.53802,3141.91977,-0.0622,59.36841,7.385345422454425,2.751235489997327,0.0
21.25852,19.48133,43.53245,3137.81392,-0.07327,59.38704,7.371822510944618,2.7461978496507085,0.0
21.27991,19.52014,43.52597,3133.71821,-0.08484,59.40567,7.3593016440632155,2.741533497293551,0.0
21.30126,19.5589,43.51852,3129.6322,-0.09688,59.42431,7.347814088875077,2.737254080730201,0.0
21.32257,19.59763,43.51008,3125.55543,-0.10936,59.44295,7.337388711323804,2.73337035328416,0.0
21.34384,19.63633,43.50061,3121.4874,-0.12225,59.4616,7.328051983042559,2.7298921763352895,0.0
21.36507,19.67498,43.49009,3117.42759,-0.13552,59.48025,7.319827989957938,2.7268285225249866,0.0
21.38626,19.7136,43.47848,3113.37547,-0.14914,59.49891,7.312738442131796,2.724187479422519,0.0
21.40741,19.75218,43.46577,3109.33049,-0.16308,59.51758,7.306802684372002,2.7219762534778096,0.0
21.42853,19.79072,43.45193,3105.29207,-0.17731,59.53625,7.302037707152558,2.7202011740894707,0.0
21.4496,19.82923,43.43693,3101.25963,-0.19179,59.55492,7.298458157462081,2.7188676976461474,0.0
21.47064,19.8677,43.42078,3097.23255,-0.2065,59.5736,7.296076349232748,2.7179804114115744,0.0
21.49163,19.90613,43.40344,3093.21023,-0.22139,59.59229,7.294902273052586,2.7175430371426605,0.0
21.51259,19.94453,43.38492,3089.19202,-0.23645,59.61098,7.294943604927495,2.7175584343535717,0.0
21.53351,19.98289,43.3652,3085.17728,-0.25162,59.62967,7.296205713901881,2.7180286031546164,0.0
21.55439,20.02121,43.34427,3081.16535,-0.26689,59.64838,7.298691668410446,2.7189546866184564,0.0
21.57523,20.05949,43.32214,3077.15557,-0.28221,59.66708,7.302402241265462,2.720336972637997,0.0
21.59603,20.09774,43.2988,3073.14727,-0.29755,59.6858,7.307335913274074,2.7221748952739286,0.0
21.6168,20.13595,43.27426,3069.13976,-0.31288,59.70451,7.313488875494383,2.7244670355951737,0.0
21.63752,20.17413,43.24852,3065.13235,-0.32816,59.72323,7.3208550302054585,2.7272111220402437,0.0
21.65821,20.21226,43.2216,3061.12436,-0.34336,59.74196,7.329425990749133,2.7304040303583066,0.0
21.67886,20.25036,43.19349,3057.11508,-0.35844,59.76069,7.339191080383535,2.7340417831820933,0.0
21.69947,20.28843,43.16423,3053.10383,-0.37338,59.77943,7.350137330418622,2.7381195493333355,0.0
21.72004,20.32645,43.13381,3049.0899,-0.38813,59.79817,7.3622494778821865,2.7426316429532935,0.0
21.74057,20.36444,43.10227,3045.07259,-0.40266,59.81692,7.375509963072372,2.747571522591001,0.0
21.76106,20.40239,43.06962,3041.05122,-0.41695,59.83567,7.389898927335662,2.752931790375512,0.0
21.78152,20.44031,43.03589,3037.02508,-0.43095,59.85442,7.405394211524613,2.7587041914413613,0.0
21.80193,20.47818,43.0011,3032.9935,-0.44464,59.87318,7.421971355558983,2.7648796137650735,0.0
21.82231,20.51602,42.96529,3028.95579,-0.45799,59.89194,7.439603599590369,2.7714480885990267,0.0
21.84265,20.55382,42.92848,3024.91128,-0.47097,59.91071,7.4582618873233075,2.7783987917086423,0.0
21.86295,20.59158,42.8907,3020.8593,-0.48354,59.92948,7.477914872016106,2.7857200456078584,0.0
21.88321,20.62931,42.85201,3016.79921,-0.49568,59.94825,7.498528925779953,2.793399323023289,0.0
21.90344,20.66699,42.81242,3012.73037,-0.50736,59.96703,7.520068152760121,2.801423251804572,0.0
21.92362,20.70464,42.77199,3008.65214,-0.51856,59.98581,7.542494406839633,2.809777621519448,0.0
21.94377,20.74225,42.73075,3004.56392,-0.52924,60.0046,7.56576731450143,2.8184473919705217,0.0
21.96388,20.77982,42.68874,3000.46511,-0.53938,60.02338,7.589844303486952,2.827416703871335,0.0
21.98395,20.81736,42.64602,2996.35514,-0.54897,60.04217,7.614680637901687,2.836668891924112,0.0
22.00398,20.85485,42.60263,2992.23344,-0.55797,60.06096,7.640229460386839,2.846186500529808,0.0
22.02397,20.8923,42.55862,2988.09949,-0.56636,60.07976,7.666441841991111,2.855951302366668,0.0
22.04392,20.92972,42.51404,2983.95278,-0.57414,60.09855,7.693266840332744,2.865944320057111,0.0
22.06383,20.96709,42.46894,2979.79281,-0.58127,60.11735,7.720651566606755,2.8761458511296927,0.0
22.08371,21.00443,42.42337,2975.61911,-0.58774,60.13615,7.748541261967665,2.8865354964736816,0.0
22.10354,21.04173,42.37739,2971.43127,-0.59353,60.15495,7.776879383762153,2.897092192462987,0.0
22.12334,21.07898,42.33105,2967.22886,-0.59864,60.17376,7.805607702013641,2.9077942468992117,0.0
22.14309,21.1162,42.2844,2963.01152,-0.60305,60.19256,7.834666406510838,2.918619378904949,0.0
22.16281,21.15337,42.23751,2958.77889,-0.60675,60.21137,7.8639942247872945,2.9295447628742695,0.0
22.18249,21.19051,42.19042,2954.53066,-0.60973,60.23017,7.893528551138136,2.940547076534853,0.0
22.20212,21.2276,42.1432,2950.26655,-0.61198,60.24898,7.923205586806821,2.9516025531712415,0.0
22.22172,21.26465,42.09591,2945.98631,-0.6135,60.26779,7.952960491293029,2.9626870379910093,0.0
22.24128,21.30166,42.04859,2941.68974,-0.61429,60.28659,7.982727544698122,2.9737760486027187,0.0
22.2608,21.33863,42.00131,2937.37665,-0.61435,60.3054,8.012440320851502,2.984844839510045,0.0
22.28028,21.37556,41.95412,2933.04692,-0.61366,60.32421,8.042031870862106,2.9958684704895346,0.0
22.29972,21.41244,41.90709,2928.70043,-0.61225,60.34301,8.071434916643737,3.0068218786838874,0.0
22.31912,21.44928,41.86026,2924.33714,-0.61011,60.36182,8.100582053777059,3.0176799541733836,0.0
22.33848,21.48608,41.81369,2919.95701,-0.60726,60.38062,8.129405963014896,3.0284176187671736,0.0
22.3578,21.52284,41.76744,2915.56007,-0.60369,60.39942,8.157839629540986,3.039009907682934,0.0
22.37708,21.55955,41.72155,2911.14637,-0.59942,60.41822,8.185816569023665,3.0494320537578123,0.0
22.39632,21.59622,41.67609,2906.71602,-0.59446,60.43702,8.213271059360245,3.0596595737793053,0.0
22.41552,21.63284,41.6311,2902.26914,-0.58883,60.45582,8.24013837689168,3.069668356481434,0.0
22.43468,21.66942,41.58663,2897.80591,-0.58254,60.47461,8.266355035781833,3.0794347517198273,0.0
22.4538,21.70596,41.54273,2893.32656,-0.57561,60.4934,8.291859029129633,3.0889356602923335,0.0
22.47287,21.74245,41.49944,2888.83134,-0.56806,60.51219,8.316590070346358,3.0981486238584206,0.0
22.49191,21.7789,41.45682,2884.32053,-0.55992,60.53098,8.340489833191864,3.107051914358979,0.0
22.51091,21.8153,41.41489,2879.79448,-0.55121,60.54976,8.363502188883427,3.115624622345605,0.0
22.52986,21.85166,41.37372,2875.25355,-0.54195,60.56855,8.385573438605826,3.1238467435967294,0.0
22.54878,21.88797,41.33332,2870.69815,-0.53217,60.58732,8.40665253973278,3.131699263391051,0.0
22.56765,21.92424,41.29374,2866.12872,-0.5219,60.6061,8.426691324092097,3.139164237817044,0.0
22.58648,21.96046,41.25501,2861.54572,-0.51118,60.62486,8.445644706615779,3.1462248715006234,0.0
22.60528,21.99663,41.21716,2856.94968,-0.50002,60.64363,8.463470882748563,3.1528655911450088,0.0
22.62403,22.03276,41.18022,2852.34111,-0.48847,60.66239,8.480131513033598,3.1590721142937492,0.0
22.64274,22.06884,41.14422,2847.7206,-0.47656,60.68115,8.495591893420292,3.1648315127748834,0.0
22.66141,22.10488,41.10917,2843.08872,-0.46433,60.6999,8.50982110988938,3.170132270302836,0.0
22.68003,22.14086,41.0751,2838.44611,-0.45181,60.71865,8.522792176110332,3.1749643337594327,0.0
22.69862,22.1768,41.04203,2833.79339,-0.43904,60.73739,8.534482153017604,3.1793191577391964,0.0
22.71716,22.2127,41.00996,2829.13123,-0.42605,60.75613,8.544872249291508,3.1831897419811117,0.0
22.73567,22.24854,40.97892,2824.46032,-0.4129,60.77486,8.553947901907968,3.186570661375534,0.0
22.75413,22.28434,40.9489,2819.78135,-0.39961,60.79358,8.561698836126894,3.1894580883114374,0.0
22.77255,22.32009,40.91992,2815.09504,-0.38622,60.8123,8.56811910439391,3.1918498071683272,0.0
22.79093,22.35579,40.89198,2810.40211,-0.37279,60.83102,8.573207103900561,3.193745220857878,0.0
22.80927,22.39144,40.86507,2805.7033,-0.35934,60.84973,8.576965572674716,3.1951453493675155,0.0
22.82757,22.42705,40.83919,2800.99934,-0.34592,60.86843,8.579401564310112,3.1960528203464977,0.0
22.84583,22.46261,40.81433,2796.29099,-0.33257,60.88713,8.580526401581201,3.1964718518262285,0.0
22.86404,22.49812,40.79049,2791.57901,-0.31932,60.90582,8.580355609435063,3.19640822725798,0.0
22.88221,22.53358,40.76765,2786.86413,-0.30622,60.92451,8.578908827975866,3.195869263097318,0.0
22.90035,22.56899,40.7458,2782.14711,-0.29332,60.94319,8.576209706259537,3.1948637692398187,0.0
22.91844,22.60435,40.72492,2777.42869,-0.28063,60.96186,8.572285777853201,3.193402002663689,0.0
22.93649,22.63966,40.70498,2772.70962,-0.26821,60.98053,8.567168319262505,3.191495614690215,0.0
22.9545,22.67493,40.68597,2767.99062,-0.25609,60.99919,8.560892192460589,3.1891575923216666,0.0
22.97246,22.71015,40.66786,2763.2724,-0.24431,61.01784,8.553495672852756,3.1864021941536063,0.0
22.99039,22.74531,40.65061,2758.55568,-0.2329,61.03649,8.545020264103497,3.1832448813930814,0.0
23.00828,22.78043,40.63421,2753.84114,-0.2219,61.05513,8.535510501339438,3.179702244546552,0.0
23.02612,22.8155,40.61861,2749.12945,-0.21134,61.07377,8.525013744279114,3.175791926355281,0.0
23.04392,22.85052,40.60377,2744.42127,-0.20124,61.09239,8.513579961872377,3.1715325415678506,0.0
23.06169,22.88549,40.58967,2739.71724,-0.19165,61.11102,8.501261510075677,3.166943594155607,0.0
23.07941,22.92041,40.57627,2735.01795,-0.18258,61.12963,8.488112904347194,3.1620453925611085,0.0
23.09709,22.95529,40.56351,2730.32399,-0.17407,61.14824,8.474190588465405,3.1568589635769646,0.0
23.11473,22.99011,40.55137,2725.63593,-0.16614,61.16684,8.45955270118488,3.1514059654189746,0.0
23.13233,23.02489,40.53979,2720.9543,-0.15881,61.18543,8.444258842276797,3.145708600570068,0.0
23.14989,23.05961,40.52873,2716.2796,-0.1521,61.20402,8.428369839319204,3.1397895289035356,0.0
23.1674,23.09429,40.51814,2711.61231,-0.14604,61.2226,8.411947516642641,3.133671781609201,0.0
23.18488,23.12892,40.50798,2706.95288,-0.14063,61.24118,8.395054467664393,3.1273786763819333,0.0
23.20232,23.1635,40.49819,2702.30172,-0.13591,61.25975,8.377753831762432,3.120933734301327,0.0
23.21972,23.19803,40.48873,2697.65921,-0.13188,61.27831,8.360109076792595,3.1143605988136183,0.0
23.23707,23.23251,40.47955,2693.02571,-0.12854,61.29687,8.342183788153417,3.107682957152795,0.0
23.25439,23.26695,40.47059,2688.40153,-0.12593,61.31542,8.324041465251387,3.100924464518544,0.0
23.27167,23.30133,40.4618,2683.78696,-0.12403,61.33396,8.305745326102343,3.094108671285131,0.0
23.28891,23.33567,40.45314,2679.18226,-0.12285,61.3525,8.287358120648385,3.087258953457039,0.0
23.3061,23.36996,40.44455,2674.58763,-0.12241,61.37103,8.268941953296704,3.0803984465600127,0.0
23.32326,23.4042,40.43598,2670.00327,-0.1227,61.38955,8.250558115062589,3.073549983109909,0.0
23.34038,23.43839,40.42738,2665.42933,-0.12372,61.40807,8.232266925579546,3.066736033757316,0.0
23.35746,23.47254,40.4187,2660.86592,-0.12547,61.42658,8.21412758514964,3.059978652172405,0.0
23.3745,23.50663,40.40988,2656.31313,-0.12795,61.44509,8.196198036911953,3.0532994236990603,0.0
23.3915,23.54068,40.40089,2651.771,-0.13115,61.46359,8.178534839094251,3.046719417765261,0.0
23.40846,23.57468,40.39166,2647.23956,-0.13506,61.48208,8.16119304726987,3.0402591440206748,0.0
23.42539,23.60864,40.38215,2642.71879,-0.13967,61.50057,8.144226106422584,3.033938512127979,0.0
23.44227,23.64254,40.37232,2638.20865,-0.14498,61.51905,8.127685752573468,3.027776795116282,0.0
23.45911,23.6764,40.36211,2633.70905,-0.15096,61.53753,8.111621923678916,3.0217925961882854,0.0
23.47592,23.71021,40.35148,2629.21988,-0.15761,61.556,8.09608267943306,3.016003818844581,0.0
23.49269,23.74397,40.3404,2624.74101,-0.16491,61.57446,8.08111412956783,3.010427640173532,0.0
23.50942,23.77769,40.32881,2620.27227,-0.17284,61.59292,8.06676037022348,3.0050804871476235,0.0
23.52611,23.81135,40.31667,2615.81346,-0.18138,61.61137,8.053063427918,2.9999780157505906,0.0
23.54276,23.84497,40.30395,2611.36436,-0.19051,61.62982,8.040063210635902,2.9951350927567058,0.0
23.55937,23.87855,40.29061,2606.9247,-0.20021,61.64826,8.027797465536368,2.990565779975953,0.0
23.57595,23.91208,40.27661,2602.49422,-0.21046,61.6667,8.016301742776987,2.9862833207774133,0.0
23.59249,23.94556,40.26192,2598.07261,-0.22123,61.68513,8.005609364946508,2.9823001287021675,0.0
23.60899,23.97899,40.24651,2593.65954,-0.23249,61.70356,7.995751401611284,2.9786277779811705,0.0
23.62545,24.01238,40.23034,2589.25466,-0.24422,61.72198,7.986756648490404,2.975276995777445,0.0
23.64188,24.04572,40.21339,2584.85759,-0.25639,61.74039,7.978651610787215,2.97225765597663,0.0
23.65826,24.07901,40.19563,2580.46793,-0.26897,61.7588,7.971460490230701,2.969578774359559,0.0
23.67461,24.11226,40.17704,2576.08528,-0.28193,61.7772,7.9652051754048525,2.9672485049996924,0.0
23.69092,24.14546,40.1576,2571.7092,-0.29524,61.7956,7.959905234960194,2.9652741377342315,0.0
23.7072,24.17861,40.13728,2567.33922,-0.30888,61.81399,7.955577913362574,2.963662096580434,0.0
23.72343,24.21172,40.11607,2562.97489,-0.3228,61.83238,7.952238128835767,2.9624179389691787,0.0
23.73963,24.24478,40.09395,2558.61571,-0.33697,61.85076,7.949898473222457,2.961546355693176,0.0
23.7558,24.27779,40.07092,2554.26119,-0.35137,61.86913,7.948569213486293,2.961051171466527,0.0
23.77192,24.31076,40.04696,2549.9108,-0.36595,61.8875,7.948258294667688,2.96093534602583,0.0
23.78801,24.34368,40.02206,2545.56403,-0.38069,61.90587,7.948971344114769,2.961200975706328,0.0
23.80406,24.37656,39.99622,2541.22033,-0.39554,61.92423,7.950711676855219,2.9618492954430558,0.0
23.82008,24.40938,39.96943,2536.87915,-0.41048,61.94258,7.953480302022551,2.9628806811647994,0.0
23.83605,24.44217,39.94169,2532.53994,-0.42547,61.96093,7.957275930300867,2.9642946525674625,0.0
23.85199,24.4749,39.91301,2528.20213,-0.44048,61.97927,7.962094982387153,2.9660898762664965,0.0
23.8679,24.50759,39.88339,2523.86515,-0.45546,61.9976,7.967931598497895,2.9682641693383593,0.0
23.88376,24.54024,39.85283,2519.52843,-0.47039,62.01593,7.974777649016124,2.97081450328683,0.0
23.89959,24.57283,39.82133,2515.19138,-0.48524,62.03425,7.982622746395703,2.973737008477658,0.0
23.91539,24.60538,39.78893,2510.85343,-0.49995,62.05257,7.9914542584777495,2.9770269790992887,0.0
23.93114,24.63788,39.75561,2506.51399,-0.51451,62.07088,8.001257323422612,2.980678878725412,0.0
23.94686,24.67034,39.72141,2502.17248,-0.52888,62.08919,8.012014866467451,2.9846863465576075,0.0
23.96255,24.70275,39.68633,2497.82832,-0.54302,62.10748,8.02370761880566,2.98904220445842,0.0
23.97819,24.73511,39.6504,2493.48093,-0.55691,62.12578,8.036314138840877,2.993738464869043,0.0
23.9938,24.76743,39.61363,2489.12973,-0.5705,62.14406,8.049810836155165,2.9987663397380953,0.0
24.00938,24.7997,39.57605,2484.77416,-0.58378,62.16234,8.064171998514267,3.004116250581783,0.0
24.02491,24.83192,39.53769,2480.41367,-0.59671,62.18061,8.079369822284395,3.0097778398149653,0.0
24.04041,24.8641,39.49857,2476.04768,-0.60925,62.19887,8.095374446614807,3.015739983485054,0.0
24.05588,24.89622,39.45871,2471.67568,-0.62138,62.21713,8.112153991757635,3.021990805547162,0.0
24.0713,24.9283,39.41816,2467.29711,-0.63308,62.23538,8.1296746019554,3.0285176938408283,0.0
24.08669,24.96034,39.37694,2462.91148,-0.64432,62.25362,8.14790049321835,3.035307317888337,0.0
24.10205,24.99232,39.33508,2458.51826,-0.65506,62.27186,8.166794006420727,3.042345648674473,0.0
24.11736,25.02426,39.29263,2454.11697,-0.66529,62.29009,8.18631566607089,3.0496179805399377,0.0
24.13264,25.05615,39.24961,2449.70714,-0.67498,62.30831,8.206424245096203,3.0571089553154236,0.0
24.14789,25.08799,39.20607,2445.28831,-0.68412,62.32652,8.227076835982023,3.064802588822763,0.0
24.16309,25.11978,39.16203,2440.86005,-0.69268,62.34472,8.248228928581872,3.0726822998612575,0.0
24.17826,25.15152,39.11755,2436.42194,-0.70064,62.36291,8.26983449483136,3.0807309417658533,0.0
24.1934,25.18322,39.07267,2431.97359,-0.70798,62.3811,8.291846080620235,3.0889308366318873,0.0
24.20849,25.21486,39.02742,2427.51463,-0.7147,62.39928,8.314214904997808,3.097263812271724,0.0
24.22355,25.24646,38.98184,2423.0447,-0.72077,62.41745,8.33689096682353,3.105711241944901,0.0
24.23858,25.27801,38.93599,2418.56349,-0.72618,62.4356,8.359823158944783,3.1142540868923567,0.0
24.25356,25.30951,38.8899,2414.0707,-0.73093,62.45375,8.382959389914738,3.1228729416795384,0.0
24.26851,25.34096,38.84362,2409.56606,-0.73501,62.47189,8.406246713155715,3.131548082313154,0.0
24.28343,25.37236,38.79719,2405.04933,-0.7384,62.49002,8.429631463469002,3.140259517094664,0.0
24.2983,25.40371,38.75065,2400.52029,-0.74111,62.50815,8.453059400655109,3.148987040122616,0.0
24.31314,25.43501,38.70405,2395.97877,-0.74313,62.52626,8.476475859962513,3.1577102873387486,0.0
24.32794,25.46626,38.65744,2391.42461,-0.74445,62.54436,8.499825908998424,3.1664087949813924,0.0
24.34271,25.49746,38.61085,2386.85768,-0.74509,62.56245,8.523054510623304,3.1750620602679516,0.0
24.35743,25.5286,38.56434,2382.27789,-0.74504,62.58052,8.546106691322098,3.1836496041176305,0.0
24.37212,25.5597,38.51794,2377.68519,-0.74431,62.59859,8.568927714410906,3.1921510356754674,0.0
24.38678,25.59075,38.47169,2373.07955,-0.74291,62.61665,8.591463257393363,3.200546118382254,0.0
24.40139,25.62174,38.42564,2368.46097,-0.74084,62.6347,8.613659592675274,3.2088148372954963,0.0
24.41597,25.65268,38.37983,2363.82948,-0.73811,62.65273,8.635463770805911,3.2169374673516127,0.0
24.43051,25.68357,38.3343,2359.18516,-0.73474,62.67075,8.656823805326097,3.224894642226715,0.0
24.44501,25.71441,38.28909,2354.52811,-0.73075,62.68876,8.677688858238724,3.232667423429252,0.0
24.45948,25.7452,38.24423,2349.85846,-0.72615,62.70676,8.69800942507449,3.2402373692418656,0.0
24.47391,25.77593,38.19976,2345.17638,-0.72095,62.72475,8.717737518493813,3.247586603117941,0.0
24.4883,25.80662,38.15572,2340.48206,-0.71518,62.74272,8.73682684930728,3.2546978811164813,0.0
24.50265,25.83724,38.11213,2335.77572,-0.70886,62.76068,8.755233003773203,3.2615546579501076,0.0
24.51697,25.86782,38.06903,2331.05763,-0.70202,62.77863,8.772913616062011,3.2681411512325957,0.0
24.53125,25.89834,38.02646,2326.32808,-0.69467,62.79657,8.78982853471071,3.274442403487531,0.0
24.54549,25.92881,37.98443,2321.58737,-0.68685,62.81449,8.805939981945404,3.2804443415001447,0.0
24.55969,25.95923,37.94298,2316.83585,-0.67859,62.8324,8.821212704778478,3.2861338326049885,0.0
24.57386,25.98959,37.90212,2312.07389,-0.66991,62.85029,8.835614116802127,3.291498737507752,0.0
24.58799,26.01989,37.86188,2307.30187,-0.66085,62.86817,8.849114429639483,3.2965279592542767,0.0
24.60208,26.05015,37.82229,2302.52023,-0.65144,62.88604,8.861686773131355,3.3012114880032644,0.0
24.61613,26.08035,37.78336,2297.7294,-0.64171,62.9039,8.873307303337555,3.305540441259625,0.0
24.63015,26.11049,37.74509,2292.92984,-0.63169,62.92173,8.883955297567399,3.3095070992758324,0.0
24.64412,26.14058,37.70752,2288.12203,-0.62143,62.93956,8.893613235736494,3.3131049353594673,0.0
24.65806,26.17062,37.67065,2283.30647,-0.61096,62.95737,8.902266867418449,3.316328640851749,0.0
24.67197,26.20059,37.63448,2278.48367,-0.60031,62.97517,8.909905264121928,3.319174144602107,0.0
24.68583,26.23052,37.59903,2273.65417,-0.58953,62.99295,8.916520856401538,3.3216386267929714,0.0
24.69966,26.26039,37.5643,2268.81851,-0.57865,63.01072,8.92210945553441,3.3237205270148578,0.0
24.71345,26.2902,37.53029,2263.97725,-0.56771,63.02847,8.926670259635323,3.3254195465444276,0.0
24.7272,26.31996,37.49701,2259.13094,-0.55674,63.0462,8.930205844193688,3.3267366448192464,0.0
24.74091,26.34966,37.46444,2254.28016,-0.5458,63.06393,8.932722137145536,3.3276740301514622,0.0
24.75459,26.37931,37.43258,2249.42548,-0.53491,63.08163,8.934228378720011,3.3282351447695553,0.0
24.76822,26.4089,37.40143,2244.56748,-0.52411,63.09932,8.934737066392898,3.3284246443120833,0.0
24.78182,26.43844,37.37098,2239.70675,-0.51345,63.117,8.934263885453843,3.3282483719621463,0.0
24.79539,26.46792,37.34122,2234.84386,-0.50295,63.13466,8.932827625718657,3.3277133274205206,0.0
24.80891,26.49734,37.31213,2229.97941,-0.49266,63.15231,8.930450085092977,3.3268276309805964,0.0
24.8224,26.52671,37.28369,2225.11395,-0.48262,63.16994,8.927155960746033,3.3256004829877313,0.0
24.83585,26.55602,37.25589,2220.24807,-0.47285,63.18755,8.922972728728318,3.324042118993674,0.0
24.84926,26.58527,37.22871,2215.38233,-0.4634,63.20515,8.917930512977467,3.322163760957802,0.0
24.86263,26.61447,37.20213,2210.51728,-0.4543,63.22273,8.912061944666695,3.319977564850713,0.0
24.87597,26.64361,37.17612,2205.65346,-0.44557,63.2403,8.90540201293237,3.3174965650463273,0.0
24.88927,26.6727,37.15067,2200.79142,-0.43726,63.25785,8.897987908042618,3.314734615898054,0.0
24.90253,26.70173,37.12573,2195.93166,-0.42938,63.27539,8.889858858083368,3.3117063309000567,0.0
24.91576,26.7307,37.10129,2191.0747,-0.42198,63.29291,8.881055960265735,3.3084270198448067,0.0
24.92895,26.75961,37.07731,2186.22101,-0.41507,63.31041,8.871622007955997,3.304912624387206,0.0
24.9421,26.78847,37.05376,2181.37108,-0.40869,63.3279,8.861601314502666,3.301179652415527,0.0
24.95521,26.81728,37.03062,2176.52534,-0.40285,63.34537,8.851039534933467,3.297245111628854,0.0
24.96829,26.84602,37.00784,2171.68424,-0.39759,63.36283,8.839983486558603,3.2931264427070777,0.0
24.98133,26.87471,36.9854,2166.84818,-0.39291,63.38027,8.828480969466897,3.2888414524409773,0.0
24.99433,26.90335,36.96325,2162.01755,-0.38885,63.39769,8.816580587878017,3.284408247181235,0.0
25.0073,26.93192,36.94137,2157.19271,-0.38541,63.4151,8.804331573223509,3.2798451669314588,0.0
25.02023,26.96045,36.91971,2152.37402,-0.38261,63.4325,8.79178360980526,3.275170720401373,0.0
25.03312,26.98891,36.89824,2147.56178,-0.38046,63.44987,8.778986663790704,3.2704035213030367,0.0
25.04598,27.01732,36.87691,2142.75628,-0.37898,63.46724,8.765990816251309,3.2655622261532837,0.0
25.05879,27.04567,36.8557,2137.95781,-0.37818,63.48458,8.752846100866027,3.2606654738139897,0.0
25.07158,27.07397,36.83457,2133.16659,-0.37806,63.50191,8.739602346839842,3.255731826975094,0.0
25.08432,27.10221,36.81347,2128.38285,-0.37863,63.51923,8.726309027538582,3.250779715767094,0.0
25.09703,27.13039,36.79236,2123.60677,-0.37989,63.53653,8.713015115217138,3.245827383643472,0.0
25.10971,27.15852,36.77121,2118.83852,-0.38184,63.55381,8.699768942202983,3.2408928356679114,0.0
25.12235,27.18659,36.74998,2114.07823,-0.38449,63.57108,8.686618068794289,3.235993789302868,0.0
25.13495,27.21461,36.72864,2109.32601,-0.38783,63.58834,8.673609158060337,3.2311476277694293,0.0
25.14752,27.24257,36.70714,2104.58195,-0.39186,63.60557,8.660787857683134,3.2263713560302056,0.0
25.16005,27.27047,36.68545,2099.8461,-0.39656,63.6228,8.648198688926339,3.2216815594273345,0.0
25.17254,27.29832,36.66353,2095.11849,-0.40194,63.64001,8.635884942726207,3.2170943649736237,0.0
25.185,27.32611,36.64134,2090.39913,-0.40798,63.6572,8.623888582888291,3.2126254052907757,0.0
25.19742,27.35385,36.61886,2085.68799,-0.41468,63.67438,8.612250156306017,3.2082897851634455,0.0
25.20981,27.38153,36.59605,2080.98503,-0.42201,63.69154,8.601008710070776,3.2041020506605657,0.0
25.22216,27.40916,36.57287,2076.29018,-0.42996,63.70868,8.590201715316324,3.2000761607653874,0.0
25.23448,27.43673,36.54929,2071.60334,-0.43853,63.72582,8.579864997628196,3.1962254614511485,0.0
25.24676,27.46424,36.52529,2066.92438,-0.44768,63.74293,8.570032673766336,3.192562662108595,0.0
25.25901,27.4917,36.50083,2062.25317,-0.4574,63.76003,8.560737094503992,3.1890998142519615,0.0
25.27122,27.51911,36.47589,2057.58954,-0.46767,63.77712,8.552008793300306,3.185848292398162,0.0
25.2834,27.54646,36.45044,2052.9333,-0.47847,63.79419,8.543876440561391,3.182818777027838,0.0
25.29554,27.57375,36.42446,2048.28424,-0.48977,63.81125,8.536366803212836,3.180021239525051,0.0
25.30765,27.60099,36.39791,2043.64213,-0.50154,63.82829,8.52950470933113,3.1774649290015597,0.0
25.31972,27.62818,36.37078,2039.00673,-0.51377,63.84532,8.523313017522176,3.175158360889507,0.0
25.33176,27.65531,36.34305,2034.37775,-0.52642,63.86233,8.517812590847186,3.173109307228138,0.0
25.34376,27.68238,36.3147,2029.75491,-0.53947,63.87933,8.513022274987108,3.171324788529463,0.0
25.35573,27.7094,36.28571,2025.13792,-0.55288,63.89631,8.50895888043822,3.1698110671456567,0.0
25.36766,27.73637,36.25607,2020.52644,-0.56664,63.91328,8.505637168503984,3.1685736420506525,0.0
25.37956,27.76328,36.22576,2015.92015,-0.58069,63.93023,8.5030698408657,3.167617244954937,0.0
25.39143,27.79013,36.19478,2011.31869,-0.59503,63.94717,8.501267532571578,3.1669458376937905,0.0
25.40326,27.81693,36.1631,2006.72169,-0.6096,63.96409,8.500238808251567,3.1665626108172207,0.0
25.41506,27.84368,36.13072,2002.12879,-0.62439,63.981,8.499990161427306,3.166469983332892,0.0
25.42682,27.87037,36.09764,1997.53959,-0.63935,63.99789,8.500526016799936,3.1666696035584003,0.0
25.43855,27.89701,36.06385,1992.95369,-0.65446,64.01477,8.501848735417203,3.1671623510461533,0.0
25.45025,27.92359,36.02935,1988.37069,-0.66967,64.03163,8.503958622660098,3.167948339558606,0.0
25.46191,27.95011,35.99413,1983.79017,-0.68496,64.04848,8.50685393898632,3.169026921070481,0.0
25.47354,27.97659,35.9582,1979.21171,-0.7003,64.06531,8.51053091343665,3.17039669080025,0.0
25.48513,28.003,35.92156,1974.63488,-0.71564,64.08213,8.514983759890537,3.1720554932657636,0.0
25.49669,28.02937,35.88422,1970.05925,-0.73096,64.09893,8.52020469610797,3.1740004293778568,0.0
25.50821,28.05567,35.84617,1965.48438,-0.74621,64.11572,8.526183965610906,3.17622786459175,0.0
25.51971,28.08193,35.80743,1960.90982,-0.76138,64.13249,8.532909862461214,3.1787334381374865,0.0
25.53117,28.10812,35.768,1956.33514,-0.77641,64.14925,8.54036875904771,3.181512073371337,0.0
25.54259,28.13427,35.7279,1951.7599,-0.79129,64.16599,8.548545136971057,3.1845579892812346,0.0
25.55398,28.16036,35.68714,1947.18365,-0.80598,64.18271,8.557421621155713,3.1878647131943736,0.0
25.56534,28.18639,35.64574,1942.60597,-0.82045,64.19942,8.566979017322625,3.191425094736776,0.0
25.57666,28.21237,35.6037,1938.0264,-0.83466,64.21612,8.577196352959946,3.1952313210959584,0.0
25.58795,28.23829,35.56105,1933.44453,-0.84859,64.2328,8.588050921948629,3.199274933645141,0.0
25.59921,28.26416,35.5178,1928.85992,-0.8622,64.24946,8.599518332985879,3.2035468459822605,0.0
25.61044,28.28997,35.47398,1924.27216,-0.87548,64.26611,8.61157256196659,3.2080373634434287,0.0
25.62163,28.31573,35.4296,1919.68084,-0.88838,64.28274,8.624186008461018,3.2127362041423537,0.0
25.63278,28.34143,35.3847,1915.08556,-0.9009,64.29935,8.637329556442184,3.2176325215928987,0.0
25.64391,28.36707,35.33928,1910.48592,-0.91299,64.31595,8.650972639377324,3.222714928957355,0.0
25.655,28.39266,35.29338,1905.88155,-0.92464,64.33253,8.6650833098047,3.2279715249656364,0.0
25.66605,28.4182,35.24702,1901.27207,-0.93582,64.34909,8.679628313498478,3.233389921543649,0.0
25.67708,28.44368,35.20023,1896.65714,-0.94651,64.36564,8.694573168286416,3.23895727317495,0.0
25.68807,28.4691,35.15304,1892.03642,-0.9567,64.38217,8.709882247569091,3.244660308013865,0.0
25.69902,28.49447,35.10547,1887.40957,-0.96636,64.39869,8.725518868572712,3.2504853607619744,0.0
25.70995,28.51978,35.05755,1882.7763,-0.97549,64.41518,8.741445385298958,3.256418407294376,0.0
25.72084,28.54503,35.00932,1878.1363,-0.98405,64.43166,8.75762328615517,3.262445101029505,0.0
25.73169,28.57023,34.9608,1873.48931,-0.99204,64.44812,8.774013296137618,3.268550810995084,0.0
25.74252,28.59537,34.91202,1868.83508,-0.99946,64.46457,8.790575483485105,3.2747206615593982,0.0
25.75331,28.62045,34.86301,1864.17337,-1.00628,64.481,8.807269370595971,3.2809395737508016,0.0
25.76406,28.64548,34.81381,1859.50396,-1.0125,64.49741,8.824054049012247,3.2871923080923326,0.0
25.77478,28.67045,34.76445,1854.82667,-1.01812,64.5138,8.84088829819835,3.2934635088499093,0.0
25.78547,28.69536,34.71495,1850.14132,-1.02312,64.53017,8.85773070782307,3.299737749585586,0.0
25.79613,28.72022,34.66535,1845.44777,-1.02751,64.54652,8.874539803172162,3.3059995798770396,0.0
25.80675,28.74502,34.61568,1840.74589,-1.03129,64.56286,8.891274173305137,3.312233573059351,0.0
25.81734,28.76976,34.56597,1836.03557,-1.03446,64.57918,8.907892601499448,3.318424374818892,0.0
25.8279,28.79444,34.51625,1831.31674,-1.03702,64.59548,8.924354197498577,3.3245567524592268,0.0
25.83842,28.81907,34.46655,1826.58934,-1.03898,64.61176,8.940618531042762,3.330615644644806,0.0
25.84891,28.84363,34.41689,1821.85335,-1.04034,64.62802,8.956645766084243,3.3365862113996916,0.0
25.85937,28.86814,34.36732,1817.10875,-1.04112,64.64426,8.972396795126445,3.3424538841524276,0.0
25.86979,28.89259,34.31785,1812.35556,-1.04131,64.66048,8.987833373011735,3.3482044155755073,0.0
25.88018,28.91699,34.26852,1807.59383,-1.04095,64.67669,9.00291824952185,3.3538239289825134,0.0
25.89053,28.94132,34.21935,1802.82362,-1.04003,64.69287,9.017615300102367,3.3592989670264313,0.0
25.90086,28.96559,34.17036,1798.04501,-1.03859,64.70903,9.031889654015288,3.3646165394398495,0.0
25.91114,28.98981,34.12158,1793.25812,-1.03663,64.72517,9.045707819228209,3.3697641695594704,0.0
25.9214,29.01397,34.07304,1788.46309,-1.03418,64.7413,9.059037803302488,3.37472993936013,0.0
25.93162,29.03806,34.02475,1783.66007,-1.03125,64.7574,9.071849229619135,3.379502532751994,0.0
25.94181,29.0621,33.97674,1778.84925,-1.02787,64.77348,9.084113448215843,3.3840712768702796,0.0
25.95196,29.08608,33.92903,1774.03083,-1.02407,64.78954,9.095803640589045,3.388426181116771,0.0
25.96208,29.11,33.88163,1769.20502,-1.01987,64.80559,9.106894917790527,3.3925579737033895,0.0
25.97217,29.13386,33.83456,1764.37208,-1.0153,64.82161,9.117364411233547,3.3964581354798655,0.0
25.98223,29.15766,33.78784,1759.53226,-1.01039,64.8376,9.12719135560659,3.4001189308212907,0.0
25.99225,29.1814,33.74148,1754.68585,-1.00516,64.85358,9.136357163372539,3.4035334353810254,0.0
26.00223,29.20507,33.6955,1749.83315,-0.99966,64.86954,9.144845490374085,3.406695560530425,0.0
26.01219,29.22869,33.6499,1744.97446,-0.9939,64.88548,9.152642292135456,3.409600074332737,0.0
26.02211,29.25225,33.6047,1740.11013,-0.98792,64.90139,9.15973587046304,3.4122426189030404,0.0
26.03199,29.27575,33.5599,1735.24049,-0.98176,64.91728,9.166116910086354,3.4146197240579825,0.0
26.04185,29.29919,33.5155,1730.3659,-0.97546,64.93315,9.171778505091012,3.4167288171627486,0.0
26.05167,29.32256,33.47152,1725.48673,-0.96903,64.949,9.176716174979969,3.4185682291142974,0.0
26.06145,29.34588,33.42796,1720.60337,-0.96253,64.96483,9.180927870288066,3.4201371964329375,0.0
26.07121,29.36913,33.38481,1715.71619,-0.95598,64.98064,9.184413967740772,3.4214358594588146,0.0
26.08093,29.39232,33.34208,1710.82561,-0.94943,64.99642,9.187177254999366,3.422465256669105,0.0
26.09061,29.41546,33.29977,1705.93203,-0.9429,65.01218,9.18922290515273,3.423227315175527,0.0
26.10026,29.43853,33.25786,1701.03585,-0.93644,65.02792,9.190558441123203,3.4237248374645954,0.0
26.10988,29.46154,33.21636,1696.13749,-0.93008,65.04364,9.191193690305797,3.4239614844995216,0.0
26.11947,29.48449,33.17526,1691.23737,-0.92385,65.05933,9.191140729736158,3.4239417552938565,0.0
26.12902,29.50737,33.13455,1686.3359,-0.91779,65.07501,9.190413822195378,3.4236709631088265,0.0
26.13854,29.5302,33.09423,1681.43352,-0.91193,65.09066,9.189029343724716,3.423155208450684,0.0
26.14803,29.55296,33.05427,1676.53063,-0.90631,65.10628,9.187005703036222,3.422401349049029,0.0
26.15748,29.57566,33.01467,1671.62765,-0.90097,65.12189,9.184363253366433,3.4214169670199976,0.0
26.1669,29.5983,32.97541,1666.725,-0.89593,65.13747,9.18112419737147,3.4202103334371814,0.0
26.17629,29.62088,32.93648,1661.82308,-0.89122,65.15303,9.177312485685775,3.4187903705420903,0.0
26.18564,29.6434,32.89786,1656.9223,-0.88688,65.16857,9.172953709790434,3.417166611834779,0.0
26.19496,29.66585,32.85953,1652.02304,-0.88293,65.18409,9.168074989847128,3.415349160289051,0.0
26.20425,29.68825,32.82148,1647.12571,-0.87941,65.19958,9.162704858201176,3.4133486449542656,0.0
26.2135,29.71058,32.78368,1642.23066,-0.87634,65.21505,9.156873139223874,3.4111761761934596,0.0
26.22273,29.73285,32.74612,1637.33828,-0.87374,65.2305,9.15061082618817,3.408843299816288,0.0
26.23192,29.75506,32.70877,1632.44892,-0.87165,65.24593,9.14394995585028,3.4063619503573768,0.0
26.24107,29.77721,32.67161,1627.56292,-0.87007,65.26133,9.136923481431078,3.403744403758555,0.0
26.2502,29.79929,32.63462,1622.68061,-0.86904,65.27671,9.129565144623905,3.4010032296883903,0.0
26.25929,29.82131,32.59777,1617.8023,-0.86857,65.29207,9.121909347277997,3.398151243740888,0.0
26.26834,29.84327,32.56104,1612.92831,-0.86869,65.3074,9.113991023355466,3.3952014597361035,0.0
26.27737,29.86517,32.5244,1608.05892,-0.86939,65.32272,9.105845511742746,3.3921670423390564,0.0
26.28636,29.88701,32.48783,1603.19439,-0.87071,65.33801,9.097508430458474,3.389061260198854,0.0
26.29533,29.90879,32.45131,1598.33498,-0.87265,65.35328,9.089015552767346,3.3858974397978483,0.0
26.30425,29.9305,32.4148,1593.48093,-0.87523,65.36852,9.08040268565494,3.382688920180305,0.0
26.31315,29.95216,32.37828,1588.63245,-0.87845,65.38375,9.071705551117882,3.379449008729868,0.0
26.32201,29.97375,32.34172,1583.78976,-0.88231,65.39895,9.062959670639412,3.376190938133673,0.0
26.33085,29.99528,32.3051,1578.95302,-0.88683,65.41413,9.05420025319461,3.372927824661341,0.0
26.33965,30.01675,32.2684,1574.12242,-0.89201,65.42928,9.045462087119674,3.3696726278834395,0.0
26.34842,30.03815,32.23158,1569.29809,-0.89784,65.44442,9.0367794360723,3.3664381119139946,0.0
26.35715,30.0595,32.19462,1564.48015,-0.90434,65.45953,9.028185939339696,3.3632368082725934,0.0
26.36586,30.08078,32.15749,1559.66873,-0.91148,65.47462,9.019714516669309,3.360080980431329,0.0
26.37453,30.10201,32.12018,1554.8639,-0.91928,65.48969,9.0113972777693,3.3569825901013486,0.0
26.38317,30.12317,32.08265,1550.06573,-0.92773,65.50474,9.003265436605265,3.3539532653061284,0.0
26.39178,30.14427,32.04488,1545.27429,-0.93681,65.51976,8.995349230566012,3.3510042702685894,0.0
26.40036,30.16531,32.00685,1540.4896,-0.94652,65.53476,8.987677844556337,3.3481464771336724,0.0
26.4089,30.18629,31.96853,1535.71166,-0.95684,65.54974,8.980279340037313,3.345390339533967,0.0
26.41742,30.20721,31.9299,1530.94049,-0.96777,65.5647,8.97318058901772,3.342745867999786,0.0
26.4259,30.22806,31.89095,1526.17606,-0.97928,65.57964,8.96640721297166,3.34022260720438,0.0
26.43435,30.24886,31.85164,1521.41832,-0.99137,65.59455,8.95998352664152,3.3378296150290434,0.0
26.44278,30.26959,31.81197,1516.66721,-1.00401,65.60945,8.953932486663978,3.335575443424965,0.0
26.45117,30.29027,31.77191,1511.92267,-1.01719,65.62432,8.948275644949971,3.333468121046034,0.0
26.45952,30.31088,31.73145,1507.1846,-1.03088,65.63917,8.943033106730645,3.3315151376198533,0.0
26.46785,30.33143,31.69056,1502.45289,-1.04507,65.654,8.938223493184813,3.329723430025482,0.0
26.47615,30.35192,31.64923,1497.72741,-1.05973,65.6688,8.93386390853989,3.3280993700376715,0.0
26.48442,30.37235,31.60745,1493.00804,-1.07484,65.68359,8.929969911534618,3.326648753695981,0.0
26.49265,30.39272,31.56521,1488.29461,-1.09036,65.69835,8.926555491178025,3.3253767922743434,0.0
26.50086,30.41303,31.52249,1483.58695,-1.10629,65.71309,8.923633046651844,3.3242881047941975,0.0
26.50903,30.43328,31.47927,1478.8849,-1.12258,65.72781,8.921213371282056,3.3233867120534604,0.0
26.51717,30.45347,31.43556,1474.18824,-1.13921,65.74251,8.919305640481015,3.322676032134655,0.0
26.52529,30.4736,31.39134,1469.49679,-1.15615,65.75719,8.917917403561203,3.3221588773553137,0.0
26.53337,30.49367,31.34661,1464.81032,-1.17338,65.77185,8.917054579326859,3.321837452625748,0.0
26.54142,30.51368,31.30135,1460.1286,-1.19086,65.78648,8.91672145538271,3.321713355191535,0.0
26.54944,30.53363,31.25557,1455.45141,-1.20856,65.80109,8.916920691062025,3.321787575724285,0.0
26.55744,30.55351,31.20926,1450.77849,-1.22646,65.81568,8.917653323944572,3.3220605007497648,0.0
26.5654,30.57334,31.16241,1446.10959,-1.24452,65.83025,8.918918779861437,3.3225319163749467,0.0
26.57333,30.59311,31.11503,1441.44445,-1.2627,65.8448,8.920714886386685,3.3232010133140077,0.0
26.58123,30.61281,31.06712,1436.78281,-1.28098,65.85933,8.923037889743773,3.3240663931864205,0.0
26.5891,30.63246,31.01867,1432.1244,-1.29934,65.87383,8.925882475115195,3.325126076082822,0.0
26.59694,30.65205,30.9697,1427.46893,-1.31772,65.88832,8.929241790306273,3.3263775093804004,0.0
26.60475,30.67157,30.92019,1422.81613,-1.33612,65.90278,8.933107472779037,3.327817577813731,0.0
26.61254,30.69104,30.87017,1418.16571,-1.35448,65.91722,8.937469679999849,3.3294426147800635,0.0
26.62029,30.71044,30.81963,1413.5174,-1.37279,65.93164,8.942317123133817,3.331248414891372,0.0
26.62801,30.72979,30.76858,1408.8709,-1.39102,65.94603,8.947637104050608,3.3332302477599987,0.0
26.6357,30.74907,30.71703,1404.22592,-1.40912,65.96041,8.953415555633782,3.335382873014943,0.0
26.64336,30.7683,30.66498,1399.5822,-1.42709,65.97476,8.95963708540468,3.3377005565529023,0.0
26.651,30.78746,30.61246,1394.93943,-1.44488,65.98909,8.966285022444652,3.3401770880180424,0.0
26.6586,30.80657,30.55947,1390.29734,-1.46247,66.0034,8.97334146759938,3.342805799504425,0.0
26.66617,30.82561,30.50602,1385.65566,-1.47983,66.01769,8.980787346933914,3.3455795854694155,0.0
26.67372,30.84459,30.45212,1381.0141,-1.49694,66.03195,8.98860246844965,3.34849092386225,0.0
26.68123,30.86352,30.39779,1376.37241,-1.51378,66.04619,8.996765581990216,3.3515318984405535,0.0
26.68872,30.88238,30.34304,1371.73032,-1.53032,66.06042,9.005254442302054,3.3546942222620713,0.0
26.69617,30.90118,30.28789,1367.08758,-1.54653,66.07461,9.01404587519533,3.357969262331338,0.0
26.7036,30.91993,30.23236,1362.44393,-1.56241,66.08879,9.023115846731802,3.361348065373987,0.0
26.711,30.93861,30.17646,1357.79915,-1.57792,66.10294,9.032439535331955,3.3648213846985553,0.0
26.71836,30.95723,30.1202,1353.153,-1.59305,66.11708,9.041991406718335,3.3683797081148446,0.0
26.7257,30.97579,30.06361,1348.50527,-1.60778,66.13118,9.051745291544512,3.3720132868527504,0.0
26.73301,30.99429,30.0067,1343.85574,-1.62211,66.14527,9.061674465580888,3.375712165433592,0.0
26.74029,31.01273,29.94949,1339.20422,-1.63601,66.15933,9.071751732281589,3.379466212428448,0.0
26.74754,31.03111,29.892,1334.55053,-1.64947,66.17337,9.08194950753351,3.3832651520294044,0.0
26.75476,31.04942,29.83425,1329.89449,-1.66249,66.18739,9.09223990639691,3.387098596362711,0.0
26.76195,31.06768,29.77626,1325.23594,-1.67505,66.20139,9.102594831584465,3.390956078449554,0.0
26.76912,31.08588,29.71804,1320.57474,-1.68715,66.21536,9.112986063432457,3.3948270857226954,0.0
26.77625,31.10401,29.65962,1315.91077,-1.69879,66.22931,9.123385351079868,3.3987010939930826,0.0
26.78335,31.12209,29.60102,1311.24389,-1.70995,66.24323,9.133764504563787,3.402567601757806,0.0
26.79043,31.1401,29.54225,1306.57402,-1.72065,66.25713,9.144095487505844,3.406416164728243,0.0
26.79748,31.15805,29.48333,1301.90107,-1.73087,66.27101,9.154350510046784,3.410236430450625,0.0
26.80449,31.17594,29.42428,1297.22497,-1.74063,66.28487,9.16450212170024,3.414018172896516,0.0
26.81148,31.19377,29.36513,1292.54566,-1.74992,66.2987,9.174523303716665,3.417751326870801,0.0
26.81844,31.21154,29.30588,1287.86311,-1.75876,66.3125,9.184387560599836,3.4214260221040016,0.0
26.82537,31.22924,29.24655,1283.17731,-1.76715,66.32629,9.194069010380312,3.425032616881505,0.0
26.83227,31.24689,29.18717,1278.48823,-1.77509,66.34005,9.203542473237803,3.428561731057729,0.0
26.83914,31.26447,29.12775,1273.7959,-1.78261,66.35378,9.212783558071925,3.4320042783060147,0.0
26.84598,31.28199,29.0683,1269.10035,-1.78972,66.36749,9.221768746605091,3.435351497449158,0.0
26.8528,31.29945,29.00885,1264.40163,-1.79642,66.38118,9.230475474607546,3.438594982717874,0.0
26.85958,31.31685,28.9494,1259.69978,-1.80274,66.39484,9.238882209879112,3.4417267128010502,0.0
26.86634,31.33418,28.88997,1254.9949,-1.80869,66.40848,9.24696852652789,3.444739078516515,0.0
26.87307,31.35146,28.83057,1250.28707,-1.8143,66.42209,9.25471517523484,3.447624908986449,0.0
26.87976,31.36867,28.77122,1245.57641,-1.81958,66.43568,9.262104149083244,3.4503774961605824,0.0
26.88643,31.38582,28.71193,1240.86303,-1.82456,66.44925,9.269118744642523,3.4529906175715297,0.0
26.89307,31.40291,28.6527,1236.14709,-1.82926,66.46279,9.275743617945965,3.4554585571879697,0.0
26.89969,31.41993,28.59355,1231.42873,-1.83371,66.4763,9.281964835105695,3.4577761242700444,0.0
26.90627,31.4369,28.53449,1226.70812,-1.83793,66.48979,9.287769917243587,3.4599386701073125,0.0
26.91282,31.4538,28.47552,1221.98545,-1.84195,66.50326,9.293147879525426,3.461942102560002,0.0
26.91935,31.47063,28.41666,1217.2609,-1.8458,66.5167,9.29808926409514,3.4637828983278713,0.0
26.92584,31.48741,28.3579,1212.53468,-1.84951,66.53011,9.302586166701266,3.465458112869283,0.0
26.93231,31.50412,28.29926,1207.80702,-1.85311,66.5435,9.306632256912499,3.466965387932009,0.0
26.93875,31.52077,28.24073,1203.07814,-1.85663,66.55687,9.310222791808092,3.4683029566532766,0.0
26.94516,31.53736,28.18232,1198.34827,-1.8601,66.5702,9.313354623076059,3.4694696462040335,0.0
26.95154,31.55389,28.12404,1193.61768,-1.86356,66.58352,9.316026197521499,3.470464877978314,0.0
26.9579,31.57035,28.06588,1188.88661,-1.86703,66.59681,9.318237550978779,3.471288665325362,0.0
26.96422,31.58675,28.00784,1184.15533,-1.87055,66.61007,9.319990295707152,3.471941608854171,0.0
26.97052,31.60309,27.94992,1179.42412,-1.87415,66.62331,9.321287601347573,3.472424889339392,0.0
26.97679,31.61936,27.89212,1174.69325,-1.87787,66.63652,9.322134169610315,3.4727402582918154,0.0
26.98302,31.63558,27.83444,1169.963,-1.88174,66.64971,9.322536202828404,3.4728900262436855,0.0
26.98923,31.65172,27.77686,1165.23367,-1.88579,66.66287,9.32250136661018,3.4728770488358003,0.0
26.99542,31.66781,27.7194,1160.50554,-1.89005,66.676,9.32203874681864,3.472704710791192,0.0
27.00157,31.68383,27.66204,1155.77891,-1.89456,66.68911,9.321158801161923,3.4723769078813014,0.0
27.0077,31.6998,27.60477,1151.05409,-1.89935,66.7022,9.319873305687254,3.471898026993565,0.0
27.01379,31.71569,27.54758,1146.33135,-1.90445,66.71526,9.318195296481262,3.4712729244132543,0.0
27.01986,31.73153,27.49048,1141.61102,-1.90989,66.72829,9.316139006972776,3.47050690246711,0.0
27.0259,31.7473,27.43344,1136.89337,-1.9157,66.7413,9.313719801151521,3.4696056846455567,0.0
27.03192,31.76301,27.37646,1132.17871,-1.92191,66.75428,9.310954103098315,3.4685753893508418,0.0
27.0379,31.77866,27.31952,1127.46734,-1.92855,66.76724,9.307859323245063,3.4674225024269476,0.0
27.04386,31.79424,27.26262,1122.75954,-1.93565,66.78017,9.304453781724165,3.4661538486052215,0.0
27.04979,31.80976,27.20575,1118.05561,-1.94322,66.79308,9.300756629237192,3.464776562025888,0.0
27.05569,31.82522,27.14888,1113.35582,-1.95131,66.80596,9.296787765852507,3.463298055988013,0.0
27.06156,31.84061,27.09201,1108.66046,-1.95992,66.81881,9.292567758136071,3.4617259920785552,0.0
27.0674,31.85595,27.03513,1103.96979,-1.96909,66.83164,9.288117755002302,3.4600682488245957,0.0
27.07322,31.87122,26.97821,1099.28408,-1.97883,66.84445,9.283459402720283,3.4583328900309183,0.0
27.07901,31.88642,26.92125,1094.6036,-1.98916,66.85723,9.278614759431024,3.4565281329354343,0.0
27.08477,31.90157,26.86422,1089.92859,-2.0001,66.86998,9.273606209564786,3.454662316327382,0.0
27.09051,31.91665,26.80712,1085.25929,-2.01166,66.88271,9.26845637853533,3.4527438687687,0.0
27.09621,31.93167,26.74993,1080.59595,-2.02387,66.89541,9.263188048026281,3.4507812770359605,0.0
27.10189,31.94663,26.69263,1075.93877,-2.03674,66.90809,9.257824072250768,3.448783054924885,0.0
27.10754,31.96152,26.63521,1071.28799,-2.05026,66.92075,9.252387295454852,3.4467577125182,0.0
27.11317,31.97636,26.57765,1066.6438,-2.06446,66.93337,9.246900470977673,3.444713726033411,0.0
27.11876,31.99113,26.51993,1062.00641,-2.07935,66.94598,9.241386182149123,3.4426595083551037,0.0
27.12433,32.00583,26.46204,1057.37598,-2.09492,66.95856,9.2358667652687,3.440603380342548,0.0
27.12988,32.02048,26.40397,1052.7527,-2.11119,66.97111,9.23036423490294,3.438553543001014,0.0
27.13539,32.03506,26.34569,1048.13673,-2.12815,66.98364,9.224900211715116,3.4365180505964483,0.0
27.14088,32.04959,26.2872,1043.52822,-2.1458,66.99614,9.219495853017706,3.434504784784428,0.0
27.14634,32.06405,26.22847,1038.9273,-2.16416,67.00862,9.214171786223838,3.432521429819084,0.0
27.15178,32.07844,26.16949,1034.33411,-2.1832,67.02108,9.208948045333004,3.430575448892353,0.0
27.15718,32.09278,26.11025,1029.74875,-2.20293,67.03351,9.20384401062182,3.428674061667201,0.0
27.16256,32.10705,26.05074,1025.17134,-2.22335,67.04591,9.198878351587215,3.4268242230224586,0.0
27.16792,32.12127,25.99094,1020.60195,-2.24444,67.05829,9.19406897332315,3.4250326030767364,0.0
27.17325,32.13542,25.93083,1016.04067,-2.26619,67.07065,9.189432966336193,3.4233055684934093,0.0
27.17855,32.14951,25.8704,1011.48757,-2.2886,67.08298,9.184986559903136,3.421649165105102,0.0
27.18382,32.16354,25.80965,1006.9427,-2.31165,67.09529,9.180745079022518,3.420069101876993,0.0
27.18907,32.17751,25.74855,1002.40611,-2.33533,67.10758,9.176722904973307,3.418570736213893,0.0
27.19429,32.19141,25.68711,997.87782,-2.35962,67.11984,9.172933439528528,3.4171590606288755,0.0
