0.0481,0.0481,51.8284,5081.79736,-0.4858,45.0001,5.978151020662085,2.2270185498166204,0.0
0.09616,0.09616,51.76477,5078.56491,-0.47089,45.00025,6.024217874456749,2.2441796649470054,0.0
0.1442,0.1442,51.70321,5075.30327,-0.4553,45.00045,6.068800016384354,2.2607876858417892,0.0
0.1922,0.1922,51.64381,5072.01313,-0.43906,45.0007,6.1117864239279385,2.2768012536922275,0.0
0.24018,0.24018,51.58664,5068.69526,-0.42219,45.00099,6.153068640979864,2.2921799657445727,0.0
0.28812,0.28813,51.53179,5065.35048,-0.40472,45.00134,6.192541350601505,2.306884588668131,0.0
0.33603,0.33604,51.47932,5061.97968,-0.38668,45.00173,6.230102947826418,2.3208772719395143,0.0
0.38391,0.38392,51.42932,5058.58382,-0.36811,45.00216,6.265656107210912,2.3341217592701615,0.0
0.43176,0.43178,51.38185,5055.16391,-0.34903,45.00265,6.299108339738563,2.346583596067923,0.0
0.47957,0.4796,51.33696,5051.72104,-0.3295,45.00318,6.33037253356464,2.358230330878584,0.0
0.52735,0.52739,51.29471,5048.25633,-0.30954,45.00376,6.359367473102472,2.3690317087592,0.0
0.5751,0.57515,51.25516,5044.77097,-0.28919,45.00439,6.3860183310277385,2.3789598545626363,0.0
0.62282,0.62287,51.21834,5041.2662,-0.26849,45.00506,6.410257127949178,2.387989444177003,0.0
0.6705,0.67057,51.1843,5037.74329,-0.24749,45.00578,6.432023154762529,2.3960978618636086,0.0
0.71815,0.71823,51.15307,5034.20358,-0.22623,45.00655,6.451263352998476,2.403265341946583,0.0
0.76576,0.76586,51.12467,5030.64843,-0.20475,45.00736,6.467932648951323,2.4094750932845903,0.0
0.81334,0.81346,51.09914,5027.07924,-0.18309,45.00822,6.481994237800737,2.414713405113667,0.0
0.86089,0.86102,51.07648,5023.49742,-0.16131,45.00912,6.4934198145487825,2.418969733077332,0.0
0.9084,0.90856,51.05671,5019.90444,-0.13944,45.01007,6.502189749170556,2.4222367644748095,0.0
0.95588,0.95606,51.03983,5016.30177,-0.11753,45.01107,6.508293204054318,2.424510462010574,0.0
1.00332,1.00352,51.02584,5012.69088,-0.09562,45.01211,6.511728192473488,2.4257900855766996,0.0
1.05076,1.05093,51.01326,5009.07588,-0.09626,44.94598,6.513859832855791,2.426584177705941,-36.999999368848044
1.09821,1.09825,51.00059,5005.45984,-0.09698,44.87982,6.5160551919964655,2.4274020067492175,-36.999999368848044
1.14569,1.14548,50.98784,5001.84274,-0.09779,44.81364,6.518325176816881,2.4282476358217178,-36.999999368848044
1.19318,1.19263,50.97498,4998.22457,-0.09868,44.74743,6.520679684845733,2.4291247520133,-36.999999368848044
1.2407,1.23968,50.96201,4994.60529,-0.09965,44.6812,6.523128465499985,2.430036987238306,-36.999999368848044
1.28824,1.28665,50.94892,4990.98488,-0.1007,44.61494,6.525681105348575,2.4309879127459015,-36.999999368848044
1.33579,1.33353,50.93569,4987.36328,-0.10183,44.54865,6.528347013780579,2.431981033781096,-36.999999368848044
1.38337,1.38032,50.92232,4983.74045,-0.10304,44.48233,6.531135409068558,2.4330197843929633,-36.999999368848044
1.43097,1.42702,50.9088,4980.11635,-0.10433,44.41598,6.534055304845305,2.434107522396883,-36.999999368848044
1.47858,1.47364,50.89511,4976.49091,-0.10569,44.34959,6.537115496990964,2.4352475244896428,-36.999999368848044
1.52621,1.52017,50.88126,4972.86407,-0.10712,44.28318,6.540324550950806,2.4364429815249755,-36.999999368848044
1.57387,1.56661,50.86722,4969.23576,-0.10862,44.21672,6.543690789473585,2.4376969939457767,-36.999999368848044
1.62154,1.61296,50.85299,4965.60592,-0.11019,44.15023,6.54722228077371,2.439012567374202,-36.999999368848044
1.66923,1.65922,50.83857,4961.97447,-0.11183,44.08369,6.550926827135618,2.440392608366494,-36.999999368848044
1.71694,1.70539,50.82394,4958.34131,-0.11353,44.01711,6.55481195394446,2.441839920326626,-36.999999368848044
1.76467,1.75148,50.80909,4954.70637,-0.11529,43.95049,6.558884899145904,2.4433571995798014,-36.999999368848044
1.81242,1.79748,50.79402,4951.06955,-0.11711,43.88382,6.563152603144196,2.4449470316092152,-36.999999368848044
1.86019,1.84339,50.77873,4947.43076,-0.11898,43.8171,6.5676216991279,2.446611887452138,-36.999999368848044
1.90797,1.88921,50.7632,4943.7899,-0.12091,43.75033,6.5722985038270725,2.4483541202567167,-36.999999368848044
1.95577,1.93495,50.74743,4940.14686,-0.12289,43.6835,6.577189008703336,2.4501759620000523,-36.999999368848044
2.0036,1.98059,50.73141,4936.50153,-0.12492,43.61662,6.582298871562129,2.452079520363537,-36.999999368848044
2.05143,2.02615,50.71514,4932.8538,-0.12699,43.54967,6.587633408594306,2.454066775768139,-36.999999368848044
2.09929,2.07162,50.69861,4929.20356,-0.1291,43.48266,6.593197586844572,2.456139578568704,-36.999999368848044
2.14717,2.117,50.68182,4925.55068,-0.13125,43.41559,6.5989960171011885,2.458299646405176,-36.999999368848044
2.19506,2.1623,50.66476,4921.89505,-0.13344,43.34845,6.6050329472053395,2.460548561710163,-36.999999368848044
2.24297,2.2075,50.64743,4918.23653,-0.13565,43.28124,6.611312255792242,2.4628877693773363,-36.999999368848044
2.2909,2.25262,50.62982,4914.575,-0.1379,43.21396,6.617837446450008,2.4653185745854533,-36.999999368848044
2.33884,2.29765,50.61194,4910.91032,-0.14017,43.14659,6.624611642295179,2.4678421407775994,-36.999999368848044
2.3868,2.34259,50.59378,4907.24237,-0.14246,43.07915,6.6316375809803345,2.4704594878013926,-36.999999368848044
2.43478,2.38744,50.57534,4903.571,-0.14477,43.01163,6.6389176101258345,2.473171490207186,-36.999999368848044
2.48278,2.4322,50.55661,4899.89608,-0.1471,42.94402,6.6464536831758165,2.4759788757043197,-36.999999368848044
2.53079,2.47688,50.5376,4896.21746,-0.14943,42.87632,6.654247355688133,2.478882223779024,-36.999999368848044
2.57882,2.52147,50.5183,4892.53502,-0.15178,42.80852,6.662299782061431,2.4818819644751664,-36.999999368848044
2.62687,2.56596,50.49872,4888.84859,-0.15413,42.74064,6.670611712694672,2.4849783773361063,-36.999999368848044
2.67493,2.61037,50.47885,4885.15804,-0.15647,42.67265,6.679183491604739,2.488171590517183,-36.999999368848044
2.72301,2.65469,50.45869,4881.46322,-0.15882,42.60456,6.688015054481419,2.491461580061151,-36.999999368848044
2.7711,2.69892,50.43825,4877.76399,-0.16116,42.53637,6.697105927215658,2.494848169349911,-36.999999368848044
2.81922,2.74307,50.41753,4874.0602,-0.16348,42.46807,6.706455224888779,2.498331028727976,-36.999999368848044
2.86734,2.78712,50.39653,4870.3517,-0.1658,42.39966,6.716061651239222,2.5019096753038057,-36.999999368848044
2.91549,2.83108,50.37525,4866.63834,-0.1681,42.33113,6.725923498616858,2.505583472932796,-36.999999368848044
2.96365,2.87496,50.3537,4862.91998,-0.17037,42.26249,6.736038648434943,2.5093516323856426,-36.999999368848044
3.01182,2.91874,50.33188,4859.19647,-0.17262,42.19372,6.7464045721304196,2.513213211706075,-36.999999368848044
3.06001,2.96244,50.30978,4855.46766,-0.17485,42.12484,6.757018332647271,2.5171671167634484,-36.999999368848044
3.10822,3.00605,50.28743,4851.73342,-0.17704,42.05582,6.767876586450402,2.5212121020029667,-36.999999368848044
3.15644,3.04956,50.26481,4847.99359,-0.1792,41.98668,6.77897558608686,2.5253467713998035,-36.999999368848044
3.20468,3.09299,50.24194,4844.24803,-0.18132,41.9174,6.790311183301621,2.529569579619815,-36.999999368848044
3.25293,3.13633,50.21882,4840.49661,-0.1834,41.84798,6.801878832739011,2.533878833398417,-36.999999368848044
3.3012,3.17958,50.19546,4836.73918,-0.18543,41.77843,6.813673596218082,2.5382726931332753,-36.999999368848044
3.34949,3.22273,50.17186,4832.97561,-0.18742,41.70874,6.825690147611389,2.542749174701778,-36.999999368848044
3.39778,3.2658,50.14804,4829.20576,-0.18935,41.6389,6.837922778343445,2.5473061515093542,-36.999999368848044
3.4461,3.30878,50.12399,4825.42949,-0.19124,41.56891,6.850365403512416,2.5519413567699685,-36.999999368848044
3.49442,3.35166,50.09972,4821.64669,-0.19306,41.49877,6.8630115686508795,2.5566523860246764,-36.999999368848044
3.54277,3.39446,50.07525,4817.85722,-0.19483,41.42848,6.875854457142219,2.5614366999044336,-36.999999368848044
3.59112,3.43716,50.05058,4814.06096,-0.19654,41.35803,6.888886898301261,2.566291627140341,-36.999999368848044
3.63949,3.47978,50.02571,4810.25779,-0.19818,41.28743,6.902101376132025,2.571214367826138,-36.999999368848044
3.68788,3.5223,50.00066,4806.4476,-0.19975,41.21666,6.915490038764352,2.5762019969335954,-36.999999368848044
3.73628,3.56473,49.97544,4802.63027,-0.20126,41.14574,6.9290447085903235,2.5812514680885967,-36.999999368848044
3.78469,3.60707,49.95006,4798.80569,-0.20269,41.07464,6.942756893104972,2.5863596176095918,-36.999999368848044
3.83312,3.64932,49.92452,4794.97376,-0.20405,41.00338,6.956617796438876,2.5915231688037874,-36.999999368848044
3.88156,3.69148,49.89883,4791.13438,-0.20533,40.93195,6.970618331622542,2.5967387365359538,-36.999999368848044
3.93002,3.73354,49.87301,4787.28745,-0.20654,40.86034,6.984749133543554,2.6020028320553066,-36.999999368848044
3.97849,3.77552,49.84707,4783.43289,-0.20766,40.78856,6.999000572628472,2.6073118680923684,-36.999999368848044
4.02697,3.8174,49.821,4779.57061,-0.20871,40.71661,7.0133627692285785,2.6126621642180434,-36.999999368848044
4.07547,3.85919,49.79484,4775.70054,-0.20967,40.64448,7.027825608711857,2.6180499524657734,-36.999999368848044
4.12398,3.90089,49.76858,4771.82258,-0.21055,40.57217,7.042378757258828,2.6234713832159042,-36.999999368848044
4.1725,3.94249,49.74224,4767.93669,-0.21134,40.49967,7.057011678332493,2.62892253133117,-36.999999368848044
4.22103,3.984,49.71582,4764.04279,-0.21205,40.427,7.071713649835931,2.6343994025483517,-36.999999368848044
4.26958,4.02542,49.68935,4760.14082,-0.21267,40.35414,7.086473781926351,2.6398979401144818,-36.999999368848044
4.31814,4.06674,49.66282,4756.23074,-0.2132,40.28109,7.1012810354576,2.645414031657161,-36.999999368848044
4.36672,4.10798,49.63625,4752.3125,-0.21365,40.20786,7.116124241058372,2.650943516291692,-36.999999368848044
4.41531,4.14911,49.60966,4748.38606,-0.21401,40.13445,7.1309921187897345,2.6564821919440313,-36.999999368848044
4.46391,4.19016,49.58305,4744.45139,-0.21427,40.06084,7.145873298367326,2.6620258228840843,-36.999999368848044
4.51252,4.23111,49.55643,4740.50846,-0.21445,39.98705,7.160756339924284,2.667570147460442,-36.999999368848044
4.56114,4.27196,49.52982,4736.55724,-0.21454,39.91306,7.175629755262724,2.6731108860171218,-36.999999368848044
4.60978,4.31273,49.50323,4732.59774,-0.21454,39.83889,7.190482029562341,2.6786437489805848,-36.999999368848044
4.65843,4.3534,49.47667,4728.62993,-0.21445,39.76452,7.205301643513028,2.684164445104726,-36.999999368848044
4.70709,4.39397,49.45014,4724.65382,-0.21428,39.68997,7.220077095812534,2.6896686898518394,-36.999999368848044
4.75576,4.43445,49.42366,4720.66941,-0.21402,39.61522,7.2347969259854,2.6951522138932735,-36.999999368848044
4.80444,4.47483,49.39724,4716.67672,-0.21367,39.54029,7.249449737479559,2.7006107717135213,-36.999999368848044
4.85314,4.51512,49.3709,4712.67577,-0.21323,39.46516,7.264024220974919,2.706040150293283,-36.999999368848044
4.90185,4.55531,49.34463,4708.66657,-0.21272,39.38984,7.278509177854429,2.7114361778530527,-36.999999368848044
4.95057,4.59541,49.31845,4704.64917,-0.21212,39.31433,7.29289354377541,2.7167947326340647,-36.999999368848044
4.9993,4.63541,49.29238,4700.6236,-0.21144,39.23863,7.307166412275611,2.722111751692161,-36.999999368848044
5.04804,4.67532,49.26642,4696.58991,-0.21068,39.16274,7.321317058360608,2.72738323968473,-36.999999368848044
5.09679,4.71513,49.24057,4692.54814,-0.20985,39.08667,7.3353349619951365,2.7326052776218335,-36.999999368848044
5.14555,4.75484,49.21486,4688.49836,-0.20894,39.0104,7.349209831433198,2.737774031557298,-36.999999368848044
5.19432,4.79446,49.18929,4684.44063,-0.20795,38.93395,7.362931626320164,2.7428857611948456,-36.999999368848044
5.24311,4.83398,49.16386,4680.37502,-0.2069,38.85731,7.376490580498521,2.7479368283838395,-36.999999368848044
5.2919,4.87341,49.13859,4676.30161,-0.20578,38.78049,7.389877224439667,2.752923705475716,-36.999999368848044
5.34071,4.91273,49.11348,4672.22047,-0.20459,38.70349,7.403082407234592,2.757842983516096,-36.999999368848044
5.38952,4.95196,49.08854,4668.1317,-0.20334,38.6263,7.416097318074549,2.7626913802468938,-36.999999368848044
5.43834,4.9911,49.06378,4664.03539,-0.20203,38.54893,7.428913507147701,2.767465747890872,-36.999999368848044
5.48718,5.03013,49.0392,4659.93164,-0.20066,38.47139,7.4415229058720485,2.7721630806889395,-36.999999368848044
5.53602,5.06907,49.01482,4655.82055,-0.19925,38.39366,7.453917846419938,2.776780522173542,-36.999999368848044
5.58488,5.10791,48.99063,4651.70222,-0.19778,38.31576,7.46609108043547,2.781315372141392,-36.999999368848044
5.63374,5.14666,48.96665,4647.57679,-0.19626,38.23769,7.478035796902604,2.785765093309804,-36.999999368848044
5.68261,5.1853,48.94288,4643.44435,-0.1947,38.15944,7.489745639090992,2.7901273176294694,-36.999999368848044
5.73149,5.22385,48.91932,4639.30503,-0.1931,38.08103,7.501214720520069,2.794399852231495,-36.999999368848044
5.78038,5.2623,48.89597,4635.15897,-0.19146,38.00244,7.512437639869238,2.79858068498184,-36.999999368848044
5.82928,5.30065,48.87285,4631.00629,-0.18979,37.92369,7.523409494811806,2.8026679896348248,-36.999999368848044
5.87819,5.3389,48.84995,4626.84712,-0.18809,37.84478,7.534125894673756,2.8066601305488517,-36.999999368848044
5.92711,5.37705,48.82728,4622.6816,-0.18637,37.76571,7.544582971926729,2.810555666967846,-36.999999368848044
5.97603,5.41511,48.80484,4618.50988,-0.18463,37.68647,7.55477739241734,2.814353356831945,-36.999999368848044
6.02497,5.45306,48.78264,4614.33208,-0.18286,37.60708,7.564706364319649,2.818052160112529,-36.999999368848044
6.07391,5.49092,48.76066,4610.14837,-0.18109,37.52754,7.574367645785002,2.821651241661986,-36.999999368848044
6.12286,5.52868,48.73892,4605.95888,-0.17931,37.44784,7.583759551240006,2.8251499735598813,-36.999999368848044
6.17182,5.56634,48.71742,4601.76377,-0.17752,37.368,7.592880956316531,2.8285479369494984,-36.999999368848044
6.22078,5.60389,48.69615,4597.56319,-0.17573,37.288,7.601731301390027,2.831844923355969,-36.999999368848044
6.26975,5.64135,48.67512,4593.35728,-0.17394,37.20787,7.610310593725118,2.8350409354855577,-36.999999368848044
6.31873,5.67871,48.65432,4589.14621,-0.17217,37.12759,7.618619408193262,2.838136187493007,-36.999999368848044
6.36772,5.71597,48.63375,4584.93011,-0.1704,37.04717,7.6266588865972444,2.8411311047298984,-36.999999368848044
6.41672,5.75313,48.61341,4580.70916,-0.16865,36.96661,7.634430735559799,2.8440263229581033,-36.999999368848044
6.46572,5.79019,48.5933,4576.48349,-0.16692,36.88591,7.641937223015433,2.8468226870428985,-36.999999368848044
6.51472,5.82715,48.57341,4572.25327,-0.16521,36.80509,7.6491811733148065,2.849521249129218,-36.999999368848044
6.56374,5.86401,48.55375,4568.01865,-0.16353,36.72413,7.656165960937987,2.8521232662996763,-36.999999368848044
6.61276,5.90077,48.5343,4563.77977,-0.16188,36.64305,7.662895502862774,2.854630197731564,-36.999999368848044
6.66179,5.93743,48.51506,4559.53679,-0.16026,36.56184,7.66937424960925,2.8570437013607126,-36.999999368848044
6.71082,5.97399,48.49603,4555.28985,-0.15869,36.48051,7.67560717497821,2.859365630058787,-36.999999368848044
6.75986,6.01045,48.47721,4551.03911,-0.15716,36.39906,7.681599764548869,2.8615980273483785,-36.999999368848044
6.8089,6.04681,48.45858,4546.7847,-0.15567,36.31749,7.687358002944453,2.863743122659104,-36.999999368848044
6.85795,6.08307,48.44015,4542.52677,-0.15424,36.2358,7.692888359933618,2.8658033261500178,-36.999999368848044
6.90701,6.11922,48.4219,4538.26545,-0.15286,36.15399,7.698197775412489,2.8677812231150264,-36.999999368848044
6.95607,6.15528,48.40382,4534.00088,-0.15153,36.07208,7.703293643307132,2.8696795679861347,-36.999999368848044
7.00514,6.19124,48.38592,4529.7332,-0.15027,35.99005,7.708183794468473,2.871501277961355,-36.999999368848044
7.05421,6.22709,48.36818,4525.46253,-0.14907,35.90792,7.712876478606599,2.873249426274757,-36.999999368848044
7.10328,6.26285,48.35059,4521.18899,-0.14794,35.82567,7.717380345331881,2.8749272351337907,-36.999999368848044
7.15236,6.2985,48.33316,4516.91271,-0.14687,35.74333,7.721704424349749,2.876538068341313,-36.999999368848044
7.20145,6.33405,48.31585,4512.63381,-0.14588,35.66087,7.725858104895244,2.878085423634422,-36.999999368848044
7.25054,6.3695,48.29868,4508.35238,-0.14497,35.57832,7.729851114462488,2.879572924760626,-36.999999368848044
7.29963,6.40485,48.28163,4504.06854,-0.14413,35.49566,7.733693496884493,2.8810043133119887,-36.999999368848044
7.34873,6.4401,48.26469,4499.7824,-0.14337,35.41291,7.737395589851801,2.8823834403502393,-36.999999368848044
7.39783,6.47525,48.24785,4495.49404,-0.14269,35.33005,7.740968001923505,2.8837142578427675,-36.999999368848044
7.44693,6.5103,48.2311,4491.20356,-0.14209,35.2471,7.744421589092976,2.8850008099327424,-36.999999368848044
7.49604,6.54524,48.21443,4486.91103,-0.14158,35.16405,7.747767430988134,2.886247224073087,-36.999999368848044
7.54515,6.58009,48.19783,4482.61655,-0.14116,35.0809,7.751016806773603,2.887457702049398,-36.999999368848044
7.59427,6.61483,48.1813,4478.32018,-0.14083,34.99766,7.7541811707971915,2.888636510907612,-36.999999368848044
7.64339,6.64947,48.16481,4474.02199,-0.14059,34.91432,7.757272128075427,2.8897879738217362,-36.999999368848044
7.69251,6.68402,48.14836,4469.72205,-0.14044,34.83089,7.760301409655557,2.8909164609155296,-36.999999368848044
7.74163,6.71845,48.13194,4465.42039,-0.14038,34.74736,7.763280847937942,2.8920263800694577,-36.999999368848044
7.79076,6.75279,48.11553,4461.11708,-0.14041,34.66374,7.7662223519865154,2.89312216772318,-36.999999368848044
7.83988,6.78703,48.09914,4456.81216,-0.14054,34.58002,7.769137882925734,2.8942082797102753,-36.999999368848044
7.88901,6.82117,48.08273,4452.50566,-0.14076,34.49621,7.772039429430426,2.8952891821275557,-36.999999368848044
7.93815,6.8552,48.06632,4448.1976,-0.14108,34.4123,7.774938983411092,2.896369342277211,-36.999999368848044
7.98728,6.88913,48.04987,4443.88801,-0.14149,34.3283,7.777848515898976,2.897453219683355,-36.999999368848044
8.03642,6.92296,48.03339,4439.57691,-0.14199,34.2442,7.780779953213193,2.8985452572136587,-36.999999368848044
8.08555,6.95669,48.01686,4435.2643,-0.14259,34.16,7.783745153433449,2.899649872314817,-36.999999368848044
8.13469,6.99032,48.00028,4430.95018,-0.14328,34.07571,7.786755883225231,2.9007714483793245,-36.999999368848044
8.18383,7.02385,47.98362,4426.63456,-0.14407,33.99131,7.789823795062578,2.901914326260355,-36.999999368848044
8.23297,7.05727,47.96688,4422.31741,-0.14494,33.90682,7.792960404878259,2.903082795945867,-36.999999368848044
8.28211,7.09059,47.95005,4417.99872,-0.14591,33.82222,7.796177070176797,2.90428108840513,-36.999999368848044
8.33123,7.12386,47.93489,4413.67496,-0.11641,33.82886,7.797535161693516,2.9047870132286464,0.0
8.38029,7.15709,47.92314,4409.34404,-0.08702,33.83553,7.795108200975623,2.9038829065040512,0.0
8.42931,7.19031,47.91479,4405.00811,-0.0578,33.84223,7.788930864272991,2.9015816860468107,0.0
8.47827,7.2235,47.9098,4400.66929,-0.02884,33.84896,7.779053886662084,2.8979022520078255,0.0
8.52718,7.25667,47.90813,4396.32971,-0.0002,33.85572,7.765542119709725,2.8928687633020878,0.0
8.57603,7.28982,47.90974,4391.99148,0.02805,33.86251,7.748473993146251,2.8865104370677557,0.0
8.62484,7.32295,47.91456,4387.65666,0.05584,33.86933,7.727940879086496,2.8788613118217508,0.0
8.67359,7.35605,47.92254,4383.32729,0.08309,33.87618,7.704046367916566,2.869959977708525,0.0
8.72229,7.38913,47.93361,4379.00535,0.10975,33.88306,7.676905465906113,2.859849277589521,0.0
8.77094,7.42219,47.94768,4374.69279,0.13575,33.88998,7.646643725438669,2.8485759830310857,0.0
8.81953,7.45522,47.96467,4370.39149,0.16103,33.89692,7.613396319326883,2.836190449462542,0.0
8.86808,7.48824,47.9845,4366.10326,0.18553,33.90389,7.577307071002573,2.822746254896465,0.0
8.91657,7.52123,48.00706,4361.82985,0.2092,33.91089,7.538527452538346,2.808299826665369,0.0
8.96501,7.5542,48.03224,4357.57295,0.23199,33.91792,7.497215562354225,2.792910060590534,0.0
9.0134,7.58714,48.05995,4353.33414,0.25384,33.92498,7.453535094195597,2.7766379368991583,0.0
9.06174,7.62007,48.09006,4349.11496,0.2747,33.93208,7.407654308499705,2.759546137031312,0.0
9.11002,7.65297,48.12246,4344.91684,0.29454,33.9392,7.35974501665932,2.741698665251435,0.0
9.15826,7.68586,48.15703,4340.74113,0.31332,33.94636,7.309981587916451,2.7231604786901027,0.0
9.20644,7.71872,48.19363,4336.58908,0.331,33.95354,7.258539987764193,2.7039971291234277,0.0
9.25458,7.75156,48.23214,4332.46187,0.34754,33.96076,7.20559685575029,2.6842744194306074,0.0
9.30266,7.78438,48.27243,4328.36059,0.36293,33.96801,7.15132862957976,2.6640580772991194,0.0
9.3507,7.81718,48.31435,4324.28621,0.37712,33.97529,7.0959107213343415,2.6434134483447784,0.0
9.39868,7.84995,48.35777,4320.23965,0.3901,33.9826,7.039516750582328,2.62240521042498,0.0
9.44662,7.88271,48.40254,4316.22169,0.40185,33.98995,6.982317838037311,2.601097110507995,0.0
9.49451,7.91545,48.44853,4312.23307,0.41236,33.99732,6.9244819624664995,2.5795517251043965,0.0
9.54234,7.94817,48.4956,4308.27441,0.4216,34.00473,6.866173382483275,2.557830244869573,0.0
9.59013,7.98087,48.54359,4304.34624,0.42958,34.01217,6.80755212398877,2.5359922836622295,0.0
9.63788,8.01355,48.59237,4300.44902,0.43629,34.01965,6.7487735331378955,2.5140957120124745,0.0
9.68557,8.04621,48.64178,4296.58313,0.44172,34.02715,6.6899878939352355,2.4921965146662277,0.0
9.73322,8.07886,48.69169,4292.74883,0.44587,34.03469,6.631340108887277,2.4703486716197665,0.0
9.78082,8.11148,48.74195,4288.94636,0.44875,34.04227,6.572969440516964,2.4486040618271083,0.0
9.82837,8.14409,48.79242,4285.17582,0.45036,34.04987,6.5150093110384235,2.4270123885735635,0.0
9.87588,8.17668,48.84295,4281.43728,0.45071,34.05752,6.45758715708935,2.4056211253597324,0.0
9.92334,8.20925,48.89341,4277.73072,0.44981,34.06519,6.400824336045147,2.384475481001059,0.0
9.97075,8.2418,48.94365,4274.05605,0.44768,34.0729,6.344836080217846,2.363618382565719,0.0
10.01812,8.27434,48.99355,4270.41312,0.44432,34.08064,6.289731495048457,2.3430904747012256,0.0
10.06545,8.30686,49.04296,4266.80172,0.43976,34.08842,6.235613597304537,2.3229301338640282,0.0
10.11273,8.33937,49.09175,4263.22156,0.43402,34.09623,6.182579389244708,2.3031734959477457,0.0
10.15996,8.37185,49.13979,4259.67232,0.42712,34.10408,6.1307199647292165,2.283854495812145,0.0
10.20716,8.40433,49.18697,4256.1536,0.41908,34.11196,6.080120643330005,2.265004917242666,0.0
10.25431,8.43679,49.23315,4252.66497,0.40993,34.11988,6.0308611285791525,2.246654451902136,0.0
10.30141,8.46923,49.27821,4249.20592,0.39969,34.12783,5.98301568665191,2.2288307658948963,0.0
10.34847,8.50165,49.32203,4245.77593,0.3884,34.13582,5.936653341942407,2.2115595726239006,0.0
10.39549,8.53407,49.36451,4242.3744,0.37607,34.14384,5.891838086180161,2.1948647106921175,0.0
10.44247,8.56647,49.40553,4239.00072,0.36276,34.1519,5.848629097932906,2.178768225673111,0.0
10.48941,8.59885,49.44499,4235.65421,0.34848,34.16,5.807080969585818,2.1632904546667713,0.0
10.5363,8.63122,49.48278,4232.33418,0.33327,34.16813,5.767243939064264,2.1484501126221356,0.0
10.58316,8.66357,49.51881,4229.03989,0.31716,34.1763,5.7291641238241455,2.134264379504952,0.0
10.62997,8.69592,49.55298,4225.77056,0.3002,34.1845,5.692883754851466,2.12074898746867,0.0
10.67674,8.72825,49.5852,4222.52539,0.28241,34.19275,5.658441408605595,2.1079183072594123,0.0
10.72347,8.76056,49.61539,4219.30355,0.26383,34.20102,5.625872235070076,2.0957854331709007,0.0
10.77016,8.79287,49.64346,4216.10418,0.24451,34.20934,5.595208180274998,2.084362265939895,0.0
10.81681,8.82516,49.66934,4212.92639,0.22448,34.21769,5.566478201815707,2.073659593032581,0.0
10.86342,8.85744,49.69296,4209.76925,0.20378,34.22608,5.539708476100812,2.0636871658499074,0.0
10.90999,8.8897,49.71424,4206.63185,0.18245,34.23451,5.514922596203762,2.0544537734325075,0.0
10.95653,8.92196,49.73312,4203.51321,0.16053,34.24297,5.4921417593410276,2.0459673123012467,0.0
11.00302,8.9542,49.74955,4200.41235,0.13806,34.25148,5.471384943142604,2.03823485212263,0.0
11.04947,8.98643,49.76347,4197.32828,0.11508,34.26001,5.452669070013634,2.03126269693783,0.0
11.09589,9.01865,49.77483,4194.25997,0.09164,34.26859,5.436009158961908,2.02505644172242,0.0
11.14226,9.05086,49.78358,4191.20637,0.06777,34.27721,5.4214184643951695,2.019621024092031,0.0
11.1886,9.08306,49.78969,4188.16644,0.04352,34.28586,5.4089086014709,2.014960770998437,0.0
11.2349,9.11524,49.79311,4185.1391,0.01894,34.29455,5.3984896576386046,2.0110794402819967,0.0
11.28116,9.14742,49.79383,4182.12326,-0.00594,34.30327,5.390170290112886,2.007980256982932,0.0
11.32738,9.17958,49.7918,4179.1178,-0.03108,34.31204,5.383957809035064,2.005665944321229,0.0
11.37357,9.21173,49.78702,4176.12162,-0.05642,34.32084,5.379858246159785,2.004138749284196,0.0
11.41972,9.24388,49.77946,4173.13357,-0.08193,34.32968,5.3778764089416535,2.003400462775167,0.0
11.46582,9.27601,49.76911,4170.15251,-0.10756,34.33856,5.378015919909319,2.003452434281377,0.0
11.5119,9.30813,49.75597,4167.17728,-0.13327,34.34748,5.380279241287906,2.00429558104647,0.0
11.55793,9.34024,49.74004,4164.2067,-0.15901,34.35643,5.384667684825843,2.00593039173125,0.0
11.60393,9.37235,49.7213,4161.23959,-0.18475,34.36542,5.391181406838626,2.008356924567353,0.0
11.64988,9.40444,49.69979,4158.27476,-0.21043,34.37445,5.399819388486845,2.01157480001029,0.0
11.69581,9.43652,49.67549,4155.31099,-0.23601,34.38352,5.410579401355875,2.015583187916981,0.0
11.74169,9.46859,49.64844,4152.34708,-0.26146,34.39262,5.423457958421364,2.020380789279106,0.0
11.78753,9.50065,49.61866,4149.38181,-0.28671,34.40176,5.438450250531981,2.0259658125612567,0.0
11.83334,9.5327,49.58616,4146.41393,-0.31174,34.41094,5.455550068562424,2.0323359447008875,0.0
11.87911,9.56474,49.55099,4143.44221,-0.3365,34.42016,5.474749711450999,2.03948831684989,0.0
11.92484,9.59677,49.51317,4140.4654,-0.36093,34.42941,5.4960398803796515,2.047419464953871,0.0
11.97054,9.6288,49.47275,4137.48226,-0.38501,34.4387,5.519409559413604,2.0561252852872807,0.0
12.0162,9.66081,49.42978,4134.49153,-0.40869,34.44802,5.544845882982941,2.0656009850868116,0.0
12.06181,9.69281,49.3843,4131.49195,-0.43192,34.45739,5.572333990664815,2.0758410284539512,0.0
12.1074,9.7248,49.33637,4128.48227,-0.45466,34.46679,5.601856869817559,2.086839077732049,0.0
12.15294,9.75678,49.28604,4125.46121,-0.47686,34.47622,5.6333951867145124,2.098587930599224,0.0
12.19844,9.78875,49.23338,4122.42752,-0.4985,34.4857,5.666927106921795,2.1110794531543564,0.0
12.24391,9.82071,49.17846,4119.37995,-0.51952,34.49521,5.7024281058080595,2.124304509326988,0.0
12.28933,9.85266,49.12135,4116.31723,-0.53988,34.50475,5.739870770186501,2.1382528869837496,0.0
12.33472,9.8846,49.06213,4113.23813,-0.55954,34.51433,5.779224592249501,2.152913221163594,0.0
12.38007,9.91653,49.00088,4110.1414,-0.57847,34.52395,5.82045575711188,2.1682729149320683,0.0
12.42538,9.94845,48.93767,4107.02581,-0.59662,34.5336,5.863526925426386,2.184318058399865,0.0
12.47065,9.98036,48.87261,4103.89015,-0.61395,34.54328,5.9083970127518555,2.2010333465316534,0.0
12.51588,10.01226,48.80578,4100.7332,-0.63044,34.553,5.955020967505839,2.2184019964275934,0.0
12.56107,10.04415,48.73728,4097.55378,-0.64603,34.56276,6.00334954954455,2.2364056648385366,0.0
12.60623,10.07602,48.66721,4094.35074,-0.6607,34.57255,6.053329111609788,2.2550243667492604,0.0
12.65134,10.10789,48.59568,4091.12291,-0.6744,34.58238,6.104901386078007,2.27423639593688,0.0
12.69641,10.13974,48.52279,4087.86918,-0.68712,34.59223,6.158003279657264,2.2940182484900626,0.0
12.74143,10.17158,48.44865,4084.58846,-0.6988,34.60213,6.212566678849893,2.314344550338752,0.0
12.78642,10.20341,48.37338,4081.27969,-0.70943,34.61205,6.26851826921573,2.335187989924971,0.0
12.83137,10.23523,48.29709,4077.94185,-0.71898,34.62201,6.325779371612137,2.356519257197912,0.0
12.87627,10.26703,48.21991,4074.57394,-0.72741,34.632,6.384265798748513,2.3783069901767253,0.0
12.92113,10.29883,48.14195,4071.17503,-0.7347,34.64202,6.443887735539196,2.4005177303788257,0.0
12.96595,10.33061,48.06334,4067.7442,-0.74083,34.65208,6.50454964680092,2.4231158884347637,0.0
13.01073,10.36237,47.98421,4064.28062,-0.74577,34.66217,6.566150215927557,2.446063721242956,0.0
13.05546,10.39413,47.90468,4060.78349,-0.74951,34.67228,6.6285823181780685,2.469321322018746,0.0
13.10015,10.42587,47.8249,4057.25205,-0.75202,34.68243,6.691733032195517,2.4928466245855327,0.0
13.1448,10.4576,47.74498,4053.68565,-0.7533,34.69262,6.755483693255827,2.516595423211343,0.0
13.1894,10.48931,47.66506,4050.08365,-0.75333,34.70283,6.819709991635162,2.54052140925326,0.0
13.23396,10.52101,47.58527,4046.44551,-0.75209,34.71307,6.884282119233465,2.5645762257785574,0.0
13.27847,10.5527,47.50576,4042.77075,-0.74959,34.72334,6.949064967331035,2.588709541234222,0.0
13.32293,10.58437,47.42665,4039.05898,-0.74582,34.73364,7.013918377970203,2.6128691430932443,0.0
13.36735,10.61603,47.34808,4035.30987,-0.74077,34.74397,7.078697451037808,2.6370010522509206,0.0
13.41173,10.64767,47.27018,4031.52318,-0.73446,34.75433,7.143252908593901,2.6610496587468786,0.0
13.45605,10.6793,47.19309,4027.69876,-0.72687,34.76472,7.207431517421599,2.684957879176024,0.0
13.50033,10.71091,47.11694,4023.83655,-0.71803,34.77513,7.271076570076441,2.708667335892073,0.0
13.54456,10.7425,47.04186,4019.93656,-0.70794,34.78558,7.334028424038682,2.7321185578559715,0.0
13.58875,10.77408,46.96798,4015.99892,-0.69662,34.79605,7.396125097734313,2.755251202669412,0.0
13.63288,10.80564,46.89542,4012.02385,-0.68409,34.80654,7.457202921392413,2.778004299036314,0.0
13.67697,10.83719,46.82432,4008.01164,-0.67036,34.81707,7.517097239797863,2.8003165085567057,0.0
13.721,10.86872,46.75478,4003.96271,-0.65547,34.82762,7.575643163147495,2.8221264054403967,0.0
13.76499,10.90023,46.68694,3999.87757,-0.63944,34.8382,7.632676361271663,2.8433727723754068,0.0
13.80896,10.93168,46.61806,3995.76313,-0.67679,34.72638,7.6911416026768515,2.865152613111923,-47.999999181208274
13.85294,10.96301,46.54537,3991.62416,-0.71345,34.61349,7.754078740765908,2.8885983530258623,-47.999999181208274
13.89694,10.99422,46.46898,3987.45797,-0.74935,34.49943,7.821491802141449,2.913711492132648,-47.999999181208274
13.94095,11.02532,46.38896,3983.26185,-0.78443,34.38413,7.893376176994185,2.9404903131570257,-47.999999181208274
13.98498,11.05629,46.30541,3979.0331,-0.81862,34.26752,7.969723332241464,2.968931637301191,-47.999999181208274
14.02902,11.08715,46.21845,3974.76899,-0.85185,34.14952,8.0505201132001,2.999030564099535,-47.999999181208274
14.07308,11.11789,46.12817,3970.4668,-0.88407,34.03005,8.135747999097525,3.030780194076965,-47.999999181208274
14.11715,11.1485,46.0347,3966.12377,-0.9152,33.90904,8.225382313797105,3.064171334723319,-47.999999181208274
14.16124,11.17899,45.93817,3961.73719,-0.94519,33.78642,8.319391393719306,3.099192190522098,-47.999999181208274
14.20534,11.20936,45.83869,3957.30432,-0.97397,33.6621,8.417735715648078,3.1358280380354078,-47.999999181208274
14.24945,11.23959,45.73641,3952.82244,-1.00147,33.536,8.5203669879291,3.174060887351383,-47.999999181208274
14.29358,11.2697,45.63148,3948.28883,-1.02763,33.40807,8.627227209490686,3.2138691315447194,-47.999999181208274
14.33773,11.29968,45.52403,3943.7008,-1.0524,33.27821,8.73824770211308,3.2552271861715285,-47.999999181208274
14.38189,11.32952,45.41423,3939.05569,-1.07571,33.14635,8.85334812247358,3.2981051212301407,-47.999999181208274
14.42606,11.35923,45.30224,3934.35088,-1.0975,33.01243,8.9724354616769,3.342468288459851,-47.999999181208274
14.47025,11.3888,45.18821,3929.58376,-1.11771,32.87637,9.095403041247817,3.3882769473217604,-47.999999181208274
14.51446,11.41824,45.07234,3924.7518,-1.13628,32.7381,9.222129515878498,3.4354858934959123,-47.999999181208274
14.55868,11.44753,44.95478,3919.85251,-1.15317,32.59755,9.352477894573408,3.4840440942320217,-47.999999181208274
14.60291,11.47668,44.83574,3914.88347,-1.16831,32.45465,9.486294593223796,3.533894335408537,-47.999999181208274
14.64716,11.50568,44.71538,3909.84236,-1.18165,32.30933,9.623408532985497,3.584972885654652,-47.999999181208274
14.69143,11.53453,44.59391,3904.7269,-1.19314,32.16155,9.763630300174349,3.6372091833892397,-47.999999181208274
14.73571,11.56323,44.47152,3899.53496,-1.20275,32.01122,9.906751384579042,3.6905255530723564,-47.999999181208274
14.78,11.59178,44.34842,3894.26449,-1.21042,31.85831,10.052543514230464,3.7448369573893103,-47.999999181208274
14.82431,11.62018,44.2248,3888.91356,-1.21611,31.70275,10.200758105532614,3.800050792409963,-47.999999181208274
14.86863,11.64841,44.10088,3883.48041,-1.2198,31.5445,10.351125848386667,3.856066733036525,-47.999999181208274
14.91297,11.67649,43.97686,3877.96338,-1.22143,31.38351,10.503356446265576,3.9127766361745118,-47.999999181208274
14.95732,11.7044,43.85296,3872.361,-1.221,31.21974,10.657138531315116,3.970064509105643,-47.999999181208274
15.00168,11.73214,43.72939,3866.67197,-1.21847,31.05315,10.812139774136218,4.027806550384652,-47.999999181208274
15.04606,11.75972,43.60636,3860.89517,-1.21382,30.88371,10.968007207136358,4.085871270296189,-47.999999181208274
15.09045,11.78712,43.4841,3855.02968,-1.20705,30.7114,11.124367779023384,4.144119697418356,-47.999999181208274
15.13485,11.81434,43.36281,3849.0748,-1.19813,30.5362,11.28082915613682,4.202405677139706,-47.999999181208274
15.17927,11.84139,43.24272,3843.03003,-1.18708,30.3581,11.436980783977376,4.260576267106913,-47.999999181208274
15.2237,11.86826,43.12403,3836.89513,-1.17389,30.17708,11.59239521924014,4.318472233442191,-47.999999181208274
15.26814,11.89495,43.00697,3830.67009,-1.15857,29.99316,11.746629739109299,4.375928650247906,-47.999999181208274
15.31259,11.92145,42.89174,3824.35515,-1.14115,29.80633,11.899228230507388,4.432775603401649,-47.999999181208274
15.35705,11.94776,42.77855,3817.95084,-1.12164,29.61662,12.049723357316365,4.488838997903094,-47.999999181208274
15.40152,11.97387,42.6676,3811.45794,-1.10007,29.42405,12.197638998518077,4.543941466145482,-47.999999181208274
15.44601,11.9998,42.55909,3804.87749,-1.07649,29.22865,12.34249294483627,4.597903372485718,-47.999999181208274
15.4905,12.02552,42.45321,3798.21085,-1.05093,29.03046,12.483799835748771,4.65054390735869,-47.999999181208274
15.535,12.05105,42.35016,3791.45963,-1.02345,28.82953,12.621074312978175,4.701682262035519,-47.999999181208274
15.57951,12.07637,42.25011,3784.62575,-0.99411,28.62591,12.753834360848701,4.75113887299438,-47.999999181208274
15.62402,12.10149,42.15323,3777.71138,-0.96298,28.41967,12.881604798360538,4.798736722810079,-47.999999181208274
15.66854,12.1264,42.05969,3770.71902,-0.93013,28.21088,13.003920882695276,4.844302682554641,-47.999999181208274
15.71307,12.1511,41.96965,3763.65139,-0.89564,27.99963,13.120331979299916,4.887668879000163,-47.999999181208274
15.7576,12.17559,41.88324,3756.51153,-0.8596,27.786,13.230405249799414,4.928674068463278,-47.999999181208274
15.80214,12.19987,41.80062,3749.30271,-0.82211,27.5701,13.33372930610181,4.967164998055459,-47.999999181208274
15.84667,12.22392,41.7219,3742.02844,-0.78327,27.35201,13.429917777118519,5.002997734380174,-47.999999181208274
15.89122,12.24777,41.64719,3734.69249,-0.74319,27.13187,13.518612733741898,5.0360389394271445,-47.999999181208274
15.93576,12.27139,41.57661,3727.29884,-0.70198,26.90978,13.599487918259626,5.066167073614172,-47.999999181208274
15.9803,12.29479,41.51023,3719.85167,-0.65975,26.68587,13.672251726140528,5.093273506580818,-47.999999181208274
16.02484,12.31796,41.44813,3712.35534,-0.61664,26.46027,13.736649891171412,5.11726351747252,-47.999999181208274
16.06938,12.34092,41.39039,3704.81438,-0.57278,26.23311,13.792467829267817,5.1380571680717715,-47.999999181208274
16.11392,12.36364,41.33704,3697.23345,-0.52828,26.00454,13.839532601716646,5.155590034157654,-47.999999181208274
16.15845,12.38614,41.28813,3689.61735,-0.4833,25.7747,13.8777144651365,5.169813782906838,-47.999999181208274
16.20298,12.40842,41.24368,3681.97096,-0.43796,25.54374,13.906927982795105,5.18069658688858,-47.999999181208274
16.2475,12.43046,41.2037,3674.29922,-0.3924,25.3118,13.92713267987892,5.188223368169875,-47.999999181208274
16.29201,12.45228,41.16818,3666.60714,-0.34677,25.07903,13.93833323385754,5.192395869231222,-47.999999181208274
16.33652,12.47386,41.13711,3658.89973,-0.30121,24.8456,13.94057919964464,5.193232550581834,-47.999999181208274
16.38102,12.49522,41.11046,3651.182,-0.25584,24.61164,13.933964277805387,5.190768318147644,-47.999999181208274
16.4255,12.51635,41.08819,3643.45895,-0.21083,24.37731,13.918625142452868,5.185054086631888,-47.999999181208274
16.46998,12.53725,41.07022,3635.7355,-0.16629,24.14276,13.894739853083253,5.176156187881921,-47.999999181208274
16.51444,12.55792,41.05651,3628.0165,-0.12236,23.90814,13.862525881681258,5.164155635934079,-47.999999181208274
16.55889,12.57836,41.04695,3620.30673,-0.07919,23.67359,13.822237792507563,5.149147262673452,-47.999999181208274
16.60332,12.59857,41.04146,3612.6108,-0.03689,23.43925,13.774164617030861,5.131238739927007,-47.999999181208274
16.64774,12.61856,41.03994,3604.93322,0.00442,23.20526,13.71862697032391,5.110549505245239,-47.999999181208274
16.69214,12.63832,41.04225,3597.27835,0.0446,22.97175,13.655973958003038,5.087209609655746,-47.999999181208274
16.73652,12.65785,41.04829,3589.65033,0.08355,22.73886,13.586579924235638,5.061358506210473,-47.999999181208274
16.78089,12.67716,41.05791,3582.05317,0.12116,22.50669,13.51084109161693,5.033143798251382,-47.999999181208274
16.82523,12.69624,41.07097,3574.49065,0.15733,22.27537,13.429172142928206,5.002719966025467,-47.999999181208274
16.86956,12.7151,41.0873,3566.96633,0.19196,22.045,13.342002792904532,4.970247089578012,-47.999999181208274
16.91386,12.73375,41.10676,3559.48357,0.22495,21.81569,13.249774395363787,4.935889584818898,-47.999999181208274
16.95814,12.75217,41.12917,3552.0455,0.25624,21.58753,13.15293662757171,4.899814968361333,-47.999999181208274
17.0024,12.77037,41.15436,3544.65501,0.28573,21.36061,13.051944289476598,4.862192665152563,-47.999999181208274
17.04663,12.78836,41.18214,3537.31476,0.31336,21.135,12.947254250927777,4.823192871232432,-47.999999181208274
17.09084,12.80613,41.21234,3530.02717,0.33907,20.91079,12.839322575054975,4.782985482116507,-47.999999181208274
17.13502,12.82369,41.24475,3522.79441,0.36281,20.68803,12.728601840868754,4.741739095394292,-47.999999181208274
17.17918,12.84104,41.27919,3515.61843,0.38452,20.46679,12.615538683186319,4.699620094286867,-47.999999181208274
17.22331,12.85818,41.31547,3508.50093,0.40417,20.2471,12.500571562893322,4.656791817010736,-47.999999181208274
17.26742,12.87512,41.35337,3501.44339,0.42172,20.02902,12.384128775923013,4.613413815070178,-47.999999181208274
17.31149,12.89185,41.39271,3494.44705,0.43714,19.81258,12.266626704800393,4.569641201911442,-47.999999181208274
17.35554,12.90837,41.43329,3487.51293,0.45041,19.5978,12.148468312628863,4.525624091893141,-47.999999181208274
17.39956,12.9247,41.47489,3480.64183,0.46153,19.38471,12.030041875690385,4.481507128146469,-47.999999181208274
17.44355,12.94082,41.51733,3473.83435,0.47048,19.17332,11.911719947757632,4.437429096754226,-47.999999181208274
17.4875,12.95675,41.5604,3467.09088,0.47726,18.96363,11.793858546360836,4.393522623613811,-47.999999181208274
17.53143,12.97249,41.6039,3460.41162,0.48187,18.75564,11.676796549261717,4.349913949607873,-47.999999181208274
17.57533,12.98803,41.64764,3453.79658,0.48434,18.54936,11.56085528740431,4.306722778967792,-47.999999181208274
17.6192,13.00338,41.69143,3447.24559,0.48466,18.34476,11.446338319474302,4.264062195291096,-47.999999181208274
17.66303,13.01854,41.73506,3440.75831,0.48286,18.14183,11.33353137220645,4.222038639304404,-47.999999181208274
17.70684,13.03352,41.77836,3434.33425,0.47898,17.94054,11.22270243009882,4.180751942284343,-47.999999181208274
17.75061,13.04831,41.82113,3427.97276,0.47303,17.74087,11.114101957982399,4.140295408970582,-47.999999181208274
17.79435,13.06291,41.8632,3421.67304,0.46505,17.54278,11.007963239993439,4.100755943841949,-47.999999181208274
17.83805,13.07734,41.90439,3415.43418,0.45508,17.34625,10.904502818884978,4.062214214771534,-47.999999181208274
17.88172,13.09159,41.94452,3409.25511,0.44316,17.15121,10.803921020115961,4.0247448482636745,-47.999999181208274
17.92536,13.10565,41.98344,3403.13467,0.42934,16.95763,10.706402545904012,3.9884166507542416,-47.999999181208274
17.96897,13.11955,42.02097,3397.07156,0.41367,16.76547,10.6121171252786,3.953292850772555,-47.999999181208274
18.01254,13.13326,42.05697,3391.06441,0.39619,16.57466,10.521220207071012,3.9194313570983716,-47.999999181208274
18.05608,13.14681,42.09127,3385.11173,0.37697,16.38514,10.433853683821773,3.886885028436455,-47.999999181208274
18.09959,13.16018,42.12373,3379.21194,0.35606,16.19687,10.350146635554161,3.855701950491776,-47.999999181208274
18.14306,13.17339,42.15422,3373.36339,0.33352,16.00977,10.270216083449624,3.8259257167334373,-47.999999181208274
18.18649,13.18643,42.1826,3367.56435,0.30941,15.82379,10.194167744411303,3.7975957094894364,-47.999999181208274
18.22989,13.19929,42.20874,3361.813,0.2838,15.63885,10.12209677857398,3.770747378413795,-47.999999181208274
18.27326,13.212,42.23251,3356.10748,0.25674,15.45488,10.054088522681461,3.745412513688926,-47.999999181208274
18.31659,13.22454,42.25382,3350.44584,0.22832,15.27182,9.99021920318424,3.7216195116732753,-47.999999181208274
18.35988,13.23691,42.27253,3344.82611,0.19859,15.08959,9.930556623774564,3.699393631026229,-47.999999181208274
18.40314,13.24913,42.28856,3339.24622,0.16764,14.90812,9.87516082275324,3.6787572375945397,-47.999999181208274
18.44637,13.26118,42.30181,3333.70408,0.13552,14.72732,9.824084696413522,3.6597300366392287,-47.999999181208274
18.48956,13.27307,42.31219,3328.19755,0.10231,14.54711,9.777374585224466,3.6423292912043137,-47.999999181208274
18.53271,13.2848,42.31962,3322.72445,0.0681,14.36743,9.73507082012709,3.6265700256264917,-47.999999181208274
18.57583,13.29638,42.32401,3317.28255,0.03294,14.18818,9.697208226837827,3.6124652134014537,-47.999999181208274
18.61891,13.30779,42.32532,3311.86959,-0.00308,14.00929,9.663816586399523,3.6000259487512487,-47.999999181208274
18.66195,13.31905,42.32346,3306.48327,-0.03988,13.83067,9.63492105067465,3.5892616014064322,-47.999999181208274
18.70496,13.33016,42.31839,3301.12127,-0.0774,13.65224,9.6105425117597,3.58017995422265,-47.999999181208274
18.74792,13.3411,42.31007,3295.78122,-0.11554,13.4739,9.590697924604996,3.5727873233650103,-47.999999181208274
18.79086,13.35189,42.29844,3290.46074,-0.15424,13.29558,9.575400582349653,3.567088660877596,-47.999999181208274
18.83375,13.36252,42.28348,3285.15742,-0.19341,13.11719,9.564660344075762,3.563087639527894,-47.999999181208274
18.87661,13.373,42.26517,3279.86881,-0.23298,12.93863,9.55848381488919,3.560786719891633,-47.999999181208274
18.91942,13.38333,42.24347,3274.59246,-0.27286,12.75983,9.556874478333073,3.560187199680287,-47.999999181208274
18.9622,13.39349,42.21838,3269.32588,-0.31298,12.58068,9.559832781302992,3.5612892453742173,-47.999999181208274
19.00494,13.40351,42.18989,3264.06658,-0.35326,12.40111,9.567356171742475,3.56409190626524,-47.999999181208274
19.04764,13.41336,42.15801,3258.81202,-0.39361,12.22101,9.579439089492936,3.568593111047987,-47.999999181208274
19.09031,13.42307,42.12273,3253.55968,-0.43395,12.0403,9.596072910779373,3.5747896471393625,-47.999999181208274
19.13293,13.43261,42.08409,3248.30701,-0.47421,11.85889,9.617245846929075,3.582677122948605,-47.999999181208274
19.17551,13.442,42.04209,3243.05144,-0.51431,11.67668,9.642942798054671,3.5922499133703663,-47.999999181208274
19.21805,13.45124,41.99677,3237.79039,-0.55416,11.49359,9.673145162541843,3.6035010888138745,-47.999999181208274
19.26055,13.46031,41.94816,3232.52128,-0.59368,11.30951,9.707830603346155,3.6164223281423533,-47.999999181208274
19.303,13.46923,41.8963,3227.24153,-0.63279,11.12436,9.746972772296123,3.631003815968665,-47.999999181208274
19.34542,13.478,41.84125,3221.94853,-0.67141,10.93805,9.790540993796245,3.64723412482636,-47.999999181208274
19.38779,13.4866,41.78305,3216.63969,-0.70947,10.75048,9.838499909575354,3.6651000828290967,-47.999999181208274
19.43011,13.49504,41.72178,3211.31241,-0.74688,10.56156,9.890809086395887,3.684586627532022,-47.999999181208274
19.4724,13.50333,41.6575,3205.9641,-0.78357,10.37119,9.94742258896949,3.7056766468315905,-47.999999181208274
19.51464,13.51145,41.59028,3200.59218,-0.81945,10.17929,10.008288520686982,3.728350807875404,-47.999999181208274
19.55683,13.51941,41.5202,3195.19408,-0.85446,9.98577,10.073348535156153,3.752587375097175,-47.999999181208274
19.59898,13.52721,41.44736,3189.76722,-0.8885,9.79052,10.142537322025937,3.7783620186727154,-47.999999181208274
19.64108,13.53484,41.37185,3184.30909,-0.92151,9.59347,10.215782071047514,3.8056476148685867,-47.999999181208274
19.68313,13.54231,41.29376,3178.81715,-0.95341,9.39451,10.293001918835165,3.8344140399459623,-47.999999181208274
19.72513,13.54961,41.2132,3173.28892,-0.98413,9.19357,10.374107383430902,3.8646279595210813,-47.999999181208274
19.76709,13.55675,41.13029,3167.72196,-1.0136,8.99056,10.458999792300936,3.8962526154788777,-47.999999181208274
19.80899,13.56371,41.04514,3162.11384,-1.04174,8.78538,10.54757071008607,3.9292476127949416,-47.999999181208274
19.85084,13.57051,40.95786,3156.4622,-1.06849,8.57796,10.63970137304913,3.9635687088523173,-47.999999181208274
19.89263,13.57721,40.87257,3150.75365,-0.99745,8.58471,10.729185470616983,3.996903889664651,0.0
19.93435,13.58391,40.79338,3144.97929,-0.92412,8.59146,10.809627121019314,4.026870520986725,0.0
19.97599,13.59061,40.72045,3139.14373,-0.84876,8.5982,10.880586279960363,4.053304674740104,0.0
20.01755,13.5973,40.65392,3133.25191,-0.77161,8.60494,10.941691756554384,4.076068072553227,0.0
20.05903,13.60398,40.5939,3127.309,-0.69295,8.61167,10.992632120064888,4.095044698282521,0.0
20.10044,13.61066,40.54048,3121.32039,-0.61305,8.6184,11.033159587071559,4.110142246084338,0.0
20.14176,13.61733,40.49372,3115.29169,-0.5322,8.62512,11.063093071247447,4.121293256537228,0.0
20.18301,13.624,40.45368,3109.22864,-0.45069,8.63184,11.082320327439623,4.128455915368371,0.0
20.22417,13.63066,40.42035,3103.13711,-0.3688,8.63855,11.09079914357734,4.13161449747075,0.0
20.26526,13.63732,40.39375,3097.02303,-0.28683,8.64526,11.088557557379056,4.1307794476322055,0.0
20.30626,13.64397,40.37383,3090.8924,-0.20509,8.65196,11.075693099002104,4.125987098402519,0.0
20.34718,13.65061,40.36053,3084.75119,-0.12385,8.65866,11.052371084713206,4.117299034440778,0.0
20.38802,13.65725,40.35379,3078.60537,-0.04342,8.66535,11.018822009403863,4.104801121158751,0.0
20.42877,13.66388,40.3535,3072.46079,0.03593,8.67203,10.97533810663851,4.088602223248316,0.0
20.46945,13.6705,40.35953,3066.32323,0.11392,8.67871,10.922269163079719,4.068832645444725,0.0
20.51004,13.67712,40.37174,3060.19831,0.19028,8.68538,10.860017688972846,4.045642333405054,0.0
20.55055,13.68373,40.38996,3054.0915,0.26476,8.69205,10.78903355764013,4.019198876778714,0.0
20.59098,13.69033,40.41401,3048.00803,0.3371,8.69871,10.709808234207008,3.98968535925616,0.0
20.63132,13.69693,40.44369,3041.95295,0.40708,8.70537,10.622868717193821,3.957298101652384,0.0
20.67159,13.70352,40.47877,3035.93104,0.47447,8.71203,10.528771316182132,3.9222443439239023,0.0
20.71177,13.7101,40.51903,3029.94681,0.53908,8.71868,10.428095384828941,3.8847399105516596,0.0
20.75188,13.71668,40.56421,3024.00452,0.60072,8.72533,10.321437121402122,3.845006901077361,0.0
20.7919,13.72325,40.61405,3018.10811,0.65921,8.73198,10.209403539412808,3.8032714440053894,0.0
20.83185,13.72982,40.66829,3012.26124,0.7144,8.73863,10.092606699135853,3.759761547892404,0.0
20.87171,13.73638,40.72663,3006.46725,0.76614,8.74527,9.971658277691596,3.7147050785599234,0.0
20.9115,13.74293,40.78879,3000.72918,0.81433,8.75192,9.847164541277799,3.6683278861184387,0.0
20.95121,13.74948,40.85447,2995.04977,0.85884,8.75857,9.719721768834331,3.620852100162093,0.0
20.99084,13.75602,40.92337,2989.43145,0.8996,8.76522,9.589912162173121,3.572494606184482,0.0
21.0304,13.76256,40.99517,2983.87633,0.93652,8.77187,9.458300264130251,3.523465711246064,0.0
21.06989,13.76909,41.06957,2978.38626,0.96956,8.77853,9.3254298936731,3.4739680022209214,0.0
21.1093,13.77562,41.14626,2972.96279,0.99867,8.78519,9.191821595539526,3.4241953957202678,0.0
21.14864,13.78214,41.22492,2967.60719,1.02382,8.79185,9.057970592068935,3.374332375095613,0.0
21.1879,13.78865,41.30523,2962.32046,1.045,8.79852,8.924345216547719,3.3245534068187292,0.0
21.2271,13.79516,41.38689,2957.10338,1.06222,8.8052,8.791385800478832,3.2750225259602845,0.0
21.26622,13.80167,41.46959,2951.95645,1.07548,8.81188,8.659503982019737,3.2258930785647886,0.0
21.30528,13.80817,41.55301,2946.87996,1.0848,8.81857,8.529082398936694,3.1773076072679762,0.0
21.34426,13.81466,41.63686,2941.874,1.09023,8.82527,8.40047472706728,3.1293978656251173,0.0
21.38318,13.82115,41.72084,2936.93843,1.09182,8.83199,8.274006024017709,3.0822849461473067,0.0
21.42204,13.82764,41.80465,2932.07296,1.08961,8.83871,8.1499733376762,3.036079506988706,0.0
21.46083,13.83412,41.88801,2927.27709,1.08367,8.84544,8.028646539891994,2.9908820825139135,0.0
21.49955,13.8406,41.97065,2922.55018,1.07407,8.85219,7.9102693471257925,2.946783463517107,0.0
21.53822,13.84708,42.05227,2917.89145,1.0609,8.85894,7.795060491958337,2.9038651336398127,0.0
21.57681,13.85355,42.13263,2913.29994,1.04425,8.86571,7.683215011823537,2.862199749457906,0.0
21.61535,13.86002,42.21147,2908.77462,1.0242,8.8725,7.574905624108902,2.821851652742701,0.0
21.65383,13.86648,42.28853,2904.31432,1.00085,8.8793,7.470284159727271,2.782877404504144,0.0
21.69225,13.87294,42.36358,2899.91774,0.9743,8.88612,7.369483030279335,2.745326331547449,0.0
21.73061,13.8794,42.43639,2895.58354,0.94467,8.89295,7.272616706974646,2.709241077410095,0.0
21.76891,13.88585,42.50673,2891.31023,0.91207,8.8998,7.17978319233537,2.674658150610189,0.0
21.80716,13.89231,42.57439,2887.0963,0.8766,8.90667,7.091065468584402,2.6416084642091526,0.0
21.84535,13.89876,42.63917,2882.94012,0.8384,8.91356,7.0065329091825115,2.6101178616464495,0.0
21.88348,13.9052,42.70088,2878.84003,0.79757,8.92046,6.926242642389905,2.5802076247021426,0.0
21.92156,13.91165,42.75933,2874.79429,0.75423,8.92738,6.85024085796092,2.551894960275045,0.0
21.95958,13.91809,42.81435,2870.80111,0.70853,8.93433,6.778564049970376,2.5251934633682454,0.0
21.99756,13.92453,42.86578,2866.85865,0.66057,8.94129,6.711240190567424,2.5001135543432955,0.0
22.03547,13.93097,42.91345,2862.96503,0.61048,8.94828,6.648289830900118,2.476662889043577,0.0
22.07334,13.9374,42.95724,2859.11832,0.5584,8.95528,6.589727126769391,2.4548467408773993,0.0
22.11116,13.94384,42.997,2855.31655,0.50445,8.96231,6.53556078762414,2.4346683543436356,0.0
22.14892,13.95027,43.03262,2851.55774,0.44876,8.96936,6.485794948417654,2.416129269821184,0.0
22.18664,13.9567,43.06397,2847.83983,0.39147,8.97643,6.440429964535917,2.399229619700674,0.0
22.22431,13.96313,43.09096,2844.16077,0.3327,8.98353,6.399463130585432,2.383968396151844,0.0
22.26192,13.96956,43.11349,2840.51846,0.27258,8.99064,6.362889324211756,2.370343690962888,0.0
22.29949,13.97598,43.13147,2836.91076,0.21124,8.99778,6.330701576439184,2.3583529080069905,0.0
22.33701,13.98241,43.14484,2833.33552,0.14882,9.00495,6.302891570176626,2.3479929489488844,0.0
22.37448,13.98883,43.15353,2829.79056,0.08545,9.01213,6.279450068647639,2.339260372846311,0.0
22.41191,13.99525,43.15748,2826.27366,0.02125,9.01934,6.260367275471655,2.3321515302897495,0.0
22.44929,14.00167,43.15666,2822.78257,-0.04363,9.02658,6.245633128129001,2.3266626727258632,0.0
22.48662,14.00809,43.15103,2819.31504,-0.10907,9.03384,6.2352375263699615,2.322790037545877,0.0
22.5239,14.01451,43.14055,2815.86877,-0.17494,9.04112,6.229170497031756,2.3205299094842458,0.0
22.56114,14.02093,43.12523,2812.44142,-0.2411,9.04843,6.227422296529218,2.319878658799127,0.0
22.59833,14.02735,43.10505,2809.03065,-0.30742,9.05576,6.229983452091876,2.320832756634275,0.0
22.63548,14.03377,43.08002,2805.63408,-0.37377,9.06312,6.23684474263637,2.323388767893519,0.0
22.67258,14.04018,43.05015,2802.24929,-0.44001,9.0705,6.247997119939027,2.3275433218754658,0.0
22.70963,14.0466,43.01547,2798.87385,-0.50602,9.0779,6.263431570615491,2.3332930608572866,0.0
22.74664,14.05301,42.97601,2795.50529,-0.57167,9.08533,6.283138919209884,2.3406345667402473,0.0
22.7836,14.05942,42.93181,2792.14112,-0.63681,9.09278,6.3071095725956905,2.3495642658323086,0.0
22.82052,14.06583,42.88293,2788.77881,-0.70132,9.10026,6.33533320576269,2.360078311795498,0.0
22.8574,14.07225,42.82943,2785.41582,-0.76506,9.10776,6.36779838901201,2.372172446766251,0.0
22.89422,14.07866,42.77138,2782.04956,-0.8279,9.11528,6.404492156603511,2.3858418406652167,0.0
22.931,14.08507,42.70886,2778.67744,-0.88972,9.12282,6.445399516941014,2.4010809087283653,0.0
22.96774,14.09147,42.64197,2775.29682,-0.95037,9.13039,6.490502904547936,2.4178831073534948,0.0
23.00443,14.09788,42.5708,2771.90506,-1.00973,9.13799,6.539781574301363,2.436240708436483,0.0
23.04107,14.10429,42.49547,2768.49949,-1.06766,9.1456,6.593210938716434,2.456144552492282,0.0
23.07767,14.1107,42.41609,2765.07742,-1.12403,9.15324,6.650761849497371,2.4775837810137777,0.0
23.11422,14.1171,42.33279,2761.63613,-1.17871,9.1609,6.712399825127903,2.500545548728896,0.0
23.15073,14.12351,42.2457,2758.17292,-1.23158,9.16858,6.778084226898696,2.525014716649141,0.0
23.18719,14.12991,42.15499,2754.68506,-1.2825,9.17628,6.8477673865927935,2.5509735271094693,0.0
23.2236,14.13631,42.06079,2751.16983,-1.33134,9.184,6.921393689919912,2.5784012623234522,0.0
23.25996,14.14271,41.96328,2747.62449,-1.37799,9.19174,6.998898620893951,2.607273888388748,0.0
23.29628,14.14911,41.86262,2744.04632,-1.42231,9.1995,7.080207773464804,2.6375636870939503,0.0
23.33254,14.15551,41.75901,2740.43262,-1.46418,9.20728,7.16523583807145,2.6692388783829513,0.0
23.36876,14.16191,41.65262,2736.7807,-1.50349,9.21508,7.25388557219962,2.70226323686058,0.0
23.40493,14.1683,41.54365,2733.08791,-1.54011,9.22289,7.346046765519686,2.7365957062792416,0.0
23.44105,14.1747,41.43232,2729.35162,-1.57394,9.23072,7.4415952118593465,2.7721900165716935,0.0
23.47711,14.18109,41.31882,2725.56924,-1.60486,9.23857,7.540391701861512,2.8089943085896,0.0
23.51313,14.18748,41.20339,2721.73827,-1.63276,9.24644,7.642281051941118,2.8469507723643996,0.0
23.5491,14.19387,41.08625,2717.85624,-1.65755,9.25432,7.747091186777882,2.8859953053117127,0.0
23.58501,14.20026,40.96762,2713.92077,-1.67913,9.26222,7.854632294197136,2.926057197402217,0.0
23.62087,14.20664,40.84776,2709.92956,-1.69741,9.27012,7.9646960728024006,2.967058850884983,0.0
23.65668,14.21302,40.72689,2705.88043,-1.7123,9.27805,8.077055093952827,3.008915542607289,0.0
23.69243,14.2194,40.60528,2701.77128,-1.72373,9.28598,8.191462300754589,3.051535237375725,0.0
23.72813,14.22578,40.48317,2697.60016,-1.73163,9.29393,8.307650667384973,3.0948184610454565,0.0
23.76377,14.23216,40.36081,2693.36525,-1.73594,9.30189,8.425333042357593,3.1386582421323985,0.0
23.79935,14.23853,40.23848,2689.06489,-1.7366,9.30985,8.544202199080114,3.1829401306472853,0.0
23.83488,14.2449,40.11643,2684.69756,-1.73358,9.31783,8.663931116284067,3.2275423025631644,0.0
23.87035,14.25126,39.99492,2680.26195,-1.72684,9.32581,8.784173509416634,3.2723357577728174,0.0
23.90576,14.25763,39.87421,2675.75692,-1.71636,9.33381,8.904564631975902,3.3171846186072234,0.0
23.94111,14.26399,39.75457,2671.18154,-1.70213,9.3418,9.024722362811717,3.361946534883738,0.0
23.9764,14.27034,39.63627,2666.53511,-1.68415,9.34981,9.144248591826775,3.406473200116207,0.0
24.01162,14.27669,39.51955,2661.81714,-1.66245,9.35782,9.262730911985813,3.4506109818329125,0.0
24.04679,14.28304,39.40469,2657.02739,-1.63704,9.36583,9.379744620421821,3.494201667041291,0.0
24.08189,14.28938,39.29192,2652.16586,-1.60797,9.37385,9.494855025559852,3.5370833216922497,0.0
24.11693,14.29572,39.1815,2647.23282,-1.57531,9.38187,9.607620050713672,3.5790912605884273,0.0
24.1519,14.30206,39.07368,2642.2288,-1.53911,9.38989,9.717593117754657,3.6200591216267335,0.0
24.1868,14.30839,38.96867,2637.1546,-1.49946,9.39792,9.824326287292958,3.6598200355984574,0.0
24.22164,14.31471,38.86673,2632.01129,-1.45647,9.40594,9.927373624468954,3.6982078800351363,0.0
24.25641,14.32103,38.76805,2626.80021,-1.41025,9.41396,10.026294752469015,3.7350586029866824,0.0
24.29111,14.32734,38.67285,2621.52298,-1.36093,9.42198,10.120658548970782,3.7702116000445063,0.0
24.32575,14.33365,38.58132,2616.18151,-1.30866,9.43,10.21004693475765,3.8035111257000946,0.0
24.36031,14.33996,38.49366,2610.77795,-1.25358,9.43802,10.294058698413906,3.834807718144587,0.0
24.3948,14.34625,38.41003,2605.31471,-1.19588,9.44603,10.372313296968002,3.8639596151083957,0.0
24.42921,14.35254,38.33059,2599.79449,-1.13574,9.45404,10.444454569555134,3.8908341372982225,0.0
24.46356,14.35883,38.25548,2594.22018,-1.07335,9.46205,10.510154299959146,3.9153090155376615,0.0
24.49783,14.36511,38.18484,2588.59492,-1.00893,9.47005,10.56911556427402,3.937273637859184,0.0
24.53202,14.37138,38.11878,2582.92208,-0.94268,9.47804,10.621075802103645,3.9566301936068577,0.0
24.56614,14.37764,38.05739,2577.20517,-0.87485,9.48603,10.665809553546707,3.973294693035236,0.0
24.60019,14.3839,38.00075,2571.44794,-0.80567,9.49401,10.70313080977692,3.9871978429623427,0.0
24.63416,14.39015,37.94893,2565.65423,-0.73537,9.50199,10.732894932144653,3.998285761685515,0.0
24.66805,14.3964,37.90198,2559.82807,-0.66422,9.50996,10.75500010308271,4.006520519481993,0.0
24.70186,14.40264,37.85991,2553.97355,-0.59246,9.51792,10.769388281756523,4.011880494613753,0.0
24.7356,14.40886,37.82275,2548.09487,-0.52034,9.52588,10.776045647597789,4.014360538555463,0.0
24.76926,14.41509,37.79049,2542.19629,-0.44814,9.53383,10.775002525777799,4.01397194823133,0.0
24.80284,14.4213,37.76309,2536.2821,-0.3761,9.54177,10.766332799520681,4.010742247086326,0.0
24.83634,14.42751,37.74052,2530.35661,-0.30448,9.5497,10.750152824838306,4.004714780796386,0.0
24.86977,14.43371,37.72273,2524.42411,-0.23353,9.55763,10.726619873371607,3.995948137185822,0.0
24.90311,14.4399,37.70963,2518.48886,-0.16351,9.56555,10.695930138197115,3.984515403337793,0.0
24.93637,14.44608,37.70113,2512.55505,-0.09465,9.57346,10.658316345512354,3.9705032758842713,0.0
24.96956,14.45226,37.69714,2506.62681,-0.0272,9.58136,10.614045021741877,3.954011042931134,0.0
25.00267,14.45843,37.69752,2500.70817,0.03862,9.58926,10.563413470754094,3.935149457991902,0.0
25.03569,14.46459,37.70215,2494.80304,0.10258,9.59715,10.506746519389468,3.914039527611354,0.0
25.06864,14.47074,37.71087,2488.91518,0.16449,9.60504,10.44439309134167,3.890811235046118,0.0
25.10151,14.47688,37.72353,2483.04822,0.22413,9.61292,10.376722669757772,3.8656022224901654,0.0
25.1343,14.48302,37.73995,2477.20563,0.28132,9.6208,10.304121707607308,3.8385564538428363,0.0
25.16702,14.48915,37.75995,2471.39069,0.33589,9.62867,10.226990042333789,3.809822879072197,0.0
25.19965,14.49527,37.78335,2465.60651,0.38767,9.63654,10.145737367479624,3.7795541198024774,0.0
25.23221,14.50138,37.80993,2459.856,0.43652,9.6444,10.060779809205997,3.7479051939776595,0.0
25.26469,14.50749,37.8395,2454.14188,0.4823,9.65226,9.972536650122272,3.7150322954017208,0.0
25.2971,14.51359,37.87184,2448.46667,0.52489,9.66012,9.881427236783066,3.681091641699926,0.0
25.32943,14.51968,37.90672,2442.83267,0.56418,9.66798,9.78786810084864,3.646238401875331,0.0
25.36168,14.52576,37.94392,2437.24198,0.60008,9.67583,9.692270317476403,3.610625712240109,0.0
25.39386,14.53183,37.98322,2431.69651,0.63251,9.68369,9.595037118110902,3.5744037871170122,0.0
25.42597,14.5379,38.02437,2426.19795,0.66141,9.69154,9.49656176877448,3.5377191284468146,0.0
25.458,14.54396,38.06716,2420.74779,0.68672,9.6994,9.397225719229791,3.5007138363026513,0.0
25.48996,14.55002,38.11134,2415.34732,0.7084,9.70726,9.297397023161437,3.4635250203661134,0.0
25.52185,14.55606,38.15667,2409.99766,0.72643,9.71512,9.1974290249054,3.4262843106994025,0.0
25.55366,14.5621,38.20292,2404.6997,0.74079,9.72298,9.097659304224,3.3891174646462408,0.0
25.5854,14.56813,38.24986,2399.45418,0.75149,9.73085,8.998408867255629,3.3521440654393584,0.0
25.61708,14.57416,38.29725,2394.26166,0.75852,9.73873,8.899981569032896,3.31547730707331,0.0
25.64868,14.58018,38.34487,2389.12251,0.76191,9.7466,8.802663750872373,3.2792238592226135,0.0
25.68022,14.58619,38.39249,2384.03698,0.7617,9.75449,8.706724074422906,3.2434838054203747,0.0
25.71169,14.5922,38.43988,2379.00512,0.75792,9.76238,8.612413533204741,3.2083506473569243,0.0
25.74309,14.5982,38.48682,2374.02686,0.75062,9.77028,8.519965621969952,3.1739113679710265,0.0
25.77443,14.60419,38.53311,2369.10199,0.73986,9.77819,8.429596644171955,3.1402465459903635,0.0
25.8057,14.61018,38.57853,2364.23015,0.72571,9.7861,8.34150613817063,3.1074305147041623,0.0
25.8369,14.61616,38.62288,2359.41088,0.70823,9.79403,8.255877403384735,3.0755315579688083,0.0
25.86804,14.62214,38.66596,2354.64359,0.68752,9.80196,8.172878108469261,3.044612136769912,0.0
25.89912,14.62811,38.70758,2349.92756,0.66366,9.80991,8.09266096467315,3.0147291400657803,0.0
25.93013,14.63407,38.74755,2345.262,0.63674,9.81787,8.015364448637772,2.9859341540488624,0.0
25.96109,14.64003,38.78571,2340.64601,0.60686,9.82584,7.941113560256889,2.958273744468532,0.0
25.99198,14.64598,38.82187,2336.07859,0.57413,9.83382,7.870020602439365,2.9317897471132053,0.0
26.02281,14.65193,38.85588,2331.55864,0.53866,9.84182,7.802185970992562,2.906519562062698,0.0
26.05358,14.65788,38.88758,2327.08503,0.50055,9.84983,7.737698944126159,2.882496447799169,0.0
26.08429,14.66381,38.91682,2322.65649,0.45992,9.85785,7.676638462330164,2.8597498117321933,0.0
26.11494,14.66975,38.94346,2318.27172,0.41691,9.86589,7.619073890593839,2.8383054941453745,0.0
26.14554,14.67568,38.96738,2313.92935,0.37162,9.87395,7.565065756045053,2.818186042986407,0.0
26.17607,14.6816,38.98845,2309.62792,0.32419,9.88202,7.514666455147031,2.7994109773164784,0.0
26.20655,14.68752,39.00655,2305.36594,0.27475,9.89011,7.467920925529416,2.781997037585009,0.0
26.23697,14.69343,39.02158,2301.14186,0.22342,9.89821,7.424867278382229,2.7659584212130475,0.0
26.26734,14.69935,39.03344,2296.95405,0.17035,9.90633,7.385537388153151,2.751307002271024,0.0
26.29765,14.70525,39.04204,2292.80086,0.11566,9.91447,7.349957436926889,2.738052534274382,0.0
26.3279,14.71115,39.0473,2288.68058,0.05949,9.92262,7.318148411487787,2.726202835352486,0.0
26.3581,14.71705,39.04914,2284.59145,0.00199,9.9308,7.290126551558398,2.715763955229281,0.0
26.38824,14.72294,39.04752,2280.53167,-0.05671,9.93899,7.265903748201574,2.70674032363855,0.0
26.41834,14.72883,39.04236,2276.49942,-0.11647,9.9472,7.245487891684908,2.6991348799125774,0.0
26.44837,14.73472,39.03362,2272.4928,-0.17714,9.95543,7.228883168486149,2.6929491836244783,0.0
26.47836,14.7406,39.02127,2268.50991,-0.23859,9.96367,7.2160903073453815,2.688183506249107,0.0
26.50829,14.74648,39.00527,2264.54879,-0.30066,9.97194,7.207106774522354,2.6848369039015556,0.0
26.53816,14.75235,38.98561,2260.60745,-0.36322,9.98022,7.201926918603553,2.6829072712815902,0.0
26.56799,14.75822,38.96228,2256.68389,-0.42612,9.98852,7.200542065366567,2.6823913770131314,0.0
26.59776,14.76409,38.93526,2252.77604,-0.48922,9.99685,7.202940563359575,2.6832848806238068,0.0
26.62748,14.76995,38.90457,2248.88184,-0.55238,10.00519,7.209107781008813,2.6855823314674105,0.0
26.65714,14.77581,38.87023,2244.99917,-0.61544,10.01355,7.219026056172285,2.6892771499313293,0.0
26.68676,14.78166,38.83224,2241.12591,-0.67826,10.02193,7.232674599224372,2.694361591333012,0.0
26.71632,14.78751,38.79065,2237.2599,-0.7407,10.03032,7.250029350918951,2.7008266929702422,0.0
26.74583,14.79336,38.74549,2233.39895,-0.80262,10.03874,7.271062796393091,2.7086622048326174,0.0
26.77529,14.7992,38.69681,2229.54088,-0.86388,10.04717,7.295743736943279,2.7178565045821914,0.0
26.8047,14.80504,38.64467,2225.68347,-0.92432,10.05563,7.324037021370623,2.728396497472494,0.0
26.83405,14.81087,38.58912,2221.82448,-0.98381,10.0641,7.355903238968682,2.740267501978417,0.0
26.86335,14.81671,38.53025,2217.96167,-1.0422,10.07259,7.391298376531118,2.7534531220225436,0.0
26.89261,14.82253,38.46812,2214.09279,-1.09937,10.0811,7.430173442083756,2.7679351068054365,0.0
26.9218,14.82836,38.40284,2210.21559,-1.15516,10.08962,7.472474058433961,2.7836931993920886,0.0
26.95095,14.83418,38.33448,2206.32778,-1.20945,10.09816,7.5181400300391985,2.800704975359066,0.0
26.98004,14.83999,38.26316,2202.42713,-1.2621,10.10672,7.567104887190807,2.81894567299097,0.0
27.00909,14.84581,38.18899,2198.51137,-1.31297,10.11529,7.619295412014138,2.8383880167030138,0.0
27.03807,14.85161,38.11207,2194.57824,-1.36194,10.12389,7.674631151335286,2.85900203557107,0.0
27.06701,14.85742,38.03255,2190.62553,-1.40888,10.13249,7.733023922066375,2.8807548790746655,0.0
27.09589,14.86322,37.95053,2186.65102,-1.45367,10.14111,7.794377315377998,2.903610632388179,0.0
27.12472,14.86901,37.86618,2182.65251,-1.49617,10.14975,7.8585862065523555,2.927530133788231,0.0
27.15349,14.8748,37.77961,2178.62786,-1.53629,10.1584,7.925536278068562,2.9524707969904176,0.0
27.18222,14.88059,37.691,2174.57494,-1.57389,10.16706,7.995103564113922,2.978386441467772,0.0
27.21088,14.88637,37.60049,2170.49169,-1.60889,10.17574,8.067154025300635,3.0052271340215517,0.0
27.23949,14.89215,37.50823,2166.37606,-1.64116,10.18443,8.141543162957232,3.032939045094644,0.0
27.26805,14.89792,37.41441,2162.2261,-1.67061,10.19313,8.218115682885378,3.061464323512134,0.0
27.29655,14.90369,37.31918,2158.03991,-1.69716,10.20184,8.296705218819449,3.090740993462715,0.0
27.32499,14.90946,37.22273,2153.81566,-1.72071,10.21056,8.377134126226371,3.1207028776837102,0.0
27.35338,14.91521,37.12522,2149.5516,-1.74118,10.21929,8.45921335713901,3.1512795508332085,0.0
27.38171,14.92097,37.02685,2145.24608,-1.7585,10.22804,8.542742426798359,3.182396327063411,0.0
27.40998,14.92672,36.92779,2140.89753,-1.77261,10.23679,8.627509482600127,3.21397428570504,0.0
27.4382,14.93246,36.82824,2136.5045,-1.78346,10.24554,8.713291485479859,3.2459303388380754,0.0
27.46635,14.9382,36.72837,2132.06566,-1.79098,10.25431,8.799854513165943,3.278177344261476,0.0
27.49445,14.94393,36.6284,2127.57979,-1.79515,10.26308,8.886954193805707,3.3106242670303105,0.0
27.52248,14.94965,36.52849,2123.0458,-1.79593,10.27186,8.974336277294197,3.343176392290763,0.0
27.55046,14.95537,36.42885,2118.46274,-1.79332,10.28064,9.06173735009502,3.3757355915696987,0.0
27.57837,14.96109,36.32967,2113.82982,-1.78729,10.28942,9.148885697618391,3.4082006440331805,0.0
27.60623,14.9668,36.23113,2109.14639,-1.77785,10.29821,9.235502316142346,3.440467613453748,0.0
27.63402,14.9725,36.13343,2104.41195,-1.76501,10.30701,9.321302073944167,3.472430280762422,0.0
27.66175,14.97819,36.03674,2099.62619,-1.74881,10.3158,9.405995018829133,3.5039806311375656,0.0
27.68941,14.98388,35.94126,2094.78895,-1.72927,10.3246,9.48928782642452,3.5350093935325124,0.0
27.71701,14.98956,35.84716,2089.90026,-1.70645,10.33339,9.570885380825835,3.565406629507872,0.0
27.74454,14.99524,35.75461,2084.96032,-1.68041,10.34219,9.650492476188225,3.5950623671191013,0.0
27.77201,15.0009,35.66379,2079.96951,-1.65122,10.35098,9.727815624921353,3.623867274516679,0.0
27.79942,15.00656,35.57486,2074.9284,-1.61896,10.35977,9.802564955242653,3.6517133668346125,0.0
27.82675,15.01222,35.48798,2069.83775,-1.58375,10.36857,9.87445617816818,3.678494738946289,0.0
27.85402,15.01786,35.40329,2064.69848,-1.54568,10.37735,9.943212601441461,3.7041083157059616,0.0
27.88123,15.0235,35.32095,2059.51172,-1.50488,10.38614,10.00856716583355,3.728454610524096,0.0
27.90836,15.02913,35.24108,2054.27875,-1.46148,10.39492,10.070264477412932,3.751438482441383,0.0
27.93542,15.03475,35.1638,2049.00105,-1.41563,10.40369,10.128062808147035,3.772969881405443,0.0
27.96242,15.04036,35.08925,2043.68025,-1.36748,10.41246,10.181736036470518,3.7929645711835716,0.0
27.98934,15.04597,35.01752,2038.31816,-1.3172,10.42123,10.23107549931413,3.8113448192922164,0.0
28.01619,15.05156,34.94871,2032.91672,-1.26497,10.42998,10.275891727585229,3.828040043509135,0.0
28.04297,15.05715,34.88291,2027.47805,-1.21096,10.43873,10.316016038264177,3.842987404971196,0.0
28.06968,15.06273,34.82019,2022.00437,-1.15537,10.44748,10.351301958029902,3.856132338512354,0.0
28.09632,15.0683,34.76062,2016.49804,-1.09841,10.45621,10.381626455770613,3.867429011806324,0.0
28.12288,15.07386,34.70424,2010.96155,-1.04026,10.46494,10.406890964244386,3.87684070596203,0.0
28.14937,15.07941,34.6511,2005.39747,-0.98116,10.47366,10.427022174652947,3.884340111523243,0.0
28.17579,15.08495,34.60123,1999.80846,-0.9213,10.48237,10.441972591713931,3.8899095352476065,0.0
28.20213,15.09048,34.55464,1994.19726,-0.86091,10.49108,10.451720841011102,3.893541014602679,0.0
28.2284,15.096,34.51134,1988.56666,-0.80021,10.49977,10.456271724722813,3.895236338526249,0.0
28.2546,15.10152,34.47132,1982.91952,-0.73942,10.50846,10.455656026272496,3.8950069746535037,0.0
28.28072,15.10702,34.43456,1977.25872,-0.67877,10.51713,10.449930068835839,3.8928739048493424,0.0
28.30676,15.11251,34.40104,1971.58713,-0.61846,10.5258,10.43917503681695,3.8888673724403824,0.0
28.33273,15.118,34.3707,1965.90767,-0.55872,10.53446,10.423496073391089,3.8830265460258935,0.0
28.35862,15.12347,34.34351,1960.22322,-0.49977,10.54311,10.403021170693725,3.8753991060440125,0.0
28.38444,15.12894,34.31939,1954.53665,-0.44181,10.55175,10.377899872454579,3.866040761468793,0.0
28.41018,15.13439,34.29827,1948.85079,-0.38505,10.56039,10.348301811305932,3.8550147049190646,0.0
28.43585,15.13983,34.28007,1943.16841,-0.32969,10.56901,10.31441510512974,3.8423910152555316,0.0
28.46144,15.14527,34.26469,1937.49224,-0.27593,10.57763,10.27644463810322,3.828246017225038,0.0
28.48696,15.15069,34.25204,1931.82492,-0.22394,10.58624,10.234610252965318,3.8126616080322493,0.0
28.5124,15.1561,34.242,1926.16902,-0.1739,10.59484,10.18914488118071,3.7957245607765553,0.0
28.53777,15.1615,34.23446,1920.52703,-0.12598,10.60343,10.140292637319131,3.7775258145582216,0.0
28.56306,15.1669,34.22929,1914.90133,-0.08035,10.61202,10.088306903097756,3.7581597607337707,0.0
28.58828,15.17228,34.22636,1909.29418,-0.03713,10.6206,10.033448425150295,3.737723534284916,0.0
28.61342,15.17765,34.22553,1903.70777,0.00352,10.62917,9.975983448874613,3.7163163186277006,0.0
28.63849,15.18301,34.22666,1898.14412,0.04149,10.63774,9.916181908605115,3.6940386714040896,0.0
28.66348,15.18836,34.22961,1892.60519,0.07665,10.64631,9.854315692069408,3.670991877946414,0.0
28.6884,15.19371,34.23421,1887.09276,0.10891,10.65487,9.790656994587929,3.647277338173427,0.0
28.71325,15.19904,34.24031,1881.60851,0.13817,10.66342,9.725476775905186,3.622995991719336,0.0
28.73802,15.20436,34.24777,1876.154,0.16435,10.67198,9.65904332991932,3.5982477851204373,0.0
28.76273,15.20967,34.25641,1870.73063,0.18739,10.68053,9.591620975029173,3.573131183934934,0.0
28.78736,15.21497,34.26607,1865.3397,0.20723,10.68908,9.52346887031773,3.5477427317401253,0.0
28.81191,15.22026,34.27659,1859.98237,0.22383,10.69762,9.454839960464179,3.5221766570843824,0.0
28.8364,15.22555,34.28781,1854.65966,0.23714,10.70617,9.385980050109534,3.4965245286639934,0.0
28.86082,15.23082,34.29956,1849.37246,0.24715,10.71472,9.317127006444704,3.470874958266234,0.0
28.88516,15.23608,34.31169,1844.12157,0.25384,10.72326,9.248510087049059,3.445313350371549,0.0
28.90944,15.24134,34.32402,1838.90761,0.25722,10.73181,9.180349388489052,3.4199216967420325,0.0
28.93365,15.24658,34.3364,1833.73113,0.25728,10.74036,9.112855409964302,3.3947784138681083,0.0
28.95779,15.25181,34.34867,1828.59254,0.25406,10.74891,9.046228725200452,3.369958220739991,0.0
28.98186,15.25704,34.36067,1823.49212,0.24758,10.75747,8.980659755038394,3.3455320541311893,0.0
29.00586,15.26225,34.37226,1818.43007,0.23787,10.76602,8.916328632543593,3.3215670183481723,0.0
29.0298,15.26746,34.38327,1813.40644,0.22499,10.77459,8.85340515208492,3.2981263662609037,0.0
29.05366,15.27266,34.39357,1808.42123,0.20898,10.78315,8.792048793619315,3.275269508349515,0.0
29.07747,15.27785,34.40302,1803.47429,0.18991,10.79173,8.732408813349174,3.2530520464765647,0.0
29.1012,15.28303,34.41146,1798.56539,0.16785,10.8003,8.674624392036959,3.2315258291381355,0.0
29.12488,15.2882,34.41878,1793.69422,0.14288,10.80889,8.618824832432939,3.210739025010864,0.0
29.14848,15.29336,34.42484,1788.86036,0.11508,10.81748,8.565129797589726,3.1907362117303726,0.0
29.17203,15.29851,34.42952,1784.06331,0.08454,10.82608,8.51364958221724,3.171558476978134,0.0
29.19551,15.30366,34.4327,1779.30249,0.05136,10.83469,8.464485409659417,3.1532435291131113,0.0
29.21892,15.3088,34.43427,1774.57724,0.01564,10.8433,8.417729747583024,3.1358258147741465,0.0
29.24228,15.31392,34.43412,1769.88681,-0.02252,10.85193,8.373466635938955,3.1193366410541703,0.0
29.26557,15.31904,34.43215,1765.23041,-0.063,10.86057,8.3317720213376,3.10380430006383,0.0
29.2888,15.32415,34.42826,1760.60715,-0.10568,10.86921,8.29271409249352,3.089254193893453,0.0
29.31197,15.32926,34.42238,1756.01609,-0.15044,10.87787,8.256353611913237,3.075708958175475,0.0
29.33507,15.33435,34.4144,1751.45621,-0.19716,10.88653,8.222744239550224,3.063188582654445,0.0
29.35812,15.33944,34.40427,1746.92646,-0.24571,10.89521,8.19193284466054,3.0517105273614464,0.0
29.38111,15.34452,34.39191,1742.4257,-0.29597,10.9039,8.163959802548854,3.041289833159809,0.0
29.40403,15.34959,34.37725,1737.95275,-0.34778,10.9126,8.13885927340512,3.031939225619099,0.0
29.4269,15.35465,34.36024,1733.50638,-0.40103,10.92131,8.116659460844689,3.0236692113281154,0.0
29.44971,15.35971,34.34083,1729.0853,-0.45556,10.93004,8.09738284818296,3.0164881659134175,0.0
29.47246,15.36476,34.31898,1724.6882,-0.51124,10.93878,8.08104641088986,3.010402413184203,0.0
29.49515,15.3698,34.29466,1720.3137,-0.56792,10.94753,8.067661804007221,3.005416294950217,0.0
29.51778,15.37483,34.26782,1715.96038,-0.62547,10.95629,8.057235523698507,3.001532231203276,0.0
29.54035,15.37985,34.23845,1711.62678,-0.68373,10.96507,8.049769042380895,2.9987507704575176,0.0
29.56287,15.38487,34.20654,1707.31143,-0.74256,10.97385,8.045258917225443,2.997070630168578,0.0
29.58533,15.38988,34.17207,1703.0128,-0.8018,10.98266,8.043696872120462,2.996488727267092,0.0
29.60773,15.39488,34.13505,1698.72932,-0.86132,10.99147,8.04506985343113,2.997000198930628,0.0
29.63007,15.39988,34.09547,1694.45942,-0.92096,11.0003,8.049360060184023,2.9985984138282142,0.0
29.65236,15.40486,34.05335,1690.20148,-0.98058,11.00915,8.056544949584664,3.001274974175771,0.0
29.67459,15.40984,34.0087,1685.95388,-1.04003,11.018,8.066597218993644,3.0050197090217425,0.0
29.69676,15.41481,33.96155,1681.71494,-1.09915,11.02687,8.079484765771545,3.009820659288274,0.0
29.71888,15.41978,33.91193,1677.48301,-1.15781,11.03575,8.095170626635314,3.0156640551798666,0.0
29.74094,15.42473,33.85988,1673.25639,-1.21586,11.04465,8.113612898456799,3.0225342866787455,0.0
29.76294,15.42968,33.80543,1669.03338,-1.27315,11.05356,8.134764642625845,3.0304138679175985,0.0
29.78489,15.43462,33.74864,1664.81226,-1.32955,11.06248,8.158573775418018,3.03928339633867,0.0
29.80678,15.43956,33.68957,1660.59134,-1.3849,11.07141,8.184982947008441,3.049121507623227,0.0
29.82862,15.44448,33.62826,1656.36888,-1.43908,11.08036,8.213929412064225,3.0599048274838396,0.0
29.85039,15.4494,33.56479,1652.14317,-1.49194,11.08931,8.245344895075386,3.071607921496603,0.0
29.87211,15.45431,33.49924,1647.91251,-1.54335,11.09828,8.279155453830397,3.084203244242186,0.0
29.89378,15.45922,33.43167,1643.67518,-1.59319,11.10726,8.31528134469277,3.0976610891178145,0.0
29.91538,15.46411,33.36217,1639.42952,-1.64132,11.11625,8.35363689353632,3.111949540257265,0.0
29.93693,15.469,33.29083,1635.17383,-1.68762,11.12525,8.39413037644441,3.127034428088187,0.0
29.95843,15.47388,33.21773,1630.90649,-1.73198,11.13426,8.436663914399666,3.1428792901012566,0.0
29.97986,15.47875,33.14298,1626.62586,-1.77428,11.14329,8.48113338641726,3.159445338490039,0.0
30.00124,15.48362,33.06668,1622.33037,-1.81441,11.15232,8.527428365632582,3.1766914363419594,0.0
30.02256,15.48847,32.98892,1618.01845,-1.85227,11.16136,8.575432082983719,3.194574084109077,0.0
30.04383,15.49332,32.90982,1613.6886,-1.88775,11.1704,8.625021423116262,3.213047418082515,0.0
30.06503,15.49816,32.82948,1609.33935,-1.92077,11.17946,8.676066957125128,3.2320632225896504,0.0
30.08618,15.50299,32.74803,1604.96928,-1.95124,11.18852,8.728433016650667,3.2515709575968623,0.0
30.10727,15.50782,32.66558,1600.57705,-1.97908,11.19759,8.781977813684582,3.271517803340396,0.0
30.1283,15.51263,32.58225,1596.16135,-2.00421,11.20667,8.836553610167517,3.291848723505919,0.0
30.14927,15.51744,32.49815,1591.72096,-2.02658,11.21575,8.892006941152685,3.3125065483628444,0.0
30.17018,15.52224,32.41342,1587.25472,-2.04612,11.22483,8.94817889488964,3.3334320791029133,0.0
30.19104,15.52702,32.32818,1582.76155,-2.06279,11.23392,9.004905452624268,3.354564214424625,0.0
30.21183,15.53181,32.24255,1578.24044,-2.07655,11.24302,9.06201789037173,3.3758401002042318,0.0
30.23256,15.53658,32.15666,1573.6905,-2.08736,11.25211,9.119343244157028,3.3971953028100907,0.0
30.25323,15.54134,32.07064,1569.11089,-2.0952,11.26121,9.176704839457985,3.418564006334104,0.0
30.27385,15.54609,31.9846,1564.50089,-2.10007,11.27031,9.233922884720034,3.439879233691595,0.0
30.2944,15.55084,31.89869,1559.85987,-2.10195,11.27942,9.290815127848058,3.4610730911817917,0.0
30.31488,15.55557,31.81301,1555.1873,-2.10085,11.28852,9.347197573609694,3.4820770357394326,0.0
30.33531,15.5603,31.72769,1550.48278,-2.0968,11.29762,9.402885258784352,3.5028221636981733,0.0
30.35567,15.56501,31.64286,1545.74598,-2.08981,11.30673,9.457693080881297,3.5232395195098745,0.0
30.37598,15.56972,31.55863,1540.97672,-2.07993,11.31583,9.511436675114473,3.5432604224408033,0.0
30.39621,15.57442,31.47512,1536.1749,-2.0672,11.32493,9.563933333276792,3.562816808876473,0.0
30.41639,15.5791,31.39243,1531.34055,-2.05168,11.33403,9.615002957133711,3.58184158748585,0.0
30.4365,15.58378,31.31068,1526.47383,-2.03344,11.34312,9.6644690379743,3.600269004129888,0.0
30.45654,15.58845,31.22998,1521.57499,-2.01256,11.35221,9.71215965310447,3.61803501308148,0.0
30.47653,15.5931,31.15041,1516.6444,-1.98913,11.3613,9.757908469320958,3.6350776508459215,0.0
30.49644,15.59775,31.07208,1511.68257,-1.96324,11.37038,9.801555742740053,3.651337408623415,0.0
30.51629,15.60238,30.99508,1506.6901,-1.935,11.37945,9.84294930397063,3.66675759931195,0.0
30.53608,15.60701,30.91948,1501.6677,-1.90454,11.38852,9.881945517301245,3.681284714829728,0.0
30.5558,15.61162,30.84538,1496.6162,-1.87198,11.39759,9.918410202498812,3.694868769509433,0.0
30.57545,15.61622,30.77284,1491.53653,-1.83744,11.40665,9.952219507978844,3.7074636253771107,0.0
30.59503,15.62082,30.70193,1486.42973,-1.80109,11.4157,9.983260724400987,3.7190272952379164,0.0
30.61455,15.6254,30.6327,1481.29692,-1.76306,11.42474,10.011433028350803,3.7295222197171545,0.0
30.634,15.62997,30.56522,1476.13932,-1.72351,11.43377,10.036648146458644,3.738915514662011,0.0
30.65338,15.63452,30.49953,1470.95824,-1.68261,11.4428,10.058830931359052,3.747179185701611,0.0
30.67269,15.63907,30.43566,1465.75508,-1.64053,11.45182,10.077919841905292,3.7542903071395495,0.0
30.69194,15.64361,30.37365,1460.53129,-1.59744,11.46082,10.093867321442318,3.760231162870532,0.0
30.71111,15.64813,30.31352,1455.2884,-1.55352,11.46982,10.106640069298,3.764989347517996,0.0
30.73022,15.65264,30.25529,1450.02801,-1.50894,11.47881,10.116219202170273,3.7685578265550714,0.0
30.74926,15.65714,30.19897,1444.75176,-1.4639,11.48779,10.122600303670295,3.770934954760715,0.0
30.76823,15.66163,30.14456,1439.46133,-1.41858,11.49677,10.125793361879397,3.7721244529580242,0.0
30.78712,15.6661,30.09206,1434.15845,-1.37317,11.50573,10.12582259635039,3.772135343567674,0.0
30.80595,15.67057,30.04145,1428.84489,-1.32785,11.51468,10.122726177577896,3.770981846103238,0.0
30.82471,15.67502,29.99272,1423.52241,-1.28281,11.52362,10.116555843358036,3.768683234255076,0.0
30.8434,15.67946,29.94584,1418.19282,-1.23823,11.53255,10.10737641790206,3.765263656747506,0.0
30.86202,15.68388,29.90077,1412.85792,-1.19431,11.54147,10.095265240755467,3.7607519245961494,0.0
30.88056,15.6883,29.85748,1407.5195,-1.1512,11.55039,10.08031151361362,3.7551812677795713,0.0
30.89904,15.6927,29.81592,1402.17936,-1.10911,11.55929,10.0626155740697,3.74858906469127,0.0
30.91745,15.69709,29.77604,1396.83928,-1.06818,11.56818,10.042288106019269,3.7410165479946107,0.0
30.93578,15.70147,29.73778,1391.50101,-1.02859,11.57707,10.019449296899152,3.7325084906721333,0.0
30.95405,15.70583,29.70108,1386.16629,-0.99051,11.58594,9.994227952321753,3.723112876203536,0.0
30.97224,15.71018,29.66587,1380.83681,-0.95408,11.59481,9.96676057870504,3.712880556821216,0.0
30.99037,15.71452,29.63207,1375.51422,-0.91945,11.60367,9.937190444460956,3.701864903778237,0.0
31.00842,15.71885,29.59962,1370.20013,-0.88676,11.61252,9.90566663004251,3.6901214534658893,0.0
31.02641,15.72316,29.56843,1364.89611,-0.85615,11.62136,9.872343076710761,3.6777075530543564,0.0
31.04432,15.72747,29.53841,1359.60366,-0.82773,11.63019,9.837377643373106,3.664682009140159,0.0
31.06217,15.73175,29.50948,1354.32422,-0.80162,11.63902,9.800931180122971,3.6511047426153214,0.0
31.07994,15.73603,29.48154,1349.05918,-0.77793,11.64784,9.763166626358618,3.6370364526928887,0.0
31.09765,15.74029,29.4545,1343.80986,-0.75675,11.65665,9.724248140529639,3.622538292714602,0.0
31.11528,15.74454,29.42826,1338.57751,-0.73817,11.66546,9.684340267615612,3.607671560014795,0.0
31.13285,15.74878,29.40273,1333.3633,-0.72226,11.67427,9.643607149545423,3.5924974017808107,0.0
31.15035,15.75301,29.3778,1328.16835,-0.70911,11.68307,9.602211782811377,3.5770765384947287,0.0
31.16778,15.75722,29.35338,1322.99368,-0.69875,11.69186,9.560315326597506,3.561469006192954,0.0
31.18514,15.76142,29.32937,1317.84025,-0.69125,11.70065,9.518076463847436,3.545733918447187,0.0
31.20243,15.76561,29.30565,1312.70895,-0.68663,11.70944,9.475650816804903,3.5299292486378873,0.0
31.21966,15.76979,29.28214,1307.60056,-0.68494,11.71822,9.4331904177809,3.514111632801109,0.0
31.23681,15.77395,29.25872,1302.51581,-0.68617,11.72701,9.39084323511958,3.498336193038333,0.0
31.25391,15.7781,29.23531,1297.45536,-0.69036,11.73579,9.34875275367863,3.4826563812343614,0.0
31.27093,15.78224,29.21179,1292.41976,-0.69748,11.74457,9.30705760850744,3.4671238425927977,0.0
31.28789,15.78637,29.18808,1287.40951,-0.70755,11.75334,9.265891269891275,3.4517882983067185,0.0
31.30478,15.79048,29.16407,1282.42503,-0.72052,11.76212,9.225381777494075,3.4366974465198687,0.0
31.3216,15.79458,29.13967,1277.46664,-0.73639,11.7709,9.185651520904642,3.4218968805743386,0.0
31.33836,15.79867,29.11478,1272.53461,-0.75511,11.77968,9.14681706368536,3.407430023464091,0.0
31.35506,15.80275,29.08933,1267.62914,-0.77664,11.78847,9.108989007685734,3.393338077288175,0.0
31.37168,15.80682,29.06321,1262.75034,-0.80092,11.79725,9.072271894322402,3.379659986474939,0.0
31.38825,15.81087,29.03635,1257.89826,-0.8279,11.80604,9.036764139370238,3.3664324134899966,0.0
31.40475,15.81491,29.00866,1253.07287,-0.85751,11.81483,9.002557997809758,3.353689725740967,0.0
31.42119,15.81894,28.98006,1248.27408,-0.88968,11.82362,8.969739555251138,3.3414639923826877,0.0
31.43756,15.82296,28.95048,1243.50173,-0.92432,11.83242,8.938388742558212,3.3297849897650456,0.0
31.45387,15.82697,28.91986,1238.75561,-0.96134,11.84122,8.908579370364865,3.3186802142912377,0.0
31.47012,15.83097,28.88811,1234.03542,-1.00065,11.85002,8.880379180303937,3.308174901501885,0.0
31.4863,15.83495,28.85518,1229.34083,-1.04216,11.85884,8.85384990996933,3.2982920502751303,0.0
31.50243,15.83892,28.82101,1224.67142,-1.08576,11.86765,8.829047368760866,3.2890524510808437,0.0
31.51849,15.84288,28.78555,1220.02675,-1.13133,11.87648,8.806021522007242,3.2804747173186275,0.0
31.53449,15.84683,28.74873,1215.40628,-1.17877,11.88531,8.78481658096362,3.272575318844301,0.0
31.55042,15.85077,28.71052,1210.80946,-1.22795,11.89414,8.765471096514123,3.2653686168765326,0.0
31.5663,15.85469,28.67088,1206.23566,-1.27875,11.90299,8.748018054618756,3.2588668995533387,0.0
31.58212,15.85861,28.62975,1201.68422,-1.33104,11.91184,8.732484971836021,3.253080417516765,0.0
31.59787,15.86251,28.58712,1197.15441,-1.3847,11.92069,8.718893989433592,3.2480174189715907,0.0
31.61357,15.8664,28.54296,1192.64549,-1.4396,11.92956,8.707261964875073,3.2436841837665567,0.0
31.62921,15.87028,28.49723,1188.15664,-1.49559,11.93843,8.69760055972562,3.2400850561415164,0.0
31.64478,15.87415,28.44992,1183.68704,-1.55254,11.94732,8.68991632318148,3.2372224758443933,0.0
31.6603,15.87801,28.40101,1179.2358,-1.61031,11.95621,8.684210770765272,3.235097007447237,0.0
31.67576,15.88186,28.3505,1174.802,-1.66876,11.96511,8.680480457842046,3.2337073677328947,0.0
31.69116,15.8857,28.29838,1170.38471,-1.72775,11.97401,8.678717047908828,3.233050451134663,0.0
31.7065,15.88952,28.24464,1165.98293,-1.78714,11.98293,8.67890737579999,3.2331213532819496,0.0
31.72178,15.89334,28.18929,1161.59568,-1.84678,11.99186,8.681033506101679,3.2339133927611843,0.0
31.737,15.89714,28.13234,1157.22192,-1.90653,12.00079,8.685072787344955,3.23541813130419,0.0
31.75217,15.90093,28.0738,1152.86061,-1.96624,12.00973,8.690997902667128,3.237625392660865,0.0
31.76727,15.90471,28.01368,1148.51066,-2.02579,12.01868,8.698776917813365,3.2405232804810464,0.0
31.78232,15.90848,27.95201,1144.17099,-2.08502,12.02764,8.70837332753683,3.244098195599772,0.0
31.79731,15.91224,27.8888,1139.8405,-2.14379,12.03661,8.719746101563263,3.248334853160314,0.0
31.81225,15.91599,27.8241,1135.51807,-2.20198,12.04559,8.73284973146347,3.2532163000753926,0.0
31.82712,15.91973,27.75793,1131.2026,-2.25943,12.05457,8.74763427985803,3.2587239333572464,0.0
31.84194,15.92345,27.69032,1126.89294,-2.31604,12.06356,8.764045433505453,3.2648375198943516,0.0
31.8567,15.92717,27.62132,1122.58797,-2.37165,12.07257,8.782024561912712,3.2715352182853947,0.0
31.8714,15.93087,27.55098,1118.28657,-2.42615,12.08157,8.801508783147478,3.27879360335606,0.0
31.88605,15.93457,27.47932,1113.98762,-2.47941,12.09059,8.822431038622343,3.2865876940181207,0.0
31.90064,15.93825,27.40642,1109.68999,-2.53132,12.09961,8.844720178599863,3.294890985122315,0.0
31.91517,15.94192,27.33231,1105.3926,-2.58176,12.10864,8.868301060209923,3.3036754839723983,0.0
31.92964,15.94558,27.25706,1101.09434,-2.63062,12.11768,8.893094659705683,3.312911752143433,0.0
31.94406,15.94923,27.18072,1096.79416,-2.67781,12.12672,8.919018200674774,3.3225689532438336,0.0
31.95842,15.95287,27.10335,1092.49101,-2.72321,12.13577,8.945985299807576,3.332614907217885,0.0
31.97272,15.95649,27.02503,1088.18385,-2.76675,12.14482,8.973906131739996,3.3430161517540125,0.0
31.98697,15.96011,26.9458,1083.87171,-2.80832,12.15388,9.002687614322578,3.353738011302408,0.0
32.00116,15.96371,26.86574,1079.55361,-2.84787,12.16295,9.032233615537962,3.3647446741572176,0.0
32.01529,15.9673,26.78491,1075.22863,-2.8853,12.17202,9.062445183039422,3.375999277965693,0.0
32.02936,15.97089,26.70339,1070.89588,-2.92056,12.18109,9.093220797100045,3.387464003958416,0.0
32.04337,15.97446,26.62124,1066.55451,-2.9536,12.19016,9.124456647454586,3.399100180080169,0.0
32.05733,15.97801,26.53854,1062.20373,-2.98435,12.19924,9.156046934271393,3.4108683931099004,0.0
32.07123,15.98156,26.45536,1057.84277,-3.01278,12.20832,9.187884193165454,3.4227286097366343,0.0
32.08507,15.9851,26.37177,1053.47094,-3.03886,12.21741,9.219859643798205,3.434640306422075,0.0
32.09885,15.98862,26.28784,1049.08759,-3.06255,12.22649,9.251863561327012,3.4465626077753053,0.0
32.11258,15.99213,26.20365,1044.69212,-3.08386,12.23558,9.283785669532142,3.4584544330029328,0.0
32.12625,15.99564,26.11926,1040.28401,-3.10276,12.24466,9.315515554120266,3.4702746498755186,0.0
32.13986,15.99912,26.03475,1035.86276,-3.11926,12.25375,9.346943094313268,3.4819822355057606,0.0
32.15341,16.0026,25.95019,1031.42799,-3.13337,12.26284,9.377958910461079,3.493536443096058,0.0
32.1669,16.00607,25.86564,1026.97934,-3.14511,12.27192,9.408454825059833,3.5048969736798985,0.0
32.18033,16.00952,25.78117,1022.51652,-3.15451,12.281,9.438324334220091,3.5160241517561794,0.0
32.1937,16.01296,25.69686,1018.03934,-3.16162,12.29009,9.467463086302187,3.5268791035934703,0.0
32.20702,16.01639,25.61275,1013.54765,-3.16647,12.29917,9.49576936416802,3.5374239368814875,0.0
32.22027,16.01981,25.52892,1009.04137,-3.16912,12.30824,9.52314456723255,3.547621920307967,0.0
32.23347,16.02321,25.44542,1004.5205,-3.16964,12.31732,9.549493689321396,3.55743766157319,0.0
32.24661,16.0266,25.36231,999.9851,-3.1681,12.32639,9.574725788193364,3.5668372822994745,0.0
