0.0463,0.0463,57.33367,4896.70916,-0.55023,45.00011,2.558979214616917,0.9532870882401836,0.0
0.09258,0.09258,57.25995,4895.41753,-0.60008,45.00027,2.584287935959195,0.9627152528527182,0.0
0.13885,0.13885,57.17988,4894.12358,-0.64953,45.00048,2.6121734854958945,0.9731033537681049,0.0
0.18511,0.18511,57.09353,4892.82574,-0.69851,45.00075,2.6426898480205594,0.9844715017423644,0.0
0.23136,0.23136,57.00096,4891.52242,-0.74698,45.00108,2.6758955532110336,0.9968415006205023,0.0
0.27759,0.2776,56.90224,4890.21195,-0.79491,45.00146,2.7118536196556895,1.0102368264848058,0.0
0.32381,0.32382,56.79745,4888.89264,-0.84222,45.00189,2.7506314810744086,1.0246826001702187,0.0
0.37002,0.37004,56.68668,4887.56274,-0.88889,45.00238,2.7923008912406235,1.0402055518453006,0.0
0.41622,0.41624,56.57001,4886.22042,-0.93485,45.00293,2.836937803704572,1.0568339762059729,0.0
0.4624,0.46243,56.44755,4884.86384,-0.98005,45.00352,2.8846222220078275,1.074597676676491,0.0
0.50857,0.5086,56.31939,4883.49107,-1.02445,45.00418,2.935438015642356,1.0935278968493523,0.0
0.55473,0.55477,56.18565,4882.10012,-1.06797,45.00488,2.9894726965635217,1.1136572372305076,0.0
0.60087,0.60092,56.04645,4880.68894,-1.11057,45.00564,3.046817150585762,1.1350195551771847,0.0
0.647,0.64707,55.9019,4879.25543,-1.15219,45.00646,3.107565317533146,1.1576498457455549,0.0
0.69312,0.6932,55.75215,4877.79739,-1.19277,45.00732,3.1718138135455387,1.181584100989841,0.0
0.73922,0.73931,55.59734,4876.31258,-1.23225,45.00825,3.2396614884669823,1.2068591450778454,0.0
0.7853,0.78542,55.43761,4874.79866,-1.27055,45.00922,3.311208910839267,1.2335124424375026,0.0
0.83138,0.83151,55.27312,4873.25325,-1.30762,45.01025,3.3865577726029903,1.2615818759923603,0.0
0.87743,0.87759,55.10404,4871.67386,-1.34339,45.01132,3.465810205294977,1.291105492427129,0.0
0.92347,0.92366,54.93054,4870.05796,-1.37779,45.01246,3.5490679992729643,1.3221212113283307,0.0
0.9695,0.96971,54.75281,4868.40292,-1.41075,45.01364,3.636431717362255,1.354666494994358,0.0
1.01551,1.01574,54.57095,4866.70619,-1.44339,45.00247,3.7280398269663784,1.388792926176323,-10.99999981236023
1.06152,1.06175,54.38511,4864.96512,-1.47447,44.99102,3.8240323883429723,1.424552681005402,-10.99999981236023
1.10752,1.10774,54.19548,4863.17684,-1.50392,44.9793,3.924508724268144,1.461982759829035,-10.99999981236023
1.15352,1.1537,54.00228,4861.33838,-1.53165,44.96727,4.029562783672737,1.5011181610959061,-10.99999981236023
1.19951,1.19964,53.80573,4859.44673,-1.5576,44.95493,4.1392818029369804,1.5419913826529783,-10.99999981236023
1.24549,1.24554,53.60609,4857.4988,-1.58167,44.94225,4.253744641621424,1.5846318017614758,-10.99999981236023
1.29146,1.29143,53.40359,4855.49142,-1.60379,44.92922,4.373019957798367,1.6290649953598324,-10.99999981236023
1.33742,1.33728,53.19849,4853.4214,-1.62387,44.91582,4.49716421992986,1.6753119994359376,-10.99999981236023
1.38338,1.3831,52.99107,4851.28547,-1.64183,44.90204,4.626219554739642,1.7233885073028046,-10.99999981236023
1.42933,1.4289,52.7816,4849.08034,-1.65759,44.88785,4.7602114335728105,1.7733040077066737,-10.99999981236023
1.47527,1.47466,52.57037,4846.80267,-1.67105,44.87324,4.899146203435637,1.825060865074381,-10.99999981236023
1.5212,1.52039,52.35769,4844.44912,-1.68213,44.8582,5.04300847322874,1.8786533458164414,-10.99999981236023
1.56712,1.56609,52.14386,4842.01633,-1.69075,44.8427,5.191758370721099,1.9340665964776989,-10.99999981236023
1.61304,1.61176,51.92921,4839.50096,-1.69682,44.82672,5.345328691495679,1.9912755816445544,-10.99999981236023
1.65894,1.65739,51.71407,4836.89969,-1.70026,44.81025,5.503621967491836,2.0502439918998787,-10.99999981236023
1.70483,1.70299,51.49878,4834.20922,-1.70098,44.79327,5.666507489726977,2.1109231347084942,-10.99999981236023
1.75071,1.74854,51.2837,4831.42636,-1.69892,44.77577,5.833818327294333,2.173250823915414,-10.99999981236023
1.79658,1.79407,51.06919,4828.54796,-1.69399,44.75772,6.005348392630064,2.237150286480617,-10.99999981236023
1.84244,1.83955,50.85561,4825.57099,-1.68611,44.73912,6.180849611136745,2.3025291080893284,-10.99999981236023
1.88829,1.88499,50.64335,4822.49258,-1.67524,44.71994,6.360029261302985,2.3692782422765863,-10.99999981236023
1.93412,1.93038,50.43279,4819.30997,-1.66129,44.70018,6.542547559181442,2.437271110581754,-10.99999981236023
1.97994,1.97574,50.22433,4816.02064,-1.64421,44.67982,6.728015568130526,2.5063628238723,-10.99999981236023
2.02575,2.02105,50.01837,4812.62226,-1.62396,44.65885,6.915993520643857,2.5763895571811166,-10.99999981236023
2.07155,2.06631,49.8153,4809.11274,-1.60049,44.63726,7.105989643483821,2.6471681120378614,-10.99999981236023
2.11733,2.11153,49.61555,4805.49029,-1.57378,44.61504,7.297459579673265,2.7184957011456503,-10.99999981236023
2.16309,2.15669,49.41951,4801.75343,-1.54379,44.59219,7.489806500703425,2.7901499901814666,-10.99999981236023
2.20884,2.20181,49.22759,4797.90101,-1.51051,44.5687,7.682381999105014,2.8618894303023725,-10.99999981236023
2.25457,2.24687,49.04022,4793.93226,-1.47395,44.54457,7.87448784484964,2.933453912451254,-10.99999981236023
2.30028,2.29188,48.85779,4789.84682,-1.43412,44.5198,8.065378678527948,3.004565770636541,-10.99999981236023
2.34598,2.33684,48.68072,4785.64477,-1.39103,44.49439,8.254265699643835,3.0749311559188452,-10.99999981236023
2.39166,2.38173,48.5094,4781.32662,-1.34474,44.46835,8.440321389604174,3.1442417958489006,-10.99999981236023
2.43732,2.42657,48.34423,4776.89339,-1.29529,44.44169,8.622685286117157,3.212177145582884,-10.99999981236023
2.48296,2.47135,48.18558,4772.3466,-1.24275,44.41442,8.800470799043048,3.2784069269661544,-10.99999981236023
2.52857,2.51607,48.03383,4767.68829,-1.18721,44.38655,8.97277302800139,3.342594040797628,-10.99999981236023
2.57417,2.56072,47.88935,4762.92103,-1.12877,44.35811,9.138677509742104,3.4043978254556744,-10.99999981236023
2.61975,2.60531,47.75246,4758.04791,-1.06755,44.3291,9.2972697898564,3.463477622612278,-10.99999981236023
2.6653,2.64983,47.62351,4753.07261,-1.00367,44.29957,9.44764567984979,3.5194965982626076,-10.99999981236023
2.71083,2.69429,47.50279,4747.99928,-0.93729,44.26953,9.588922028516533,3.5721257553454193,-10.99999981236023
2.75634,2.73868,47.3906,4742.83266,-0.86858,44.23902,9.720247807560561,3.6210480634285256,-10.99999981236023
2.80182,2.78299,47.28719,4737.57794,-0.7977,44.20806,9.84081528691965,3.6659626218110914,-10.99999981236023
2.84727,2.82724,47.1928,4732.24085,-0.72487,44.1767,9.949871057011357,3.7065887656002583,-10.99999981236023
2.8927,2.87141,47.10765,4726.82752,-0.65028,44.14497,10.046726644264247,3.742670020275835,-10.99999981236023
2.93811,2.91551,47.03192,4721.34453,-0.57415,44.11292,10.13076846399352,3.773977809398349,-10.99999981236023
2.98348,2.95954,46.96577,4715.79884,-0.49672,44.08059,10.20146686161148,3.800314822697835,-10.99999981236023
3.02883,3.00349,46.90931,4710.19772,-0.41822,44.04802,10.258384009415382,3.8215179578350784,-10.99999981236023
3.07415,3.04737,46.86265,4704.54874,-0.33891,44.01527,10.30118045167708,3.837460758619726,-10.99999981236023
3.11944,3.09117,46.82584,4698.85968,-0.25903,43.98238,10.329620124607969,3.8480552850793117,-10.99999981236023
3.16471,3.13489,46.79892,4693.13849,-0.17885,43.9494,10.343573718636192,3.853253365995979,-10.99999981236023
3.20994,3.17854,46.78189,4687.39324,-0.09862,43.91637,10.343020296901729,3.85304720183849,-10.99999981236023
3.25514,3.22211,46.7747,4681.63202,-0.0186,43.88336,10.328047133665784,3.847469304565465,-10.99999981236023
3.30031,3.2656,46.7773,4675.86295,0.06095,43.85041,10.298847787429652,3.8365917798114695,-10.99999981236023
3.34545,3.30901,46.78958,4670.09403,0.13977,43.81756,10.255718473728752,3.8205249756573427,-10.99999981236023
3.39056,3.35234,46.81143,4664.33317,0.21762,43.78488,10.199052849476276,3.7994155396609894,-10.99999981236023
3.43564,3.3956,46.84267,4658.58807,0.29424,43.7524,10.129335362596425,3.7734439414207643,-10.99999981236023
3.48069,3.43878,46.88314,4652.86621,0.36942,43.72017,10.047133355788299,3.7428215310197688,-10.99999981236023
3.5257,3.48188,46.9326,4647.17479,0.44293,43.68823,9.953088140293977,3.7077872137695893,-10.99999981236023
3.57068,3.52491,46.99083,4641.52068,0.51455,43.65664,9.847905273996151,3.668603828545876,-10.99999981236023
3.61563,3.56786,47.05756,4635.9104,0.58409,43.62541,9.732344287417268,3.62555432045269,-10.99999981236023
3.66055,3.61074,47.1325,4630.35009,0.65135,43.5946,9.607208101781172,3.578937798772041,-10.99999981236023
3.70544,3.65354,47.21536,4624.84545,0.71618,43.56423,9.473332375572944,3.5290655682771237,-10.99999981236023
3.75029,3.69627,47.30582,4619.40178,0.77841,43.53434,9.331575001115665,3.4762572164307857,-10.99999981236023
3.79512,3.73893,47.40352,4614.0239,0.8379,43.50496,9.182805951782079,3.420836831204755,-10.99999981236023
3.83991,3.78152,47.50812,4608.71621,0.89453,43.47611,9.027897654810497,3.3631294147002437,-10.99999981236023
3.88467,3.82403,47.61924,4603.48263,0.94819,43.44781,8.867716036094938,3.3034575470966563,-10.99999981236023
3.9294,3.86648,47.73653,4598.32665,0.99878,43.42008,8.703112352775726,3.2421383440766856,-10.99999981236023
3.97409,3.90886,47.85958,4593.25127,1.04623,43.39294,8.534915898753871,3.179480739438493,-10.99999981236023
4.01876,3.95117,47.988,4588.2591,1.09047,43.36641,8.363927638188645,3.115783113406043,-10.99999981236023
4.0634,3.99341,48.1214,4583.3523,1.13146,43.34049,8.19091479399913,3.0513312767035465,-10.99999981236023
4.108,4.0356,48.25938,4578.53261,1.16916,43.31519,8.016606392818911,2.9863968109338557,-10.99999981236023
4.15258,4.07772,48.40153,4573.80142,1.20354,43.29051,7.841689745473679,2.9212357574637773,-10.99999981236023
4.19713,4.11978,48.54745,4569.15972,1.23459,43.26647,7.6668078233049215,2.8560876400356103,-10.99999981236023
4.24165,4.16178,48.69674,4564.60817,1.26233,43.24306,7.492557475386137,2.791174800633277,-10.99999981236023
4.28614,4.20372,48.849,4560.14708,1.28675,43.22028,7.319488420190867,2.726702023852135,-10.99999981236023
4.3306,4.2456,49.00382,4555.77651,1.30789,43.19813,7.148102937126215,2.662856421987096,-10.99999981236023
4.37503,4.28743,49.16082,4551.49621,1.32578,43.17661,6.978856178455122,2.5998075512318852,-10.99999981236023
4.41944,4.3292,49.31962,4547.30569,1.34044,43.1557,6.812157019996033,2.537707728587041,-10.99999981236023
4.46382,4.37093,49.47982,4543.20422,1.35194,43.1354,6.648369369357522,2.476692519211743,-10.99999981236023
4.50817,4.4126,49.64107,4539.19089,1.36032,43.1157,6.487813852761397,2.416881364809798,-10.99999981236023
4.5525,4.45422,49.80298,4535.26459,1.36565,43.09659,6.330769805474324,2.358378325117794,-10.99999981236023
4.5968,4.49579,49.96521,4531.42406,1.36799,43.07806,6.17747749596585,2.3012729064624797,-10.99999981236023
4.64108,4.53731,50.12741,4527.66788,1.36741,43.06009,6.0281405199205995,2.2456409535933033,-10.99999981236023
4.68533,4.57879,50.28924,4523.99453,1.36398,43.04268,5.882928306696866,2.1915455834041833,-10.99999981236023
4.72956,4.62022,50.45037,4520.40238,1.35777,43.02581,5.7419786875593255,2.13903814166777,-10.99999981236023
4.77376,4.66161,50.61047,4516.8897,1.34888,43.00947,5.605400481745842,2.088159166413376,-10.99999981236023
4.81794,4.70296,50.76925,4513.45469,1.33737,42.99363,5.473276063024351,2.0389393440369394,-10.99999981236023
4.8621,4.74426,50.9264,4510.09551,1.32333,42.9783,5.3456638755934645,1.9914004465402046,-10.99999981236023
4.90624,4.78553,51.08163,4506.81024,1.30684,42.96345,5.222600874061998,1.9455562404872873,-10.99999981236023
4.95035,4.82675,51.23466,4503.59695,1.28799,42.94906,5.104104867532389,1.901413360237433,-10.99999981236023
4.99444,4.86794,51.38523,4500.45367,1.26686,42.93512,4.990176752661829,1.8589721398190377,-10.99999981236023
5.03851,4.90909,51.53308,4497.37842,1.24354,42.92163,4.880802624803867,1.8182273993854448,-10.99999981236023
5.08256,4.95021,51.67796,4494.3692,1.21811,42.90855,4.775955760079595,1.7791691835886132,-10.99999981236023
5.12659,4.99129,51.81963,4491.42402,1.19065,42.89587,4.6755984643846835,1.741783450382889,-10.99999981236023
5.1706,5.03233,51.95787,4488.54087,1.16125,42.88359,4.579683788067055,1.706052709787554,-10.99999981236023
5.21459,5.07335,52.09246,4485.71777,1.12999,42.87168,4.488157107220871,1.671956612960441,-10.99999981236023
5.25856,5.11433,52.22319,4482.95275,1.09695,42.86013,4.400957574357592,1.639472492611076,-10.99999981236023
5.30251,5.15528,52.34986,4480.24385,1.06221,42.84893,4.318019442644486,1.6085758563143628,-10.99999981236023
5.34644,5.1962,52.47229,4477.58911,1.02586,42.83806,4.239273269013707,1.5792408347003721,-10.99999981236023
5.39036,5.23709,52.5903,4474.98663,0.98797,42.8275,4.1646470022350774,1.5514405867900798,-10.99999981236023
5.43425,5.27795,52.70372,4472.43448,0.94861,42.81724,4.094066962608195,1.5251476649564568,-10.99999981236023
5.47813,5.31878,52.81238,4469.9308,0.90787,42.80728,4.027458720279061,1.500334342120522,-10.99999981236023
5.52199,5.35959,52.91614,4467.47372,0.86581,42.79758,3.9647478793389928,1.4769729038488164,-10.99999981236023
5.56583,5.40037,53.01486,4465.06141,0.82252,42.78815,3.9058607748844083,1.4550359080265156,-10.99999981236023
5.60966,5.44112,53.10839,4462.69206,0.77805,42.77896,3.8507250901275194,1.4344964147473989,-10.99999981236023
5.65346,5.48185,53.19661,4460.36387,0.73249,42.77001,3.7992704004327913,1.4153281889817464,-10.99999981236023
5.69726,5.52255,53.27941,4458.07508,0.6859,42.76127,3.7514286508971577,1.3975058784875332,-10.99999981236023
5.74103,5.56323,53.35668,4455.82393,0.63835,42.75275,3.7071345737704284,1.3810051693105156,-10.99999981236023
5.78479,5.60388,53.42831,4453.6087,0.58991,42.74442,3.6663260516316405,1.365802921076978,-10.99999981236023
5.82854,5.64451,53.49421,4451.42767,0.54064,42.73628,3.6289444318768913,1.351877284148723,-10.99999981236023
5.87226,5.68512,53.55429,4449.27913,0.49061,42.7283,3.5949347976294392,1.3392078005442143,-10.99999981236023
5.91598,5.72571,53.60848,4447.16142,0.43988,42.72049,3.5642461997973087,1.32777549038614,-10.99999981236023
5.95967,5.76627,53.65669,4445.07284,0.38851,42.71282,3.5368318545651154,1.3175629254723134,-10.99999981236023
6.00336,5.80681,53.69888,4443.01174,0.33657,42.70528,3.5126493102096603,1.3085542914188701,-10.99999981236023
6.04702,5.84734,53.73497,4440.97645,0.28412,42.69788,3.491660586694152,1.300735439662791,-10.99999981236023
6.09068,5.88784,53.76493,4438.96533,0.23121,42.69058,3.4738322911217105,1.2940939304713683,-10.99999981236023
6.13431,5.92832,53.7887,4436.97671,0.17792,42.68338,3.459135711717274,1.2886190679529392,-10.99999981236023
6.17794,5.96878,53.80625,4435.00896,0.12429,42.67628,3.4475468926360726,1.2843019279250103,-10.99999981236023
6.22155,6.00922,53.81755,4433.06041,0.07039,42.66925,3.43904669152864,1.2811353793587401,-10.99999981236023
6.26514,6.04964,53.82258,4431.12941,0.01628,42.66229,3.4336208214235975,1.279114099981377,-10.99999981236023
6.30872,6.09004,53.82133,4429.21428,-0.03799,42.65538,3.431259878141882,1.2782345864887819,-10.99999981236023
6.35229,6.13042,53.81377,4427.31335,-0.09235,42.64852,3.431959354120576,1.278495159695166,-10.99999981236023
6.39584,6.17078,53.79992,4425.42492,-0.14675,42.64169,3.435719639175285,1.2798959648170993,-10.99999981236023
6.43938,6.21112,53.77977,4423.54729,-0.20113,42.63488,3.4425460083967043,1.282438966964662,-10.99999981236023
6.48291,6.25145,53.75334,4421.67872,-0.25542,42.62808,3.4524485970610956,1.2861279417949367,-10.99999981236023
6.52642,6.29175,53.72064,4419.81746,-0.30958,42.62128,3.465442362085687,1.2909684611531311,-10.99999981236023
6.56992,6.33204,53.68171,4417.96175,-0.36354,42.61447,3.481547029241367,1.2969678734079169,-10.99999981236023
6.61341,6.37231,53.63656,4416.10977,-0.41724,42.60764,3.5007870249977655,1.304135278061931,-10.99999981236023
6.65688,6.41256,53.58524,4414.2597,-0.47063,42.60076,3.5231913915396267,1.3124814940931362,-10.99999981236023
6.70034,6.45279,53.5278,4412.40966,-0.52363,42.59384,3.5487936831540217,1.322019021356333,-10.99999981236023
6.74378,6.493,53.46429,4410.55777,-0.57619,42.58686,3.577631841831774,1.3327619942414168,-10.99999981236023
6.78721,6.5332,53.39476,4408.70208,-0.62825,42.5798,3.6097480495861687,1.3447261266582122,-10.99999981236023
6.83063,6.57337,53.31929,4406.84061,-0.67974,42.57266,3.645188554627981,1.3579286472820966,-10.99999981236023
6.87404,6.61353,53.23795,4404.97133,-0.7306,42.56542,3.6840034681714675,1.3723882238588854,-10.99999981236023
6.91743,6.65367,53.15082,4403.09219,-0.78076,42.55807,3.726246528286857,1.3881248752336737,-10.99999981236023
6.96081,6.69378,53.05798,4401.20107,-0.83016,42.55059,3.7719748268426185,1.4051598696296421,-10.99999981236023
7.00417,6.73388,52.95955,4399.2958,-0.87873,42.54298,3.8212484952450567,1.4235156075777926,-10.99999981236023
7.04752,6.77396,52.85561,4397.37416,-0.9264,42.53521,3.8741303443038877,1.4432154877573968,-10.99999981236023
7.09086,6.81402,52.7463,4395.4339,-0.97311,42.52728,3.93068545324265,1.4642837538915592,-10.99999981236023
7.13419,6.85407,52.63171,4393.47268,-1.01877,42.51916,3.990980702573862,1.4867453207309254,-10.99999981236023
7.1775,6.89409,52.51199,4391.48812,-1.06333,42.51086,4.055084245269872,1.510625577050908,-10.99999981236023
7.2208,6.93408,52.38727,4389.47778,-1.10669,42.50234,4.123064910469311,1.5359501635166504,-10.99999981236023
7.26408,6.97406,52.2577,4387.43919,-1.1488,42.4936,4.194991533782,1.562744723203985,-10.99999981236023
7.30735,7.01402,52.12344,4385.36977,-1.18958,42.48461,4.270932208216056,1.5910346225500704,-10.99999981236023
7.35061,7.05396,51.98463,4383.26693,-1.22893,42.47537,4.350953449744094,1.6208446405048458,-10.99999981236023
7.39385,7.09387,51.84147,4381.12799,-1.2668,42.46586,4.435119271728439,1.6521986237300708,-10.99999981236023
7.43708,7.13376,51.69412,4378.95025,-1.30309,42.45606,4.52349016269758,1.6851191057941557,-10.99999981236023
7.48029,7.17363,51.54278,4376.73093,-1.33773,42.44595,4.616121962476131,1.7196268885010046,-10.99999981236023
7.52349,7.21347,51.38766,4374.4672,-1.37063,42.43552,4.713064632352221,1.7557405837450053,-10.99999981236023
7.56667,7.25329,51.22895,4372.15619,-1.40171,42.42475,4.81436091591987,1.793476114639582,-10.99999981236023
7.60984,7.29308,51.06688,4369.79499,-1.43088,42.41362,4.9200448884248855,1.8328461751103715,-10.99999981236023
7.65299,7.33285,50.90167,4367.38066,-1.45807,42.40212,5.030140393965209,1.873859647711234,-10.99999981236023
7.69613,7.3726,50.73367,4364.90998,-1.48134,42.40934,5.144582759030141,1.9164924398577696,0.0
7.73923,7.41233,50.56324,4362.3798,-1.5024,42.4166,5.263285290346161,1.960712256024556,0.0
7.7823,7.45206,50.39063,4359.78716,-1.52118,42.42389,5.3862157749242465,2.006507096025608,0.0
7.82534,7.49177,50.21612,4357.12913,-1.53758,42.43123,5.513323880207653,2.0538582096592073,0.0
7.86836,7.53146,50.03999,4354.40279,-1.55154,42.43861,5.644538836167894,2.1027392332276724,0.0
7.91134,7.57114,49.86252,4351.60523,-1.56295,42.44603,5.7797673845150115,2.153115425564221,0.0
7.95429,7.61081,49.68401,4348.73359,-1.57176,42.45348,5.918891707031379,2.2049428962828013,0.0
7.9972,7.65046,49.50478,4345.78507,-1.57787,42.46098,6.0617673604817535,2.258167836477758,0.0
8.04008,7.69009,49.32513,4342.75692,-1.58122,42.4685,6.208221250281478,2.3127257638619114,0.0
8.08293,7.72971,49.14539,4339.64649,-1.58173,42.47607,6.358049679879322,2.3685407961103504,0.0
8.12575,7.76931,48.96588,4336.45124,-1.57935,42.48367,6.5110165175788115,2.4255249679531388,0.0
8.16852,7.80889,48.78694,4333.16874,-1.574,42.49131,6.666851527061436,2.483577609251287,0.0
8.21126,7.84845,48.60892,4329.79672,-1.56564,42.49898,6.825248912036491,2.5425848028405222,0.0
8.25397,7.88799,48.43216,4326.33307,-1.55421,42.50669,6.985866128969109,2.6024189422412434,0.0
8.29663,7.92751,48.25701,4322.77587,-1.53967,42.51443,7.14832302450962,2.6629384103282625,0.0
8.33926,7.96701,48.08383,4319.12341,-1.52198,42.5222,7.312201355849903,2.7239874006509233,0.0
8.38184,8.00649,47.91298,4315.37423,-1.50112,42.53,7.4770447523299115,2.7853959031305244,0.0
8.42438,8.04594,47.74481,4311.52712,-1.47707,42.53784,7.642359175249311,2.846979875352249,0.0
8.46688,8.08537,47.57969,4307.58115,-1.44983,42.5457,7.807613929384405,2.908541619381841,0.0
8.50934,8.12477,47.41796,4303.5357,-1.41939,42.5536,7.972243274316047,2.9698703820276395,0.0
8.55176,8.16415,47.26,4299.39047,-1.38577,42.56152,8.135648675916181,3.0307431935785654,0.0
8.59413,8.20351,47.10615,4295.14553,-1.349,42.56948,8.297201728281848,3.0909259563014095,0.0
8.63645,8.24283,46.95676,4290.80129,-1.30911,42.57746,8.456247763979356,3.150174789351786,0.0
8.67872,8.28213,46.81218,4286.35856,-1.26617,42.58546,8.612110155848423,3.208237631309358,0.0
8.72095,8.3214,46.67273,4281.81854,-1.22022,42.5935,8.764095296904047,3.264856095322313,0.0
8.76313,8.36063,46.53874,4277.18284,-1.17136,42.60156,8.911498226674256,3.319767565066217,0.0
8.80526,8.39984,46.41052,4272.4535,-1.11968,42.60964,9.053608852781625,3.3727075124468224,0.0
8.84734,8.43902,46.28837,4267.63296,-1.06529,42.61775,9.189718696665182,3.423412010558975,0.0
8.88936,8.47816,46.17258,4262.72411,-1.00831,42.62588,9.319128072496097,3.471620408021594,0.0
8.93133,8.51727,46.06342,4257.73023,-0.94887,42.63403,9.441153589586909,3.517078123822508,0.0
8.97325,8.55634,45.96114,4252.65504,-0.88713,42.64221,9.555135851525296,3.5595395154483653,0.0
9.01512,8.59538,45.86596,4247.50264,-0.82326,42.65041,9.660447211093462,3.5987707677961422,0.0
9.05693,8.63438,45.77812,4242.27752,-0.75742,42.65863,9.75649942913414,3.6345527463022536,0.0
9.09868,8.67335,45.69779,4236.98453,-0.68981,42.66687,9.842751079008673,3.6666837552980085,0.0
9.14038,8.71228,45.62514,4231.62887,-0.62062,42.67513,9.918714536475056,3.6949821419230924,0.0
9.18202,8.75117,45.56032,4226.21603,-0.55008,42.68341,9.983962398180305,3.719288687182862,0.0
9.2236,8.79002,45.50346,4220.75179,-0.47838,42.69171,10.038133180642811,3.739468728969214,0.0
9.26512,8.82884,45.45463,4215.24215,-0.40577,42.70003,10.080936165491563,3.755413967039686,0.0
9.30658,8.86761,45.41392,4209.69333,-0.33247,42.70837,10.11215527551664,3.7670439069482478,0.0
9.34798,8.90635,45.38136,4204.11169,-0.25872,42.71672,10.131651889066992,3.7743069084825307,0.0
9.38933,8.94504,45.35697,4198.50373,-0.18475,42.7251,10.139366526832609,3.777180814034559,0.0
9.43061,8.98369,45.34073,4192.876,-0.11082,42.73349,10.135319373895983,3.7756731430786634,0.0
9.47183,9.02231,45.33262,4187.23509,-0.03714,42.7419,10.119609630121142,3.7698208501742987,0.0
9.51299,9.06088,45.33257,4181.58756,0.03602,42.75033,10.092413712179196,3.7596896551732573,0.0
9.55409,9.09941,45.34048,4175.93992,0.10845,42.75877,10.05398235964069,3.7453729651629213,0.0
9.59513,9.13789,45.35624,4170.29858,0.17992,42.76724,10.004636724466096,3.726990417698582,0.0
9.6361,9.17634,45.37971,4164.66982,0.25019,42.77572,9.944763546857988,3.704686083681448,0.0
9.67702,9.21475,45.41073,4159.05971,0.31905,42.78422,9.874809540055773,3.6786263755469286,0.0
9.71787,9.25311,45.44912,4153.47414,0.3863,42.79274,9.795275121632361,3.6489977120077124,0.0
9.75866,9.29143,45.49467,4147.91875,0.45175,42.80127,9.706707638792965,3.6160039942993136,0.0
9.7994,9.32971,45.54716,4142.3989,0.5152,42.80983,9.609694240138607,3.579863950724423,0.0
9.84007,9.36796,45.60633,4136.91967,0.57649,42.8184,9.504854546257082,3.5408084062551914,0.0
9.88068,9.40616,45.67194,4131.48582,0.63544,42.82699,9.392833266872588,3.499077532227216,0.0
9.92123,9.44432,45.7437,4126.10179,0.69193,42.83561,9.27429290354561,3.4549181279032455,0.0
9.96172,9.48244,45.82132,4120.77169,0.74581,42.84424,9.149906664763465,3.4085809811579826,0.0
10.00216,9.52052,45.90451,4115.49926,0.79696,42.85289,9.020351705409595,3.3603183500025304,0.0
10.04253,9.55857,45.99294,4110.28792,0.84527,42.86156,8.88630278584064,3.3103816004237485,0.0
10.08285,9.59657,46.08631,4105.14071,0.89066,42.87026,8.748426427968313,3.2590190293709984,0.0
10.12311,9.63454,46.18427,4100.06035,0.93304,42.87897,8.607375627422527,3.2064738948977713,0.0
10.16332,9.67247,46.28649,4095.0492,0.97235,42.88771,8.463785162972687,3.1529826687977054,0.0
10.20347,9.71037,46.39263,4090.10931,1.00853,42.89647,8.318267527137698,3.0987735206497393,0.0
10.24356,9.74823,46.50235,4085.24236,1.04155,42.90525,8.171409486197641,3.044065036331956,0.0
10.2836,9.78605,46.61529,4080.44977,1.07138,42.91406,8.023769263575494,2.989065168757154,0.0
10.32359,9.82384,46.73112,4075.73264,1.098,42.92289,7.875874328333633,2.9339704140296172,0.0
10.36352,9.8616,46.84948,4071.09178,1.1214,42.93174,7.7282197602212,2.878965202382232,0.0
10.40341,9.89933,46.97003,4066.52773,1.14159,42.94062,7.5812671545890575,2.8242214902284997,0.0
10.44324,9.93702,47.09242,4062.04081,1.15858,42.94953,7.435444024232373,2.7698985373331584,0.0
10.48302,9.97469,47.21631,4057.63108,1.17241,42.95846,7.291143651000546,2.7161428515329775,0.0
10.52275,10.01232,47.34138,4053.29838,1.18309,42.96742,7.148725337419432,2.6630882824726574,0.0
10.56243,10.04992,47.46727,4049.04235,1.19066,42.97641,7.008515007612419,2.610856245463739,0.0
10.60207,10.08749,47.59368,4044.86247,1.19518,42.98542,6.8708061071012505,2.5595560566840887,0.0
10.64165,10.12504,47.72028,4040.75803,1.19669,42.99446,6.7358607525200815,2.509285361476633,0.0
10.68119,10.16256,47.84675,4036.72817,1.19526,43.00354,6.603911084581588,2.4601306383648334,0.0
10.72069,10.20005,47.97279,4032.7719,1.19094,43.01264,6.475160780639869,2.412167762522165,0.0
10.76014,10.23752,48.0981,4028.8881,1.18379,43.02177,6.349786686637244,2.3654626137152395,0.0
10.79955,10.27496,48.2224,4025.07555,1.1739,43.03093,6.227940532055215,2.3200717151681585,0.0
10.83891,10.31238,48.3454,4021.33293,1.16134,43.04012,6.109750695379005,2.2760428912445088,0.0
10.87823,10.34977,48.46682,4017.65882,1.14617,43.04935,5.9953239915830805,2.23341593333275,0.0
10.91751,10.38714,48.58641,4014.05175,1.12848,43.0586,5.884747457041514,2.192223264772291,0.0
10.95674,10.42449,48.7039,4010.51018,1.10836,43.06789,5.778090110995998,2.1524905970466657,0.0
10.99594,10.46182,48.81906,4007.03251,1.08587,43.07721,5.675404676260587,2.114237570791331,0.0
11.03509,10.49912,48.93163,4003.61708,1.06112,43.08657,5.576729245095059,2.077478376375321,0.0
11.07421,10.53641,49.04141,4000.26223,1.03417,43.09596,5.482088879150087,2.042222349922924,0.0
11.11329,10.57367,49.14816,3996.96622,1.00512,43.10538,5.391497135090115,2.008474541648343,0.0
11.15233,10.61092,49.25168,3993.72732,0.97405,43.11484,5.304957509836441,1.9762362542467704,0.0
11.19133,10.64815,49.35177,3990.54377,0.94105,43.12433,5.222464801462316,1.94550554986362,0.0
11.23029,10.68535,49.44824,3987.41378,0.9062,43.13385,5.144006383532184,1.916277724819428,0.0
11.26922,10.72255,49.5409,3984.33556,0.86959,43.14342,5.069563392197454,1.888545751834256,0.0
11.30811,10.75972,49.62959,3981.30731,0.83131,43.15301,4.999111826589281,1.8623006899529575,0.0
11.34697,10.79688,49.71414,3978.32721,0.79144,43.16265,4.932623564072881,1.837532062754125,0.0
11.38579,10.83402,49.7944,3975.39346,0.75006,43.17232,4.870067292733426,1.8142282057256185,0.0
11.42458,10.87115,49.87021,3972.50423,0.70725,43.18202,4.811409364080628,1.7923765839194614,0.0
11.46333,10.90826,49.94146,3969.65771,0.66311,43.19177,4.756614569401651,1.771964081163725,0.0
11.50205,10.94536,50.008,3966.85207,0.61772,43.20155,4.705646843510045,1.7529772622275237,0.0
11.54073,10.98244,50.06972,3964.08549,0.57115,43.21136,4.658469899827712,1.73540260940576,0.0
11.57938,11.01951,50.12651,3961.35615,0.52349,43.22122,4.615047800778262,1.7192267350056534,0.0
11.618,11.05657,50.17826,3958.66223,0.47481,43.23111,4.575345467519131,1.7044365712353688,0.0
11.65659,11.09361,50.22489,3956.0019,0.42521,43.24104,4.53932913289672,1.6910195389417235,0.0
11.69515,11.13064,50.26631,3953.37334,0.37476,43.25101,4.506966741392344,1.6789636966005757,0.0
11.73367,11.16766,50.30244,3950.77472,0.32354,43.26102,4.478228299619505,1.6682578708862816,0.0
11.77216,11.20466,50.33322,3948.2042,0.27162,43.27106,4.453086180706886,1.6588917700623687,0.0
11.81062,11.24165,50.35857,3945.65995,0.21909,43.28114,4.431515385612079,1.6508560813277766,0.0
11.84905,11.27864,50.37846,3943.14013,0.16602,43.29126,4.413493764142868,1.6441425531530962,0.0
11.88745,11.31561,50.39284,3940.64288,0.11249,43.30142,4.399002198126541,1.638744063515965,0.0
11.92581,11.35257,50.40166,3938.16634,0.05858,43.31162,4.388024748870224,1.6346546748339135,0.0
11.96415,11.38951,50.40491,3935.70864,0.00436,43.32186,4.380548770694556,1.6318696762586526,0.0
12.00246,11.42645,50.40256,3933.2679,-0.05009,43.33213,4.376564991997543,1.630385613874489,0.0
12.04073,11.46338,50.39459,3930.8422,-0.10469,43.34245,4.376067564958869,1.63020030921449,0.0
12.07898,11.50029,50.38101,3928.42964,-0.15936,43.3528,4.37905408464498,1.6313128663776288,0.0
12.1172,11.5372,50.36181,3926.02827,-0.21404,43.36319,4.385525577933271,1.6337236679027531,0.0
12.15538,11.5741,50.33702,3923.63615,-0.26863,43.37362,4.395486462330135,1.637434359427227,0.0
12.19354,11.61098,50.30663,3921.25128,-0.32308,43.38409,4.408944474421007,1.6424478230326864,0.0
12.23167,11.64786,50.27069,3918.87166,-0.37729,43.39459,4.42591056734504,1.6487681390516602,0.0
12.26976,11.68472,50.22923,3916.49526,-0.4312,43.40514,4.446398776376696,1.656400535993175,0.0
12.30783,11.72158,50.18228,3914.12002,-0.48472,43.41572,4.470426051367576,1.6653513281229315,0.0
12.34587,11.75843,50.12991,3911.74385,-0.53777,43.42634,4.498012054498508,1.6756278401206295,0.0
12.38388,11.79526,50.07216,3909.36463,-0.59028,43.437,4.52917892149879,1.6872383181278596,0.0
12.42186,11.83209,50.00911,3906.98021,-0.64217,43.4477,4.563950984224496,1.7001918264012177,0.0
12.45981,11.8689,49.94065,3904.5888,-0.6968,43.43233,4.6024691662906605,1.7145408626952292,-14.999999744127583
12.49776,11.90568,49.86668,3902.18851,-0.75067,43.41675,4.644880601244892,1.7303402381276942,-14.999999744127583
12.53568,11.94243,49.78731,3899.77697,-0.8037,43.40094,4.69122295500085,1.7476039842425013,-14.999999744127583
12.5736,11.97916,49.70261,3897.35174,-0.85582,43.38486,4.741535390271145,1.7663466901805294,-14.999999744127583
12.6115,12.01585,49.61271,3894.91034,-0.90693,43.36851,4.79585825167911,1.786583385375503,-14.999999744127583
12.64939,12.05252,49.5177,3892.45027,-0.95695,43.35184,4.854232500600517,1.8083293290176543,-14.999999744127583
12.68727,12.08916,49.41772,3889.96896,-1.0058,43.33485,4.916699085847067,1.83159977561677,-14.999999744127583
12.72513,12.12576,49.3129,3887.4638,-1.05337,43.3175,4.9832982460228825,1.856409715111628,-14.999999744127583
12.76298,12.16234,49.20337,3884.93214,-1.09959,43.29977,5.054068739448618,1.882773585996464,-14.999999744127583
12.80081,12.19889,49.08929,3882.37129,-1.14437,43.28164,5.129046997762207,1.9107049600149835,-14.999999744127583
12.83863,12.23541,48.97081,3879.77851,-1.1876,43.26308,5.208266199583507,1.9402161970760643,-14.999999744127583
12.87644,12.27189,48.84811,3877.15102,-1.22921,43.24406,5.291755261128899,1.9713180692311403,-14.999999744127583
12.91423,12.30834,48.72135,3874.48602,-1.2691,43.22456,5.3795377412814505,2.004019352784026,-14.999999744127583
12.95201,12.34476,48.59073,3871.78063,-1.30718,43.20455,5.47163065945626,2.038326387914652,-14.999999744127583
12.98978,12.38115,48.45644,3869.032,-1.34335,43.184,5.568043225652964,2.0742426055902143,-14.999999744127583
13.02753,12.4175,48.31869,3866.2372,-1.37752,43.1629,5.6687754833719275,2.111768022015742,-14.999999744127583
13.06527,12.45382,48.17768,3863.39332,-1.4096,43.14121,5.773816867594719,2.150898701443888,-14.999999744127583
13.10299,12.4901,48.03365,3860.4974,-1.43949,43.1189,5.88314468189003,2.191626188856811,-14.999999744127583
13.1407,12.52634,47.88682,3857.54649,-1.46711,43.09595,5.996722500760143,2.233936914798197,-14.999999744127583
13.1784,12.56255,47.73744,3854.53766,-1.49235,43.07234,6.1144985057838275,2.2778115755427146,-14.999999744127583
13.21608,12.59872,47.58575,3851.46795,-1.51513,43.04803,6.236403766788931,2.323224492787575,-14.999999744127583
13.25374,12.63484,47.43202,3848.33446,-1.53536,43.023,6.362350482301129,2.3701429581733957,-14.999999744127583
13.29139,12.67093,47.2765,3845.13429,-1.55295,42.99723,6.492230196695647,2.4185265691263083,-14.999999744127583
13.32903,12.70697,47.11949,3841.8646,-1.56781,42.97068,6.625912015038803,2.4683265638394656,-14.999999744127583
13.36665,12.74298,46.96126,3838.52262,-1.57987,42.94334,6.763240840182129,2.5194851645442093,-14.999999744127583
13.40426,12.77893,46.8021,3835.10563,-1.58904,42.91518,6.9040356604732205,2.5719349396373175,-14.999999744127583
13.44185,12.81485,46.64231,3831.61102,-1.59524,42.88618,7.048087920171702,2.6255981966180673,-14.999999744127583
13.47942,12.85071,46.4822,3828.03626,-1.59842,42.85632,7.195160008338002,2.680386419159548,-14.999999744127583
13.51698,12.88653,46.32208,3824.37897,-1.5985,42.82558,7.344983905422203,2.736199762927397,-14.999999744127583
13.55452,12.9223,46.16226,3820.6369,-1.59542,42.79393,7.49726002976419,2.7929266258707544,-14.999999744127583
13.59205,12.95802,46.00307,3816.80797,-1.58912,42.76137,7.651656328759966,2.8504433096577997,-14.999999744127583
13.62955,12.99369,45.84483,3812.89027,-1.57958,42.72787,7.80780766113441,2.908613789556107,-14.999999744127583
13.66705,13.0293,45.68787,3808.8821,-1.56673,42.69342,7.9653155176096995,2.967289610374276,-14.999999744127583
13.70452,13.06486,45.53252,3804.78197,-1.55056,42.65802,8.123748126857873,3.026309925932054,-14.999999744127583
13.74197,13.10036,45.37912,3800.58867,-1.53105,42.62166,8.282640991984358,3.085501698914565,-14.999999744127583
13.77941,13.13581,45.22799,3796.30121,-1.50818,42.58432,8.441497899568304,3.144680076766379,-14.999999744127583
13.81683,13.1712,45.07948,3791.91892,-1.48196,42.54602,8.59979243847196,3.203648957487976,-14.999999744127583
13.85423,13.20652,44.9339,3787.4414,-1.4524,42.50673,8.756970058989442,3.2622017567228303,-14.999999744127583
13.89161,13.24179,44.79159,3782.86861,-1.41952,42.46648,8.91245069454601,3.3201223844093835,-14.999999744127583
13.92896,13.27699,44.65287,3778.20082,-1.38337,42.42527,9.065631957925808,3.3771864354599654,-14.999999744127583
13.9663,13.31213,44.51805,3773.43866,-1.34399,42.38311,9.215892912181879,3.4331625945240027,-14.999999744127583
14.00362,13.34719,44.38745,3768.58313,-1.30145,42.34001,9.362598403000515,3.4878142499077223,-14.999999744127583
14.04092,13.3822,44.26137,3763.6356,-1.25582,42.29599,9.505103924783901,3.540901306317975,-14.999999744127583
14.07819,13.41713,44.14009,3758.59783,-1.20721,42.25108,9.642760977300187,3.5921821803553287,-14.999999744127583
14.11545,13.45199,44.0239,3753.47197,-1.15571,42.2053,9.77492285407433,3.641415956841959,-14.999999744127583
14.15268,13.48678,43.91306,3748.26054,-1.10145,42.15868,9.900950788141785,3.6883646782766,-14.999999744127583
14.18988,13.5215,43.80783,3742.96646,-1.04457,42.11125,10.020220366092786,3.732795734234813,-14.999999744127583
14.22707,13.55614,43.70843,3737.59304,-0.98521,42.06305,10.13212810796536,3.774484312552245,-14.999999744127583
14.26423,13.59071,43.6151,3732.14394,-0.92354,42.01412,10.236098099384218,3.8132158699708847,-14.999999744127583
14.30136,13.6252,43.52803,3726.62318,-0.85974,41.96451,10.331588553716022,3.848788576714549,-14.999999744127583
14.33847,13.65961,43.44741,3721.03512,-0.79399,41.91427,10.418098176655034,3.881015687464502,-14.999999744127583
14.37555,13.69394,43.37339,3715.38445,-0.72649,41.86345,10.495172203863419,3.9097277905393306,-14.999999744127583
14.41261,13.72819,43.30613,3709.67612,-0.65746,41.81209,10.562407984529319,3.934774887917238,-14.999999744127583
14.44964,13.76237,43.24573,3703.91539,-0.58711,41.76027,10.619459989873842,3.956028261036678,-14.999999744127583
14.48665,13.79646,43.19229,3698.1077,-0.51567,41.70803,10.666044135865702,3.9733820811212945,-14.999999744127583
14.52362,13.83046,43.1459,3692.25873,-0.44338,41.65544,10.701941323462574,3.9867547280129805,-14.999999744127583
14.56057,13.86439,43.10659,3686.37431,-0.37047,41.60256,10.727000116978273,3.9960897879341175,-14.999999744127583
14.59749,13.89823,43.0744,3680.46039,-0.29718,41.54946,10.741138501380867,4.001356708127366,-14.999999744127583
14.63438,13.93199,43.04932,3674.52302,-0.22377,41.4962,10.744344681483847,4.0025510945754,-14.999999744127583
14.67125,13.96566,43.03133,3668.56829,-0.15047,41.44284,10.73667690939351,3.9996946477205246,-14.999999744127583
14.70808,13.99925,43.0204,3662.60231,-0.07753,41.38945,10.718262350379012,3.9928347399714164,-14.999999744127583
14.74488,14.03276,43.01644,3656.63114,-0.0052,41.3361,10.689295020548622,3.9820436474332777,-14.999999744127583
14.78166,14.06618,43.01937,3650.66081,0.0663,41.28284,10.65003285149421,3.967417456410667,-14.999999744127583
14.8184,14.09951,43.02907,3644.69722,0.13672,41.22974,10.600793956750985,3.9490746725655237,-14.999999744127583
14.85511,14.13277,43.04541,3638.74614,0.20584,41.17686,10.541952191686649,3.9271545668590417,-14.999999744127583
14.8918,14.16593,43.06823,3632.81319,0.27344,41.12426,10.473932111892013,3.9018152974195277,-14.999999744127583
14.92845,14.19902,43.09736,3626.90377,0.33932,41.072,10.397203444899061,3.873231850111922,-14.999999744127583
14.96507,14.23202,43.1326,3621.02307,0.40328,41.02012,10.312275195994491,3.8415938427982534,-14.999999744127583
15.00166,14.26494,43.17375,3615.17604,0.46513,40.96868,10.219689510958181,3.807103239046242,-14.999999744127583
15.03822,14.29778,43.22057,3609.36735,0.52469,40.91773,10.120015416960909,3.7699720164490063,-14.999999744127583
15.07475,14.33054,43.27282,3603.60141,0.5818,40.86731,10.013842557999926,3.7304198329099925,-14.999999744127583
15.11124,14.36321,43.33026,3597.88231,0.63632,40.81747,9.901775033343377,3.688671731301391,-14.999999744127583
15.14771,14.39581,43.3926,3592.21386,0.68811,40.76823,9.784425437294058,3.6449559191193197,-14.999999744127583
15.18414,14.42833,43.45958,3586.59955,0.73704,40.71964,9.662409186443814,3.5995016552368257,-14.999999744127583
15.22054,14.46077,43.53091,3581.04255,0.78301,40.67172,9.536339207315445,3.5525372709107215,-14.999999744127583
15.25691,14.49314,43.6063,3575.54572,0.82592,40.62451,9.40682104322319,3.504288346958362,-14.999999744127583
15.29326,14.52543,43.68543,3570.11161,0.86569,40.57802,9.274448424993148,3.454976063734468,-14.999999744127583
15.32957,14.55764,43.76801,3564.74245,0.90226,40.53228,9.13979933632131,3.4048157353734636,-14.999999744127583
15.36584,14.58979,43.85373,3559.44019,0.93557,40.4873,9.003432591321609,3.354015534836071,-14.999999744127583
15.40209,14.62186,43.94226,3554.20646,0.96557,40.4431,8.865884929729548,3.3027754117962402,-14.999999744127583
15.43831,14.65386,44.0333,3549.04263,0.99224,40.39968,8.727668624329068,3.2512862013446946,-14.999999744127583
15.4745,14.68579,44.12653,3543.94977,1.01556,40.35706,8.589269585745512,3.1997289179744546,-14.999999744127583
15.51066,14.71765,44.22164,3538.9287,1.03553,40.31523,8.451145941880915,3.1482742263830974,-14.999999744127583
15.54679,14.74944,44.3183,3533.98002,1.05215,40.27419,8.313727062894626,3.0970820782523907,-14.999999744127583
15.58289,14.78117,44.41621,3529.10405,1.06542,40.23396,8.177412997816552,3.046301502371897,-14.999999744127583
15.61896,14.81284,44.51506,3524.30092,1.07538,40.19451,8.042574285474153,2.99607053420431,-14.999999744127583
15.65501,14.84444,44.61454,3519.57054,1.08206,40.15585,7.909552100339105,2.946516270217167,-14.999999744127583
15.69102,14.87598,44.71435,3514.91264,1.0855,40.11797,7.778658692948591,2.8977550319513776,-14.999999744127583
15.72701,14.90746,44.81421,3510.32676,1.08574,40.08085,7.6501780847361776,2.849892624863997,-14.999999744127583
15.76296,14.93888,44.91381,3505.81229,1.08284,40.04448,7.524366977953047,2.803024677297835,-14.999999744127583
15.7989,14.97024,45.01287,3501.36846,1.07685,40.00886,7.401455843120392,2.7572370455860784,-14.999999744127583
15.8348,15.00154,45.11112,3496.99436,1.06785,39.97396,7.281650148550104,2.712606272081105,-14.999999744127583
15.87068,15.03279,45.2083,3492.68895,1.05591,39.93977,7.165131699094461,2.669200083873961,-14.999999744127583
15.90653,15.06398,45.30413,3488.4511,1.0411,39.90626,7.052060054118002,2.6270779210261974,-14.999999744127583
15.94235,15.09512,45.39836,3484.27955,1.02349,39.87343,6.9425739976724214,2.586291484248698,-14.999999744127583
15.97815,15.1262,45.49076,3480.17297,1.00318,39.84124,6.836793036883608,2.546885293090279,-14.999999744127583
16.01392,15.15723,45.58108,3476.12993,0.98024,39.80969,6.734818907607811,2.508897246834223,-14.999999744127583
16.04967,15.18822,45.66909,3472.14892,0.95477,39.77874,6.636737069294824,2.472359181374152,-14.999999744127583
16.0854,15.21915,45.75458,3468.2284,0.92685,39.74837,6.542618173787779,2.4372974163805963,-14.999999744127583
16.12109,15.25004,45.83733,3464.36672,0.89658,39.71857,6.452519495389816,2.4037332880384517,-14.999999744127583
16.15677,15.28087,45.91714,3460.56222,0.86405,39.68931,6.366486311878936,2.371683663511354,-14.999999744127583
16.19242,15.31166,45.99382,3456.81317,0.82936,39.66055,6.284553228359149,2.3411614341110623,-14.999999744127583
16.22804,15.3424,46.06719,3453.11782,0.7926,39.63229,6.206745437725281,2.3121759848537624,-14.999999744127583
16.26365,15.3731,46.13706,3449.47435,0.75387,39.60449,6.133079913242794,2.2847336387274346,-14.999999744127583
16.29923,15.40376,46.20329,3445.88095,0.71327,39.57714,6.063566530222817,2.258838074545309,-14.999999744127583
16.33478,15.43437,46.2657,3442.33575,0.6709,39.55019,5.998209115033848,2.234490717730328,-14.999999744127583
16.37032,15.46493,46.32416,3438.83686,0.62684,39.52364,5.9370064207309525,2.2116911037626954,-14.999999744127583
16.40583,15.49546,46.37852,3435.38237,0.58122,39.49746,5.879953029507709,2.190437214366968,-14.999999744127583
16.44132,15.52594,46.42866,3431.97036,0.53411,39.47161,5.827040182829624,2.170725786758595,-14.999999744127583
16.47678,15.55638,46.47446,3428.59888,0.48562,39.44608,5.77825654067779,2.1525525964821615,-14.999999744127583
16.51223,15.58678,46.51581,3425.26596,0.43586,39.42083,5.733588871750855,2.1359127145297756,-14.999999744127583
16.54765,15.61714,46.5526,3421.96962,0.38491,39.39585,5.693022676735538,2.120800739525741,-14.999999744127583
16.58306,15.64746,46.58474,3418.70785,0.33288,39.37111,5.65654274695727,2.1072110058386166,-14.999999744127583
16.61844,15.67775,46.61216,3415.47863,0.27986,39.34658,5.624133660792764,2.09513776850796,-14.999999744127583
16.6538,15.70799,46.63477,3412.27994,0.22596,39.32223,5.595780220243649,2.0845753658794948,-14.999999744127583
16.68914,15.7382,46.65251,3409.10972,0.17127,39.29805,5.571467830001134,2.0755183608166714,-14.999999744127583
16.72446,15.76836,46.66532,3405.96591,0.11589,39.274,5.551182821208173,2.0679616613105902,-14.999999744127583
16.75976,15.79849,46.67316,3402.84642,0.05991,39.25006,5.534912721978586,2.0619006212554933,-14.999999744127583
16.79503,15.82859,46.67599,3399.74915,0.00345,39.2262,5.522646476501164,2.0573311220708113,-14.999999744127583
16.83029,15.85864,46.67377,3396.67197,-0.05342,39.2024,5.514374614349692,2.0542496357735955,-14.999999744127583
16.86553,15.88866,46.66648,3393.61275,-0.11058,39.17864,5.510089371352618,2.0526532700056563,-14.999999744127583
16.90075,15.91864,46.65411,3390.56933,-0.16795,39.15488,5.509784763096807,2.0525397954156412,-14.999999744127583
16.93595,15.94859,46.63666,3387.53951,-0.22542,39.1311,5.513456611881396,2.0539076557000566,-14.999999744127583
16.97113,15.9785,46.61413,3384.52109,-0.2829,39.10727,5.521102527637344,2.0567559604952987,-14.999999744127583
17.00629,16.00837,46.58654,3381.51185,-0.34028,39.08338,5.532721843036795,2.0610844612041817,-14.999999744127583
17.04143,16.03821,46.55389,3378.50952,-0.39748,39.05938,5.548315502784568,2.0668935097541086,-14.999999744127583
17.07655,16.06801,46.51624,3375.51182,-0.45438,39.03526,5.567885906763112,2.0741840001644354,-14.999999744127583
17.11166,16.09777,46.4736,3372.51645,-0.51091,39.01099,5.591436706500854,2.0829572927255797,-14.999999744127583
17.14674,16.1275,46.42604,3369.52107,-0.56694,38.98654,5.618972554206639,2.093215120507741,-14.999999744127583
17.18181,16.15719,46.3736,3366.52332,-0.62239,38.96188,5.6504988033978805,2.104959477837018,-14.999999744127583
17.21685,16.18684,46.31635,3363.5208,-0.67716,38.93699,5.686021160030223,2.11819249033202,-14.999999744127583
17.25188,16.21646,46.25437,3360.5111,-0.73115,38.91184,5.725545282904006,2.1329162660447647,-14.999999744127583
17.28688,16.24604,46.18773,3357.49176,-0.78425,38.88641,5.769076332060843,2.149132727226523,-14.999999744127583
17.32187,16.27558,46.11654,3354.46032,-0.83637,38.86066,5.816618463907956,2.166843422248346,-14.999999744127583
17.35684,16.30509,46.04087,3351.41426,-0.88741,38.83457,5.868174271836616,2.1860493172167192,-14.999999744127583
17.39179,16.33456,45.96086,3348.35106,-0.93726,38.8081,5.92374417128308,2.206750566892579,-14.999999744127583
17.42672,16.36398,45.8766,3345.26817,-0.98583,38.78124,5.983325728394259,2.2289462646016105,-14.999999744127583
17.46164,16.39337,45.78823,3342.163,-1.03301,38.75396,6.046912931786432,2.2526341709452087,-14.999999744127583
17.49653,16.42272,45.69589,3339.03297,-1.07871,38.72621,6.114495407335153,2.277810421289059,-14.999999744127583
17.53139,16.45205,45.59994,3335.8748,-1.11742,38.73899,6.185850071511376,2.304391911148909,0.0
17.56622,16.48136,45.50078,3332.68536,-1.15438,38.75179,6.260736692613457,2.3322891478950214,0.0
17.601,16.51065,45.39857,3329.46225,-1.1895,38.76462,6.339106607722404,2.361484003309673,0.0
17.63575,16.53993,45.29349,3326.20305,-1.22268,38.77747,6.420902660994046,2.3919551853370478,0.0
17.67045,16.5692,45.18571,3322.90537,-1.25383,38.79035,6.506057781046782,2.4236777081227476,0.0
17.70512,16.59845,45.07542,3319.56682,-1.28287,38.80325,6.5944940329985355,2.456622538872607,0.0
17.73974,16.62768,44.96281,3316.18505,-1.30971,38.81617,6.6861216614087375,2.4907562413234063,0.0
17.77432,16.6569,44.84809,3312.75774,-1.33427,38.82912,6.780838134129317,2.526040619552207,0.0
17.80886,16.6861,44.73147,3309.2826,-1.35646,38.84209,6.878527198525712,2.562432366393843,0.0
17.84336,16.71529,44.61315,3305.7574,-1.3762,38.85509,6.979057963048843,2.599882721302318,0.0
17.87781,16.74446,44.49336,3302.17997,-1.39343,38.8681,7.082284018670237,2.6383371430622735,0.0
17.91222,16.77361,44.37232,3298.54819,-1.40806,38.88114,7.188042616171726,2.6777350033077516,0.0
17.94659,16.80274,44.25027,3294.86003,-1.42004,38.89419,7.296153916693319,2.7180093073315597,0.0
17.98091,16.83185,44.12744,3291.11356,-1.42929,38.90727,7.406420334211193,2.7590864491410247,0.0
18.01519,16.86095,44.00408,3287.30692,-1.43577,38.92036,7.518625989704747,2.800886008120851,0.0
18.04942,16.89003,43.88042,3283.4384,-1.43941,38.93348,7.632536297617395,2.843320594978895,0.0
18.0836,16.91908,43.75672,3279.50638,-1.44018,38.94661,7.747897705698275,2.8862957548303485,0.0
18.11774,16.94812,43.63323,3275.5094,-1.43803,38.95976,7.864437609468205,2.929709935334062,0.0
18.15183,16.97713,43.51021,3271.44613,-1.43293,38.97292,7.981864462181333,2.973454527656147,0.0
18.18587,17.00612,43.38789,3267.31541,-1.42486,38.9861,8.099868100319103,3.017413987725049,0.0
18.21987,17.03509,43.26656,3263.11625,-1.4138,38.99929,8.218120303226046,3.061466044710601,0.0
18.25381,17.06404,43.14645,3258.84785,-1.39974,39.0125,8.336275603363323,3.1054820028647865,0.0
18.2877,17.09296,43.02782,3254.50961,-1.38268,39.02572,8.453972361013774,3.1493271418776514,0.0
18.32154,17.12186,42.91094,3250.10113,-1.36264,39.03896,8.570834113781643,3.192861219601453,0.0
18.35534,17.15073,42.79604,3245.62222,-1.33963,39.0522,8.686471207170998,3.2359390794840306,0.0
18.38907,17.17958,42.68338,3241.07293,-1.31369,39.06546,8.80048270780493,3.278411363293294,0.0
18.42276,17.2084,42.57321,3236.45355,-1.28485,39.07873,8.912458595517515,3.3201253277291554,0.0
18.45639,17.2372,42.46575,3231.7646,-1.25318,39.09201,9.021982224727346,3.3609257613499377,0.0
18.48997,17.26597,42.36124,3227.00685,-1.21872,39.10529,9.12863303933689,3.4006559959438105,0.0
18.52349,17.29471,42.25992,3222.18134,-1.18157,39.11859,9.231989518947614,3.439159004071453,0.0
18.55695,17.32342,42.16198,3217.28934,-1.1418,39.13189,9.331632327731729,3.476278572103624,0.0
18.59036,17.3521,42.06765,3212.3324,-1.09952,39.1452,9.42714763093176,3.5118605357045136,0.0
18.62372,17.38075,41.97712,3207.31231,-1.05483,39.15851,9.518130538004439,3.5457540624934474,0.0
18.65701,17.40938,41.89058,3202.23111,-1.00784,39.17183,9.604188625987426,3.577812964591681,0.0
18.69025,17.43797,41.8082,3197.09109,-0.9587,39.18516,9.684945492048524,3.6078970220404685,0.0
18.72342,17.46653,41.73016,3191.8948,-0.90754,39.19849,9.760044280581956,3.6358732967372203,0.0
18.75654,17.49505,41.65658,3186.64498,-0.85452,39.21182,9.829151127751652,3.6616174156185144,0.0
18.7896,17.52355,41.58763,3181.34463,-0.79979,39.22516,9.891958465328814,3.685014801426517,0.0
18.82259,17.55201,41.5234,3175.99692,-0.74352,39.2385,9.948188126037293,3.705961829531839,0.0
18.85553,17.58044,41.46402,3170.60524,-0.68588,39.25184,9.997594194497406,3.7243668899851303,0.0
18.8884,17.60883,41.40957,3165.17314,-0.62707,39.26518,10.039965551347148,3.7401513352691547,0.0
18.92121,17.63719,41.36012,3159.70431,-0.56727,39.27853,10.075128062974834,3.7532502960318297,0.0
18.95396,17.66551,41.31574,3154.2026,-0.50667,39.29187,10.102946375633039,3.763613349440868,0.0
18.98665,17.6938,41.27645,3148.67197,-0.44547,39.30522,10.123325280194107,3.7712050275911158,0.0
19.01927,17.72205,41.2423,3143.11645,-0.38388,39.31857,10.1362106222924,3.776005156556485,0.0
19.05183,17.75027,41.21328,3137.54018,-0.32209,39.33191,10.141589741840246,3.7780090201212118,0.0
19.08432,17.77845,41.18938,3131.94731,-0.26031,39.34526,10.13949143556957,3.777227345825623,0.0
19.11675,17.80659,41.17058,3126.34203,-0.19875,39.35861,10.129985446053423,3.7736861146132212,0.0
19.14912,17.83469,41.15683,3120.72854,-0.13761,39.37196,10.113181490339285,3.7674261989710205,0.0
19.18142,17.86276,41.14807,3115.11099,-0.07708,39.3853,10.08922785042363,3.7585028378442407,0.0
19.21366,17.8908,41.14423,3109.49353,-0.01737,39.39865,10.058309556263973,3.7469849597604887,0.0
19.24583,17.91879,41.14521,3103.88021,0.04134,39.412,10.020646199426567,3.732954368355996,0.0
19.27794,17.94675,41.15091,3098.27501,0.09885,39.42534,9.976489421670255,3.716504806807023,0.0
19.30999,17.97467,41.1612,3092.6818,0.155,39.43869,9.926120127686335,3.6977409195021256,0.0
19.34197,18.00255,41.17596,3087.10435,0.2096,39.45204,9.86984547464624,3.676777130569456,0.0
19.37389,18.0304,41.19503,3081.54628,0.26249,39.46538,9.807995693218766,3.6537364596220314,0.0
19.40574,18.05821,41.21826,3076.01105,0.31352,39.47873,9.740920795281141,3.6287492952934857,0.0
19.43753,18.08598,41.24547,3070.50198,0.36254,39.49208,9.668987222713374,3.6019521468257882,0.0
19.46926,18.11372,41.27648,3065.02221,0.40941,39.50543,9.592574489616322,3.5734863932071255,0.0
19.50092,18.14142,41.3111,3059.57469,0.45401,39.51878,9.512071867123861,3.543497048177207,0.0
19.53252,18.16908,41.34914,3054.16219,0.49621,39.53214,9.427875155885314,3.512131557892046,0.0
19.56406,18.19671,41.39039,3048.78728,0.53592,39.54549,9.340383586439158,3.479538646231615,0.0
19.59554,18.2243,41.43462,3043.45235,0.57303,39.55885,9.249996882399751,3.445867220759622,0.0
19.62696,18.25185,41.48163,3038.15955,0.60747,39.57221,9.157112515589926,3.4112653501881853,0.0
19.65831,18.27937,41.53118,3032.91088,0.63916,39.58558,9.062123176514204,3.3758793220625485,0.0
19.68961,18.30686,41.58305,3027.7081,0.66804,39.59895,8.965414477662515,3.339852787181286,0.0
19.72084,18.33431,41.637,3022.55279,0.69406,39.61232,8.867362901577984,3.3033259951975613,0.0
19.75202,18.36173,41.69281,3017.44633,0.71717,39.6257,8.768334000235324,3.266435123840211,0.0
19.78313,18.38912,41.75023,3012.38991,0.73734,39.63909,8.668680847456754,3.229311702397939,0.0
19.81419,18.41647,41.80903,3007.38452,0.75456,39.65248,8.568742741581044,3.1920821284294156,0.0
19.84519,18.44379,41.86896,3002.431,0.7688,39.66588,8.468844151832421,3.1548672752579634,0.0
19.87613,18.47108,41.9298,2997.52998,0.78008,39.67928,8.369293898497585,3.1177821865659303,0.0
19.90702,18.49833,41.99131,2992.68195,0.78838,39.6927,8.270384554322057,3.0809358533990734,0.0
19.93785,18.52556,42.05326,2987.88721,0.79374,39.70612,8.172392052417553,3.044431068101746,0.0
19.96862,18.55275,42.11541,2983.14593,0.79616,39.71955,8.075575484385352,3.0083643491125334,0.0
19.99934,18.57991,42.17754,2978.45812,0.79569,39.73299,7.980177071283213,2.972825930148671,0.0
20.03001,18.60705,42.23942,2973.82366,0.79235,39.74644,7.886422289460781,2.937899807083041,0.0
20.06062,18.63415,42.30084,2969.24228,0.78619,39.75991,7.794520133087725,2.9036638357428126,0.0
20.09118,18.66123,42.36157,2964.71362,0.77726,39.77338,7.704663495358216,2.8701898739181395,0.0
20.12169,18.68827,42.42142,2960.23717,0.76561,39.78686,7.617029650810764,2.8375439610389925,0.0
20.15214,18.71529,42.48017,2955.81233,0.75131,39.80036,7.531780821909864,2.8057865292417237,0.0
20.18254,18.74229,42.53763,2951.43838,0.73442,39.81387,7.449064813928983,2.7749726398796914,0.0
20.21289,18.76925,42.5936,2947.11452,0.71501,39.82739,7.36901570321401,2.7451522399195,0.0
20.2432,18.79619,42.6479,2942.83986,0.69315,39.84093,7.291754565030452,2.7163704330832332,0.0
20.27345,18.8231,42.70034,2938.61341,0.66892,39.85448,7.217390228407326,2.6886677610476637,0.0
20.30365,18.84999,42.75076,2934.43413,0.64241,39.86805,7.1460200465990615,2.6620804904615842,0.0
20.3338,18.87685,42.79899,2930.30088,0.61369,39.88163,7.077730673011183,2.6366409019985406,0.0
20.36391,18.90369,42.84487,2926.21247,0.58286,39.89523,7.012598833601456,2.6123775780965843,0.0
20.39397,18.9305,42.88824,2922.16763,0.55,39.90884,6.950692087926126,2.5893156864680136,0.0
20.42398,18.95729,42.92897,2918.16506,0.5152,39.92247,6.892069572060432,2.5674772568568187,0.0
20.45394,18.98405,42.96692,2914.20337,0.47857,39.93611,6.836782717644904,2.546881448902346,0.0
20.48386,19.01079,43.00195,2910.28116,0.44019,39.94977,6.7848759421946365,2.527544809297663,0.0
20.51373,19.03751,43.03396,2906.39694,0.40016,39.96345,6.736387306684031,2.5094815167571776,0.0
20.54355,19.0642,43.06281,2902.54921,0.35859,39.97715,6.691349137146585,2.492703613578919,0.0
20.57333,19.09088,43.08842,2898.7364,0.31556,39.99087,6.649788607695405,2.477221222835012,0.0
20.60307,19.11753,43.11068,2894.95693,0.27119,40.0046,6.611728282962607,2.463042750444631,0.0
20.63276,19.14416,43.1295,2891.20916,0.22557,40.01835,6.577186618448801,2.4501750715673474,0.0
20.6624,19.17076,43.1448,2887.49142,0.17881,40.03212,6.546178417698971,2.4386237009131704,0.0
20.69201,19.19735,43.15651,2883.80201,0.13102,40.04591,6.5187152455817365,2.4283929466999536,0.0
20.72156,19.22391,43.16456,2880.1392,0.08228,40.05972,6.494805797250908,2.419486048101273,0.0
20.75108,19.25046,43.1689,2876.50122,0.03272,40.07355,6.474456222590725,2.411905296110821,0.0
20.78055,19.27698,43.16947,2872.88629,-0.01756,40.08739,6.457670406134873,2.405652137819604,0.0
20.80998,19.30348,43.16625,2869.29257,-0.06846,40.10126,6.444450202618822,2.4007272641653854,0.0
20.83937,19.32997,43.15918,2865.71822,-0.11988,40.11514,6.43479562838425,2.397130681235871,0.0
20.86871,19.35643,43.14825,2862.16136,-0.1717,40.12905,6.428705008974624,2.394861765251944,0.0
20.89801,19.38287,43.13344,2858.6201,-0.22381,40.14297,6.426175083291584,2.3939193013686606,0.0
20.92727,19.40929,43.11475,2855.0925,-0.27612,40.15692,6.427201064720192,2.3943015064460136,0.0
20.95649,19.4357,43.09217,2851.57662,-0.32851,40.17088,6.431776659657421,2.396006035951279,0.0
20.98566,19.46208,43.0657,2848.07047,-0.38088,40.18487,6.439894043901323,2.3990299751633666,0.0
21.01479,19.48844,43.03538,2844.57208,-0.43312,40.19887,6.451543797356511,2.4033698148488853,0.0
21.04389,19.51479,43.0012,2841.07941,-0.48512,40.21289,6.466714797580279,2.409021411605279,0.0
21.07293,19.54111,42.96322,2837.59044,-0.53677,40.22693,6.4853940726876855,2.415979933064096,0.0
21.10194,19.56741,42.92147,2834.10309,-0.58798,40.241,6.507566614214631,2.4242397881775615,0.0
21.13091,19.5937,42.87599,2830.61531,-0.63862,40.25508,6.533215150618125,2.433794542841471,0.0
21.15983,19.61996,42.82684,2827.12499,-0.6886,40.26918,6.562319882184714,2.444636821141601,0.0
21.18871,19.64621,42.77408,2823.63004,-0.7378,40.28329,6.594858178288157,2.45675819257423,0.0
21.21755,19.67243,42.71779,2820.12832,-0.78613,40.29743,6.630804238066224,2.4701490456393143,0.0
21.24635,19.69864,42.65803,2816.61771,-0.83347,40.31159,6.6701287158751885,2.484798448312437,0.0
21.27511,19.72482,42.5949,2813.09607,-0.87973,40.32576,6.712798313082381,2.5006939959767873,0.0
21.30382,19.75099,42.52849,2809.56124,-0.9248,40.33995,6.758775338111416,2.5178216475284385,0.0
21.33249,19.77714,42.4589,2806.01109,-0.96857,40.35416,6.808017237005573,2.536165550498848,0.0
21.36112,19.80326,42.38623,2802.44345,-1.01095,40.36839,6.860476097218081,2.5557078562036906,0.0
21.38971,19.82936,42.3106,2798.85618,-1.05183,40.38263,6.916098127770706,2.5764285260882462,0.0
21.41826,19.85545,42.23214,2795.24714,-1.09111,40.39689,6.97482311950216,2.5983051306557394,0.0
21.44676,19.88151,42.15096,2791.61418,-1.1287,40.41116,7.0365838896727935,2.621312642567964,0.0
21.47521,19.90755,42.06721,2787.95521,-1.16451,40.42545,7.101305715831812,2.6454232257459345,0.0
21.50363,19.93357,41.98103,2784.26811,-1.19843,40.43976,7.16890576453021,2.6706060225504165,0.0
21.532,19.95957,41.89256,2780.55082,-1.23037,40.45408,7.239292521159696,2.696826941381927,0.0
21.56033,19.98554,41.80197,2776.80129,-1.26026,40.46842,7.312365227937496,2.724048447315286,0.0
21.58861,20.01149,41.7094,2773.01753,-1.288,40.48277,7.388013337780111,2.752229358653222,0.0
21.61685,20.03742,41.61503,2769.19757,-1.31351,40.49713,7.466115992571586,2.7813246525675726,0.0
21.64504,20.06333,41.51902,2765.33951,-1.33671,40.5115,7.546541535016558,2.8112852832517032,0.0
21.67319,20.08921,41.42156,2761.44148,-1.35753,40.52589,7.62914706397556,2.8420580162712077,0.0
21.70129,20.11507,41.32282,2757.5017,-1.37589,40.54029,7.713778043732067,2.8735852830056006,0.0
21.72934,20.14091,41.22299,2753.51845,-1.39174,40.5547,7.800267978198285,2.9058050592814024,0.0
21.75735,20.16672,41.12225,2749.49011,-1.405,40.56912,7.888438161416136,2.9386507724271937,0.0
21.78531,20.1925,41.0208,2745.41511,-1.41563,40.58355,7.978097515977447,2.97205124108088,0.0
21.81323,20.21826,40.91884,2741.29201,-1.42358,40.59799,8.069042530983785,3.0059306520781006,0.0
21.84109,20.244,40.81656,2737.11946,-1.42879,40.61244,8.161057311071746,3.040208578715439,0.0
21.86891,20.26971,40.71416,2732.89623,-1.43124,40.6269,8.253913747568387,3.0748000445103245,0.0
21.89668,20.29539,40.61185,2728.62122,-1.4309,40.64136,8.347371822193617,3.1096156363381606,0.0
21.9244,20.32104,40.50982,2724.29344,-1.42774,40.65583,8.441180052773566,3.1445616704722874,0.0
21.95207,20.34666,40.40828,2719.91206,-1.42174,40.67031,8.535076089101391,3.1795404145578052,0.0
21.97969,20.37226,40.30743,2715.47637,-1.41291,40.68479,8.628787465574836,3.2144503679888747,0.0
22.00726,20.39783,40.20747,2710.98585,-1.40125,40.69927,8.722032515242828,3.249186602415116,0.0
22.03478,20.42336,40.10861,2706.44012,-1.38676,40.71376,8.814521447717421,3.2836411632921747,0.0
22.06225,20.44887,40.01104,2701.83896,-1.36947,40.72826,8.905957590879323,3.3177035324497024,0.0
22.08966,20.47435,39.91496,2697.18234,-1.34941,40.74275,8.996038793508141,3.351261150608026,0.0
22.11702,20.49979,39.82055,2692.4704,-1.32662,40.75725,9.084458982969407,3.3841999976575488,0.0
22.14433,20.52521,39.72801,2687.70347,-1.30114,40.77174,9.1709098689366,3.4164052273400363,0.0
22.17158,20.55059,39.63752,2682.88207,-1.27303,40.78624,9.255082780840636,3.4477618517468933,0.0
22.19878,20.57594,39.54926,2678.00688,-1.24238,40.80074,9.33667062345365,3.4781554698255777,0.0
22.22592,20.60125,39.46339,2673.07881,-1.20924,40.81524,9.415369931829142,3.507473032898875,0.0
22.25301,20.62654,39.38007,2668.09893,-1.17372,40.82973,9.490883003717254,3.5356036390456964,0.0
22.28005,20.65178,39.29948,2663.06851,-1.13592,40.84422,9.562920084813143,3.562439347163593,0.0
22.30702,20.677,39.22174,2657.98901,-1.09593,40.85871,9.631201579740623,3.587876000618336,0.0
22.33394,20.70217,39.14701,2652.86205,-1.05389,40.8732,9.695460259694567,3.6118140496488067,0.0
22.3608,20.72731,39.0754,2647.68945,-1.00991,40.88768,9.755443436196378,3.6341593611480905,0.0
22.38761,20.75242,39.00705,2642.47318,-0.96413,40.90216,9.810915069613966,3.654824004142659,0.0
22.41435,20.77748,38.94205,2637.2154,-0.9167,40.91663,9.861657780856815,3.6737269992017056,0.0
22.44104,20.80251,38.8805,2631.9184,-0.86776,40.9311,9.907474735280418,3.6907950202411226,0.0
22.46767,20.8275,38.8225,2626.58462,-0.81747,40.94556,9.94819136901195,3.705963037625227,0.0
22.49424,20.85246,38.7681,2621.21662,-0.76601,40.96002,9.983656929978386,3.719174892240295,0.0
22.52074,20.87737,38.71739,2615.81711,-0.71352,40.97447,10.013745808493988,3.7303837911733977,0.0
22.54719,20.90225,38.67039,2610.38887,-0.6602,40.98891,10.038358635666528,3.7395527168976277,0.0
22.57358,20.92709,38.62716,2604.93479,-0.60622,41.00334,10.0574231316755,3.746654743278049,0.0
22.59991,20.95188,38.58772,2599.45785,-0.55175,41.01777,10.070894690332855,3.7516732533359547,0.0
22.62618,20.97664,38.55207,2593.96108,-0.49698,41.03219,10.078756690995526,3.754602055444487,0.0
22.65238,21.00135,38.52021,2588.44755,-0.4421,41.0466,10.081020533763901,3.7554453964409937,0.0
22.67853,21.02603,38.49214,2582.92038,-0.38729,41.061,10.07772539887752,3.7542178719955994,0.0
22.70461,21.05067,38.46783,2577.38269,-0.33272,41.07539,10.0689377361175,3.7509442364001693,0.0
22.73063,21.07526,38.44723,2571.83763,-0.2786,41.08978,10.0547504947177,3.745659115689957,0.0
22.75659,21.09981,38.43029,2566.28829,-0.22509,41.10416,10.035282108706934,3.7384066296568816,0.0
22.78249,21.12432,38.41696,2560.73779,-0.17237,41.11852,10.01067525654892,3.7292399297827754,0.0
22.80832,21.1488,38.40715,2555.18916,-0.12061,41.13288,9.981095417381422,3.718220661400473,0.0
22.8341,21.17322,38.40079,2549.6454,-0.06998,41.14723,9.946729248986811,3.705418359445171,0.0
22.85981,21.19761,38.39778,2544.10943,-0.02064,41.16158,9.907782814852865,3.69090978798792,0.0
22.88547,21.22196,38.39801,2538.5841,0.02724,41.17591,9.864479689121898,3.6747782342793247,0.0
22.91106,21.24626,38.40136,2533.07217,0.07353,41.19024,9.817058969070269,3.6571127683458555,0.0
22.93659,21.27053,38.40772,2527.57629,0.11808,41.20456,9.765773224910774,3.638007479237302,0.0
22.96206,21.29475,38.41694,2522.099,0.16076,41.21887,9.71088641618321,3.6175606988274307,0.0
22.98746,21.31893,38.4289,2516.64274,0.20143,41.23317,9.652671802951604,3.5958742236799983,0.0
23.01281,21.34307,38.44343,2511.20981,0.24,41.24747,9.59140987839008,3.573052544882585,0.0
23.0381,21.36717,38.4604,2505.80238,0.27634,41.26176,9.527386347352056,3.5492020950104357,0.0
23.06332,21.39123,38.47964,2500.42249,0.31036,41.27604,9.460890173079166,3.5244305204741395,0.0
23.08849,21.41525,38.50098,2495.07205,0.34197,41.29032,9.392211711585928,3.4988459865288317,0.0
23.1136,21.43923,38.52425,2489.75281,0.37109,41.30459,9.321640950415052,3.472556521164202,0.0
23.13865,21.46317,38.54929,2484.4664,0.39765,41.31886,9.249465865529327,3.4456694030034942,0.0
23.16364,21.48707,38.57592,2479.21428,0.42159,41.33312,9.175970907149393,3.418290597238232,0.0
23.18857,21.51093,38.60396,2473.99779,0.44286,41.34738,9.101435622491985,3.390524242561979,0.0
23.21344,21.53475,38.63323,2468.81813,0.46141,41.36163,9.026133420561763,3.3624721910227935,0.0
23.23826,21.55853,38.66354,2463.67633,0.47722,41.37588,8.950330481579066,3.3342336017563774,0.0
23.26302,21.58227,38.69473,2458.5733,0.49027,41.39013,8.874284811198457,3.305904588657592,0.0
23.28772,21.60598,38.7266,2453.50982,0.50053,41.40437,8.798245437560112,3.277577921260976,0.0
23.31237,21.62964,38.75897,2448.48652,0.508,41.41862,8.72245174729759,3.2493427773861736,0.0
23.33696,21.65327,38.79166,2443.5039,0.51269,41.43286,8.64713295500304,3.221284545499758,0.0
23.36149,21.67687,38.8245,2438.56235,0.5146,41.4471,8.572507699330972,3.193484674253264,0.0
23.38597,21.70042,38.85731,2433.66213,0.51376,41.46134,8.498783757799242,3.1660205662390486,0.0
23.4104,21.72394,38.88991,2428.80337,0.51018,41.47558,8.42615787154321,3.138965512706603,0.0
23.43477,21.74743,38.92213,2423.98609,0.50391,41.48982,8.354815670697873,3.1123886657654376,0.0
23.45909,21.77087,38.95381,2419.21021,0.49498,41.50407,8.284931690692694,3.0863550444553307,0.0
23.48335,21.79429,38.98478,2414.47554,0.48343,41.51831,8.216669469610032,3.0609255710149066,0.0
23.50756,21.81767,39.01487,2409.78178,0.46932,41.53256,8.150181716723802,3.036157133666721,0.0
23.53172,21.84101,39.04394,2405.12855,0.45271,41.5468,8.085610542518749,3.012102672305495,0.0
23.55583,21.86432,39.07183,2400.51537,0.43365,41.56105,8.02308774077625,2.988811283582492,0.0
23.57989,21.88759,39.0984,2395.94167,0.41223,41.57531,7.96273511366771,2.9663283420113706,0.0
23.60389,21.91084,39.1235,2391.40679,0.3885,41.58957,7.904664831271425,2.9446956338976684,0.0
23.62785,21.93405,39.147,2386.91001,0.36254,41.60383,7.848979817482288,2.9239515011003223,0.0
23.65175,21.95722,39.16877,2382.45053,0.33445,41.6181,7.795774154779545,2.904130991818312,0.0
23.6756,21.98037,39.18868,2378.02746,0.30429,41.63237,7.745133500980782,2.88526601584248,0.0
23.69941,22.00348,39.20662,2373.63986,0.27216,41.64665,7.6971355116540465,2.867385501915165,0.0
23.72317,22.02656,39.22247,2369.28673,0.23816,41.66093,7.651850262486819,2.850515555073756,0.0
23.74687,22.04961,39.23613,2364.967,0.20237,41.67522,7.609340666476539,2.8346796120651403,0.0
23.77053,22.07262,39.24749,2360.67954,0.16489,41.68952,7.569662881400069,2.819898593138798,0.0
23.79414,22.09561,39.25648,2356.42317,0.12582,41.70382,7.532866703532899,2.806191048717569,0.0
23.81771,22.11856,39.26299,2352.19665,0.08526,41.71813,7.498995944106661,2.7935732996379796,0.0
23.84122,22.14149,39.26695,2347.99871,0.04333,41.73244,7.468088785498541,2.78205956984017,0.0
23.86469,22.16438,39.26829,2343.82802,0.00011,41.74677,7.440178114548147,2.7716621105371972,0.0
23.88811,22.18725,39.26695,2339.68321,-0.04427,41.7611,7.415291830839162,2.7623913150580672,0.0
23.91149,22.21008,39.26285,2335.56287,-0.08972,41.77544,7.393453128134472,2.7542558236897197,0.0
23.93482,22.23289,39.25596,2331.46553,-0.13612,41.78978,7.374680747520856,2.7472626179800868,0.0
23.9581,22.25566,39.24622,2327.38972,-0.18335,41.80414,7.3589892011169695,2.741417104075205,0.0
23.98134,22.27841,39.2336,2323.3339,-0.23132,41.8185,7.346388965462265,2.7367231847616744,0.0
24.00453,22.30113,39.21807,2319.29652,-0.2799,41.83288,7.336886644010202,2.7331833199996565,0.0
24.02768,22.32382,39.19961,2315.27598,-0.32898,41.84726,7.33048509832322,2.730798575796452,0.0
24.05078,22.34647,39.17819,2311.27067,-0.37844,41.86165,7.3271835478522025,2.7295686613769767,0.0
24.07383,22.36911,39.15381,2307.27894,-0.42818,41.87604,7.326977638330915,2.7294919546624916,0.0
24.09684,22.39171,39.12646,2303.29911,-0.47807,41.89045,7.329859479019807,2.730565516144895,0.0
24.11981,22.41428,39.09615,2299.32949,-0.528,41.90486,7.335817649256129,2.7327850913268197,0.0
24.14273,22.43682,39.0629,2295.36837,-0.57786,41.91929,7.344837174896099,2.736145101945711,0.0
24.1656,22.45934,39.02671,2291.41399,-0.62753,41.93372,7.356899475437946,2.740638626275777,0.0
24.18844,22.48183,38.98762,2287.46461,-0.67689,41.94816,7.37198228282345,2.746257368879424,0.0
24.21122,22.50429,38.94565,2283.51844,-0.72584,41.96261,7.390059533058212,2.7529916202329523,0.0
24.23397,22.52672,38.90085,2279.57372,-0.77425,41.97707,7.411101232024232,2.760830206738215,0.0
24.25666,22.54912,38.85326,2275.62863,-0.82202,41.99153,7.435073297070522,2.7697604317109503,0.0
24.27932,22.57149,38.80293,2271.68138,-0.86903,42.006,7.461937376168333,2.7797680080113465,0.0
24.30192,22.59384,38.74992,2267.73015,-0.91517,42.02048,7.491650646678675,2.790836983079647,0.0
24.32449,22.61615,38.69429,2263.77313,-0.96033,42.03497,7.524165596024823,2.802949657230895,0.0
24.34701,22.63844,38.63612,2259.80851,-1.0044,42.04946,7.5594297868303375,2.816086496162651,0.0
24.36948,22.6607,38.57548,2255.83448,-1.04727,42.06397,7.59738560937704,2.8302260387390925,0.0
24.39191,22.68292,38.51246,2251.84923,-1.08885,42.07847,7.637970024526338,2.8453448012224363,0.0
24.4143,22.70512,38.44714,2247.85097,-1.12902,42.09299,7.681114300567753,2.8614171792420864,0.0
24.43664,22.72729,38.37961,2243.83792,-1.16769,42.10751,7.726743747761857,2.878415348904902,0.0
24.45893,22.74943,38.30999,2239.80833,-1.20476,42.12203,7.7747774546932265,2.8963091685797293,0.0
24.48118,22.77154,38.23837,2235.76045,-1.24013,42.13656,7.825128030833548,2.9150660829953896,0.0
24.50338,22.79362,38.16486,2231.69258,-1.2737,42.1511,7.87770136005769,2.9346510314189267,0.0
24.52554,22.81567,38.08959,2227.60303,-1.3054,42.16564,7.932396370154681,2.955026361792383,0.0
24.54765,22.83769,38.01266,2223.49015,-1.33513,42.18018,7.989104823625278,2.9761517527993915,0.0
24.56972,22.85968,37.93421,2219.35236,-1.36282,42.19473,8.04771113532234,2.9979841459314134,0.0
24.59174,22.88164,37.85435,2215.18808,-1.38838,42.20928,8.108092222684602,3.0204776896958805,0.0
24.61371,22.90357,37.77323,2210.99583,-1.41174,42.22384,8.17011739445311,3.0435836981601385,0.0
24.63564,22.92546,37.69098,2206.77414,-1.43284,42.23839,8.233648283852213,3.0672506260596086,0.0
24.65752,22.94732,37.60774,2202.52164,-1.45161,42.25295,8.29853883219525,3.0914240626904728,0.0
24.67935,22.96915,37.52364,2198.23701,-1.46799,42.2675,8.364635328818675,3.1160467467861914,0.0
24.70114,22.99095,37.43884,2193.91901,-1.48193,42.28206,8.431776513033313,3.14105860449702,0.0
24.72287,23.01272,37.35347,2189.56648,-1.49339,42.29662,8.499793743506778,3.1663968124894293,0.0
24.74456,23.03445,37.2677,2185.17833,-1.50233,42.31118,8.568511240043733,3.191995888015595,0.0
24.7662,23.05615,37.18165,2180.75359,-1.5087,42.32573,8.637746402224131,3.2177878076145467,0.0
24.78779,23.07781,37.0955,2176.29136,-1.5125,42.34029,8.707310208635892,3.2437021558368317,0.0
24.80933,23.09944,37.00937,2171.79086,-1.51369,42.35484,8.777007699672215,3.26966630509922,0.0
24.83083,23.12103,36.92344,2167.25141,-1.51228,42.36939,8.846638545887958,3.295605627412411,0.0
24.85227,23.14259,36.83783,2162.67242,-1.50825,42.38393,8.915997702833398,3.3214437383238398,0.0
24.87366,23.16411,36.75272,2158.05347,-1.50161,42.39847,8.984876152122037,3.3471027729849308,0.0
24.89501,23.1856,36.66823,2153.39419,-1.49237,42.41301,9.053061727147087,3.3725036937522153,0.0
24.9163,23.20705,36.58452,2148.6944,-1.48056,42.42754,9.120340020503761,3.397566628226013,0.0
24.93754,23.22847,36.50172,2143.954,-1.46621,42.44206,9.186495368709235,3.4222112360845225,0.0
24.95873,23.24984,36.41999,2139.17304,-1.44935,42.45658,9.251311908311736,3.4463571025122506,0.0
24.97986,23.27118,36.33945,2134.3517,-1.43003,42.47109,9.314574695975438,3.469924155461102,0.0
25.00095,23.29248,36.26024,2129.49029,-1.40832,42.48559,9.37607088367313,3.4928331034405717,0.0
25.02198,23.31374,36.18248,2124.58925,-1.38427,42.50008,9.43559093864821,3.515005889985688,0.0
25.04296,23.33496,36.1063,2119.64916,-1.35796,42.51456,9.492929896545983,3.536366160481389,0.0
25.06388,23.35614,36.03182,2114.67073,-1.32947,42.52904,9.547888634872514,3.556839736559457,0.0
25.08475,23.37729,35.95915,2109.65479,-1.29889,42.5435,9.600275152960862,3.576355092919613,0.0
25.10557,23.39839,35.88839,2104.60233,-1.26633,42.55795,9.649905843834148,3.5948438311319815,0.0
25.12633,23.41945,35.81964,2099.51444,-1.23189,42.57239,9.69660674271287,3.6122411447389084,0.0
25.14704,23.44047,35.75301,2094.39233,-1.19567,42.58682,9.740214736745544,3.6284862699114577,0.0
25.1677,23.46144,35.68856,2089.23734,-1.15782,42.60124,9.780578720397699,3.643522915862213,0.0
25.18829,23.48238,35.62638,2084.05093,-1.11844,42.61565,9.817560681328054,3.657299669362725,0.0
25.20884,23.50327,35.56655,2078.83464,-1.07768,42.63004,9.851036702116241,3.669770367913442,0.0
25.22932,23.52412,35.50911,2073.59014,-1.03568,42.64442,9.880897864148503,3.6808944364649188,0.0
25.24975,23.54493,35.45412,2068.31917,-0.99259,42.65878,9.907051041127918,3.6906371830212508,0.0
25.27013,23.56569,35.40163,2063.02356,-0.94854,42.67313,9.929419571144166,3.698970049003751,0.0
25.29044,23.58641,35.35167,2057.70523,-0.9037,42.68747,9.947943797985339,3.705870810903828,0.0
25.3107,23.60709,35.30428,2052.36615,-0.85823,42.70179,9.962581474187374,3.7113237304295272,0.0
25.33091,23.62772,35.25946,2047.00836,-0.81227,42.71609,9.973308020502385,3.7153196511642883,0.0
25.35105,23.6483,35.21722,2041.63395,-0.766,42.73038,9.980116638521148,3.7178560405218,0.0
25.37114,23.66885,35.17757,2036.24505,-0.71958,42.74466,9.983018275563806,3.718936976666855,0.0
25.39117,23.68934,35.1405,2030.8438,-0.67317,42.75892,9.982041443068518,3.71857308086035,0.0
25.41115,23.70979,35.10598,2025.4324,-0.62693,42.77316,9.977231892008858,3.716781396543723,0.0
25.43106,23.7302,35.074,2020.01302,-0.58102,42.78739,9.968652150952769,3.7135852172537565,0.0
25.45092,23.75056,35.04452,2014.58786,-0.53561,42.8016,9.956380934277279,3.709013866166993,0.0
25.47072,23.77087,35.01749,2009.1591,-0.49085,42.8158,9.940512429957316,3.7031024307823297,0.0
25.49047,23.79114,34.99286,2003.72891,-0.44689,42.82998,9.921155477758488,3.695891456776202,0.0
25.51015,23.81136,34.97058,1998.29942,-0.40389,42.84414,9.898432650059876,3.687426605584889,0.0
25.52978,23.83154,34.95058,1992.87274,-0.36199,42.85829,9.872479248527997,3.677758280639172,0.0
25.54935,23.85167,34.93279,1987.45094,-0.32134,42.87242,9.843442230603602,3.666941227452412,0.0
25.56886,23.87176,34.91712,1982.03602,-0.28206,42.88654,9.811479080216163,3.655034112931989,0.0
25.58832,23.89179,34.90348,1976.62994,-0.2443,42.90064,9.776756637318428,3.6420990893501264,0.0
25.60771,23.91179,34.8918,1971.2346,-0.20817,42.91472,9.73944990072131,3.628201348368383,0.0
25.62705,23.93173,34.88197,1965.85182,-0.17379,42.9288,9.699740818340453,3.6134086703726753,0.0
25.64634,23.95163,34.87388,1960.48335,-0.14127,42.94285,9.657817078389373,3.597790974160912,0.0
25.66556,23.97149,34.86743,1955.13085,-0.11071,42.95689,9.613870914245256,3.5814198717240595,0.0
25.68473,23.9913,34.86251,1949.79592,-0.08221,42.97092,9.568097934733371,3.5643682324963084,0.0
25.70384,24.01106,34.859,1944.48006,-0.05585,42.98493,9.520695990493811,3.546709761046856,0.0
25.7229,24.03078,34.85678,1939.18467,-0.03172,42.99893,9.471864085859876,3.5285185917259776,0.0
25.7419,24.05045,34.85573,1933.91107,-0.00987,43.01292,9.421801344383377,3.509868903295976,0.0
25.76084,24.07008,34.85574,1928.66049,0.00962,43.02689,9.37070603484056,3.4908345560927727,0.0
25.77973,24.08966,34.85666,1923.43405,0.0267,43.04085,9.318774663202916,3.4714887537611263,0.0
25.79856,24.10919,34.85838,1918.23279,0.04133,43.0548,9.266201134743243,3.451903731117112,0.0
25.81734,24.12869,34.86077,1913.05763,0.05348,43.06874,9.213175989174507,3.432150469217211,0.0
25.83606,24.14814,34.8637,1907.90941,0.0631,43.08266,9.159885710530121,3.412298438270558,0.0
25.85473,24.16754,34.86703,1902.78889,0.07019,43.09657,9.106512112347513,3.392415368603649,0.0
25.87335,24.1869,34.87065,1897.69669,0.07472,43.11048,9.053231797686715,3.3725670495030515,0.0
25.89191,24.20622,34.87441,1892.63336,0.07671,43.12437,9.000215692620955,3.3528171554283785,0.0
25.91041,24.22549,34.87821,1887.59937,0.07614,43.13825,8.947628650979576,3.3332270987686257,0.0
25.92887,24.24472,34.8819,1882.59508,0.07303,43.15213,8.895629127453486,3.3138559080653502,0.0
25.94727,24.2639,34.88536,1877.62075,0.0674,43.16599,8.844368915563676,3.2947601303990477,0.0
25.96561,24.28305,34.88848,1872.67658,0.05927,43.17985,8.793992946540053,3.2759937564662307,0.0
25.98391,24.30215,34.89114,1867.76266,0.04867,43.19369,8.744639144753942,3.2576081667242263,0.0
26.00215,24.32121,34.89321,1862.87901,0.03565,43.20753,8.696438335131138,3.239652096900102,0.0
26.02034,24.34023,34.89458,1858.02555,0.02025,43.22137,8.64951419771332,3.2221716210636036,0.0
26.03848,24.3592,34.89514,1853.20214,0.00252,43.23519,8.603983264541556,3.2052101504661707,0.0
26.05657,24.37814,34.89479,1848.40856,-0.01749,43.24901,8.559954953922027,3.188808446305823,0.0
26.07461,24.39703,34.89341,1843.64451,-0.03971,43.26283,8.517531637270954,3.173004644628658,0.0
26.09259,24.41588,34.89092,1838.90962,-0.06407,43.27663,8.476808733773671,3.1578342915918425,0.0
26.11053,24.43469,34.88721,1834.20345,-0.09051,43.29044,8.437874828274978,3.1433303873808724,0.0
26.12842,24.45347,34.8822,1829.52549,-0.11894,43.30423,8.400811808042583,3.129523437157552,0.0
26.14626,24.4722,34.87579,1824.87518,-0.14929,43.31803,8.36569501420551,3.116441507474787,0.0
26.16404,24.49089,34.86791,1820.25189,-0.18146,43.33181,8.332593403983925,3.1041102867114647,0.0
26.18178,24.50954,34.85847,1815.65492,-0.21538,43.3456,8.301569720068576,3.092553148170746,0.0
26.19947,24.52815,34.84741,1811.08352,-0.25095,43.35938,8.272680663794358,3.081791214591782,0.0
26.21712,24.54673,34.83465,1806.53691,-0.28807,43.37315,8.245977069036709,3.0718434229306935,0.0
26.23471,24.56526,34.82014,1802.01422,-0.32664,43.38693,8.221504074071628,3.06272658838295,0.0
26.25226,24.58375,34.80381,1797.51456,-0.36656,43.4007,8.199301288918022,3.054455466722795,0.0
26.26975,24.60221,34.78562,1793.03698,-0.40773,43.41446,8.179402955957947,3.0470428141385164,0.0
26.2872,24.62063,34.76552,1788.58048,-0.45004,43.42823,8.161838101968188,3.0404994438682085,0.0
26.30461,24.63901,34.74347,1784.14403,-0.49338,43.44199,8.146630679895903,3.0348342790149263,0.0
26.32196,24.65735,34.71942,1779.72656,-0.53765,43.45575,8.133799699058411,3.030054401049536,0.0
26.33927,24.67565,34.69336,1775.32695,-0.58272,43.46951,8.123359342643813,3.026165093582789,0.0
26.35653,24.69392,34.66525,1770.94407,-0.62849,43.48326,8.115319071698678,3.0231698811034655,0.0
26.37375,24.71215,34.63507,1766.57672,-0.67484,43.49702,8.109683714986991,3.0210705624532026,0.0
26.39092,24.73033,34.60282,1762.22369,-0.72166,43.51077,8.10645354436236,3.0198672389046237,0.0
26.40804,24.74849,34.56849,1757.88376,-0.76883,43.52452,8.10562433552905,3.0195583367964183,0.0
26.42512,24.7666,34.53206,1753.55565,-0.81623,43.53827,8.107187414261922,3.0201406247514897,0.0
26.44215,24.78468,34.49355,1749.23807,-0.86374,43.55201,8.11112968841224,3.0216092255999585,0.0
26.45913,24.80272,34.45296,1744.92972,-0.91126,43.56576,8.117433666173124,3.023957623183525,0.0
26.47607,24.82072,34.4103,1740.62926,-0.95866,43.5795,8.126077461346043,3.0271776643173762,0.0
26.49297,24.83869,34.3656,1736.33536,-1.00582,43.59324,8.137034786500228,3.0312595562418867,0.0
26.50981,24.85661,34.31887,1732.04664,-1.05264,43.60698,8.150274935140896,3.0361918599798123,0.0
26.52662,24.8745,34.27015,1727.76176,-1.09899,43.62072,8.16576275415911,3.0419614800731414,0.0
26.54337,24.89236,34.21947,1723.47932,-1.14476,43.63445,8.18345860805215,3.0485536512542364,0.0
26.56008,24.91017,34.16686,1719.19794,-1.18984,43.64818,8.203318336568183,3.055951922667365,0.0
26.57675,24.92795,34.11238,1714.91624,-1.23413,43.66191,8.225293207595286,3.0641381403186156,0.0
26.59337,24.94569,34.05607,1710.63284,-1.2775,43.67564,8.249329867300764,3.073092428501486,0.0
26.60994,24.96339,33.99799,1706.34636,-1.31985,43.68936,8.275370289657955,3.082793170994288,0.0
26.62647,24.98106,33.93818,1702.05541,-1.36109,43.70308,8.30335172766817,3.093216992889037,0.0
26.64296,24.99869,33.87672,1697.75864,-1.4011,43.7168,8.333206668739754,3.104338743968977,0.0
26.65939,25.01628,33.81367,1693.45469,-1.43979,43.73051,8.364862796738482,3.11613148457136,0.0
26.67579,25.03383,33.74909,1689.14224,-1.47706,43.74422,8.398242963412905,3.1285664749426267,0.0
26.69213,25.05134,33.68307,1684.81997,-1.51283,43.75793,8.433265171919258,3.1416131691010083,0.0
26.70843,25.06882,33.61568,1680.48659,-1.54699,43.77163,8.469842575269956,3.1552392142585473,0.0
26.72469,25.08626,33.547,1676.14085,-1.57947,43.78532,8.507883492541431,3.1694104568589436,0.0
26.7409,25.10366,33.47711,1671.7815,-1.61018,43.79901,8.547291445678285,3.184090956288074,0.0
26.75706,25.12102,33.4061,1667.40737,-1.63905,43.8127,8.587965219712622,3.1992430073072673,0.0
26.77318,25.13834,33.33406,1663.01728,-1.66601,43.82637,8.629798949134912,3.214827172228737,0.0
26.78925,25.15562,33.26108,1658.61014,-1.691,43.84005,8.672682233046778,3.2308023238130135,0.0
26.80527,25.17287,33.18726,1654.18487,-1.71394,43.85371,8.716500281555316,3.2471256998046876,0.0
26.82125,25.19007,33.11269,1649.74047,-1.73479,43.86737,8.761134095685845,3.263752969954641,0.0
26.83718,25.20723,33.03746,1645.27596,-1.75349,43.88102,8.806460682822436,3.280638316277303,0.0
26.85306,25.22436,32.96169,1640.79045,-1.77001,43.89466,8.852353309373203,3.297734527175142,0.0
26.8689,25.24144,32.88546,1636.2831,-1.7843,43.90829,8.898681792042373,3.31499310594515,0.0
26.88469,25.25849,32.80887,1631.75313,-1.79634,43.92191,8.945312828625504,3.3323643940087813,0.0
26.90043,25.27549,32.73204,1627.19984,-1.80609,43.93553,8.992110368855444,3.3497977090618223,0.0
26.91613,25.29245,32.65505,1622.62258,-1.81356,43.94913,9.038936025299298,3.367241498144329,0.0
26.93177,25.30937,32.57802,1618.02079,-1.81871,43.96272,9.085649523778047,3.384643505433782,0.0
26.94737,25.32625,32.50103,1613.394,-1.82156,43.97631,9.132109192192825,3.4019509543457334,0.0
26.96292,25.34309,32.4242,1608.74179,-1.82211,43.98988,9.178172486107592,3.419110743327189,0.0
26.97843,25.35989,32.34761,1604.06384,-1.82036,44.00343,9.223696548750974,3.436069654472026,0.0
26.99388,25.37664,32.27136,1599.35992,-1.81635,44.01698,9.268538802533397,3.4527745738766855,0.0
27.00928,25.39335,32.19556,1594.62986,-1.8101,44.03051,9.312557568542278,3.469172722418433,0.0
27.02464,25.41002,32.12029,1589.87362,-1.80164,44.04403,9.355612709879601,3.485211895415534,0.0
27.03995,25.42664,32.04564,1585.09119,-1.79102,44.05753,9.39756629413432,3.500840709415653,0.0
27.0552,25.44322,31.97169,1580.28271,-1.77828,44.07102,9.438283269768007,3.5160088541673082,0.0
27.07041,25.45976,31.89855,1575.44835,-1.7635,44.08449,9.477632150690281,3.5306673476422223,0.0
27.08557,25.47625,31.82627,1570.58842,-1.74673,44.09795,9.515485702907304,3.544768791829965,0.0
27.10068,25.4927,31.75495,1565.70328,-1.72805,44.1114,9.551721626809334,3.55826762690801,0.0
27.11573,25.5091,31.68465,1560.79339,-1.70754,44.12482,9.58622322839642,3.571120381290972,0.0
27.13074,25.52546,31.61545,1555.8593,-1.68528,44.13823,9.618880072625997,3.583285915019774,0.0
27.1457,25.54177,31.5474,1550.90163,-1.66137,44.15162,9.64958861201048,3.594725653930794,0.0
27.1606,25.55804,31.48057,1545.9211,-1.63592,44.165,9.678252783687094,3.6054038120800804,0.0
27.17546,25.57426,31.41502,1540.91849,-1.60902,44.17835,9.704784568345321,3.615287599958539,0.0
27.19026,25.59043,31.35079,1535.89466,-1.58079,44.19169,9.729104504749646,3.6243474161651874,0.0
27.20501,25.60656,31.28792,1530.85054,-1.55134,44.20501,9.751142153947919,3.6325570203369932,0.0
27.21971,25.62264,31.22647,1525.78713,-1.52081,44.21831,9.770836507826038,3.6398936853462285,0.0
27.23436,25.63867,31.16645,1520.70549,-1.4893,44.23159,9.788136337273595,3.6463383270013514,0.0
27.24896,25.65466,31.1079,1515.60675,-1.45696,44.24485,9.803000475899593,3.6518756097385605,0.0
27.2635,25.6706,31.05085,1510.49207,-1.42392,44.25809,9.8153980360948,3.656494027110717,0.0
27.27799,25.68649,30.9953,1505.36268,-1.39031,44.27131,9.825308554966787,3.6601859561519765,0.0
27.29243,25.70233,30.94128,1500.21984,-1.35627,44.28451,9.832722068655144,3.6629476850621745,0.0
27.30682,25.71813,30.88878,1495.06486,-1.32194,44.29769,9.83763911438248,3.6647794139708667,0.0
27.32116,25.73387,30.8378,1489.89908,-1.28746,44.31085,9.840070660525205,3.6656852288868613,0.0
27.33544,25.74957,30.78835,1484.72385,-1.25298,44.32399,9.840037965870561,3.6656730492677587,0.0
27.34967,25.76522,30.7404,1479.54055,-1.21863,44.3371,9.837572370163587,3.664754549993183,0.0
27.36385,25.78082,30.69394,1474.3506,-1.18455,44.3502,9.832715018758037,3.6629450587900076,0.0
27.37797,25.79637,30.64895,1469.1554,-1.15088,44.36327,9.825516525082056,3.660263430491938,0.0
27.39204,25.81188,30.60541,1463.95636,-1.11777,44.37633,9.816036575208274,3.656731899731461,0.0
27.40606,25.82733,30.56327,1458.7549,-1.08534,44.38936,9.80434347948712,3.6523759139114658,0.0
27.42003,25.84274,30.5225,1453.55242,-1.05373,44.40237,9.790513676688201,3.647223948484857,0.0
27.43394,25.85809,30.48306,1448.35032,-1.02306,44.41536,9.774631196492873,3.641307306718893,0.0
27.4478,25.8734,30.4449,1443.14998,-0.99347,44.42833,9.75678708648961,3.634659906235886,0.0
27.46161,25.88865,30.40798,1437.95275,-0.96507,44.44128,9.737078810031255,3.6273180546991868,0.0
27.47536,25.90386,30.37223,1432.75997,-0.93798,44.45421,9.71560962135071,3.619320217027332,0.0
27.48907,25.91902,30.33759,1427.57294,-0.9123,44.46711,9.692487924379567,3.6107067765371204,0.0
27.50272,25.93413,30.30402,1422.39291,-0.88816,44.48,9.667826621553806,3.601519792356595,0.0
27.51631,25.94918,30.27143,1417.22113,-0.86564,44.49287,9.641742458685238,3.5918027553724228,0.0
27.52986,25.96419,30.23976,1412.05879,-0.84483,44.50571,9.614355371749292,3.5816003448911573,0.0
27.54335,25.97915,30.20894,1406.90701,-0.82584,44.51854,9.58578784101297,3.570958188034905,0.0
27.55679,25.99406,30.1789,1401.7669,-0.80872,44.53135,9.556164257566337,3.559922623757644,0.0
27.57018,26.00893,30.14956,1396.6395,-0.79357,44.54414,9.525610306844287,3.5485404731908536,0.0
27.58352,26.02374,30.12084,1391.5258,-0.78045,44.5569,9.494252373213712,3.536858817836574,0.0
27.59681,26.0385,30.09267,1386.42675,-0.76941,44.56965,9.462216969204208,3.5249247869408253,0.0
27.61004,26.05322,30.06497,1381.34322,-0.7605,44.58239,9.429630192427924,3.51278535518196,0.0
27.62322,26.06788,30.03764,1376.27603,-0.75379,44.5951,9.396617212637402,3.500487151586215,0.0
27.63636,26.0825,30.01062,1371.22596,-0.74929,44.60779,9.36330179095286,3.4880762804272214,0.0
27.64944,26.09707,29.98382,1366.1937,-0.74704,44.62047,9.32980583263043,3.475598154620411,0.0
27.66247,26.11159,29.95716,1361.1799,-0.74707,44.63313,9.296248974378168,3.463097341987365,0.0
27.67544,26.12606,29.93055,1356.18513,-0.74938,44.64578,9.262748206673486,3.4506174245591223,0.0
27.68837,26.14048,29.90392,1351.20993,-0.75399,44.6584,9.229417531129876,3.4382008709362735,0.0
27.70125,26.15486,29.87718,1346.25475,-0.7609,44.67101,9.196367652589144,3.4258889215852104,0.0
27.71408,26.16919,29.85026,1341.31999,-0.77011,44.68361,9.163705705212285,3.413721486799773,0.0
27.72686,26.18347,29.82307,1336.40598,-0.78159,44.69619,9.131535011569145,3.4017370569558105,0.0
27.73959,26.1977,29.79554,1331.513,-0.79533,44.70875,9.09995487343578,3.3899726245776893,0.0
27.75227,26.21189,29.7676,1326.64127,-0.8113,44.7213,9.069060392784612,3.3784636176524216,0.0
27.7649,26.22603,29.73916,1321.79094,-0.82948,44.73384,9.038942321278316,3.3672438435621705,0.0
27.77748,26.24012,29.71017,1316.96211,-0.84982,44.74636,9.009686936399635,3.356345442939359,0.0
27.79002,26.25416,29.68054,1312.15482,-0.87227,44.75887,8.98137594230641,3.3457988527325466,0.0
27.8025,26.26816,29.65022,1307.36905,-0.89679,44.77136,8.954086393349794,3.3356327777149595,0.0
27.81494,26.28211,29.61914,1302.60473,-0.92332,44.78384,8.927890638229863,3.3258741696809873,0.0
27.82733,26.29602,29.58723,1297.86174,-0.95179,44.79631,8.902856282704326,3.3165482135541877,0.0
27.83967,26.30988,29.55444,1293.13989,-0.98215,44.80877,8.879046168843598,3.3076783196592654,0.0
27.85196,26.32369,29.52072,1288.43895,-1.01431,44.82121,8.856518368800641,3.2992861214011717,0.0
27.86421,26.33746,29.486,1283.75865,-1.04821,44.83365,8.835326191207445,3.291391477647955,0.0
27.87641,26.35118,29.45025,1279.09866,-1.08376,44.84607,8.81551819834617,3.2840124791274716,0.0
27.88856,26.36486,29.41341,1274.4586,-1.12088,44.85847,8.797138232374705,3.2771654581970906,0.0
27.90066,26.37849,29.37544,1269.83804,-1.15947,44.87087,8.780225448988087,3.2708650013834624,0.0
27.91272,26.39208,29.33631,1265.23653,-1.19945,44.88326,8.764814357035482,3.2651239641408836,0.0
27.92473,26.40562,29.29597,1260.65356,-1.24073,44.89564,8.750934862760914,3.259953487332134,0.0
27.9367,26.41912,29.25441,1256.08857,-1.2832,44.908,8.738612317438957,3.2553630149740234,0.0
27.94862,26.43257,29.21158,1251.541,-1.32676,44.92036,8.727867567392458,3.251360312870315,0.0
27.96049,26.44598,29.16746,1247.01021,-1.37131,44.9327,8.718717005448966,3.2479514877805893,0.0
27.97232,26.45934,29.12204,1242.49555,-1.41674,44.94504,8.711172623131093,3.2451410068625366,0.0
27.9841,26.47266,29.0753,1237.99634,-1.46295,44.95737,8.705242062961316,3.242931717156865,0.0
27.99584,26.48594,29.02722,1233.51185,-1.50984,44.96968,8.700928670453262,3.241324864955427,0.0
28.00753,26.49917,28.97779,1229.04133,-1.55727,44.98199,8.698231545499127,3.240320114944384,0.0
28.01918,26.51235,28.92702,1224.58402,-1.60516,44.99428,8.697145593001093,3.2399155690657353,0.0
28.03078,26.5255,28.87489,1220.13912,-1.65339,45.00657,8.697661572764286,3.240107785103769,0.0
28.04234,26.5386,28.8214,1215.7058,-1.70184,45.01885,8.69976614877625,3.240891795042953,0.0
28.05385,26.55165,28.76657,1211.28323,-1.7504,45.03112,8.70344193814552,3.2422611232988463,0.0
28.06532,26.56467,28.71041,1206.87055,-1.79897,45.04338,8.708667560099334,3.2442078049710306,0.0
28.07675,26.57764,28.65292,1202.46689,-1.84742,45.05563,8.715417685543024,3.246722404305294,0.0
28.08813,26.59056,28.59412,1198.07136,-1.89566,45.06787,8.723663087805846,3.249794033597786,0.0
28.09946,26.60344,28.53403,1193.68306,-1.94357,45.0801,8.733370695311283,3.253410372816087,0.0
28.11075,26.61628,28.47268,1189.3011,-1.99104,45.09232,8.744503646945597,3.257557690225456,0.0
28.122,26.62908,28.41008,1184.92455,-2.03797,45.10453,8.757021351059395,3.262220864368463,0.0
28.1332,26.64183,28.34627,1180.55252,-2.08426,45.11673,8.770879549008148,3.267383407735507,0.0
28.14436,26.65454,28.28128,1176.18409,-2.12979,45.12893,8.786030384293339,3.273027492521709,0.0
28.15548,26.66721,28.21515,1171.81834,-2.17449,45.14111,8.802422478305875,3.279133978843329,0.0
28.16655,26.67983,28.14791,1167.45437,-2.21824,45.15328,8.820001013783964,3.285682445828022,0.0
28.17757,26.69241,28.0796,1163.09128,-2.26095,45.16544,8.838707827038672,3.2926512259712806,0.0
28.18856,26.70494,28.01027,1158.72819,-2.30255,45.17759,8.858481510045726,3.3000174431683207,0.0
28.1995,26.71743,27.93996,1154.36421,-2.34293,45.18973,8.879257523434852,3.3077570548055824,0.0
28.21039,26.72988,27.86871,1149.9985,-2.38202,45.20186,8.900968321407518,3.315844898295875,0.0
28.22124,26.74229,27.79659,1145.6302,-2.41975,45.21398,8.923543489494815,3.324254742396814,0.0
28.23205,26.75465,27.72363,1141.25851,-2.45604,45.22608,8.946909896059728,3.3329593436494025,0.0
28.24282,26.76697,27.64989,1136.88262,-2.49082,45.23818,8.970991858273653,3.34193050820865,0.0
28.25354,26.77924,27.57542,1132.50176,-2.52403,45.25026,8.995711323225917,3.3511391593116353,0.0
28.26421,26.79147,27.50028,1128.1152,-2.55561,45.26233,9.0209880646786,3.360555410573854,0.0
28.27485,26.80366,27.42453,1123.72222,-2.58552,45.27438,9.046739895796716,3.3701486452368083,0.0
28.28544,26.8158,27.34823,1119.32215,-2.61371,45.28643,9.072882898052999,3.3798876014410615,0.0
28.29598,26.8279,27.27142,1114.91435,-2.64013,45.29846,9.09933166626297,3.38974046350825,0.0
28.30648,26.83995,27.19418,1110.49822,-2.66476,45.31048,9.125999569566597,3.399674959163617,0.0
28.31694,26.85196,27.11655,1106.07321,-2.68756,45.32248,9.15279902788995,3.409658462525253,0.0
28.32735,26.86393,27.03861,1101.63879,-2.70853,45.33447,9.179641803245078,3.4196581026209625,0.0
28.33772,26.87585,26.9604,1097.1945,-2.72763,45.34644,9.206439304985174,3.4296408771038553,0.0
28.34805,26.88773,26.88199,1092.73992,-2.74488,45.3584,9.233102907864549,3.4395737707380367,0.0
28.35833,26.89956,26.80343,1088.27467,-2.76026,45.37035,9.259544281571078,3.4494238781581315,0.0
28.36856,26.91134,26.72478,1083.79842,-2.77378,45.38227,9.28567573012179,3.4591585303030636,0.0
28.37875,26.92308,26.6461,1079.3109,-2.78546,45.39419,9.31141053932913,3.4687454238563804,0.0
28.3889,26.93478,26.56745,1074.81189,-2.79532,45.40608,9.336663330293188,3.4781527529314116,0.0
28.399,26.94643,26.48887,1070.30123,-2.80339,45.41796,9.361350416732881,3.487349342186534,0.0
28.40906,26.95804,26.41042,1065.77879,-2.8097,45.42982,9.385390163747905,3.496304780473442,0.0
28.41908,26.9696,26.33216,1061.24453,-2.81429,45.44167,9.40870334548716,3.5049895540780436,0.0
28.42904,26.98111,26.25412,1056.69843,-2.81721,45.4535,9.43121349906982,3.5133751785653704,0.0
28.43897,26.99258,26.17636,1052.14055,-2.81852,45.46531,9.452847272010569,3.5214343282046237,0.0
28.44885,27.004,26.09893,1047.57099,-2.81828,45.4771,9.47353476034899,3.529140961931264,0.0
28.45868,27.01537,26.02186,1042.98992,-2.81655,45.48887,9.493209834684109,3.5364704448034576,0.0
28.46847,27.0267,25.94519,1038.39755,-2.81341,45.50062,9.511810451295027,3.5433996639027017,0.0
28.47821,27.03799,25.86896,1033.79415,-2.80894,45.51235,9.529278945644602,3.5499071376716675,0.0
28.48791,27.04922,25.79321,1029.18003,-2.80323,45.52407,9.545562305590625,3.555973117692546,0.0
28.49757,27.06041,25.71797,1024.55556,-2.79636,45.53576,9.560612421851195,3.5615796819920003,0.0
28.50717,27.07155,25.64327,1019.92118,-2.78843,45.54744,9.574386313375228,3.5667108189976,0.0
28.51674,27.08265,25.56913,1015.27733,-2.77954,45.55909,9.586846325523384,3.571352501365438,0.0
28.52625,27.0937,25.49558,1010.62453,-2.76979,45.57073,9.597960299179332,3.575492748978525,0.0
28.53573,27.1047,25.42263,1005.96335,-2.7593,45.58234,9.60770170922537,3.5791216805325985,0.0
28.54515,27.11565,25.3503,1001.29437,-2.74817,45.59393,9.616049771061885,3.5822315532174263,0.0
28.55453,27.12655,25.27861,996.61823,-2.73652,45.6055,9.622989514208733,3.5848167901352594,0.0
