0.04834,0.04834,51.13388,5106.41835,-0.47382,45.0001,6.655608268455736,2.4793891995927257,0.0
0.09664,0.09664,51.07235,5102.8021,-0.44689,45.00025,6.703950475371343,2.497397943628805,0.0
0.14491,0.14491,51.0145,5099.15284,-0.41926,45.00044,6.749048597003904,2.514198180539929,0.0
0.19314,0.19314,50.96043,5095.47224,-0.39099,45.00069,6.790755791471567,2.5297352078614646,0.0
0.24134,0.24134,50.91021,5091.76209,-0.36213,45.00097,6.828936135240998,2.5439583905008822,0.0
0.28951,0.28951,50.86391,5088.02425,-0.33274,45.00131,6.863465658291035,2.5568215463634516,0.0
0.33763,0.33764,50.82159,5084.26067,-0.30289,45.00169,6.89423330189278,2.5682833031505266,0.0
0.38573,0.38574,50.7833,5080.47337,-0.27263,45.00212,6.921141785995088,2.578307421483464,0.0
0.43379,0.43381,50.74908,5076.66443,-0.24205,45.00259,6.944108374202021,2.5868630798778502,0.0
0.48181,0.48183,50.71897,5072.836,-0.21119,45.00311,6.963065525676685,2.593925117594838,0.0
0.52979,0.52983,50.69299,5068.99027,-0.18014,45.00367,6.97796142480334,2.599474231954211,0.0
0.57774,0.57778,50.67116,5065.12949,-0.14895,45.00429,6.98876038117399,2.6034971273399212,0.0
0.62565,0.6257,50.65349,5061.25592,-0.1177,45.00494,6.995443094383805,2.605986613843343,0.0
0.67353,0.67359,50.63997,5057.37187,-0.08647,45.00564,6.998006780102551,2.606941654228207,0.0
0.72136,0.72144,50.63059,5053.47963,-0.05531,45.00639,6.996465155981498,2.6063673586805427,0.0
0.76916,0.76926,50.62532,5049.58153,-0.0243,45.00718,6.990848288095454,2.604274927604303,0.0
0.81693,0.81704,50.62415,5045.67987,0.0065,45.00801,6.98120230067891,2.6006815434904365,0.0
0.86465,0.86478,50.62703,5041.77696,0.037,45.0089,6.967588953949184,2.5956102136449037,0.0
0.91234,0.91249,50.6339,5037.87507,0.06716,45.00982,6.950085096703419,2.589089566266654,0.0
0.95999,0.96016,50.64472,5033.97645,0.09689,45.01079,6.928782002127114,2.5811536030188282,0.0
1.0076,1.0078,50.65942,5030.08331,0.12614,45.01181,6.90378459680084,2.5718414118134727,0.0
1.05513,1.05544,50.67525,5026.20245,0.11436,45.10176,6.877800746560683,2.562161743922768,48.99999916415011
1.10256,1.10311,50.6895,5022.33867,0.1022,45.19151,6.853483675448647,2.5531029951128867,48.99999916415011
1.14987,1.15083,50.70211,5018.49114,0.08966,45.28108,6.830859026698757,2.544674718163217,48.99999916415011
1.19708,1.19858,50.71304,5014.65898,0.07677,45.37048,6.80995111727,2.5368859717807997,48.99999916415011
1.24417,1.24637,50.72225,5010.84133,0.06355,45.45975,6.790782493528759,2.529745155080342,48.99999916415011
1.29115,1.2942,50.7297,5007.03729,0.05003,45.5489,6.773374022572857,2.5232600416048308,48.99999916415011
1.33802,1.34207,50.73536,5003.24593,0.03621,45.63795,6.757744978391926,2.5174378114225324,48.99999916415011
1.38479,1.38997,50.73918,4999.46634,0.02212,45.72693,6.743913122494542,2.5122850811627253,48.99999916415011
1.43144,1.43791,50.74114,4995.69757,0.00778,45.81586,6.731894778649818,2.507807931858907,48.99999916415011
1.47798,1.48589,50.7412,4991.93866,-0.0068,45.90477,6.721704901439605,2.5040119344862974,48.99999916415011
1.52442,1.5339,50.73935,4988.18865,-0.02158,45.99367,6.713357138368269,2.5009021730993597,48.99999916415011
1.57074,1.58196,50.73556,4984.44655,-0.03655,46.0826,6.706863885276195,2.4984832654747904,48.99999916415011
1.61696,1.63005,50.72981,4980.71137,-0.05169,46.17157,6.702236334856101,2.496759381185126,48.99999916415011
1.66306,1.67817,50.72208,4976.98209,-0.06697,46.26061,6.699484518107098,2.495734257041466,48.99999916415011
1.70906,1.72633,50.71235,4973.25772,-0.08238,46.34974,6.698617338549512,2.4954112098393972,48.99999916415011
1.75495,1.77453,50.70062,4969.53721,-0.0979,46.43899,6.6996425990964035,2.495793146369344,48.99999916415011
1.80073,1.82277,50.68688,4965.81954,-0.11349,46.52839,6.702567021451716,2.4968825706428808,48.99999916415011
1.84639,1.87104,50.67111,4962.10365,-0.12915,46.61795,6.707396257970632,2.498681588311037,48.99999916415011
1.89195,1.91935,50.65332,4958.3885,-0.14485,46.70771,6.714134895899205,2.5011919082436647,48.99999916415011
1.9374,1.9677,50.6335,4954.67303,-0.16057,46.79768,6.722786453943877,2.504414841251498,48.99999916415011
1.98274,2.01608,50.61167,4950.95617,-0.17628,46.8879,6.733353371176165,2.508351295952851,48.99999916415011
2.02797,2.0645,50.58781,4947.23684,-0.19197,46.97839,6.745836988213913,2.513001771763144,48.99999916415011
2.07309,2.11295,50.56194,4943.51396,-0.20761,47.06917,6.760237520752797,2.518366349034694,48.99999916415011
2.1181,2.16144,50.53408,4939.78645,-0.22318,47.16027,6.776554025424158,2.5244446763378514,48.99999916415011
2.163,2.20997,50.50422,4936.05322,-0.23866,47.25172,6.794784358087605,2.5312359549239063,48.99999916415011
2.20778,2.25854,50.4724,4932.31317,-0.25403,47.34354,6.814925124607643,2.5387389203880812,48.99999916415011
2.25246,2.30714,50.43863,4928.5652,-0.26926,47.43575,6.836971624241907,2.5469518215801608,48.99999916415011
2.29702,2.35578,50.40292,4924.80822,-0.28434,47.52839,6.860917785783907,2.555872396815986,48.99999916415011
2.34147,2.40445,50.36532,4921.04113,-0.29924,47.62148,6.8867560966036345,2.5654978474432077,48.99999916415011
2.3858,2.45317,50.32583,4917.26282,-0.31394,47.71504,6.91447752483651,2.57582480885463,48.99999916415011
2.43003,2.50192,50.2845,4913.47219,-0.32841,47.8091,6.944071434923815,2.5868493190247883,48.99999916415011
2.47414,2.5507,50.24135,4909.66813,-0.34265,47.90368,6.975525496810752,2.598566784683849,48.99999916415011
2.51813,2.59952,50.19643,4905.84956,-0.35662,47.99881,7.008825589134331,2.610971945252543,48.99999916415011
2.56201,2.64838,50.14976,4902.01536,-0.37031,48.09452,7.043955696774831,2.6240588346773914,48.99999916415011
2.60577,2.69728,50.10139,4898.16446,-0.3837,48.19083,7.080897803202467,2.6378207413270056,48.99999916415011
2.64942,2.74622,50.05137,4894.29576,-0.39675,48.28777,7.119631778118972,2.652250166135621,48.99999916415011
2.69295,2.79519,49.99974,4890.40818,-0.40946,48.38535,7.160135260935498,2.6673387791955476,48.99999916415011
2.73636,2.8442,49.94654,4886.50065,-0.4218,48.48361,7.202383540708213,2.683077375030027,48.99999916415011
2.77965,2.89324,49.89183,4882.57211,-0.43376,48.58257,7.246349433210167,2.6994558267992583,48.99999916415011
2.82282,2.94233,49.83567,4878.62151,-0.44531,48.68226,7.292003155895731,2.7164630397213694,48.99999916415011
2.86587,2.99145,49.7781,4874.64781,-0.45643,48.78268,7.339312201592571,2.7340869040193496,48.99999916415011
2.9088,3.04061,49.71919,4870.64997,-0.46711,48.88388,7.388241211818363,2.7523142477281977,48.99999916415011
2.95161,3.08981,49.659,4866.627,-0.47732,48.98587,7.438751850707137,2.771130789729161,48.99999916415011
2.9943,3.13904,49.59759,4862.57789,-0.48705,49.08868,7.490802680612515,2.7905210934086733,48.99999916415011
3.03686,3.18831,49.53502,4858.50169,-0.49629,49.19233,7.544349040525419,2.8104685213657516,48.99999916415011
3.0793,3.23763,49.47136,4854.39743,-0.505,49.29683,7.599342928538336,2.8309551916268423,48.99999916415011
3.12161,3.28698,49.40668,4850.26419,-0.51318,49.40221,7.655732889622926,2.851961935840024,48.99999916415011
3.1638,3.33636,49.34106,4846.10106,-0.52082,49.50849,7.713463910132032,2.8734682599742345,48.99999916415011
3.20585,3.38579,49.27456,4841.90718,-0.52789,49.61569,7.772477320433625,2.8954523080478536,48.99999916415011
3.24778,3.43526,49.20725,4837.6817,-0.53437,49.72383,7.832710707185507,2.917890829448717,48.99999916415011
3.28958,3.48476,49.13923,4833.4238,-0.54027,49.83292,7.89409783679689,2.9407591504215467,48.99999916415011
3.33125,3.5343,49.07055,4829.13272,-0.54556,49.94299,7.956568591699498,2.964031150327254,48.99999916415011
3.37278,3.58388,49.00131,4824.8077,-0.55023,50.05404,8.020048921021447,2.9876792432676686,48.99999916415011
3.41418,3.6335,48.93158,4820.44806,-0.55426,50.16611,8.084460807337127,3.011674365698987,48.99999916415011
3.45545,3.68316,48.86144,4816.05312,-0.55766,50.27918,8.149722251139417,3.0359859706472703,48.99999916415011
3.49658,3.73286,48.79099,4811.62228,-0.5604,50.3933,8.215747274676325,3.0605820291376915,48.99999916415011
3.53758,3.7826,48.72029,4807.15497,-0.56249,50.50845,8.282445946750208,3.0854290394328947,48.99999916415011
3.57843,3.83238,48.64944,4802.65067,-0.56391,50.62466,8.349724430040053,3.1104920446617954,48.99999916415011
3.61915,3.88219,48.57852,4798.10891,-0.56465,50.74194,8.417485052432598,3.1357346593922952,48.99999916415011
3.65973,3.93205,48.50761,4793.52928,-0.56471,50.86029,8.485626403718598,3.161119105653187,48.99999916415011
3.70016,3.98194,48.43681,4788.91143,-0.56409,50.97972,8.55404345893616,3.186606258882793,48.99999916415011
3.74045,4.03187,48.3662,4784.25505,-0.56279,51.10023,8.622627729443346,3.212155704207483,48.99999916415011
3.7806,4.08184,48.29586,4779.55991,-0.56079,51.22184,8.691267442677292,3.2377258034066756,48.99999916415011
3.8206,4.13186,48.22589,4774.82584,-0.55811,51.34454,8.759847751288302,3.2632737728207966,48.99999916415011
3.86046,4.18191,48.15636,4770.05272,-0.55473,51.46833,8.82825097218665,3.2887557724024923,48.99999916415011
3.90017,4.232,48.08737,4765.24053,-0.55067,51.59322,8.896356855725376,3.3141270059943126,48.99999916415011
3.93973,4.28212,48.01899,4760.38927,-0.54593,51.7192,8.964042884999362,3.339341832825486,48.99999916415011
3.97914,4.33229,47.95132,4755.49906,-0.54052,51.84627,9.031184604924514,3.3643538901025773,48.99999916415011
4.01839,4.3825,47.88444,4750.57005,-0.53443,51.97442,9.097655980467291,3.3891162264594126,48.99999916415011
4.0575,4.43275,47.81842,4745.6025,-0.52768,52.10365,9.163329783033822,3.4135814458971883,48.99999916415011
4.09645,4.48303,47.75335,4740.59671,-0.52027,52.23395,9.2280780037006,3.4377018617237804,48.99999916415011
4.13524,4.53335,47.6893,4735.55307,-0.51223,52.3653,9.291772291625957,3.4614296598735534,48.99999916415011
4.17388,4.58371,47.62637,4730.47206,-0.50356,52.49769,9.354284415607255,3.4847170708495594,48.99999916415011
4.21236,4.63411,47.56461,4725.3542,-0.49427,52.63112,9.41548674639755,3.507516549399184,48.99999916415011
4.25068,4.68455,47.5041,4720.20011,-0.48439,52.76556,9.475252757080613,3.5297809609170083,48.99999916415011
4.28884,4.73503,47.44491,4715.01048,-0.47393,52.901,9.533457538448147,3.551463773436381,48.99999916415011
4.32684,4.78554,47.38712,4709.78607,-0.4629,53.03741,9.589978326008325,3.572519253953972,48.99999916415011
4.36468,4.8361,47.33078,4704.52771,-0.45133,53.17478,9.644695035005324,3.5929026677386133,48.99999916415011
4.40236,4.88668,47.27597,4699.23632,-0.43924,53.31308,9.697490799551723,3.6125704791723168,48.99999916415011
4.43987,4.93731,47.22273,4693.91286,-0.42665,53.45229,9.74825251177268,3.6314805525956544,48.99999916415011
4.47721,4.98797,47.17113,4688.55839,-0.4136,53.59238,9.796871356705953,3.6495923515720987,48.99999916415011
4.51439,5.03868,47.12121,4683.17401,-0.40009,53.73333,9.8432433385616,3.6668671349336015,48.99999916415011
4.5514,5.08941,47.07304,4677.7609,-0.38617,53.8751,9.88726979389271,3.6832681479501974,48.99999916415011
4.58825,5.14018,47.02664,4672.32028,-0.37186,54.01767,9.928857887237566,3.6987608069697493,48.99999916415011
4.62492,5.19099,46.98208,4666.85346,-0.35718,54.16099,9.967921084791275,3.7133128758730907,48.99999916415011
4.66143,5.24184,46.93938,4661.36177,-0.34217,54.30505,10.004379601815948,3.7268946327460983,48.99999916415011
4.69776,5.29272,46.89858,4655.84662,-0.32687,54.4498,10.0381608196784,3.739479025237197,48.99999916415011
4.73392,5.34363,46.8597,4650.30944,-0.3113,54.59521,10.069199668566467,3.7510418131292678,48.99999916415011
4.76992,5.39458,46.82279,4644.75172,-0.29549,54.74124,10.097438972294968,3.7615616967889345,48.99999916415011
4.80574,5.44556,46.78785,4639.17499,-0.27949,54.88785,10.122829751904822,3.7710204302652226,48.99999916415011
4.84138,5.49658,46.7549,4633.5808,-0.26332,55.03501,10.145331485151523,3.7794029179558537,48.99999916415011
4.87685,5.54762,46.72397,4627.97074,-0.24702,55.18267,10.164912319424598,3.7866972939253314,48.99999916415011
4.91215,5.59871,46.69505,4622.34642,-0.23063,55.3308,10.181549236082379,3.7928949831239764,48.99999916415011
4.94728,5.64982,46.66815,4616.70947,-0.21417,55.47936,10.195228164712221,3.797990743952865,48.99999916415011
4.98223,5.70097,46.64327,4611.06153,-0.1977,55.6283,10.20594404632806,3.8019826918065807,48.99999916415011
5.017,5.75214,46.62042,4605.40425,-0.18124,55.77758,10.213700845039622,3.8048723034202947,48.99999916415011
5.0516,5.80335,46.59957,4599.73931,-0.16484,55.92717,10.21851150829343,3.806664402058506,48.99999916415011
5.08602,5.85459,46.58071,4594.06834,-0.14852,56.07703,10.22039787629391,3.8073671237720137,48.99999916415011
5.12027,5.90586,46.56384,4588.39302,-0.13232,56.22711,10.219390541755171,3.8069918651517676,48.99999916415011
5.15434,5.95715,46.54891,4582.71497,-0.11628,56.37737,10.215528661608033,3.8055532131847762,48.99999916415011
5.18823,6.00848,46.53593,4577.03582,-0.10043,56.52777,10.208859722794056,3.803068858006229,48.99999916415011
5.22195,6.05983,46.52484,4571.35719,-0.08481,56.67828,10.199439264686632,3.799559489494043,48.99999916415011
5.25549,6.11122,46.51561,4565.68065,-0.06945,56.82885,10.18733056108702,3.7950486788040205,48.99999916415011
5.28886,6.16262,46.50822,4560.00776,-0.05439,56.97944,10.172604265101041,3.789562746077077,48.99999916415011
5.32205,6.21406,46.50261,4554.34003,-0.03965,57.13003,10.155338020474797,3.783130615651564,48.99999916415011
5.35506,6.26552,46.49875,4548.67895,-0.02528,57.28057,10.13561604324074,3.775783660215425,48.99999916415011
5.3879,6.31701,46.49658,4543.02597,-0.01129,57.43104,10.11352867769336,3.767555535395463,48.99999916415011
5.42057,6.36852,46.49604,4537.38247,0.00228,57.58138,10.089171930844904,3.758482006329833,48.99999916415011
5.45306,6.42006,46.4971,4531.74981,0.0154,57.73158,10.062646989579434,3.748600767795238,48.99999916415011
5.48537,6.47162,46.49968,4526.12929,0.02805,57.8816,10.034059724784736,3.7379512594830064,48.99999916415011
5.51751,6.52321,46.50373,4520.52216,0.0402,58.03141,10.003520186615711,3.7265744779714356,48.99999916415011
5.54948,6.57482,46.50917,4514.92959,0.05182,58.18098,9.971142095038136,3.714512786939927,48.99999916415011
5.58127,6.62645,46.51595,4509.35273,0.0629,58.33029,9.937042329647111,3.7018097271129444,48.99999916415011
5.61289,6.6781,46.524,4503.79264,0.07341,58.47931,9.901340422523381,3.6885098273356434,48.99999916415011
5.64433,6.72977,46.53324,4498.25034,0.08333,58.62802,9.86415805776596,3.6746584181366075,48.99999916415011
5.67561,6.78147,46.5436,4492.72675,0.09265,58.77639,9.825618581022356,3.660301449014953,48.99999916415011
5.70671,6.83318,46.55501,4487.22277,0.10133,58.92441,9.785846522091417,3.645485310597327,48.99999916415011
5.73765,6.88492,46.56739,4481.73921,0.10938,59.07205,9.74496713337828,3.630256662700232,48.99999916415011
5.76841,6.93667,46.58065,4476.27682,0.11678,59.2193,9.703105946689856,3.614662269224684,48.99999916415011
5.799,6.98844,46.59473,4470.83628,0.1235,59.36614,9.660388350484512,3.598748840670592,48.99999916415011
5.82942,7.04023,46.60954,4465.41819,0.12955,59.51257,9.616939189453214,3.5825628849702027,48.99999916415011
5.85968,7.09204,46.62499,4460.02312,0.13492,59.65856,9.572882387891465,3.5661505671842364,48.99999916415011
5.88977,7.14387,46.64101,4454.65153,0.13958,59.80412,9.528340598081362,3.5495575785149502,48.99999916415011
5.91969,7.19571,46.65752,4449.30385,0.14355,59.94922,9.483434874542237,3.53282901495593,48.99999916415011
5.94944,7.24757,46.67443,4443.98042,0.14681,60.09386,9.43828437474225,3.516009265799286,48.99999916415011
5.97903,7.29945,46.69165,4438.68152,0.14936,60.23805,9.393006086556703,3.4991419121067087,48.99999916415011
6.00846,7.35134,46.70911,4433.40738,0.1512,60.38177,9.347714582515138,3.482269635160034,48.99999916415011
6.03772,7.40324,46.72672,4428.15815,0.15233,60.52503,9.302521800622651,3.4654341348114257,48.99999916415011
6.06681,7.45516,46.7444,4422.93392,0.15274,60.66782,9.257536851314642,3.448676057568941,48.99999916415011
6.09575,7.5071,46.76207,4417.73474,0.15245,60.81015,9.212865849923435,3.432034934185932,48.99999916415011
6.12452,7.55904,46.77964,4412.56056,0.15145,60.95202,9.168611773819574,3.4155491264424223,48.99999916415011
6.15313,7.61101,46.79704,4407.41132,0.14976,61.09343,9.124874343281022,3.3992557827657546,48.99999916415011
6.18158,7.66298,46.81417,4402.28686,0.14737,61.23439,9.081749924962498,3.3831908022703696,48.99999916415011
6.20987,7.71496,46.83098,4397.18701,0.14429,61.37491,9.03933145677461,3.367388806773311,48.99999916415011
6.238,7.76696,46.84737,4392.1115,0.14054,61.515,8.997708392842945,3.351883120290043,48.99999916415011
6.26597,7.81897,46.86327,4387.06005,0.13612,61.65467,8.956966667198909,3.3367057555083215,48.99999916415011
6.29378,7.87099,46.87861,4382.0323,0.13104,61.79392,8.917188674756973,3.3218874067017294,48.99999916415011
6.32144,7.92302,46.89332,4377.02785,0.12533,61.93278,8.878453268127041,3.307457448542192,48.99999916415011
6.34894,7.97507,46.90731,4372.04628,0.11898,62.07126,8.840835768798986,3.2934439402665148,48.99999916415011
6.37628,8.02712,46.92053,4367.08708,0.11201,62.20937,8.804407991207336,3.2798736346411124,48.99999916415011
6.40347,8.07918,46.9329,4362.14973,0.10444,62.34713,8.7692382782188,3.2667719911820416,48.99999916415011
6.43051,8.13125,46.94436,4357.23365,0.09629,62.48455,8.735391546601043,3.2541631930933206,48.99999916415011
6.45739,8.18333,46.95485,4352.33825,0.08756,62.62166,8.70292934105707,3.2420701673961565,48.99999916415011
6.48411,8.23542,46.9643,4347.46286,0.07829,62.75847,8.67190989547407,3.230514607745756,48.99999916415011
6.51068,8.28752,46.97265,4342.60681,0.06849,62.89501,8.64238820002754,3.2195169994293673,48.99999916415011
6.5371,8.33962,46.97985,4337.76937,0.05817,63.03129,8.614416072925374,3.209096646092851,48.99999916415011
6.56337,8.39174,46.98584,4332.94979,0.04735,63.16735,8.58804223553608,3.199271697727913,48.99999916415011
6.58948,8.44386,46.99058,4328.1473,0.03607,63.30319,8.563312389795712,3.1900591795082245,48.99999916415011
6.61545,8.49599,46.994,4323.36107,0.02433,63.43885,8.540269296784901,3.18147502106143,48.99999916415011
6.64126,8.54812,46.99607,4318.59027,0.01216,63.57435,8.518952855466614,3.173534085801042,48.99999916415011
6.66698,8.60023,47.00003,4313.82738,0.05783,63.58184,8.495441127399687,3.1647753484653145,0.0
6.69266,8.65229,47.0091,4309.06782,0.10288,63.58934,8.465893232998095,3.1537679803488303,0.0
6.71831,8.7043,47.02321,4304.31511,0.14719,63.59687,8.430489615817791,3.1405792014239355,0.0
6.74392,8.75626,47.04224,4299.57264,0.19064,63.60441,8.38943689519175,3.1252859828286472,0.0
6.7695,8.80817,47.06609,4294.84376,0.23314,63.61197,8.342964971648101,3.1079739685587393,0.0
6.79505,8.86002,47.09462,4290.13167,0.27455,63.61955,8.291324733612745,3.0887366211541316,0.0
6.82055,8.91182,47.12771,4285.43947,0.3148,63.62715,8.234785631661255,3.067674318043898,0.0
6.84603,8.96358,47.16521,4280.77013,0.35377,63.63477,8.173633159733114,3.044893413232291,0.0
6.87147,9.01528,47.20695,4276.12648,0.39138,63.6424,8.108166282443051,3.0205052789045315,0.0
6.89687,9.06693,47.25278,4271.51121,0.42753,63.65006,8.038694846444319,2.9946253410915125,0.0
6.92224,9.11853,47.30251,4266.92683,0.46216,63.65773,7.965537011876376,2.9673721228164776,0.0
6.94757,9.17009,47.35597,4262.37573,0.49519,63.66542,7.889016737389961,2.938866307200694,0.0
6.97287,9.22159,47.41296,4257.86009,0.52654,63.67313,7.8094613490385765,2.9092298318115564,0.0
6.99814,9.27304,47.47329,4253.38196,0.55617,63.68086,7.727199219877772,2.8785850242522733,0.0
7.02337,9.32445,47.53675,4248.94319,0.58401,63.68861,7.642557583180052,2.8470537875268773,0.0
7.04857,9.37581,47.60314,4244.5455,0.61002,63.69638,7.555860498260706,2.8147568422568283,0.0
7.07374,9.42712,47.67225,4240.1904,0.63416,63.70417,7.46742698381875,2.7818130313013967,0.0
7.09887,9.47838,47.74386,4235.87926,0.65639,63.71198,7.377569329730096,2.7483386908562015,0.0
7.12398,9.5296,47.81776,4231.61328,0.67669,63.7198,7.2865915943847925,2.7144470906717917,0.0
7.14904,9.58077,47.89372,4227.39348,0.69503,63.72765,7.194788291090248,2.68024794470429,0.0
7.17408,9.63189,47.97152,4223.22077,0.7114,63.73552,7.102443263721927,2.645846992265689,0.0
7.19908,9.68298,48.05095,4219.09585,0.72578,63.74341,7.00982874887145,2.611345648649342,0.0
7.22406,9.73401,48.13178,4215.01931,0.73817,63.75132,6.917204619123549,2.57684072323072,0.0
7.249,9.78501,48.21378,4210.99159,0.74857,63.75925,6.824817799903614,2.542424202227783,0.0
7.27391,9.83596,48.29675,4207.013,0.75699,63.7672,6.732901850513485,2.508183092625779,0.0
7.29879,9.88686,48.38046,4203.08371,0.76343,63.77518,6.64167669855801,2.4741993232441577,0.0
7.32363,9.93773,48.46468,4199.20378,0.76791,63.78317,6.5513485158781295,2.4405496985183777,0.0
7.34845,9.98856,48.54922,4195.37314,0.77045,63.79119,6.462109723407114,2.4073059003089807,0.0
7.37324,10.03934,48.63385,4191.59163,0.77106,63.79923,6.374139111953353,2.3745345328963627,0.0
7.398,10.09009,48.71837,4187.85898,0.76978,63.80729,6.287602065752833,2.342297206259948,0.0
7.42273,10.14079,48.80257,4184.17481,0.76663,63.81537,6.202650875811836,2.3106506528065966,0.0
7.44743,10.19146,48.88626,4180.53866,0.76165,63.82348,6.119425130296176,2.2796468728008574,0.0
7.4721,10.24209,48.96922,4176.95001,0.75487,63.8316,6.038052169781512,2.2493333039576964,0.0
7.49675,10.29268,49.05128,4173.40823,0.74633,63.83975,5.958647595768792,2.219753010877876,0.0
7.52136,10.34324,49.13224,4169.91263,0.73607,63.84793,5.881315821593523,2.1909448902761515,0.0
7.54595,10.39375,49.21193,4166.46245,0.72412,63.85613,5.806150655678614,2.162943888258306,0.0
7.57051,10.44424,49.29015,4163.05689,0.71055,63.86435,5.7332359079024595,2.1357812262092106,0.0
7.59504,10.49469,49.36675,4159.69507,0.69538,63.87259,5.662646010749187,2.1094846321876406,0.0
7.61955,10.5451,49.44155,4156.37606,0.67867,63.88086,5.594446647748124,2.0840785750365076,0.0
7.64402,10.59548,49.51439,4153.09891,0.66047,63.88915,5.528695382595442,2.059584498747228,0.0
7.66848,10.64583,49.58512,4149.8626,0.64083,63.89746,5.465442283175614,2.036021054924132,0.0
7.6929,10.69614,49.65358,4146.66607,0.6198,63.9058,5.404730535471884,2.013404331482272,0.0
7.7173,10.74642,49.71964,4143.50825,0.59743,63.91417,5.346597043119432,1.9917480759967419,0.0
7.74168,10.79667,49.78315,4140.38802,0.57377,63.92256,5.291073009051609,1.9710639123812177,0.0
7.76602,10.84689,49.84398,4137.30422,0.54888,63.93097,5.2381844962851,1.951361549795171,0.0
7.79035,10.89708,49.90201,4134.25569,0.52281,63.93941,5.187952965520547,1.9326489829142572,0.0
7.81464,10.94723,49.95711,4131.24122,0.49562,63.94787,5.140395787695738,1.9149326828698585,0.0
7.83891,10.99736,50.00918,4128.2596,0.46737,63.95636,5.095526730131759,1.8982177783513194,0.0
7.86316,11.04746,50.0581,4125.30958,0.4381,63.96487,5.053356415277649,1.8825082265004012,0.0
7.88738,11.09752,50.10377,4122.38989,0.40787,63.97341,5.013892751416636,1.8678069733606855,0.0
7.91158,11.14756,50.14611,4119.49927,0.37675,63.98197,4.97714133499853,1.854116103756978,0.0
7.93576,11.19757,50.18501,4116.63641,0.34478,63.99056,4.943105824490762,1.8414369805646564,0.0
7.9599,11.24756,50.2204,4113.80001,0.31203,63.99917,4.911788285845154,1.8297703734051327,0.0
7.98403,11.29751,50.25219,4110.98872,0.27854,64.00781,4.883189509832823,1.8191165768614552,0.0
8.00813,11.34744,50.28033,4108.20122,0.24438,64.01647,4.857309301638489,1.8094755183598061,0.0
8.03221,11.39734,50.30474,4105.43615,0.20961,64.02516,4.834146743150505,1.8008468558794397,0.0
8.05626,11.44721,50.32537,4102.69213,0.17427,64.03388,4.8137004284863005,1.7932300656921065,0.0
8.08029,11.49706,50.34216,4099.96779,0.13843,64.04262,4.795968673285497,1.7866245203292497,0.0
8.1043,11.54688,50.35507,4097.26173,0.10215,64.05138,4.780949698328616,1.781029556984797,0.0
8.12828,11.59667,50.36406,4094.57253,0.06547,64.06017,4.768641788017822,1.7764445365534158,0.0
8.15224,11.64644,50.3691,4091.89878,0.02847,64.06899,4.7590434242317174,1.7728688934949415,0.0
8.17618,11.69618,50.37015,4089.23904,-0.00882,64.07783,4.752153396002717,1.770302176692085,0.0
8.20009,11.7459,50.36721,4086.59185,-0.04632,64.0867,4.747970885436902,1.768744081457843,0.0
8.22398,11.79559,50.36024,4083.95576,-0.08398,64.0956,4.746495530194791,1.7681944728112238,0.0
8.24785,11.84525,50.34925,4081.32928,-0.12175,64.10452,4.747727462812737,1.7686534001255068,0.0
8.2717,11.89489,50.33422,4078.71092,-0.15957,64.11346,4.751667327036203,1.7701211032128148,0.0
8.29552,11.94451,50.31517,4076.09918,-0.19737,64.12243,4.7583162712707505,1.7725980098844352,0.0
8.31932,11.9941,50.2921,4073.49252,-0.23511,64.13143,4.767675919175369,1.7760847249960632,0.0
8.34309,12.04367,50.26503,4070.88941,-0.27273,64.14045,4.779748317335128,1.7805820109544859,0.0
8.36685,12.09321,50.23398,4068.2883,-0.31016,64.1495,4.794535859881557,1.7860907596366917,0.0
8.39058,12.14273,50.19897,4065.6876,-0.34735,64.15857,4.812041189845696,1.792611955641286,0.0
8.41428,12.19222,50.16005,4063.08575,-0.38425,64.16767,4.83226707699356,1.8001466307789842,0.0
8.43797,12.24168,50.11724,4060.48113,-0.42079,64.17679,4.855216271800291,1.8086958096741481,0.0
8.46163,12.29113,50.0706,4057.87212,-0.45692,64.18594,4.880891335225588,1.8182604463516472,0.0
8.48527,12.34054,50.02018,4055.25708,-0.49258,64.19512,4.909294443886689,1.8288413516586735,0.0
8.50888,12.38994,49.96603,4052.63438,-0.52771,64.20431,4.940427170254823,1.8404391113821343,0.0
8.53248,12.4393,49.90823,4050.00233,-0.56225,64.21354,4.974290237490626,1.8530539949183937,0.0
8.55605,12.48865,49.84683,4047.35927,-0.59615,64.22278,5.0108832485692485,1.8666858543652485,0.0
8.57959,12.53796,49.78192,4044.70349,-0.62934,64.23206,5.0502043894427375,1.8813340139421062,0.0
8.60311,12.58726,49.71358,4042.03328,-0.66177,64.24135,5.092250106031701,1.896997149660879,0.0
8.62661,12.63652,49.6419,4039.34693,-0.69339,64.25067,5.137014755007542,1.913673159233181,0.0
8.65009,12.68576,49.56696,4036.64271,-0.72412,64.26002,5.1844902284638605,1.931359022250546,0.0
8.67354,12.73498,49.48889,4033.91887,-0.75392,64.26939,5.2346655527710135,1.9500506507471975,0.0
8.69697,12.78417,49.40777,4031.17366,-0.78272,64.27878,5.2875264621820905,1.9697427303570578,0.0
8.72038,12.83333,49.32372,4028.40533,-0.81048,64.2882,5.343054948003454,1.990428552367909,0.0
8.74376,12.88246,49.23686,4025.61212,-0.83712,64.29764,5.401228784501027,2.0120998371090137,0.0
8.76711,12.93157,49.14732,4022.79228,-0.8626,64.3071,5.46202103310228,2.0347465492533083,0.0
8.79045,12.98065,49.05522,4019.94404,-0.88686,64.31659,5.525399526847963,2.0583567057621077,0.0
8.81375,13.02971,48.9607,4017.06567,-0.90984,64.32609,5.591326337577922,2.0829161773978058,0.0
8.83704,13.07873,48.86391,4014.1554,-0.93149,64.33562,5.659757228818781,2.108408484910137,0.0
8.86029,13.12773,48.76498,4011.21153,-0.95175,64.34518,5.730641097957821,2.134814591231274,0.0
8.88353,13.1767,48.66408,4008.23233,-0.97058,64.35475,5.803919411870553,2.1621126912322453,0.0
8.90674,13.22564,48.56135,4005.21612,-0.98792,64.36435,5.879525640861034,2.1902780008508094,0.0
8.92992,13.27455,48.45696,4002.16123,-1.00371,64.37397,5.957384696434685,2.2192825476470395,0.0
8.95308,13.32343,48.35108,3999.06603,-1.01792,64.38361,6.037412379160262,2.249094965117377,0.0
8.97621,13.37228,48.24389,3995.92893,-1.0305,64.39327,6.119514843561155,2.2796802933525604,0.0
8.99931,13.4211,48.13555,3992.74837,-1.04139,64.40295,6.203588087739164,2.310999788909056,0.0
9.02239,13.46989,48.02625,3989.52286,-1.05057,64.41265,6.289517476083702,2.3430107470056765,0.0
9.04544,13.51865,47.91617,3986.25096,-1.05798,64.42238,6.377177304095175,2.375666339408838,0.0
9.06847,13.56737,47.8055,3982.93128,-1.06359,64.43212,6.466430414936398,2.408915471587876,0.0
9.09147,13.61606,47.69444,3979.56251,-1.06737,64.44188,6.557127877845369,2.442702662915339,0.0
9.11444,13.66472,47.58317,3976.14343,-1.06929,64.45166,6.64910873889868,2.4769679538198077,0.0
9.13738,13.71334,47.4719,3972.67289,-1.06932,64.46146,6.7421998549214495,2.511646843912965,0.0
9.16029,13.76193,47.36082,3969.14983,-1.06742,64.47128,6.836215821386395,2.5466702651301127,0.0
9.18318,13.81048,47.25014,3965.57331,-1.0636,64.48111,6.930959005042319,2.5819645938851363,0.0
9.20604,13.859,47.14006,3961.94249,-1.05782,64.49097,7.02621969171365,2.617451706129723,0.0
9.22887,13.90748,47.03078,3958.25664,-1.05008,64.50084,7.121776359099704,2.6530490789782646,0.0
9.25167,13.95592,46.92251,3954.51517,-1.04038,64.51073,7.217396083582009,2.688669942254292,0.0
9.27444,14.00432,46.81544,3950.71761,-1.0287,64.52063,7.312835088908092,2.7242234828896197,0.0
9.29718,14.05269,46.70979,3946.86362,-1.01506,64.53055,7.407839443206626,2.7596151045808277,0.0
9.31989,14.10101,46.60575,3942.95304,-0.99947,64.54049,7.502145909059685,2.7947467444635468,0.0
9.34257,14.1493,46.50352,3938.98583,-0.98194,64.55044,7.595482949333432,2.8295172478108497,0.0
9.36522,14.19754,46.40331,3934.96213,-0.96249,64.56041,7.6875718891862945,2.863822800911876,0.0
9.38784,14.24575,46.30529,3930.88221,-0.94115,64.5704,7.77812823211723,2.8975574213344317,0.0
9.41042,14.29391,46.20967,3926.74656,-0.91795,64.5804,7.866863125148422,2.9306135037441012,0.0
9.43298,14.34203,46.11663,3922.5558,-0.89294,64.59041,7.953484965299937,2.962882418358324,0.0
9.4555,14.3901,46.02634,3918.31074,-0.86616,64.60044,8.03770113647904,2.994255157983363,0.0
9.47799,14.43813,45.93899,3914.01236,-0.83767,64.61048,8.119219862812725,3.024623028429439,0.0
9.50045,14.48612,45.85473,3909.66183,-0.80755,64.6174,8.197753794376474,3.053878984289037,-0.999999982941839
9.52288,14.53406,45.77373,3905.26048,-0.77583,64.6243,8.273020479984028,3.081917805063537,-0.999999982941839
9.54528,14.58195,45.69614,3900.80983,-0.7426,64.63119,8.344742807804716,3.1086362593047627,-0.999999982941839
9.56765,14.62979,45.62211,3896.31155,-0.70793,64.63806,8.412652675655249,3.133934471895247,-0.999999982941839
9.58998,14.67759,45.55177,3891.76749,-0.67191,64.64491,8.476493121264085,3.157716717627757,-0.999999982941839
9.61229,14.72533,45.48524,3887.17967,-0.63462,64.65174,8.536020422305466,3.1798922035232255,-0.999999982941839
9.63456,14.77303,45.42264,3882.55025,-0.59616,64.65856,8.59100614322208,3.200375831326053,-0.999999982941839
9.6568,14.82067,45.36408,3877.88153,-0.55664,64.66536,8.641239098934674,3.2190889290376057,-0.999999982941839
9.67901,14.86826,45.30965,3873.17598,-0.51615,64.67216,8.686527205725811,3.235959940419109,-0.999999982941839
9.70119,14.91581,45.25943,3868.43618,-0.4748,64.67894,8.726699190612715,3.250925061778017,-0.999999982941839
9.72333,14.9633,45.2135,3863.66482,-0.43272,64.68572,8.761606132081004,3.2639288159318616,-0.999999982941839
9.74544,15.01073,45.17191,3858.86471,-0.39001,64.69249,8.791122807342513,3.274924554097241,-0.999999982941839
9.76752,15.05812,45.13471,3854.03874,-0.3468,64.69925,8.815148824190665,3.2838748775357267,-0.999999982941839
9.78957,15.10545,45.10194,3849.1899,-0.30321,64.70601,8.833609518964336,3.290751972069032,-0.999999982941839
9.81158,15.15273,45.07361,3844.32123,-0.25936,64.71277,8.846456606028644,3.2955378500276913,-0.999999982941839
9.83356,15.19995,45.04973,3839.43581,-0.21537,64.71953,8.853668568534935,3.298224495819439,-0.999999982941839
9.85551,15.24712,45.03031,3834.53679,-0.17138,64.7263,8.855250784684678,3.29881391296583,-0.999999982941839
9.87742,15.29424,45.01531,3829.62732,-0.12751,64.73306,8.851235388477773,3.2973180722273256,-0.999999982941839
9.8993,15.3413,45.00473,3824.71054,-0.08388,64.73984,8.841680868554837,3.2937587621614832,-0.999999982941839
9.92114,15.38831,44.9985,3819.78962,-0.04062,64.74663,8.826671413342723,3.2881673451724356,-0.999999982941839
9.94296,15.43526,44.99658,3814.86768,0.00215,64.75343,8.806316015016893,3.2805844237133006,-0.999999982941839
9.96473,15.48215,44.9989,3809.9478,0.04431,64.76024,8.780747348743398,3.271059422774325,-0.999999982941839
9.98648,15.529,45.00539,3805.03304,0.08575,64.76706,8.75012044721232,3.2596500961117196,-0.999999982941839
10.00819,15.57578,45.01596,3800.12637,0.12635,64.77391,8.71461119341227,3.2464219647665042,-0.999999982941839
10.02987,15.62252,45.0305,3795.23068,0.16599,64.78077,8.674414657000243,3.231447697318497,-0.999999982941839
10.05151,15.6692,45.0489,3790.3488,0.20459,64.78765,8.629743301357461,3.2148064419674554,-0.999999982941839
10.07312,15.71582,45.07106,3785.48344,0.24202,64.79456,8.580825089529702,3.1965831209459976,-0.999999982941839
10.0947,15.76239,45.09683,3780.63721,0.27821,64.8015,8.527901517706715,3.1768676979389543,-0.999999982941839
10.11625,15.8089,45.12608,3775.81262,0.31305,64.80846,8.471225604699788,3.155754429110854,-0.999999982941839
10.13776,15.85537,45.15867,3771.01203,0.34647,64.81544,8.411059865133115,3.1333411080663858,-0.999999982941839
10.15923,15.90177,45.19444,3766.23769,0.37838,64.82246,8.347674292812872,3.109728314602314,-0.999999982941839
10.18068,15.94813,45.23323,3761.49172,0.40871,64.82951,8.281344378931564,3.085018676436456,-0.999999982941839
10.20209,15.99443,45.27488,3756.77609,0.43739,64.83659,8.212349187725216,3.0593161523393544,-0.999999982941839
10.22347,16.04068,45.31921,3752.09264,0.46436,64.8437,8.140969509704547,3.032725344164294,-0.999999982941839
10.24482,16.08688,45.36605,3747.44307,0.48957,64.85085,8.067486110010242,3.005350844313556,-0.999999982941839
10.26613,16.13302,45.41521,3742.82892,0.51297,64.85804,7.992178086623815,2.9772966241287633,-0.999999982941839
10.28741,16.17912,45.46651,3738.2516,0.53452,64.86526,7.915321350365758,2.9486654676502,-0.999999982941839
10.30867,16.22516,45.51977,3733.71238,0.55418,64.87252,7.83718723578001,2.9195584541347253,-0.999999982941839
10.32988,16.27115,45.57479,3729.21237,0.57192,64.87982,7.758041249300973,2.890074491715049,-0.999999982941839
10.35107,16.3171,45.63138,3724.75257,0.58772,64.88715,7.678141958478865,2.8603099036069493,-0.999999982941839
10.37223,16.36299,45.68934,3720.33381,0.60156,64.89453,7.597740023612864,2.830358067367137,-0.999999982941839
10.39335,16.40883,45.74849,3715.95681,0.61342,64.90195,7.517077370971863,2.8003091068962402,-0.999999982941839
10.41445,16.45463,45.80863,3711.62215,0.62331,64.90941,7.436386504797803,2.7702496361419366,-0.999999982941839
10.43551,16.50038,45.86956,3707.33028,0.63122,64.9169,7.355889953570582,2.7402625528180646,-0.999999982941839
10.45655,16.54608,45.93109,3703.08154,0.63714,64.92444,7.275799844593845,2.7104268799266378,-0.999999982941839
10.47755,16.59173,45.99303,3698.87614,0.64111,64.93202,7.196317599746398,2.680817652417238,-0.999999982941839
10.49852,16.63734,46.05519,3694.71419,0.64311,64.93964,7.117633744354487,2.651505845986917,-0.999999982941839
10.51947,16.6829,46.11738,3690.59568,0.64318,64.94731,7.039927820411562,2.6225583447522687,-0.999999982941839
10.54038,16.72842,46.17941,3686.52051,0.64133,64.95501,6.963368394939664,2.594037944364268,-0.999999982941839
10.56126,16.77389,46.24111,3682.48847,0.6376,64.96275,6.888113154015269,2.5660033870353716,-0.999999982941839
10.58212,16.81932,46.30229,3678.49927,0.632,64.97054,6.814309072924109,2.5385094249266698,-0.999999982941839
10.60295,16.86471,46.36278,3674.55253,0.62458,64.97836,6.74209265296648,2.5116069083640853,-0.999999982941839
10.62375,16.91005,46.4224,3670.64778,0.61536,64.98623,6.6715902156909905,2.485342895448198,-0.999999982941839
10.64452,16.95535,46.48099,3666.78448,0.60439,64.99413,6.60291824563963,2.459760779735789,-0.999999982941839
10.66526,17.00061,46.53838,3662.96202,0.59171,65.00207,6.536183773124803,2.4349004328343673,-0.999999982941839
10.68597,17.04583,46.59442,3659.17971,0.57737,65.01005,6.471484789054431,2.4107983589354296,-0.999999982941839
10.70666,17.09101,46.64895,3655.4368,0.5614,65.01807,6.408910684334953,2.3874878585036403,-0.999999982941839
10.72732,17.13614,46.70182,3651.7325,0.54387,65.02613,6.348542707008757,2.3649991985725536,-0.999999982941839
10.74795,17.18124,46.75289,3648.06593,0.52481,65.03422,6.290454430827356,2.3433597873004506,-0.999999982941839
10.76856,17.2263,46.80202,3644.43619,0.50429,65.04235,6.23471222956786,2.322594350665703,-0.999999982941839
10.78914,17.27132,46.84907,3640.84231,0.48236,65.05051,6.181375752005843,2.302725109406667,-0.999999982941839
10.80969,17.3163,46.89393,3637.28327,0.45907,65.05871,6.130498393009844,2.2837719545167756,-0.999999982941839
10.83022,17.36124,46.93646,3633.75804,0.43448,65.06694,6.082127756770872,2.2657526198097218,-0.999999982941839
10.85072,17.40615,46.97655,3630.26551,0.40865,65.0752,6.036306108702314,2.2486828502640632,-0.999999982941839
10.87119,17.45101,47.0141,3626.80456,0.38163,65.08349,5.993070813028799,2.232576565036585,-0.999999982941839
10.89164,17.49585,47.04899,3623.37403,0.3535,65.09182,5.952454753511,2.2174460141933614,-0.999999982941839
10.91206,17.54064,47.08113,3619.97272,0.32431,65.10017,5.914486735177507,2.203301928365449,-0.999999982941839
10.93245,17.5854,47.11043,3616.5994,0.29412,65.10856,5.879191865294134,2.190153660669975,-0.999999982941839
10.95283,17.63013,47.1368,3613.25282,0.263,65.11697,5.846591912108405,2.1780093203519,-0.999999982941839
10.97317,17.67481,47.16016,3609.9317,0.231,65.1254,5.8167056402391575,2.166875897725466,-0.999999982941839
10.99349,17.71947,47.18044,3606.63472,0.1982,65.13387,5.789549121769329,2.1567593800644507,-0.999999982941839
11.01379,17.76409,47.19757,3603.36056,0.16466,65.14236,5.7651360223814825,2.147664858195174,-0.999999982941839
11.03406,17.80867,47.21149,3600.10785,0.13044,65.15087,5.7434778619957365,2.139596623590987,-0.999999982941839
11.0543,17.85322,47.22214,3596.87522,0.09561,65.15941,5.7245842495740185,2.1325582558430356,-0.999999982941839
11.07452,17.89774,47.22948,3593.66127,0.06023,65.16796,5.7084630918462675,2.12655270041626,-0.999999982941839
11.09472,17.94223,47.23346,3590.46457,0.02438,65.17654,5.695120775812518,2.1215823366362256,-0.999999982941839
11.11489,17.98668,47.23405,3587.28369,-0.01189,65.18514,5.6845623249910355,2.1176490358956626,-0.999999982941839
11.13504,18.03109,47.23122,3584.11716,-0.04851,65.19375,5.676791529380602,2.1147542100688383,-0.999999982941839
11.15516,18.07548,47.22494,3580.96351,-0.0854,65.20239,5.671811049212274,2.1128988501618156,-0.999999982941839
11.17526,18.11983,47.2152,3577.82124,-0.12251,65.21103,5.669622492534604,2.1120835552149915,-0.999999982941839
11.19534,18.16415,47.20199,3574.68882,-0.15977,65.2197,5.6702264667566595,2.112308551504226,-0.999999982941839
11.21539,18.20844,47.1853,3571.56474,-0.1971,65.22837,5.673622604220262,2.113573702067172,-0.999999982941839
11.23542,18.25269,47.16513,3568.44745,-0.23444,65.23706,5.679809561956715,2.1158785066126558,-0.999999982941839
11.25542,18.29691,47.1415,3565.33537,-0.27173,65.24576,5.688784995708716,2.119222091843152,-0.999999982941839
11.2754,18.3411,47.11441,3562.22693,-0.3089,65.25447,5.700545508377169,2.1236031922498615,-0.999999982941839
11.29535,18.38526,47.08389,3559.12053,-0.34587,65.26319,5.715086573016905,2.1290201214266005,-0.999999982941839
11.31528,18.42938,47.04997,3556.01457,-0.38259,65.27192,5.7324024305498265,2.135470733965246,-0.999999982941839
11.33519,18.47347,47.01267,3552.90742,-0.41898,65.28065,5.752485962372356,2.1429523779986637,-0.999999982941839
11.35507,18.51753,46.97204,3549.79745,-0.45498,65.28939,5.77532853810672,2.1514618384840536,-0.999999982941839
11.37493,18.56156,46.92812,3546.68301,-0.49052,65.29813,5.8009198387463865,2.1609952713199743,-0.999999982941839
11.39477,18.60555,46.88097,3543.56244,-0.52553,65.30688,5.829247655583832,2.171548128441642,-0.999999982941839
11.41458,18.64952,46.83064,3540.43409,-0.55995,65.31562,5.860297665341521,2.183115074051307,-0.999999982941839
11.43437,18.69345,46.77719,3537.29626,-0.5937,65.32437,5.8940531820767275,2.1956898921962695,-0.999999982941839
11.45413,18.73734,46.7207,3534.14728,-0.62673,65.33311,5.930494886557849,2.2092653859544393,-0.999999982941839
11.47387,18.78121,46.66124,3530.98547,-0.65897,65.34185,5.969600533971811,2.2238332685476485,-0.999999982941839
11.49358,18.82504,46.5989,3527.80913,-0.69035,65.35059,6.011344641015663,2.239384046775043,-0.999999982941839
11.51327,18.86884,46.53376,3524.61658,-0.72081,65.35932,6.0556981536440055,2.255906897240254,-0.999999982941839
11.53294,18.9126,46.46591,3521.40611,-0.75028,65.36804,6.102628097009273,2.273389535944941,-0.999999982941839
11.55258,18.95633,46.39546,3518.17605,-0.77871,65.37676,6.152097209403308,2.2918180819224028,-0.999999982941839
11.5722,19.00003,46.3225,3514.92471,-0.80602,65.38546,6.204063562306023,2.3111769156956994,-0.999999982941839
11.59179,19.04369,46.24716,3511.65042,-0.83215,65.39416,6.258480169044195,2.331448533492763,-0.999999982941839
11.61136,19.08732,46.16954,3508.35152,-0.85705,65.40284,6.315294584872926,2.3526133982662136,-0.999999982941839
11.6309,19.13091,46.08977,3505.02637,-0.88066,65.41151,6.3744485017350785,2.374649788730591,-0.999999982941839
11.65042,19.17447,46.00797,3501.67335,-0.90291,65.42016,6.435877341356713,2.397533647779695,-0.999999982941839
11.66991,19.21799,45.92427,3498.29085,-0.92376,65.4288,6.499509850793797,2.4212384318170965,-0.999999982941839
11.68938,19.26148,45.83882,3494.87729,-0.94314,65.43743,6.565267704960106,2.44573496268732,-0.999999982941839
11.70882,19.30493,45.75174,3491.43115,-0.96101,65.44603,6.633065121175973,2.470991284085111,-0.999999982941839
11.72824,19.34834,45.66319,3487.9509,-0.9773,65.45461,6.702808491177946,2.496972524469353,-0.999999982941839
11.74763,19.39172,45.57332,3484.4351,-0.99199,65.46317,6.774396036505144,2.5236407686854125,-0.999999982941839
11.76699,19.43506,45.48227,3480.88233,-1.00501,65.47171,6.847717493547408,2.550954940637298,-0.999999982941839
11.78633,19.47836,45.39021,3477.29121,-1.01632,65.48023,6.922653834979356,2.5788706995145065,-0.999999982941839
11.80565,19.52162,45.29729,3473.66046,-1.0259,65.48872,6.999077034528219,2.6073403521618572,-0.999999982941839
11.82493,19.56484,45.20368,3469.98883,-1.03368,65.49719,7.076849882353162,2.6363127843034313,-0.999999982941839
11.84419,19.60803,45.10955,3466.27514,-1.03965,65.50563,7.155825858445315,2.6657334133807504,-0.999999982941839
11.86343,19.65117,45.01506,3462.51832,-1.04378,65.51404,7.2358490714962596,2.6955441657796837,-0.999999982941839
11.88263,19.69428,44.92039,3458.71733,-1.04602,65.52243,7.316754270664599,2.725683481213796,-0.999999982941839
11.90181,19.73734,44.8257,3454.87127,-1.04638,65.53079,7.398366937446004,2.7560863469483694,-0.999999982941839
11.92097,19.78036,44.73117,3450.97931,-1.04481,65.53911,7.4805034645135375,2.786684364423119,-0.999999982941839
11.94009,19.82334,44.63698,3447.04071,-1.04132,65.54741,7.562971427905622,2.817405850649379,-0.999999982941839
11.95919,19.86627,44.54329,3443.05487,-1.03589,65.55568,7.645569958215335,2.8481759764878776,-0.999999982941839
11.97826,19.90916,44.4503,3439.02126,-1.02852,65.56391,7.7280902156241496,2.878916943611308,-0.999999982941839
11.9973,19.95201,44.35816,3434.93951,-1.01921,65.57211,7.810315972509212,2.9095482015408645,-0.999999982941839
12.01631,19.99482,44.26705,3430.80935,-1.00797,65.58028,7.892024306163285,2.939986705702654,-0.999999982941839
12.0353,20.03757,44.17716,3426.63064,-0.99481,65.58842,7.972986402740414,2.970147216918602,-0.999999982941839
12.05425,20.08029,44.08863,3422.40338,-0.97974,65.59653,8.05296847192199,2.9999426421436333,-0.999999982941839
12.07318,20.12295,44.00165,3418.1277,-0.9628,65.6046,8.131732770123113,3.029284415636964,-0.999999982941839
12.09207,20.16557,43.91638,3413.80389,-0.944,65.61264,8.209038728151418,3.058082919044681,-0.999999982941839
12.11094,20.20814,43.83298,3409.43235,-0.9234,65.62065,8.28464417731861,3.0862479381585515,-0.999999982941839
12.12978,20.25066,43.7516,3405.01365,-0.90102,65.62863,8.358306665979596,3.1136891533614928,-0.999999982941839
12.14859,20.29314,43.67239,3400.5485,-0.87693,65.63657,8.42978485647553,3.140316660025609,-0.999999982941839
12.16736,20.33556,43.59551,3396.03776,-0.85116,65.64449,8.498839990479626,3.166041514392062,-0.999999982941839
12.18611,20.37794,43.52109,3391.48243,-0.82379,65.65237,8.56523740884442,3.1907762997541673,-0.999999982941839
12.20483,20.42026,43.44927,3386.88366,-0.79488,65.66023,8.628748110330624,3.214435707124907,-0.999999982941839
12.22351,20.46253,43.38018,3382.24275,-0.7645,65.66805,8.68915033202304,3.236937123983434,-0.999999982941839
12.24217,20.50475,43.31393,3377.56112,-0.73273,65.67585,8.746231132955549,3.2582012242170553,-0.999999982941839
12.26079,20.54692,43.25064,3372.84036,-0.69966,65.68362,8.799787961461416,3.278152552000458,-0.999999982941839
12.27938,20.58903,43.1904,3368.08215,-0.66537,65.69137,8.849630186118793,3.2967200921131896,-0.999999982941839
12.29794,20.63109,43.13333,3363.28834,-0.62996,65.69909,8.895580569854546,3.3138378190821176,-0.999999982941839
12.31647,20.6731,43.0795,3358.46087,-0.59353,65.70679,8.93747666694312,3.3294452176002705,-0.999999982941839
12.33497,20.71505,43.02899,3353.60179,-0.55614,65.71847,8.975170155147698,3.3434870337318383,0.0
12.35343,20.75695,42.98186,3348.71326,-0.51793,65.73016,9.008529955846765,3.3559144372414247,0.0
12.37185,20.7988,42.93819,3343.79756,-0.47902,65.74184,9.03744525687386,3.3666861476813765,0.0
12.39024,20.84059,42.89801,3338.85701,-0.43952,65.75353,9.061824508240703,3.3757680602722338,0.0
12.4086,20.88233,42.86136,3333.89405,-0.39955,65.76522,9.08159615709821,3.383133519695046,0.0
12.42692,20.92401,42.82827,3328.91115,-0.35922,65.77691,9.096709215539933,3.388763531613088,0.0
12.4452,20.96564,42.79876,3323.91085,-0.31865,65.78861,9.10713364663054,3.392646906477628,0.0
12.46345,21.00721,42.77282,3318.89574,-0.27797,65.8003,9.112860563271681,3.3947803336106985,0.0
12.48166,21.04872,42.75045,3313.86841,-0.23729,65.812,9.113902237528956,3.3951683846796326,0.0
12.49984,21.09018,42.73163,3308.8315,-0.19674,65.82369,9.110291921116035,3.3938234468226782,0.0
12.51798,21.13159,42.71635,3303.78763,-0.15643,65.83539,9.102083480789746,3.3907655868240716,0.0
12.53608,21.17293,42.70456,3298.73944,-0.11649,65.84709,9.089350855293349,3.386022348811124,0.0
12.55415,21.21422,42.69621,3293.68954,-0.07703,65.85879,9.072187343277763,3.3796284889861385,0.0
12.57218,21.25546,42.69126,3288.6405,-0.03816,65.87049,9.050704734147013,3.3716256518434693,0.0
12.59018,21.29663,42.68962,3283.59487,-1e-05,65.88219,9.025032295905852,3.362061993116134,0.0
12.60814,21.33775,42.69123,3278.55515,0.03733,65.89389,8.99531563604853,3.3509917554269024,0.0
12.62607,21.37882,42.696,3273.52377,0.07373,65.9056,8.961715452943045,3.338474803146085,0.0
12.64396,21.41982,42.70383,3268.5031,0.10912,65.9173,8.924406196273429,3.324576123371028,0.0
12.66181,21.46078,42.71464,3263.49544,0.14337,65.929,8.883574655777075,3.3093653001936483,0.0
12.67963,21.50167,42.7283,3258.503,0.17641,65.94071,8.8394184978074,3.292915969531506,0.0
12.69741,21.54251,42.7447,3253.52789,0.20815,65.95242,8.792144769093447,3.2753052617388954,0.0
12.71516,21.58329,42.76371,3248.57215,0.23849,65.96413,8.741968386650969,3.2566132390589946,0.0
12.73287,21.62402,42.78522,3243.63769,0.26737,65.97583,8.689110631914797,3.2369223346485407,0.0
12.75055,21.66469,42.80908,3238.72633,0.29471,65.98754,8.633797666134889,3.216316799523804,0.0
12.76819,21.70531,42.83515,3233.83978,0.32045,65.99926,8.57625908269138,3.1948821632598525,0.0
12.7858,21.74587,42.86329,3228.97963,0.34453,66.01097,8.516726510439788,3.172704713699887,0.0
12.80337,21.78638,42.89335,3224.14737,0.36689,66.02269,8.455432280537876,3.1498710003131736,0.0
12.82091,21.82683,42.92517,3219.34434,0.38748,66.0344,8.392608167394682,3.1264673651654324,0.0
12.83842,21.86723,42.95861,3214.5718,0.40627,66.04612,8.328484212552366,3.102579504783876,0.0
12.85589,21.90757,42.9935,3209.83087,0.42321,66.05784,8.263287638482614,3.0782920655177874,0.0
12.87332,21.94787,43.02968,3205.12256,0.43827,66.06957,8.197241857448363,3.0536882743134433,0.0
12.89073,21.98811,43.06699,3200.44776,0.45145,66.0813,8.13056557887095,3.0288496061848837,0.0
12.9081,22.02829,43.10528,3195.80725,0.4627,66.09303,8.06347201697423,3.0038554890404967,0.0
12.92543,22.06843,43.14436,3191.20169,0.47202,66.10476,7.996168198990178,2.978783045971408,0.0
12.94273,22.10851,43.18409,3186.63163,0.47941,66.1165,7.928854372812673,2.9537068745869255,0.0
12.96001,22.14854,43.2243,3182.09752,0.48486,66.12824,7.8617235117781235,2.9286988625322983,0.0
12.97724,22.18852,43.26482,3177.59969,0.48837,66.13998,7.794960913169727,2.9038280379209804,0.0
12.99445,22.22846,43.3055,3173.13838,0.48996,66.15173,7.728743886174597,2.879160453090457,0.0
13.01162,22.26834,43.34617,3168.71372,0.48963,66.16348,7.663241524259676,2.8547590998062815,0.0
13.02876,22.30817,43.38668,3164.32575,0.4874,66.17523,7.598614556353904,2.830683853823516,0.0
13.04587,22.34795,43.42687,3159.97441,0.4833,66.18699,7.535015270815587,2.8069914465625785,0.0
13.06295,22.38769,43.4666,3155.65957,0.47735,66.19876,7.472587505833628,2.7837354615334453,0.0
13.08,22.42738,43.5057,3151.381,0.46958,66.21053,7.4114666997791065,2.7609663530929414,0.0
13.09701,22.46702,43.54403,3147.13839,0.46003,66.2223,7.351779994938602,2.7387314850881324,0.0
13.114,22.50661,43.58145,3142.93135,0.44872,66.23408,7.293646388121166,2.717075186961386,0.0
13.13095,22.54616,43.61783,3138.75941,0.43571,66.24587,7.237176921757811,2.6960388249399547,0.0
13.14788,22.58566,43.65301,3134.62206,0.42103,66.25766,7.182474909289866,2.6756608859990734,0.0
13.16477,22.62511,43.68689,3130.51868,0.40474,66.26946,7.129636188948497,2.6559770724015097,0.0
13.18163,22.66452,43.71931,3126.44862,0.38688,66.28126,7.078749400249099,2.637020404698992,0.0
13.19847,22.70388,43.75018,3122.41116,0.3675,66.29307,7.029896277958689,2.6188213312428053,0.0
13.21527,22.7432,43.77936,3118.40551,0.34666,66.30489,6.983151958560926,2.601407842350074,0.0
13.23205,22.78248,43.80674,3114.43084,0.32441,66.31671,6.938585294672625,2.5848055874321823,0.0
13.24879,22.82171,43.83223,3110.48626,0.30082,66.32854,6.896259173228133,2.569037993526828,0.0
13.26551,22.8609,43.8557,3106.57084,0.27595,66.34038,6.856230833607385,2.554126383809098,0.0
13.2822,22.90004,43.87708,3102.6836,0.24984,66.35222,6.818552182278421,2.540090094804077,0.0
13.29886,22.93915,43.89626,3098.82352,0.22258,66.36407,6.783270100870154,2.5269465911520648,0.0
13.31549,22.97821,43.91317,3094.98952,0.19422,66.37593,6.750426744915244,2.5147115768981574,0.0
13.33209,23.01722,43.92771,3091.18051,0.16484,66.3878,6.720059830867685,2.503399102413846,0.0
13.34866,23.0562,43.93982,3087.39534,0.13449,66.39967,6.69220290925663,2.493021666154007,0.0
13.36521,23.09514,43.94943,3083.63285,0.10325,66.41155,6.666885622143967,2.4835903105666253,0.0
13.38173,23.13403,43.95647,3079.8918,0.07119,66.42344,6.644133943318663,2.475114711571502,0.0
13.39822,23.17288,43.96089,3076.17098,0.03838,66.43533,6.623970399863131,2.4676032610995575,0.0
13.41468,23.2117,43.96264,3072.46911,0.00489,66.44724,6.606414274001072,2.461063142286469,0.0
13.43111,23.25047,43.96167,3068.78488,-0.02921,66.45915,6.591481784260488,2.4555003969606495,0.0
13.44752,23.2892,43.95793,3065.11697,-0.06384,66.47107,6.579186245229596,2.45091998515654,0.0
13.4639,23.32789,43.95141,3061.46404,-0.09893,66.48299,6.5695382052987075,2.447325836427075,0.0
13.48025,23.36654,43.94207,3057.82471,-0.13441,66.49493,6.562545561952101,2.4447208927929442,0.0
13.49658,23.40516,43.92989,3054.19758,-0.1702,66.50687,6.558213654273875,2.4431071432034552,0.0
13.51288,23.44373,43.91485,3050.58124,-0.20623,66.51882,6.556545332510331,2.4424856494503473,0.0
13.52915,23.48226,43.89694,3046.97424,-0.24242,66.53078,6.557541004562569,2.442856563487515,0.0
13.54539,23.52075,43.87617,3043.37513,-0.2787,66.54275,6.561198659473056,2.444219136180364,0.0
13.56161,23.55921,43.85253,3039.78244,-0.31499,66.55472,6.567513868002109,2.446571717520573,0.0
13.5778,23.59762,43.82604,3036.19467,-0.35122,66.5667,6.576479760535368,2.4499117483960418,0.0
13.59396,23.636,43.7967,3032.61033,-0.38731,66.57869,6.588086982640598,2.4542357440346345,0.0
13.6101,23.67434,43.76455,3029.0279,-0.42319,66.59069,6.602323628708255,2.459539269283539,0.0
13.62621,23.71263,43.7296,3025.44584,-0.45878,66.6027,6.619175154208491,2.4658169059226975,0.0
13.64229,23.75089,43.69188,3021.86262,-0.49401,66.61471,6.638624267217427,2.473062212255488,0.0
13.65835,23.78911,43.65145,3018.27669,-0.52879,66.62673,6.660650799987292,2.48126767526522,0.0
13.67437,23.82729,43.60833,3014.6865,-0.56307,66.63876,6.685231561489261,2.4904246556834635,0.0
13.69038,23.86543,43.56259,3011.09049,-0.59676,66.65079,6.712340171953105,2.5005233263517144,0.0
13.70635,23.90353,43.51427,3007.4871,-0.6298,66.66284,6.741946880656529,2.511552604343129,0.0
13.7223,23.94159,43.46343,3003.87476,-0.6621,66.67488,6.7740183683353115,2.5235000773551026,0.0
13.73822,23.97961,43.41015,3000.25191,-0.69361,66.68694,6.808517535800541,2.5363519249636273,0.0
13.75412,24.01759,43.3545,2996.617,-0.72424,66.699,6.84540328053978,2.550092835401348,0.0
13.76998,24.05553,43.29655,2992.96848,-0.75393,66.71107,6.884630263313577,2.564705918608621,0.0
13.78582,24.09344,43.23638,2989.3048,-0.78261,66.72315,6.92614866696667,2.580172616384345,0.0
13.80164,24.1313,43.17409,2985.62443,-0.81022,66.73523,6.96990394993596,2.5964726105611886,0.0
13.81742,24.16912,43.10976,2981.92587,-0.83668,66.74732,7.01583659716644,2.613583730215227,0.0
13.83318,24.2069,43.04349,2978.20761,-0.86194,66.75942,7.063881871440238,2.6314818590294644,0.0
13.84891,24.24463,42.97539,2974.46818,-0.88593,66.77152,7.113969568349678,2.650140844014852,0.0
13.86461,24.28233,42.90556,2970.70613,-0.90859,66.78362,7.1660237784199206,2.669532406894714,0.0
13.88029,24.31999,42.83411,2966.92004,-0.92987,66.79573,7.219962660183642,2.6896260595690946,0.0
13.89594,24.3576,42.76115,2963.10853,-0.9497,66.80785,7.275698228168762,2.7103890251346052,0.0
13.91156,24.39517,42.68681,2959.27024,-0.96804,66.81997,7.333136160078063,2.7317861660537632,0.0
13.92715,24.4327,42.6112,2955.40386,-0.98483,66.83209,7.392175627589261,2.7537799211235665,0.0
13.94272,24.47018,42.53446,2951.50813,-1.00003,66.84422,7.452709155382592,2.7763302529595557,0.0
13.95825,24.50762,42.45671,2947.58184,-1.01359,66.85635,7.5146225131495905,2.799394607766248,0.0
13.97376,24.54502,42.37808,2943.62383,-1.02547,66.86849,7.57779464538746,2.8229278891836884,0.0
13.98924,24.58237,42.29871,2939.633,-1.03563,66.88063,7.642097643815645,2.8468824480119026,0.0
14.00469,24.61968,42.21873,2935.60831,-1.04403,66.89277,7.707396767214086,2.871208089601163,0.0
14.02011,24.65695,42.13829,2931.5488,-1.05065,66.90491,7.773550513326966,2.895852100638027,0.0
14.03551,24.69417,42.05752,2927.45358,-1.05546,66.91706,7.840410747291143,2.920759296988315,0.0
14.05087,24.73134,41.97656,2923.32183,-1.05843,66.92921,7.907822890729534,2.945872094139359,0.0
14.06621,24.76846,41.89557,2919.15282,-1.05955,66.94136,7.975626175244594,2.971130601633004,0.0
14.08151,24.80554,41.81467,2914.9459,-1.05881,66.95351,8.043653963560258,2.9964727426994235,0.0
14.09679,24.84257,41.73402,2910.70053,-1.05619,66.96567,8.111734140924332,3.0218344000648156,0.0
14.11203,24.87956,41.65376,2906.41625,-1.0517,66.97782,8.179689578698975,3.047149588651048,0.0
14.12725,24.91649,41.57403,2902.09271,-1.04533,66.98998,8.247338671198227,3.072350655561768,0.0
14.14244,24.95338,41.49497,2897.72964,-1.0371,67.00213,8.314495945974482,3.0973685074301684,0.0
14.15759,24.99021,41.41673,2893.32691,-1.02701,67.01429,8.38097274671143,3.1221328648145783,0.0
14.17272,25.027,41.33944,2888.88448,-1.01508,67.02644,8.446577986798001,3.1465725429245803,0.0
14.18781,25.06374,41.26324,2884.40243,-1.00135,67.03859,8.511118970540908,3.170615757544299,0.0
14.20288,25.10042,41.18826,2879.88095,-0.98583,67.05075,8.574402277744014,3.194190454561481,0.0
14.21791,25.13706,41.11464,2875.32035,-0.96856,67.0629,8.636234706235156,3.2172246610835384,0.0
14.23291,25.17364,41.04249,2870.72105,-0.94959,67.07505,8.696424265633835,3.2396468556421674,0.0
14.24788,25.21017,40.97195,2866.0836,-0.92896,67.08719,8.754781214563758,3.2613863545823,0.0
14.26282,25.24664,40.90313,2861.40867,-0.90672,67.09934,8.811119132321972,3.2823737112870637,0.0
14.27773,25.28307,40.83615,2856.69702,-0.88294,67.11148,8.865256015039085,3.3025411245263006,0.0
14.2926,25.31944,40.77111,2851.94956,-0.85768,67.12362,8.91701538542507,3.321822851866078,0.0
14.30744,25.35575,40.70811,2847.1673,-0.83101,67.13575,8.966227404416374,3.3401556237864876,0.0
14.32225,25.39201,40.64726,2842.35134,-0.80299,67.14788,9.012729972465008,3.357479053940809,0.0
14.33703,25.42821,40.58864,2837.50293,-0.77373,67.16001,9.056369807799134,3.3737360408359427,0.0
14.35178,25.46436,40.53233,2832.62339,-0.74329,67.17214,9.097003488770602,3.3888731561343066,0.0
14.36649,25.50045,40.47842,2827.71416,-0.71177,67.18425,9.134498447483965,3.402841014806772,0.0
14.38117,25.53649,40.42697,2822.77675,-0.67926,67.19637,9.168733902138237,3.4155946224545137,0.0
14.39582,25.57247,40.37805,2817.81278,-0.64586,67.20848,9.19960171605496,3.4270936953195577,0.0
14.41044,25.60839,40.3317,2812.82395,-0.61167,67.22058,9.227007172126836,3.437302948787279,0.0
14.42502,25.64425,40.28798,2807.81203,-0.57679,67.23268,9.250869652382626,3.4461923505422023,0.0
14.43957,25.68006,40.24692,2802.77885,-0.54133,67.24478,9.271123213594368,3.453737334996845,0.0
14.45408,25.7158,40.20855,2797.72631,-0.50541,67.25686,9.287717051210763,3.459918976119096,0.0
14.46856,25.75149,40.17289,2792.65637,-0.46913,67.26895,9.30061584547755,3.4647241163711784,0.0
14.48301,25.78712,40.13995,2787.57101,-0.4326,67.28102,9.309799985253843,3.4681454500871083,0.0
14.49743,25.82269,40.10975,2782.47227,-0.39594,67.29309,9.31526566684182,3.470181560289367,0.0
14.51181,25.8582,40.08227,2777.3622,-0.35927,67.30516,9.31702486691997,3.4708369086058175,0.0
14.52616,25.89365,40.0575,2772.24288,-0.32268,67.31721,9.315105190539926,3.4701217786445273,0.0
14.54047,25.92904,40.03542,2767.11638,-0.28631,67.32927,9.309549596929415,3.4680521738481462,0.0
14.55475,25.96437,40.016,2761.9848,-0.25026,67.34131,9.300416007570803,3.464649671492863,0.0
14.569,25.99964,39.99921,2756.85021,-0.21465,67.35335,9.287776802631884,3.459941235095619,0.0
14.58321,26.03485,39.985,2751.71466,-0.17957,67.36538,9.271718213356152,3.453958988063495,0.0
14.59739,26.07,39.97332,2746.58019,-0.14514,67.37741,9.252339619240011,3.446739951873735,0.0
14.61154,26.1051,39.96411,2741.44881,-0.11147,67.38942,9.22975276001061,3.438325752514749,0.0
14.62565,26.14013,39.9573,2736.32248,-0.07865,67.40144,9.204080873279025,3.428762299239242,0.0
14.63973,26.1751,39.95281,2731.2031,-0.04678,67.41344,9.175457769409471,3.4180994399286444,0.0
14.65378,26.21001,39.95058,2726.09255,-0.01596,67.42544,9.14402685560108,3.406390597537904,0.0
14.66779,26.24485,39.95051,2720.99264,0.01373,67.43743,9.109940121394423,3.3936923921699695,0.0
14.68177,26.27964,39.9525,2715.90508,0.0422,67.44942,9.073357097776002,3.3800642533148264,0.0
14.69571,26.31437,39.95647,2710.83157,0.06937,67.4614,9.034443801881073,3.3655680267235293,0.0
14.70963,26.34905,39.96232,2705.77369,0.09516,67.47338,8.993371678817358,3.3502675802096977,0.0
14.72351,26.38366,39.96992,2700.73295,0.11951,67.48534,8.95031655162276,3.334228412481134,0.0
14.73735,26.41821,39.97918,2695.71079,0.14235,67.49731,8.90545758954883,3.317517268798267,0.0
14.75117,26.4527,39.98997,2690.70856,0.16362,67.50926,8.858976304066095,3.3002017669597223,0.0
14.76495,26.48713,40.00219,2685.72752,0.18327,67.52121,8.811055581010633,3.282350036751455,0.0
14.7787,26.52151,40.01571,2680.76883,0.20125,67.53316,8.761878756233887,3.2640303756019837,0.0
14.79242,26.55583,40.0304,2675.83359,0.21751,67.5451,8.711628741084862,3.2453109228015005,0.0
14.8061,26.59008,40.04614,2670.92278,0.23202,67.55703,8.660487202902443,3.226259354213695,0.0
14.81975,26.62428,40.0628,2666.0373,0.24475,67.56896,8.608633804695314,3.206942599036521,0.0
14.83338,26.65843,40.08026,2661.17794,0.25567,67.58088,8.556245506991864,3.1874265797229135,0.0
14.84697,26.69251,40.09838,2656.34543,0.26476,67.5928,8.503495933932221,3.1677759758333988,0.0
14.86052,26.72654,40.11704,2651.54038,0.27201,67.60472,8.450554804625822,3.148054012201819,0.0
14.87405,26.76052,40.1361,2646.76332,0.27741,67.61663,8.397587429925373,3.128322271470397,0.0
14.88755,26.79443,40.15544,2642.0147,0.28095,67.62854,8.344754273962423,3.108640530750201,0.0
14.90101,26.82829,40.17493,2637.29486,0.28264,67.64044,8.292210579012522,3.0890666218735445,0.0
14.91444,26.8621,40.19443,2632.60408,0.28248,67.65234,8.240106051638284,3.069656314474015,0.0
14.92785,26.89585,40.21382,2627.94252,0.28048,67.66423,8.188584607517924,3.0504632209284,0.0
14.94122,26.92954,40.23298,2623.3103,0.27666,67.67612,8.137784171853658,3.0315387220035546,0.0
14.95456,26.96319,40.25178,2618.70744,0.27104,67.68801,8.087836531928449,3.012931911929914,0.0
14.96787,26.99677,40.27011,2614.13387,0.26365,67.6999,8.03886723807642,2.9946895615103672,0.0
14.98116,27.03031,40.28783,2609.58946,0.25451,67.71178,7.99099554909332,2.9768560977842182,0.0
14.99441,27.06379,40.30484,2605.07401,0.24365,67.72366,7.944334418019011,2.9594735987307903,0.0
15.00763,27.09721,40.32103,2600.58724,0.23112,67.73554,7.898990514128142,2.9425818014615257,0.0
15.02082,27.13059,40.33628,2596.1288,0.21695,67.74741,7.855064276964818,2.926218122349329,0.0
15.03399,27.16391,40.35048,2591.69829,0.20119,67.75929,7.812649998300731,2.91041768756012,0.0
15.04712,27.19718,40.36354,2587.29524,0.18389,67.77116,7.771835927970097,2.895213372479138,0.0
15.06023,27.2304,40.37536,2582.91911,0.16509,67.78303,7.732704399690085,2.880635848582358,0.0
15.07331,27.26357,40.38584,2578.56932,0.14485,67.79489,7.695331973106676,2.866713636352314,0.0
15.08636,27.29668,40.39489,2574.24522,0.12322,67.80676,7.659789588504947,2.8534731629117482,0.0
15.09938,27.32975,40.40242,2569.9461,0.10027,67.81862,7.626142730808366,2.8409388231176647,0.0
15.11237,27.36276,40.40836,2565.67124,0.07606,67.83049,7.594451599733794,2.8291330429485435,0.0
15.12533,27.39573,40.41261,2561.41982,0.05064,67.84235,7.564771283164422,2.818076344090324,0.0
15.13827,27.42865,40.41512,2557.19102,0.02409,67.85421,7.5371519310567345,2.8077874087213206,0.0
15.15117,27.46151,40.41582,2552.98394,-0.00353,67.86607,7.5116389274158415,2.7982831435775606,0.0
15.16406,27.49433,40.41463,2548.79765,-0.03215,67.87793,7.48827305810991,2.7895787424680796,0.0
15.17691,27.5271,40.41151,2544.6312,-0.0617,67.88979,7.467090672514351,2.7816877464916256,0.0
15.18973,27.55982,40.40639,2540.48358,-0.09211,67.90165,7.448123837218361,2.774622101296398,0.0
15.20253,27.59249,40.39924,2536.35376,-0.1233,67.91351,7.431400480200948,2.768392210789406,0.0
15.2153,27.62511,40.39001,2532.24065,-0.1552,67.92536,7.416944524150969,2.7630069868016935,0.0
15.22804,27.65769,40.37865,2528.14317,-0.18773,67.93722,7.404776007738557,2.7584738942651343,0.0
15.24076,27.69021,40.36514,2524.06017,-0.22082,67.94908,7.394911193890747,2.754798991547951,0.0
15.25345,27.72269,40.34946,2519.9905,-0.25438,67.96093,7.387362664268696,2.7519869656499694,0.0
15.26611,27.75512,40.33157,2515.93297,-0.28835,67.97279,7.382139399363282,2.750041162040332,0.0
15.27875,27.78751,40.31147,2511.88638,-0.32263,67.98465,7.37924684373725,2.748963608961916,0.0
15.29135,27.81984,40.28914,2507.84948,-0.35716,67.9965,7.378686956163071,2.7487550361090056,0.0
15.30394,27.85213,40.26457,2503.82104,-0.39185,68.00836,7.380458244524315,2.7494148876289706,0.0
15.31649,27.88437,40.23777,2499.79977,-0.42662,68.02021,7.384555785519873,2.7509413294626084,0.0
15.32902,27.91657,40.20873,2495.7844,-0.4614,68.03207,7.390971229356859,2.7533312510923724,0.0
15.34152,27.94871,40.17748,2491.77362,-0.49609,68.04392,7.399692789768012,2.7565802618235917,0.0
15.354,27.98081,40.14401,2487.76611,-0.53063,68.05578,7.410705219842154,2.760682681780684,0.0
15.36645,28.01287,40.10837,2483.76056,-0.56493,68.06763,7.423989774276083,2.7656315278449854,0.0
15.37887,28.04487,40.07056,2479.75562,-0.59891,68.07948,7.439524158855824,2.771418494835197,0.0
15.39127,28.07683,40.03062,2475.74996,-0.6325,68.09134,7.4572824680724965,2.7780339322676437,0.0
15.40363,28.10874,39.98858,2471.74224,-0.66562,68.10319,7.477235111950349,2.7854668170978,0.0
15.41598,28.14061,39.94449,2467.7311,-0.69818,68.11504,7.499348733330558,2.793704722906325,0.0
15.4283,28.17243,39.89838,2463.7152,-0.73012,68.12689,7.523586116978618,2.8027337860391714,0.0
15.44059,28.2042,39.85032,2459.6932,-0.76136,68.13874,7.549906092052653,2.8125386692744723,0.0
15.45285,28.23592,39.80035,2455.66375,-0.79182,68.15059,7.578263429634072,2.8231025236500082,0.0
15.46509,28.26759,39.74853,2451.62553,-0.82143,68.16244,7.608608737163708,2.8344069491378914,0.0
15.4773,28.29922,39.69493,2447.57722,-0.85012,68.17428,7.640888351784941,2.8464319549120773,0.0
15.48948,28.3308,39.63962,2443.5175,-0.87782,68.18613,7.675044234733577,2.8591559200058123,0.0
15.50164,28.36233,39.58265,2439.4451,-0.90446,68.19797,7.711013869099554,2.872555555225178,0.0
15.51377,28.39382,39.52412,2435.35873,-0.92998,68.20981,7.748730163367166,2.886605867215291,0.0
15.52588,28.42525,39.4641,2431.25714,-0.95432,68.22165,7.788121363295216,2.901280125633337,0.0
15.53796,28.45664,39.40267,2427.13913,-0.9774,68.23348,7.829110974831459,2.916549834432176,0.0
15.55001,28.48798,39.33992,2423.00348,-0.99918,68.24532,7.8716177007964765,2.932384708273416,0.0
15.56203,28.51926,39.27594,2418.84903,-1.0196,68.25715,7.915555394217096,2.948752655142887,0.0
15.57403,28.5505,39.21083,2414.67467,-1.0386,68.26898,7.960833031160663,2.9656197662306933,0.0
15.586,28.58169,39.14467,2410.4793,-1.05613,68.2808,8.007354706022644,2.982950314175716,0.0
15.59795,28.61283,39.07757,2406.26188,-1.07216,68.29262,8.05501965213297,3.0007067607420237,0.0
15.60986,28.64392,39.00963,2402.0214,-1.08662,68.30444,8.10372229056312,3.018849775000794,0.0
15.62175,28.67496,38.94095,2397.75692,-1.09949,68.31626,8.153352309859498,3.0373382630330936,0.0
15.63362,28.70595,38.87164,2393.46755,-1.11073,68.32807,8.20379477937312,3.056129410148168,0.0
15.64545,28.73689,38.80179,2389.15243,-1.1203,68.33987,8.2549302985754,3.075178736507503,0.0
15.65726,28.76777,38.73154,2384.8108,-1.12818,68.35168,8.30663518460934,3.0944401669925736,0.0
15.66904,28.79861,38.66097,2380.44194,-1.13435,68.36347,8.358781699970741,3.1138661160220913,0.0
15.68079,28.82939,38.5902,2376.0452,-1.13878,68.37526,8.411238321903584,3.133407587908865,0.0
15.69252,28.86012,38.51934,2371.62,-1.14146,68.38705,8.4638700547101,3.1530142932035274,0.0
15.70421,28.8908,38.4485,2367.16584,-1.14239,68.39883,8.516538785688137,3.172634781290561,0.0
15.71588,28.92142,38.37779,2362.68229,-1.14155,68.4106,8.569103684973276,3.1922165893400143,0.0
15.72752,28.95199,38.30732,2358.169,-1.13895,68.42237,8.621421648956575,3.211706407492273,0.0
15.73914,28.98251,38.23721,2353.6257,-1.13459,68.43413,8.673347786422333,3.2310502599571715,0.0
15.75072,29.01297,38.16755,2349.0522,-1.12849,68.44589,8.724735945903983,3.2501937014679374,0.0
15.76228,29.04337,38.09845,2344.44841,-1.12066,68.45764,8.77543928213991,3.2690820283008875,0.0
15.7738,29.07373,38.03002,2339.81432,-1.11113,68.46938,8.825310858821132,3.287660502814799,0.0
15.7853,29.10402,37.96237,2335.14999,-1.09991,68.48111,8.874204284209892,3.305874590235558,0.0
15.79677,29.13426,37.89558,2330.4556,-1.08705,68.49283,8.921974375525561,3.3236702061573937,0.0
15.80821,29.16444,37.82976,2325.73139,-1.07257,68.50455,8.968477847401399,3.340993973011128,0.0
15.81962,29.19457,37.76501,2320.97771,-1.05653,68.51626,9.013574019062059,3.3577934835064123,0.0
15.83101,29.22464,37.7014,2316.195,-1.03898,68.52796,9.057125534415853,3.3740175688850353,0.0
15.84236,29.25465,37.63904,2311.38377,-1.01996,68.53965,9.09899908870431,3.389616569617007,0.0
15.85368,29.2846,37.578,2306.54463,-0.99954,68.55133,9.139066154980785,3.404542606032955,0.0
15.86498,29.3145,37.51836,2301.67829,-0.97778,68.563,9.177203703382682,3.4187498462719526,0.0
15.87624,29.34433,37.46019,2296.78551,-0.95474,68.57466,9.213294905929821,3.432194768837453,0.0
15.88748,29.37411,37.40357,2291.86717,-0.93051,68.58631,9.247229819480957,3.444836417016564,0.0
15.89868,29.40383,37.34855,2286.92419,-0.90517,68.59795,9.278906039512476,3.4566366424298143,0.0
15.90986,29.43349,37.2952,2281.95759,-0.87878,68.60958,9.308229317487045,3.46756033501722,0.0
15.92101,29.46308,37.24357,2276.96847,-0.85144,68.6212,9.335114134858614,3.4775756368702466,0.0
15.93212,29.49262,37.19371,2271.95797,-0.82324,68.63281,9.359484227114669,3.486654137451346,0.0
15.94321,29.5221,37.14566,2266.9273,-0.79427,68.64441,9.381273051787614,3.494771047940499,0.0
15.95426,29.55151,37.09945,2261.87775,-0.76463,68.65599,9.400424194924721,3.5019053526559727,0.0
15.96529,29.58086,37.05511,2256.81064,-0.73441,68.66757,9.416891711241647,3.50803993577046,0.0
15.97628,29.61016,37.01267,2251.72735,-0.70372,68.67913,9.430640393993894,3.513161681845287,0.0
15.98725,29.63939,36.97215,2246.6293,-0.67265,68.69068,9.441645971425348,3.5172615490126735,0.0
15.99818,29.66855,36.93355,2241.51794,-0.64131,68.70222,9.44989522760725,3.5203346139914244,0.0
16.00908,29.69766,36.89688,2236.39475,-0.60981,68.71375,9.455386046452,3.522380088483233,0.0
16.01996,29.7267,36.86215,2231.26125,-0.57824,68.72527,9.458127378633407,3.5234013068495975,0.0
16.0308,29.75568,36.82933,2226.11897,-0.54672,68.73677,9.458139132157564,3.5234056853466003,0.0
16.04161,29.7846,36.79842,2220.96944,-0.51534,68.74826,9.455451988302293,3.522404653557502,0.0
16.05239,29.81346,36.76939,2215.81421,-0.48422,68.75974,9.450107145493588,3.520413558979981,0.0
16.06314,29.84225,36.74223,2210.65484,-0.45345,68.77121,9.442155994662919,3.517451546088188,0.0
16.07386,29.87098,36.71689,2205.49287,-0.42314,68.78266,9.431659730322467,3.5135414114480326,0.0
16.08456,29.89964,36.69335,2200.32982,-0.39339,68.7941,9.418688902371086,3.5087094367531204,0.0
16.09521,29.92825,36.67156,2195.16721,-0.36429,68.80553,9.40332291420673,3.5029852018584156,0.0
16.10584,29.95678,36.65146,2190.00653,-0.33593,68.81695,9.385649473268117,3.496401380092565,0.0
16.11644,29.98526,36.63302,2184.84925,-0.30842,68.82835,9.365764000465791,3.4889935182554206,0.0
16.12701,30.01367,36.61616,2179.6968,-0.28183,68.83975,9.343769005294858,3.4807998038310948,0.0
16.13755,30.04202,36.60083,2174.55058,-0.25626,68.85113,9.319773433523368,3.471860821984723,0.0
16.14806,30.07031,36.58696,2169.41194,-0.23178,68.86249,9.293891994439948,3.462219304944502,0.0
16.15854,30.09853,36.57448,2164.28218,-0.20846,68.87385,9.26624447455598,3.4519198763376955,0.0
16.16898,30.12669,36.56331,2159.16256,-0.1864,68.88519,9.236955044479206,3.441008792982811,0.0
16.1794,30.15479,36.55338,2154.0543,-0.16564,68.89653,9.206151565445298,3.429533686554368,0.0
16.18979,30.18282,36.5446,2148.95855,-0.14626,68.90785,9.173964901634037,3.4175433074025796,0.0
16.20015,30.21079,36.53689,2143.87639,-0.12831,68.91915,9.140528243966347,3.4050872726499524,0.0
16.21047,30.2387,36.53017,2138.80885,-0.11184,68.93045,9.105976450629354,3.392215820519528,0.0
16.22077,30.26655,36.52434,2133.75692,-0.09691,68.94173,9.070445409045476,3.3789795726515637,0.0
16.23104,30.29434,36.51931,2128.72148,-0.08356,68.95301,9.03407142343549,3.3654293059546827,0.0
16.24128,30.32206,36.51499,2123.70338,-0.07182,68.96427,8.996990631566229,3.35161573532903,0.0
16.25149,30.34972,36.51129,2118.7034,-0.06174,68.97552,8.959338453657262,3.337589308369515,0.0
16.26167,30.37732,36.50811,2113.72223,-0.05332,68.98676,8.921249075886179,3.3234000129579417,0.0
16.27182,30.40486,36.50536,2108.76052,-0.04661,68.99799,8.88285497028804,3.309097198412919,0.0
16.28195,30.43233,36.50294,2103.81882,-0.0416,69.0092,8.844286452339432,3.29472941067828,0.0
16.29204,30.45975,36.50074,2098.89765,-0.03833,69.02041,8.805671276980586,3.280344241830697,0.0
16.30211,30.48711,36.49869,2093.99742,-0.03679,69.03161,8.767134273297627,3.265988193989204,0.0
16.31214,30.5144,36.49668,2089.1185,-0.03698,69.04279,8.728797017687873,3.251706557560666,0.0
16.32215,30.54164,36.49462,2084.26119,-0.0389,69.05397,8.69077754486389,3.237543303581197,0.0
16.33213,30.56881,36.4924,2079.42572,-0.04254,69.06514,8.653190095692729,3.22354098977963,0.0
16.34208,30.59593,36.48995,2074.61225,-0.04789,69.07629,8.616144900588344,3.2097406798855013,0.0
16.35201,30.62298,36.48717,2069.82088,-0.05493,69.08744,8.579747996808242,3.1961818755672393,0.0
16.3619,30.64998,36.48397,2065.05164,-0.06364,69.09858,8.544101077881582,3.1829024603401734,0.0
16.37177,30.67692,36.48026,2060.30451,-0.07399,69.1097,8.509301373097804,3.1699386546728756,0.0
16.38161,30.7038,36.47596,2055.57941,-0.08596,69.12082,8.475441554923725,3.1573249814975974,0.0
16.39142,30.73062,36.47098,2050.87619,-0.0995,69.13193,8.442609672081428,3.1450942412800127,0.0
16.40121,30.75739,36.46525,2046.19464,-0.11457,69.14303,8.410889105954675,3.1332774957794727,0.0
16.41096,30.78409,36.45868,2041.53451,-0.13114,69.15413,8.38035854793596,3.121904059610173,0.0
16.4207,30.81074,36.45121,2036.89549,-0.14916,69.16521,8.351091995385417,3.1110014987357535,0.0
16.4304,30.83733,36.44275,2032.27722,-0.16858,69.17629,8.323158763838164,3.100595635016845,0.0
16.44008,30.86387,36.43324,2027.67927,-0.18935,69.18735,8.296623513184429,3.0907105559638652,0.0
16.44973,30.89035,36.42263,2023.10119,-0.21141,69.19841,8.271546285592763,3.081368628864401,0.0
16.45935,30.91677,36.41083,2018.54246,-0.2347,69.20946,8.24798255309055,3.072590518508211,0.0
16.46895,30.94313,36.3978,2014.00254,-0.25916,69.22051,8.225983272745099,3.064395207743628,0.0
16.47852,30.96944,36.38348,2009.48083,-0.28474,69.23154,8.20559494757604,3.056800020169032,0.0
16.48806,30.99569,36.36783,2004.97668,-0.31135,69.24257,8.186859691432035,3.049820644301133,0.0
16.49758,31.02189,36.35078,2000.48942,-0.33894,69.25359,8.169815296189231,3.043471158608159,0.0
16.50707,31.04804,36.33231,1996.01833,-0.36743,69.2646,8.15449529979938,3.0377640568595754,0.0
16.51654,31.07412,36.31237,1991.56267,-0.39676,69.27561,8.140929053850494,3.0327102732942013,0.0
16.52598,31.10015,36.29093,1987.12164,-0.42684,69.2866,8.12914178944215,3.0283192071605014,0.0
16.53539,31.12613,36.26795,1982.69443,-0.45761,69.2976,8.11915468034823,3.0245987462463604,0.0
16.54478,31.15205,36.24341,1978.2802,-0.48898,69.30858,8.110984902582624,3.021555289068882,0.0
16.55414,31.17792,36.21729,1973.87806,-0.52089,69.31955,8.10464568962932,3.019193765449045,0.0
16.56348,31.20374,36.18957,1969.48712,-0.55324,69.33052,8.10014638275712,3.0175176552552627,0.0
16.57279,31.2295,36.16024,1965.10646,-0.58597,69.34149,8.097492475989615,3.016529005155877,0.0
16.58208,31.2552,36.12928,1960.73512,-0.619,69.35244,8.096685655424233,3.0162284432665456,0.0
16.59134,31.28085,36.09669,1956.37214,-0.65223,69.36339,8.097723832779112,3.0166151916473276,0.0
16.60058,31.30645,36.06247,1952.01654,-0.6856,69.37433,8.100601173146298,3.0176870766414865,0.0
16.60979,31.33199,36.02662,1947.66731,-0.71901,69.38526,8.10530811708097,3.0194405371043,0.0
16.61897,31.35748,35.98915,1943.32343,-0.7524,69.39619,8.111831397317351,3.021870630630185,0.0
16.62813,31.38291,35.95007,1938.98388,-0.78567,69.40711,8.120154050470479,3.024971037911909,0.0
16.63727,31.4083,35.90939,1934.64761,-0.81876,69.41802,8.130255424301856,3.0287340654472388,0.0
16.64638,31.43362,35.86714,1930.3136,-0.85157,69.42892,8.142111181134988,3.033150646811316,0.0
16.65546,31.4589,35.82334,1925.98077,-0.88404,69.43982,8.15569329824777,3.038210342802837,0.0
16.66452,31.48412,35.778,1921.64808,-0.91607,69.45071,8.170970066069746,3.0439013407724747,0.0
16.67356,31.50928,35.73118,1917.31448,-0.9476,69.46159,8.187906085220204,3.050210453519504,0.0
16.68256,31.53439,35.68289,1912.9789,-0.97855,69.47247,8.206462263432256,3.0571231181459266,0.0
16.69155,31.55945,35.63318,1908.6403,-1.00885,69.48333,8.226595813586144,3.064623395323836,0.0
16.70051,31.58446,35.58209,1904.29763,-1.03841,69.49419,8.248260254088988,3.0726939694368824,0.0
16.70944,31.60941,35.52966,1899.94987,-1.06718,69.50505,8.271405412975142,3.0813161501077557,0.0
16.71835,31.6343,35.47595,1895.59597,-1.09507,69.51589,8.295977437128219,3.090469875633643,0.0
16.72724,31.65914,35.421,1891.23494,-1.12203,69.52673,8.321918808094795,3.1001337188772418,0.0
16.7361,31.68393,35.36487,1886.86577,-1.14799,69.53755,8.349168366006182,3.110284896178254,0.0
16.74493,31.70866,35.30761,1882.4875,-1.17289,69.54837,8.377661343140524,3.1208992798561432,0.0
16.75374,31.73334,35.24929,1878.09917,-1.19666,69.55918,8.407329408679171,3.1319514148830745,0.0
16.76253,31.75796,35.18996,1873.69984,-1.21925,69.56999,8.438100726198412,3.143414540301084,0.0
16.77129,31.78253,35.1297,1869.28863,-1.24061,69.58078,8.4699000254123,3.1552606159481753,0.0
16.78002,31.80704,35.06857,1864.86465,-1.26068,69.59156,8.502648689638958,3.167460355041819,0.0
16.78873,31.8315,35.00664,1860.42706,-1.27942,69.60234,8.53626486038872,3.1799832631407905,0.0
16.79742,31.8559,34.94397,1855.97506,-1.29678,69.6131,8.570663560380531,3.1927976839720085,0.0
16.80608,31.88025,34.88065,1851.50788,-1.31272,69.62386,8.60575683619495,3.2058708525725375,0.0
16.81471,31.90454,34.81675,1847.0248,-1.32721,69.63461,8.641453921601684,3.2191689561333914,0.0
16.82332,31.92878,34.75233,1842.52512,-1.34022,69.64534,8.677661422456948,3.232657202878661,0.0
16.8319,31.95295,34.68749,1838.00821,-1.35171,69.65607,8.7142835238809,3.246299899244563,0.0
16.84046,31.97708,34.62229,1833.47348,-1.36166,69.66678,8.751222220178931,3.260060535531174,0.0
16.84899,32.00114,34.55681,1828.92038,-1.37005,69.67749,8.78837756779099,3.273901880132699,0.0
16.8575,32.02515,34.49113,1824.34843,-1.37688,69.68818,8.825647961219078,3.2877860823277314,0.0
16.86598,32.0491,34.42532,1819.75718,-1.38212,69.69887,8.862930431694297,3.301674783540587,0.0
16.87444,32.07299,34.35947,1815.14626,-1.38577,69.70954,8.900120967971286,3.3155292368456677,0.0
16.88287,32.09683,34.29366,1810.51534,-1.38783,69.7202,8.93711485838793,3.3293104343937063,0.0
16.89127,32.12061,34.22795,1805.86416,-1.38831,69.73085,8.97380705298586,3.3429792423111775,0.0
16.89965,32.14432,34.16242,1801.19251,-1.38722,69.74148,9.010092544186184,3.356496542512032,0.0
16.90801,32.16798,34.09716,1796.50025,-1.38457,69.75211,9.04586676415732,3.3698233807276576,0.0
16.91633,32.19159,34.03222,1791.78731,-1.38037,69.76272,9.081025996775251,3.382921119972922,0.0
16.92463,32.21513,33.96769,1787.05366,-1.37466,69.77332,9.115467801668586,3.395751598514117,0.0
16.93291,32.23861,33.90363,1782.29936,-1.36746,69.78391,9.149091447667699,3.408277291340157,0.0
16.94116,32.26203,33.84011,1777.52451,-1.35881,69.79448,9.181798352619316,3.420461474005096,0.0
16.94938,32.2854,33.7772,1772.72929,-1.34874,69.80504,9.213492526350798,3.432268387643973,0.0
16.95758,32.3087,33.71495,1767.91393,-1.33731,69.81559,9.244081013373746,3.4436634038915535,0.0
16.96575,32.33194,33.65344,1763.07874,-1.32455,69.82612,9.273474331689561,3.4546131883489446,0.0
16.97389,32.35512,33.59271,1758.22408,-1.31053,69.83664,9.301586904039276,3.4650858612355093,0.0
16.98201,32.37824,33.53282,1753.35038,-1.2953,69.84714,9.32833747779577,3.4750511538097597,0.0
16.9901,32.4013,33.47382,1748.45811,-1.27893,69.85764,9.35364952971796,3.484480559150944,0.0
16.99816,32.4243,33.41576,1743.54782,-1.26147,69.86811,9.377451651802142,3.4933474758988248,0.0
17.0062,32.44723,33.35868,1738.6201,-1.243,69.87857,9.399677914588551,3.5016273435949334,0.0
17.01421,32.4701,33.30262,1733.6756,-1.2236,69.88902,9.42026820439446,3.5092977683107636,0.0
17.0222,32.49291,33.24763,1728.71502,-1.20333,69.89945,9.439168531156165,3.5163386373270256,0.0
17.03015,32.51566,33.19372,1723.73912,-1.18229,69.90987,9.456331303829689,3.5227322217276407,0.0
17.03809,32.53835,33.14093,1718.74868,-1.16055,69.92027,9.471715570594375,3.5284632658819066,0.0
17.04599,32.56097,33.08929,1713.74455,-1.1382,69.93066,9.48528722142194,3.5335190629067985,0.0
17.05387,32.58353,33.03881,1708.7276,-1.11533,69.94103,9.49701915101306,3.5378895153651357,0.0
17.06172,32.60602,32.98952,1703.69874,-1.09203,69.95138,9.506891380465783,3.541567180590266,0.0
17.06954,32.62845,32.94141,1698.65892,-1.06838,69.96172,9.51489113650606,3.5445473002015184,0.0
17.07734,32.65082,32.8945,1693.6091,-1.04449,69.97204,9.52101288758963,3.546827813553113,0.0
17.08511,32.67312,32.84879,1688.5503,-1.02044,69.98235,9.52525833661417,3.548409355019241,0.0
17.09285,32.69536,32.80428,1683.48352,-0.99633,69.99264,9.527636370478422,3.549295235203512,0.0
17.10056,32.71754,32.76097,1678.4098,-0.97226,70.00291,9.528162967198014,3.5494914063371534,0.0
17.10825,32.73965,32.71884,1673.33019,-0.94831,70.01317,9.526861061702792,3.549006412284988,0.0
17.11591,32.7617,32.67788,1668.24575,-0.92458,70.02341,9.52376037191318,3.547851323754299,0.0
17.12355,32.78368,32.63808,1663.15754,-0.90117,70.03364,9.518897187061572,3.5460396594389803,0.0
17.13116,32.8056,32.5994,1658.06663,-0.87816,70.04385,9.51231412059396,3.5435872939688924,0.0
17.13874,32.82745,32.56183,1652.97407,-0.85564,70.05404,9.504059830330112,3.5405123536621605,0.0
17.14629,32.84924,32.52534,1647.88093,-0.83371,70.06422,9.494188708806346,3.5368351011697188,0.0
17.15382,32.87096,32.48989,1642.78824,-0.81245,70.07438,9.482760546991505,3.5325778102006553,0.0
17.16132,32.89262,32.45544,1637.69705,-0.79194,70.08452,9.469840174705501,3.527764631568665,0.0
17.16879,32.91422,32.42197,1632.60836,-0.77226,70.09465,9.455497081257509,3.5224214518697856,0.0
17.17624,32.93575,32.38942,1627.52318,-0.75349,70.10476,9.439805019808059,3.5165757460968807,0.0
17.18366,32.95721,32.35774,1622.44247,-0.7357,70.11486,9.422841599086825,3.510256425543759,0.0
17.19105,32.97861,32.3269,1617.36719,-0.71897,70.12494,9.404687865987576,3.503493682310825,0.0
17.19842,32.99995,32.29684,1612.29825,-0.70336,70.135,9.38542788254553,3.496318831717999,0.0
17.20576,33.02122,32.26751,1607.23654,-0.68893,70.14505,9.365148300668263,3.4887641538808043,0.0
17.21307,33.04242,32.23885,1602.18291,-0.67575,70.15508,9.34393793782611,3.4808627356438686,0.0
17.22035,33.06357,32.2108,1597.13819,-0.66387,70.16509,9.321887356789565,3.4726483140220505,0.0
17.22761,33.08464,32.18331,1592.10314,-0.65333,70.17509,9.299088452168766,3.4641551221755194,0.0
17.23485,33.10566,32.15632,1587.07853,-0.64419,70.18508,9.27563404641816,3.4554177389108625,0.0
17.24206,33.12661,32.12976,1582.06503,-0.63648,70.19505,9.251617497576479,3.4464709425539053,0.0
17.24924,33.14749,32.10358,1577.06332,-0.63024,70.205,9.227132320849625,3.4373495699793795,0.0
17.25639,33.16831,32.0777,1572.074,-0.6255,70.21494,9.202271825805914,3.4280883814566048,0.0
17.26352,33.18907,32.05207,1567.09765,-0.6223,70.22486,9.177128770694562,3.4187219318740305,0.0
17.27062,33.20977,32.02662,1562.13478,-0.62064,70.23477,9.151795035115738,3.4092844488002183,0.0
17.2777,33.2304,32.00128,1557.18589,-0.62055,70.24466,9.126361312016313,3.399809717744153,0.0
17.28475,33.25097,31.976,1552.25139,-0.62203,70.25453,9.10091681967238,3.3903309748611523,0.0
17.29178,33.27147,31.95071,1547.33167,-0.62511,70.2644,9.075549034129546,3.380880807279838,0.0
17.29878,33.29191,31.92534,1542.42708,-0.62977,70.27425,9.050343442292954,3.3714910611216724,0.0
17.30575,33.31229,31.89983,1537.53789,-0.63602,70.28408,9.025383315658145,3.3621927572097485,0.0
17.3127,33.33261,31.87411,1532.66435,-0.64385,70.2939,9.000749504443741,3.353016014377802,0.0
17.31963,33.35286,31.84814,1527.80667,-0.65324,70.3037,8.976520251774646,3.343989980248558,0.0
17.32652,33.37305,31.82184,1522.96498,-0.66419,70.31349,8.952771027312108,3.335142769256559,0.0
17.3334,33.39318,31.79516,1518.1394,-0.67666,70.32327,8.929574379659,3.3265014076652433,0.0
17.34025,33.41325,31.76803,1513.32997,-0.69064,70.33303,8.906999806731793,3.318091785277097,0.0
17.34707,33.43326,31.74041,1508.53672,-0.7061,70.34278,8.885113643176087,3.309938613492976,0.0
17.35387,33.45321,31.71224,1503.75961,-0.723,70.35252,8.863978963847378,3.302065389356151,0.0
17.36064,33.47309,31.68347,1498.99858,-0.74131,70.36224,8.843655502317679,3.294494365193882,0.0
17.36739,33.49291,31.65405,1494.25349,-0.76099,70.37195,8.824199583325273,3.287246523453173,0.0
17.37412,33.51268,31.62392,1489.5242,-0.78199,70.38165,8.805664068078688,3.280341556325062,0.0
17.38082,33.53238,31.59304,1484.81052,-0.80426,70.39133,8.788098311288174,3.273797849737719,0.0
17.38749,33.55202,31.56138,1480.11219,-0.82776,70.401,8.771548128863149,3.2676324713228895,0.0
17.39414,33.5716,31.52888,1475.42895,-0.85243,70.41066,8.756055775179655,3.26186116194743,0.0
17.40077,33.59112,31.49552,1470.76048,-0.87821,70.4203,8.741659928912306,3.2564983304353308,0.0
17.40738,33.61058,31.46125,1466.10645,-0.90505,70.42994,8.728395686419875,3.2515570511036747,0.0
17.41395,33.62998,31.42603,1461.46647,-0.93287,70.43956,8.716294561770612,3.247049063772073,0.0
17.42051,33.64932,31.38985,1456.84012,-0.96163,70.44916,8.705384492550495,3.2429847759263817,0.0
17.42704,33.66861,31.35268,1452.22696,-0.99125,70.45876,8.695689850637521,3.2393732667324184,0.0
17.43355,33.68783,31.31448,1447.62652,-1.02166,70.46834,8.687231457252194,3.2362222926426596,0.0
17.44003,33.70699,31.27523,1443.03829,-1.05279,70.47791,8.680026601631022,3.2335382943526128,0.0
17.44649,33.7261,31.23493,1438.46175,-1.08458,70.48747,8.674089062779034,3.231326404904198,0.0
17.45293,33.74514,31.19355,1433.89634,-1.11694,70.49702,8.66942913382764,3.229590458759693,0.0
17.45934,33.76413,31.15107,1429.34149,-1.14981,70.50655,8.666053648636654,3.22833300171169,0.0
17.46573,33.78306,31.1075,1424.79658,-1.1831,70.51608,8.663966010342527,3.227555301518059,0.0
17.4721,33.80193,31.06281,1420.26101,-1.21675,70.52559,8.663166221642285,3.227257359183512,0.0
17.47844,33.82074,31.01702,1415.73413,-1.25068,70.53509,8.663650916715547,3.227437920851396,0.0
17.48476,33.83949,30.97011,1411.21529,-1.2848,70.54457,8.665413394750429,3.2280944902929782,0.0
17.49106,33.85819,30.92209,1406.70381,-1.31904,70.55405,8.668443655123744,3.2292233420129866,0.0
17.49733,33.87682,30.87297,1402.19903,-1.35333,70.56351,8.672728434362222,3.230819535018647,0.0
17.50358,33.8954,30.82275,1397.70023,-1.38758,70.57296,8.67825124510778,3.2328769273352633,0.0
17.50981,33.91392,30.77143,1393.20671,-1.42173,70.5824,8.684992417341435,3.2353881913632163,0.0
17.51602,33.93238,30.71905,1388.71777,-1.45569,70.59183,8.692929142238338,3.238344830215113,0.0
17.5222,33.95079,30.6656,1384.23269,-1.48939,70.60124,8.702035519020672,3.2417371951697254,0.0
17.52836,33.96913,30.61112,1379.75073,-1.52275,70.61065,8.712282605290797,3.2455545044224143,0.0
17.53449,33.98742,30.55562,1375.2712,-1.55571,70.62004,8.723638471328712,3.2497848633123545,0.0
17.54061,34.00565,30.49912,1370.79335,-1.58818,70.62942,8.736068258906768,3.2544152862325753,0.0
17.5467,34.02383,30.44165,1366.31646,-1.62011,70.63878,8.749534245164085,3.259431720424848,0.0
17.55276,34.04194,30.38324,1361.83984,-1.65143,70.64814,8.763995912149941,3.264819071886439,0.0
17.55881,34.06,30.32392,1357.36275,-1.68206,70.65748,8.779410022640604,3.2705612336138654,0.0
17.56483,34.078,30.26372,1352.88451,-1.71194,70.66681,8.795730702800535,3.2766411163963802,0.0
17.57083,34.09594,30.20268,1348.40442,-1.74102,70.67613,8.812909532312986,3.2830406823919764,0.0
17.57681,34.11382,30.14083,1343.9218,-1.76923,70.68543,8.830895642525052,3.289740981689011,0.0
17.58276,34.13164,30.07822,1339.436,-1.79652,70.69473,8.849635823175737,3.2967221920652205,0.0
17.58869,34.14941,30.01487,1334.94636,-1.82283,70.70401,8.869074638177302,3.303963662119309,0.0
17.5946,34.16712,29.95084,1330.45225,-1.84813,70.71327,8.889154550912627,3.311443957947519,0.0
17.60049,34.18477,29.88616,1325.95307,-1.87235,70.72253,8.909816059438354,3.31914091351036,0.0
17.60635,34.20236,29.82089,1321.44823,-1.89546,70.73177,8.930997841877026,3.3270316847950037,0.0
17.61219,34.21989,29.75505,1316.93717,-1.91741,70.74099,8.952636912234684,3.3350928078614386,0.0
17.61801,34.23737,29.68871,1312.41935,-1.93818,70.75021,8.974668786750765,3.3433002608121853,0.0
17.6238,34.25479,29.62191,1307.89427,-1.95773,70.75941,8.997027660830677,3.3516295297043346,0.0
17.62958,34.27214,29.55469,1303.36145,-1.97604,70.7686,9.019646596419209,3.3600556783510775,0.0
17.63533,34.28944,29.4871,1298.82045,-1.99307,70.77777,9.04245771961726,3.368553421939125,0.0
17.64105,34.30668,29.41919,1294.27084,-2.00882,70.78693,9.065392428200854,3.377097204335014,0.0
17.64676,34.32386,29.35101,1289.71226,-2.02327,70.79607,9.088381608528652,3.3856612788888567,0.0
17.65244,34.34099,29.2826,1285.14435,-2.0364,70.8052,9.111355861261039,3.394219792520642,0.0
17.6581,34.35805,29.21402,1280.5668,-2.04821,70.81432,9.134245735086468,3.402746872789441,0.0
17.66373,34.37505,29.14532,1275.97936,-2.05871,70.82342,9.156981967596986,3.4112167176258903,0.0
17.66935,34.39199,29.07653,1271.38179,-2.06789,70.83251,9.179495732258715,3.4196036873351834,0.0
17.67494,34.40888,29.0077,1266.7739,-2.07576,70.84158,9.201718890329634,3.427882398443081,0.0
17.6805,34.4257,28.93889,1262.15554,-2.08234,70.85064,9.223584246437413,3.4360278189053735,0.0
17.68605,34.44247,28.87013,1257.5266,-2.08764,70.85968,9.245025806409156,3.444015364156244,0.0
17.69157,34.45917,28.80148,1252.88701,-2.09169,70.86871,9.265979035876342,3.4518209934454185,0.0
17.69707,34.47581,28.73296,1248.23675,-2.09451,70.87772,9.286381118035523,3.459421305860802,0.0
17.70255,34.4924,28.66463,1243.57583,-2.09613,70.88671,9.30617120892728,3.466793635426611,0.0
17.708,34.50892,28.59652,1238.90432,-2.0966,70.89569,9.325290688507348,3.473916144633971,0.0
17.71343,34.52538,28.52867,1234.22231,-2.09594,70.90466,9.343683405749033,3.4807679157480154,0.0
17.71884,34.54178,28.46111,1229.52995,-2.09422,70.91361,9.361295916007291,3.487329039232252,0.0
17.72422,34.55812,28.39389,1224.82741,-2.09146,70.92254,9.37807770887835,3.493580698632266,0.0
17.72958,34.5744,28.32702,1220.11492,-2.08773,70.93145,9.39398142481819,3.499505251271807,0.0
17.73492,34.59062,28.26055,1215.39275,-2.08308,70.94035,9.40896305881596,3.505086304126491,0.0
17.74024,34.60678,28.1945,1210.66119,-2.07757,70.94923,9.422982149506419,3.5103087842731617,0.0
17.74553,34.62287,28.12889,1205.92057,-2.07127,70.9581,9.436001952187748,3.5151590033435833,0.0
17.7508,34.63891,28.06375,1201.17128,-2.06424,70.96695,9.447989594339344,3.5196247154588995,0.0
17.75604,34.65488,27.9991,1196.41372,-2.05654,70.97578,9.458916212339073,3.5236951681604225,0.0
17.76127,34.67079,27.93495,1191.64833,-2.04826,70.9846,9.468757068262047,3.5273611459202328,0.0
17.76647,34.68664,27.87133,1186.87559,-2.03947,70.99339,9.47749164577041,3.5306150058626637,0.0
17.77164,34.70242,27.80824,1182.09599,-2.03024,71.00218,9.485103724337943,3.5334507054149116,0.0
17.7768,34.71814,27.7457,1177.31007,-2.02065,71.01094,9.491581431188473,3.535863821655458,0.0
17.78193,34.73381,27.68371,1172.51837,-2.01078,71.01969,9.496917270550052,3.5378515622120292,0.0
17.78704,34.7494,27.62228,1167.72149,-2.00071,71.02841,9.501108130045663,3.539412767642295,0.0
17.79212,34.76494,27.56141,1162.92001,-1.99053,71.03713,9.504155264203202,3.540547905290903,0.0
17.79718,34.78041,27.5011,1158.11455,-1.98032,71.04582,9.50606425533368,3.541259054715586,0.0
17.80222,34.79583,27.44135,1153.30576,-1.97016,71.0545,9.506844952164645,3.5415498848264897,0.0
17.80723,34.81117,27.38215,1148.49428,-1.96013,71.06315,9.506511386853909,3.541425622971609,0.0
17.81223,34.82646,27.32349,1143.68078,-1.95032,71.07179,9.505081671179564,3.5408930162648318,0.0
17.81719,34.84168,27.26538,1138.86592,-1.94082,71.08042,9.502577872844205,3.539960285506011,0.0
17.82214,34.85684,27.20778,1134.05039,-1.93169,71.08902,9.499025873066568,3.538637072130103,0.0
17.82706,34.87194,27.15069,1129.23488,-1.92303,71.09761,9.494455206675628,3.5369343786380067,0.0
17.83196,34.88697,27.09409,1124.42006,-1.91492,71.10618,9.488898886118735,3.5348645030349712,0.0
17.83684,34.90195,27.03796,1119.60664,-1.90742,71.11474,9.48239321087264,3.5324409678311834,0.0
17.84169,34.91685,26.98229,1114.79529,-1.90062,71.12327,9.474977563829851,3.5296784441903286,0.0
17.84652,34.9317,26.92704,1109.9867,-1.8946,71.13179,9.466694196290677,3.5265926718334693,0.0
17.85133,34.94648,26.87219,1105.18156,-1.88941,71.14029,9.457588003252898,3.5232003753285372,0.0
17.85612,34.9612,26.81771,1100.38052,-1.88514,71.14877,9.44770629068611,3.5195191773939025,0.0
17.86088,34.97586,26.76358,1095.58425,-1.88184,71.15724,9.437098536491462,3.5155675098495864,0.0
17.86562,34.99046,26.70977,1090.7934,-1.87958,71.16569,9.425816146850304,3.5113645228507173,0.0
17.87034,35.00499,26.65624,1086.00861,-1.87842,71.17412,9.413912209587082,3.5069299930087277,0.0
17.87503,35.01946,26.60296,1081.23048,-1.87842,71.18253,9.401441246144845,3.502284230995697,0.0
17.8797,35.03386,26.54991,1076.45962,-1.87961,71.19093,9.388458963722739,3.4974479892090544,0.0
17.88435,35.04821,26.49703,1071.69663,-1.88206,71.19931,9.375022008996893,3.4924423700261205,0.0
17.88897,35.06249,26.4443,1066.94205,-1.88581,71.20767,9.361187724813957,3.487288735166053,0.0
17.89358,35.07671,26.39169,1062.19643,-1.89089,71.21602,9.347013911068618,3.48200861661043,0.0
17.89816,35.09087,26.33915,1057.46029,-1.89735,71.22434,9.33255859096839,3.476623629530731,0.0
17.90272,35.10496,26.28664,1052.73412,-1.90521,71.23266,9.317879783686813,3.4711553875956813,0.0
17.90725,35.119,26.23413,1048.0184,-1.9145,71.24095,9.303035284337522,3.465625421005785,0.0
17.91177,35.13297,26.18159,1043.31356,-1.92524,71.24923,9.2880824520704,3.460055097553587,0.0
17.91626,35.14688,26.12897,1038.62003,-1.93745,71.2575,9.2730780069673,3.4544655469619703,0.0
17.92073,35.16073,26.07624,1033.9382,-1.95115,71.26574,9.25807783633444,3.448877588722988,0.0
17.92518,35.17451,26.02335,1029.26842,-1.96633,71.27397,9.243136810797463,3.443311663588422,0.0
17.9296,35.18824,25.97027,1024.61103,-1.98302,71.28219,9.228308610598592,3.4377877688609155,0.0
17.93401,35.2019,25.91697,1019.96633,-2.0012,71.29039,9.21364556232021,3.4323253975691967,0.0
17.93839,35.21551,25.86341,1015.33461,-2.02088,71.29857,9.199198486173099,3.426943481578948,0.0
17.94275,35.22905,25.80955,1010.71609,-2.04204,71.30674,9.185016553933865,3.4216603386707387,0.0
17.94709,35.24253,25.75535,1006.11101,-2.06467,71.31489,9.171147157500831,3.416493623573651,0.0
17.95141,35.25595,25.70079,1001.51954,-2.08875,71.32303,9.157635787970182,3.4114602829179552,0.0
17.9557,35.26931,25.64583,996.94184,-2.11427,71.33115,9.144525925112278,3.406576514062134,0.0
