0.04784,0.04784,59.08635,5061.9441,-0.55102,45.00011,2.1371520833919924,0.7961453829190965,0.0
0.09568,0.09568,59.00997,5060.88926,-0.60173,45.00027,2.159333047670835,0.8044083757292603,0.0
0.1435,0.1435,58.92692,5059.83416,-0.65209,45.00049,2.1837941045459766,0.8135207630243919,0.0
0.19131,0.19132,58.83724,5058.7774,-0.70205,45.00078,2.2105898658177843,0.8235028891370516,0.0
0.23912,0.23912,58.74099,5057.71756,-0.75158,45.00111,2.2397798516587746,0.8343769268975714,0.0
0.28691,0.28692,58.63823,5056.65318,-0.80064,45.00151,2.271428522654238,0.8461668895700322,0.0
0.33469,0.33471,58.52904,5055.58274,-0.84918,45.00197,2.30560530441875,0.8588986400225613,0.0
0.38247,0.38248,58.41348,5054.50466,-0.89716,45.00248,2.342384602025416,0.8725998961026062,0.0
0.43023,0.43025,58.29164,5053.41733,-0.94454,45.00305,2.381845801112149,0.8873002310490503,0.0
0.47798,0.47801,58.1636,5052.31907,-0.99127,45.00368,2.424073252113396,0.9030310676181198,0.0
0.52572,0.52576,58.02945,5051.20813,-1.0373,45.00436,2.4691562336329875,0.9198256644388021,0.0
0.57345,0.5735,57.8893,5050.08273,-1.08259,45.0051,2.517188890475318,0.9377190929278333,0.0
0.62117,0.62123,57.74325,5048.94098,-1.12708,45.0059,2.5682701413412152,0.9567482029039794,0.0
0.66888,0.66895,57.5914,5047.78095,-1.17072,45.00676,2.622503550628371,0.9769515748303241,0.0
0.71658,0.71667,57.43389,5046.60063,-1.21346,45.00767,2.6799971581828936,0.998369456392242,0.0
0.76426,0.76437,57.27082,5045.39793,-1.25524,45.00864,2.7408632602226053,1.021043680885563,0.0
0.81194,0.81206,57.10235,5044.17069,-1.296,45.00967,2.805218134000013,1.045017564646285,0.0
0.8596,0.85974,56.92861,5042.91665,-1.33569,45.01075,2.8731816980987968,1.0703357805020763,0.0
0.90725,0.90742,56.74975,5041.6335,-1.37424,45.01189,2.9448770995857925,1.097044203975528,0.0
0.95488,0.95508,56.56593,5040.31882,-1.41158,45.01308,3.0204302185633765,1.12518972871688,0.0
1.00251,1.00273,56.37732,5038.9701,-1.44766,45.01433,3.09996908002686,1.1548200474054253,0.0
1.0501,1.05039,56.18334,5037.58613,-1.49376,45.04864,3.1839601179744412,1.1861089189781109,37.99999935178988
1.09766,1.09806,55.98341,5036.16537,-1.53874,45.08392,3.2729149250181404,1.219246925143726,37.99999935178988
1.14517,1.14575,55.77768,5034.7047,-1.58256,45.12024,3.367044070120523,1.2543125083812285,37.99999935178988
1.19264,1.19346,55.56633,5033.20088,-1.62512,45.15764,3.466564142648191,1.2913863539284869,37.99999935178988
1.24006,1.24119,55.34952,5031.6505,-1.66637,45.19618,3.5716985290812304,1.3305516791269856,37.99999935178988
1.28743,1.28893,55.12744,5030.05002,-1.70622,45.23593,3.6826766583971664,1.3718939523074922,37.99999935178988
1.33476,1.3367,54.90028,5028.39575,-1.74459,45.27695,3.7997330689242306,1.4155005451683478,37.99999935178988
1.38204,1.38448,54.66825,5026.68385,-1.78141,45.31931,3.923106273108104,1.4614603098712091,37.99999935178988
1.42926,1.43229,54.43157,5024.91031,-1.81658,45.36306,4.053037395078472,1.5098630714987418,37.99999935178988
1.47644,1.48012,54.19046,5023.07099,-1.85003,45.4083,4.189768554572269,1.5607990260235065,37.99999935178988
1.52355,1.52797,53.94517,5021.16156,-1.88165,45.45508,4.333540969716022,1.6143580335444663,37.99999935178988
1.57061,1.57584,53.69594,5019.17755,-1.91135,45.5035,4.484592750535865,1.6706287963114073,37.99999935178988
1.61762,1.62373,53.44304,5017.11434,-1.93903,45.55361,4.643156354966315,1.7296979110212747,37.99999935178988
1.66456,1.67165,53.18675,5014.96714,-1.96459,45.60552,4.809455679752646,1.7916487851027598,37.99999935178988
1.71143,1.71959,52.92737,5012.73102,-1.98793,45.65931,4.9837027601291055,1.8565604072596025,37.99999935178988
1.75824,1.76756,52.6652,5010.40092,-2.00894,45.71505,5.166094054747921,1.9245059635088968,37.99999935178988
1.80499,1.81556,52.40056,5007.97162,-2.0275,45.77284,5.356806296200843,1.9955512913911833,37.99999935178988
1.85166,1.86358,52.13378,5005.43781,-2.04351,45.83278,5.555991892914341,2.0697531670554294,37.99999935178988
1.89825,1.91163,51.86522,5002.79405,-2.05684,45.89495,5.76377387535518,2.147157422587631,37.99999935178988
1.94478,1.95971,51.59524,5000.03482,-2.06739,45.95945,5.980240388683065,2.2277968943790167,37.99999935178988
1.99122,2.00782,51.32422,4997.15454,-2.07504,46.02638,6.205438745378929,2.3116892075736017,37.99999935178988
2.03758,2.05595,51.05256,4994.14758,-2.07966,46.09583,6.439369065157112,2.3988344067681258,37.99999935178988
2.08385,2.10412,50.78066,4991.00829,-2.08114,46.1679,6.681977545781156,2.4892124492138876,37.99999935178988
2.13003,2.15232,50.50896,4987.73104,-2.07936,46.24268,6.933149427247088,2.58278058378989,37.99999935178988
2.17612,2.20056,50.23789,4984.31026,-2.07421,46.32027,7.192701733120809,2.6794706469600293,37.99999935178988
2.22211,2.24882,49.96791,4980.74046,-2.06557,46.40077,7.460375896392985,2.7791863157100236,37.99999935178988
2.26801,2.29712,49.69949,4977.0163,-2.05333,46.48425,7.735830402691321,2.8818003669504075,37.99999935178988
2.3138,2.34546,49.4331,4973.13262,-2.03739,46.57082,8.018633610361594,2.9871520028078082,37.99999935178988
2.35948,2.39383,49.16924,4969.08451,-2.01766,46.66055,8.308256934096379,3.0950443113472934,37.99999935178988
2.40504,2.44224,48.90842,4964.86736,-1.99403,46.75351,8.604068605247127,3.205241942124445,37.99999935178988
2.4505,2.49069,48.65115,4960.47691,-1.96642,46.84979,8.905328246410079,3.3174690850758592,37.99999935178988
2.49583,2.53917,48.39796,4955.90934,-1.93478,46.94943,9.211182518721545,3.4314078490221176,37.99999935178988
2.54103,2.58769,48.14937,4951.16131,-1.89902,47.0525,9.520662115704711,3.546697141796618,37.99999935178988
2.5861,2.63626,47.90592,4946.23004,-1.85911,47.15903,9.832680385541613,3.6629321570056357,37.99999935178988
2.63104,2.68486,47.66815,4941.11338,-1.81502,47.26906,10.146033862222763,3.779664571895543,37.99999935178988
2.67584,2.73351,47.43661,4935.8099,-1.76672,47.3826,10.459404973262826,3.896403556048134,37.99999935178988
2.7205,2.78219,47.21182,4930.31891,-1.71423,47.49965,10.771367165811125,4.012617680991665,37.99999935178988
2.76501,2.83092,46.99432,4924.64055,-1.65757,47.62021,11.080392652590815,4.127737805767012,37.99999935178988
2.80936,2.87969,46.78464,4918.77586,-1.59678,47.74425,11.384862923596181,4.241160992811482,37.99999935178988
2.85356,2.92851,46.5833,4912.72682,-1.53192,47.87171,11.683082098769113,4.35225548218214,37.99999935178988
2.89759,2.97737,46.3908,4906.49638,-1.46309,48.00254,11.973293111918327,4.460366720491537,37.99999935178988
2.94146,3.02627,46.20762,4900.08852,-1.39041,48.13664,12.253696619181234,4.564824404807277,37.99999935178988
2.98516,3.07521,46.03425,4893.50828,-1.314,48.27393,12.52247241927652,4.664950462259689,37.99999935178988
3.02868,3.1242,45.87112,4886.76172,-1.23404,48.41426,12.777803062260656,4.760067844924823,37.99999935178988
3.07202,3.17324,45.71866,4879.85599,-1.15072,48.55751,13.017899213403561,4.849509978535494,37.99999935178988
3.11518,3.22231,45.57725,4872.79925,-1.06425,48.7035,13.241026235566187,4.932630665116355,37.99999935178988
3.15815,3.27144,45.44725,4865.60069,-0.97487,48.85206,13.445531363005179,5.008814205941125,37.99999935178988
3.20093,3.3206,45.329,4858.27044,-0.88284,49.00299,13.629870768533564,5.077485484762116,37.99999935178988
3.24352,3.36981,45.22278,4850.81953,-0.78845,49.15606,13.792635779945975,5.138119734118435,37.99999935178988
3.28591,3.41905,45.12882,4843.25981,-0.692,49.31105,13.93257748535938,5.190251701472801,37.99999935178988
3.3281,3.46834,45.04735,4835.60385,-0.59381,49.46771,14.048628983630111,5.23348393807734,37.99999935178988
3.37009,3.51768,44.97853,4827.86486,-0.49421,49.62577,14.139924586605058,5.267493952317392,37.99999935178988
3.41188,3.56705,44.92246,4820.05654,-0.39355,49.78498,14.205815363560122,5.292040000423835,37.99999935178988
3.45347,3.61646,44.87922,4812.193,-0.29219,49.94506,14.245880531612094,5.306965329701211,37.99999935178988
3.49485,3.66591,44.84884,4804.2886,-0.19049,50.10572,14.259934334029932,5.3122007408796525,37.99999935178988
3.53602,3.71539,44.83129,4796.35782,-0.08882,50.26668,14.248028203850698,5.307765394118748,37.99999935178988
3.57698,3.76491,44.8265,4788.41515,0.01246,50.42766,14.210448175322803,5.293765844702048,37.99999935178988
3.61774,3.81447,44.83437,4780.47496,0.113,50.58838,14.147707671042783,5.270393356055721,37.99999935178988
3.6583,3.86406,44.85472,4772.55134,0.21243,50.74857,14.060535949768537,5.237919596255037,37.99999935178988
3.69864,3.91369,44.88738,4764.65802,0.31041,50.90794,13.949862640632363,5.196690876611793,37.99999935178988
3.73879,3.96334,44.93208,4756.80824,0.40662,51.06625,13.816798906932265,5.147121134690963,37.99999935178988
3.77873,4.01302,44.98855,4749.01465,0.50074,51.22325,13.662615871910162,5.089683897345424,37.99999935178988
3.81847,4.06274,45.05648,4741.28924,0.59247,51.3787,13.488720997009432,5.0249034809953725,37.99999935178988
3.85801,4.11248,45.13551,4733.64324,0.68154,51.53239,13.296633128826935,4.9533456959614,37.99999935178988
3.89735,4.16225,45.22526,4726.08708,0.76768,51.68411,13.08795692576842,4.875608319720755,37.99999935178988
3.9365,4.21204,45.32533,4718.63035,0.85067,51.83368,12.864357341937891,4.792311591484753,37.99999935178988
3.97545,4.26185,45.43528,4711.28173,0.93029,51.98093,12.627534788268248,4.704088959066406,37.99999935178988
4.01422,4.31169,45.55465,4704.04902,1.00636,52.1257,12.379201514579993,4.611578280575855,37.99999935178988
4.05281,4.36155,45.68298,4696.9391,1.07872,52.26788,12.121059666819393,4.515413650164239,37.99999935178988
4.09121,4.41143,45.81976,4689.95793,1.14722,52.40734,11.85478137670348,4.416217980892586,37.99999935178988
4.12943,4.46133,45.96451,4683.11061,1.21175,52.544,11.581991141939731,4.314596440900038,37.99999935178988
4.16748,4.51125,46.1167,4676.40135,1.27223,52.67777,11.304250658885216,4.21113080317031,37.99999935178988
4.20536,4.56118,46.27582,4669.83355,1.32857,52.80859,11.023046179457328,4.106374735648268,37.99999935178988
4.24307,4.61113,46.44135,4663.40979,1.38073,52.93643,10.739778383957328,4.000850028600253,37.99999935178988
4.28062,4.6611,46.61275,4657.13192,1.42868,53.06125,10.455754692456425,3.8950437304030814,37.99999935178988
4.31801,4.71108,46.78951,4651.0011,1.47241,53.18304,10.172183881365061,3.7894061420744634,37.99999935178988
4.35525,4.76107,46.97111,4645.01783,1.51192,53.30181,9.890172828359045,3.684349604672341,37.99999935178988
4.39233,4.81108,47.15702,4639.18201,1.54725,53.41755,9.610725178095233,3.5802480022388763,37.99999935178988
4.42927,4.8611,47.34673,4633.49302,1.57841,53.5303,9.334741701923697,3.4774368958026907,37.99999935178988
4.46606,4.91113,47.53974,4627.94975,1.60547,53.64009,9.063022115891307,3.3762142006330373,37.99999935178988
4.50272,4.96117,47.73555,4622.55063,1.62849,53.74697,8.79626812117745,3.276841318882109,37.99999935178988
4.53923,5.01122,47.93368,4617.29375,1.64753,53.85097,8.535087438231702,3.179544642407459,37.99999935178988
4.57562,5.06128,48.13365,4612.17683,1.66268,53.95217,8.279998618466367,3.084517345254081,37.99999935178988
4.61188,5.11135,48.335,4607.19732,1.67401,54.05061,8.031436434156321,2.991921391533912,37.99999935178988
4.64802,5.16143,48.53727,4602.35242,1.68164,54.14638,7.789757666578426,2.901889691660063,37.99999935178988
4.68403,5.21152,48.74003,4597.63914,1.68565,54.23955,7.555247133422424,2.814528347715968,37.99999935178988
4.71993,5.26161,48.94286,4593.0543,1.68615,54.33018,7.328123817944477,2.729918936726344,37.99999935178988
4.75571,5.31172,49.14535,4588.5946,1.68324,54.41837,7.108546983482579,2.648120788475064,37.99999935178988
4.79138,5.36183,49.34709,4584.25665,1.67704,54.50418,6.89662217724091,2.569173222072798,37.99999935178988
4.82694,5.41195,49.5477,4580.03696,1.66765,54.58771,6.6924070461384995,2.493097712513668,37.99999935178988
4.8624,5.46207,49.74683,4575.93203,1.65518,54.66903,6.4959169047325185,2.4198999648731703,37.99999935178988
4.89775,5.5122,49.94411,4571.93829,1.63976,54.74823,6.307130010659017,2.3495718795486558,37.99999935178988
4.93301,5.56234,50.1392,4568.0522,1.62148,54.82539,6.125992516524652,2.282093396969296,37.99999935178988
4.96817,5.61249,50.33178,4564.2702,1.60046,54.9006,5.952423078807666,2.217434214532958,37.99999935178988
5.00323,5.66264,50.52153,4560.58877,1.57681,54.97394,5.786317114129949,2.1555553721795424,37.99999935178988
5.03821,5.7128,50.70816,4557.00443,1.55065,55.04549,5.627550701364758,2.096410706028776,37.99999935178988
5.07309,5.76296,50.89138,4553.51374,1.52206,55.11532,5.475984134601432,2.039948171953054,37.99999935178988
5.10789,5.81313,51.07092,4550.11331,1.49117,55.18353,5.331465137143704,1.9861110428763755,37.99999935178988
5.1426,5.86331,51.24652,4546.79982,1.45807,55.25018,5.193831750637075,1.9348389850503092,37.99999935178988
5.17723,5.91349,51.41793,4543.57001,1.42287,55.31536,5.062914916318165,1.8860690196372922,37.99999935178988
5.21178,5.96368,51.58491,4540.4207,1.38566,55.37913,4.938540767282702,1.83973637664077,37.99999935178988
5.24625,6.01388,51.74725,4537.34877,1.34654,55.44157,4.820532651936348,1.795775248693868,37.99999935178988
5.28064,6.06408,51.90472,4534.35119,1.3056,55.50275,4.708712909323137,1.7541194524159474,37.99999935178988
5.31496,6.11429,52.05713,4531.42499,1.26294,55.56274,4.602904417116982,1.714703005080173,37.99999935178988
5.3492,6.1645,52.20428,4528.5673,1.21864,55.6216,4.502931932748685,1.6774606242186079,37.99999935178988
5.38337,6.21472,52.346,4525.77528,1.17278,55.67941,4.408623247512193,1.6423281575571647,37.99999935178988
5.41747,6.26495,52.48212,4523.04622,1.12546,55.73622,4.3198101726326685,1.6092429503519026,37.99999935178988
5.4515,6.31518,52.61247,4520.37744,1.07676,55.79209,4.236329375280607,1.5781441568262862,37.99999935178988
5.48546,6.36542,52.73691,4517.76635,1.02675,55.84709,4.158023081399729,1.5489730019930659,37.99999935178988
5.51936,6.41566,52.85529,4515.21042,0.9755,55.90128,4.084739661042737,1.5216729997072493,37.99999935178988
5.55319,6.46591,52.96748,4512.70718,0.9231,55.9547,4.016334110690896,1.4961901323428362,37.99999935178988
5.58695,6.51617,53.07336,4510.25423,0.86962,56.00742,3.9526684458668986,1.4724729970514383,37.99999935178988
5.62065,6.56643,53.1728,4507.84922,0.81513,56.05949,3.893612016152074,1.4504729231144826,37.99999935178988
5.65429,6.61671,53.26571,4505.48986,0.7597,56.11095,3.839041753600383,1.4301440644839554,37.99999935178988
5.68786,6.66699,53.35198,4503.17389,0.70338,56.16187,3.788842364458595,1.4114434712032184,37.99999935178988
5.72137,6.71727,53.43153,4500.89913,0.64626,56.2123,3.7429064730729067,1.394331143016006,37.99999935178988
5.75483,6.76756,53.50426,4498.6634,0.58839,56.26227,3.701134725917595,1.3787700681198374,37.99999935178988
5.78822,6.81786,53.5701,4496.4646,0.52984,56.31184,3.663435862771742,1.3647262496812202,37.99999935178988
5.82155,6.86817,53.62898,4494.30063,0.47067,56.36105,3.629726761244015,1.352168722422301,37.99999935178988
5.85482,6.91849,53.68083,4492.16943,0.41093,56.40996,3.5999324600859395,1.3410695613056738,37.99999935178988
5.88804,6.96881,53.72561,4490.06897,0.35069,56.4586,3.573986166001735,1.3314038840712232,37.99999935178988
5.9212,7.01914,53.76326,4487.99724,0.29001,56.50702,3.5518292480365563,1.3231498491455962,37.99999935178988
5.9543,7.06948,53.79375,4485.95223,0.22893,56.55527,3.53341122299674,1.31628865021086,37.99999935178988
5.98734,7.11983,53.81703,4483.93196,0.16753,56.60338,3.5186897348076207,1.3108045085147468,37.99999935178988
6.02033,7.17018,53.83307,4481.93445,0.10585,56.6514,3.507630530192085,1.3066846638102738,37.99999935178988
6.05326,7.22055,53.84186,4479.95773,0.04395,56.69938,3.5002074325690966,1.3039193646322575,37.99999935178988
6.08613,7.27092,53.84338,4477.99981,-0.01811,56.74735,3.4964023156208914,1.3025018584503982,37.99999935178988
6.11895,7.3213,53.83761,4476.05872,-0.08028,56.79537,3.496205077520621,1.3024283820684008,37.99999935178988
6.15171,7.37169,53.82456,4474.13245,-0.1425,56.84346,3.4996136164367058,1.3036981524986992,37.99999935178988
6.18442,7.42209,53.80423,4472.219,-0.20473,56.89168,3.506633807478842,1.306313358374238,37.99999935178988
6.21707,7.4725,53.77663,4470.31634,-0.26689,56.94006,3.517279480891877,1.3102791518251187,37.99999935178988
6.24966,7.52292,53.74177,4468.42242,-0.32895,56.98865,3.5315724008770295,1.3156036405889464,37.99999935178988
6.2822,7.57334,53.69967,4466.53516,-0.39084,57.0375,3.549542244028483,1.322297879977892,37.99999935178988
6.31468,7.62378,53.65037,4464.65243,-0.4525,57.08664,3.571226575960904,1.3303758641718302,37.99999935178988
6.3471,7.67423,53.59391,4462.7721,-0.51389,57.13612,3.5966708242637826,1.339854516143117,37.99999935178988
6.37947,7.72469,53.53031,4460.89197,-0.57494,57.18599,3.625928245473642,1.350753675352872,37.99999935178988
6.41177,7.77516,53.45964,4459.0098,-0.63559,57.2363,3.659059883280875,1.3630960821819222,37.99999935178988
6.44402,7.82563,53.38194,4457.1233,-0.69578,57.28708,3.6961345146748386,1.376907357868435,37.99999935178988
6.47622,7.87612,53.29729,4455.23011,-0.75546,57.33838,3.7372285801911906,1.3922159785232138,37.99999935178988
6.50835,7.92662,53.20574,4453.32785,-0.81456,57.39027,3.7824260938560785,1.4090532415815409,37.99999935178988
6.54042,7.97714,53.10738,4451.41403,-0.87302,57.44277,3.8318185277931467,1.4274532228162506,37.99999935178988
6.57244,8.02766,53.0023,4449.48611,-0.93077,57.49596,3.8855046657943606,1.4474527217890079,37.99999935178988
6.60439,8.07819,52.89058,4447.54149,-0.98775,57.54987,3.9435904194742895,1.4690911933629416,37.99999935178988
6.63628,8.12874,52.77232,4445.57746,-1.0439,57.60456,4.006188599853141,1.4924106626113167,37.99999935178988
6.66811,8.17929,52.64764,4443.59126,-1.09913,57.66009,4.073418636442944,1.5174556201697422,37.99999935178988
6.69988,8.22986,52.51665,4441.58002,-1.15339,57.71652,4.1454062350866945,1.5442728947722548,37.99999935178988
6.73158,8.28044,52.37947,4439.54079,-1.20659,57.77389,4.222282964949266,1.5729114993945625,37.99999935178988
6.76321,8.33104,52.23624,4437.47054,-1.25866,57.83228,4.304185764183589,1.603422447101692,37.99999935178988
6.79478,8.38164,52.0871,4435.36611,-1.30953,57.89175,4.391256352929925,1.635858532374772,37.99999935178988
6.82628,8.43226,51.9322,4433.22426,-1.35911,57.95235,4.4836405414448475,1.6702740733708747,37.99999935178988
6.85774,8.48288,51.77278,4431.03944,-1.3887,57.96003,4.580786940340182,1.706463663034977,0.0
6.88918,8.53348,51.61011,4428.80645,-1.41646,57.96775,4.682073510690619,1.7441955755005716,0.0
6.92059,8.58406,51.44442,4426.5225,-1.44229,57.9755,4.787521895953307,1.783477873524921,0.0
6.95198,8.63462,51.27594,4424.18475,-1.46612,57.98329,4.897145088067989,1.8243153969474175,0.0
6.98334,8.68517,51.10492,4421.79037,-1.48787,57.99111,5.010943364006072,1.8667082489471976,0.0
7.01469,8.7357,50.93159,4419.33649,-1.50746,57.99897,5.128902547536179,1.9106511485050741,0.0
7.04601,8.7862,50.75623,4416.82022,-1.5248,58.00686,5.2509921849857975,1.9561327508267523,0.0
7.0773,8.83669,50.57909,4414.23871,-1.53982,58.01478,5.377163646076055,2.003134939853812,0.0
7.10857,8.88715,50.40047,4411.58909,-1.55243,58.02274,5.5073481643702475,2.051632098279227,0.0
7.13982,8.9376,50.22063,4408.86852,-1.56257,58.03073,5.64145483564854,2.1015903618892757,0.0
7.17104,8.98802,50.03989,4406.0742,-1.57014,58.03875,5.779368596637235,2.152966866587008,0.0
7.20223,9.03842,49.85855,4403.2034,-1.57509,58.0468,5.920948210891702,2.205708998080645,0.0
7.23339,9.08879,49.67691,4400.25343,-1.57733,58.05489,6.066024293175847,2.2597536559129474,0.0
7.26453,9.13914,49.49529,4397.22171,-1.5768,58.063,6.214397408325846,2.3150265452379366,0.0
7.29564,9.18946,49.31402,4394.10573,-1.57344,58.07115,6.365836285187871,2.371441511465701,0.0
7.32672,9.23976,49.13344,4390.90315,-1.56719,58.07932,6.520076190592436,2.4288999345250577,0.0
7.35778,9.29002,48.95387,4387.61173,-1.55799,58.08753,6.676817512348048,2.487290200991405,0.0
7.3888,9.34026,48.77567,4384.22942,-1.5458,58.09576,6.835724603638833,2.5464872735944293,0.0
7.41979,9.39048,48.59918,4380.75435,-1.53057,58.10403,6.9964249437798935,2.606352378577399,0.0
7.45076,9.44066,48.42476,4377.18486,-1.51228,58.11232,7.15850867181336,2.666732831949416,0.0
7.48169,9.4908,48.25274,4373.5195,-1.49089,58.12063,7.321528549536382,2.7274620257123723,0.0
7.51258,9.54092,48.0835,4369.75712,-1.46639,58.12898,7.485000409194401,2.788359594638477,0.0
7.54345,9.591,47.91739,4365.8968,-1.43878,58.13735,7.648404137770265,2.849231782943841,0.0
7.57428,9.64105,47.75475,4361.93796,-1.40805,58.14574,7.811185244563665,2.9098720282530723,0.0
7.60508,9.69106,47.59595,4357.88031,-1.37422,58.15416,7.972757051284548,2.970061777466692,0.0
7.63584,9.74103,47.44133,4353.72392,-1.33732,58.16261,8.13250353418384,3.029571545529608,0.0
7.66656,9.79097,47.29124,4349.4692,-1.29738,58.17108,8.289782835787282,3.0881622236443733,0.0
7.69725,9.84087,47.146,4345.11697,-1.25446,58.17957,8.443931449627803,3.1455866381940987,0.0
7.7279,9.89072,47.00596,4340.6684,-1.20862,58.18808,8.594269065388247,3.2015913556855997,0.0
7.75852,9.94054,46.87144,4336.1251,-1.15994,58.19662,8.740104044147657,3.255918722422707,0.0
7.78909,9.99031,46.74273,4331.48905,-1.10851,58.20517,8.88073947469551,3.308309120642661,0.0
7.81963,10.04004,46.62014,4326.76268,-1.05443,58.21375,9.015479742555359,3.3585034156502696,0.0
7.85013,10.08973,46.50396,4321.94882,-0.99783,58.22235,9.143637524199185,3.406245561346773,0.0
7.88058,10.13936,46.39444,4317.0507,-0.93884,58.23097,9.264541100702257,3.4512853247587203,0.0
7.911,10.18895,46.29183,4312.07197,-0.8776,58.23961,9.377541868566558,3.4933810840173156,0.0
7.94137,10.2385,46.19637,4307.01668,-0.81427,58.24826,9.482021911523349,3.5323026490540994,0.0
7.9717,10.28799,46.10827,4301.88923,-0.74903,58.25694,9.577401486468998,3.567834050309008,0.0
8.00199,10.33744,46.02772,4296.69441,-0.68205,58.26563,9.663146270131554,3.599776238304348,0.0
8.03223,10.38683,45.95489,4291.43731,-0.61354,58.27434,9.738774211071831,3.627949636195488,0.0
8.06243,10.43618,45.88991,4286.12335,-0.54369,58.28307,9.80386183451885,3.6521964884879443,0.0
8.09259,10.48547,45.83291,4280.7582,-0.47271,58.29182,9.858049855707122,3.672382952153221,0.0
8.1227,10.53471,45.78398,4275.34779,-0.40084,58.30058,9.901047970411494,3.6884008812290876,0.0
8.15277,10.58389,45.7432,4269.89823,-0.32828,58.30936,9.93263870929259,3.7001692626646614,0.0
8.18279,10.63302,45.7106,4264.41579,-0.25527,58.31815,9.95268026459918,3.7076352693414223,0.0
8.21276,10.6821,45.6862,4258.90686,-0.18205,58.32696,9.961108223186175,3.710774905668014,0.0
8.24269,10.73112,45.67,4253.3779,-0.10884,58.33579,9.957936167573884,3.709593231490629,0.0
8.27257,10.78009,45.66195,4247.83541,-0.03588,58.34463,9.943255135887433,3.7041241609062348,0.0
8.30241,10.829,45.66199,4242.28587,0.0366,58.35348,9.917231960816869,3.694429843481504,0.0
8.3322,10.87786,45.67004,4236.7357,0.10838,58.36236,9.880106536034805,3.6805996459214705,0.0
8.36194,10.92666,45.68599,4231.19124,0.17922,58.37124,9.832188084795538,3.6627487620245107,0.0
8.39163,10.9754,45.7097,4225.65866,0.24891,58.38015,9.773850528593199,3.6410164873856563,0.0
8.42128,11.02409,45.74101,4220.14401,0.31725,58.38907,9.70552707319757,3.6155642025524797,0.0
8.45089,11.07272,45.77974,4214.65308,0.38403,58.398,9.627704144275182,3.5865731138843944,0.0
8.48044,11.1213,45.82568,4209.19148,0.44905,58.40695,9.540914815031442,3.554241805176415,0.0
8.50995,11.16982,45.87863,4203.7645,0.51215,58.41591,9.44573187354035,3.5187836550570655,0.0
8.53942,11.21829,45.93833,4198.3772,0.57314,58.4249,9.342760677887641,3.4804241753412155,0.0
8.56884,11.2667,46.00453,4193.03429,0.63188,58.43389,9.232631943292196,3.439398324043012,0.0
8.59821,11.31506,46.07696,4187.74019,0.68821,58.44291,9.115994597272318,3.395947843737334,0.0
8.62754,11.36337,46.15533,4182.49898,0.74201,58.45194,8.99350882757986,3.350318671732331,0.0
8.65682,11.41162,46.23935,4177.31441,0.79316,58.46098,8.86583943350032,3.3027584632537748,0.0
8.68606,11.45982,46.3287,4172.18986,0.84155,58.47005,8.733649575134786,3.253514262888112,0.0
8.71525,11.50797,46.42308,4167.12839,0.88709,58.47913,8.597594998042984,3.2028303531100444,0.0
8.7444,11.55606,46.52214,4162.13271,0.9297,58.48823,8.458318792989765,3.1509463021502153,0.0
8.77351,11.60411,46.62556,4157.20521,0.96932,58.49735,8.316446733061722,3.0980952269484634,0.0
8.80258,11.65211,46.73301,4152.34792,1.0059,58.50648,8.172583213664169,3.044502280695866,0.0
8.8316,11.70006,46.84414,4147.56257,1.03938,58.51564,8.02730780541169,2.9903833686957766,0.0
8.86058,11.74796,46.9586,4142.85059,1.06976,58.52481,7.881172415953177,2.935944091068973,0.0
8.88953,11.79581,47.07606,4138.2131,1.097,58.53401,7.734699044583931,2.8813789062875816,0.0
8.91843,11.84362,47.19616,4133.65094,1.1211,58.54322,7.588378103323302,2.826870505732328,0.0
8.94729,11.89139,47.31858,4129.1647,1.14206,58.55246,7.44266726983544,2.772589386375331,0.0
8.97611,11.93911,47.44295,4124.75471,1.1599,58.56171,7.2979908313439035,2.7186936063710365,0.0
9.00489,11.98678,47.56895,4120.42107,1.17464,58.57099,7.154739474227302,2.6653287066750524,0.0
9.03363,12.03442,47.69624,4116.16366,1.1863,58.58029,7.013270471257201,2.6126277807951994,0.0
9.06234,12.08201,47.8245,4111.98218,1.19492,58.58961,6.873908217266278,2.5607116743419924,0.0
9.09101,12.12956,47.95339,4107.87612,1.20055,58.59896,6.73694506411287,2.5096892960749018,0.0
9.11964,12.17707,48.0826,4103.84482,1.20323,58.60832,6.602642407060689,2.4596580226073836,0.0
9.14824,12.22455,48.21181,4099.88747,1.20302,58.61771,6.471231976794544,2.410704179716731,0.0
9.1768,12.27198,48.34073,4096.00312,1.19998,58.62713,6.342917294077997,2.3629035842423236,0.0
9.20532,12.31938,48.46905,4092.19069,1.19418,58.63657,6.217875247376461,2.3163221317917437,0.0
9.23381,12.36674,48.59649,4088.44902,1.18567,58.64603,6.096257757372867,2.271016416816656,0.0
9.26227,12.41407,48.72276,4084.77681,1.17452,58.65552,5.97819349612391,2.2270343730437476,0.0
9.29069,12.46137,48.84759,4081.17272,1.16083,58.66503,5.863789632438451,2.1844159236740968,0.0
9.31908,12.50863,48.97071,4077.6353,1.14465,58.67457,5.753133578860243,2.1431936321802163,0.0
9.34744,12.55585,49.09188,4074.16307,1.12607,58.68413,5.646294719328282,2.1033933459049834,0.0
9.37577,12.60305,49.21083,4070.75447,1.10516,58.69372,5.543326099998231,2.0650348259371096,0.0
9.40406,12.65022,49.32734,4067.4079,1.08201,58.70334,5.444266069000806,2.0281323579642883,0.0
9.43232,12.69735,49.44118,4064.12173,1.05669,58.71299,5.34913985378249,1.9926953398741063,0.0
9.46056,12.74446,49.55212,4060.8943,1.02929,58.72266,5.257961067401844,1.958728842889061,0.0
9.48876,12.79153,49.65995,4057.72391,0.9999,58.73236,5.170733137457057,1.926234143879662,0.0
9.51693,12.83858,49.76448,4054.60885,0.96858,58.74208,5.087450653418851,1.8952092272813943,0.0
9.54507,12.8856,49.86551,4051.5474,0.93544,58.75184,5.008100629927513,1.8656492557060993,0.0
9.57319,12.9326,49.96285,4048.53781,0.90054,58.76162,4.932663685103021,1.8375470088935,0.0
9.60127,12.97956,50.05634,4045.57834,0.86397,58.77143,4.86111513421268,1.810893291131174,0.0
9.62933,13.02651,50.1458,4042.66724,0.82581,58.78127,4.7934260000471305,1.7856773076461985,0.0
9.65735,13.07342,50.23109,4039.80274,0.78614,58.79114,4.729563942212598,1.7618870107909654,0.0
9.68536,13.12032,50.31204,4036.98309,0.74505,58.80104,4.669494108155432,1.7395094170722143,0.0
9.71333,13.16719,50.38852,4034.20653,0.70261,58.81097,4.613179909251009,1.7185308962645676,0.0
9.74127,13.21403,50.46041,4031.4713,0.65891,58.82092,4.560583725583132,1.6989374339594028,0.0
9.76919,13.26086,50.52757,4028.77565,0.61401,58.83091,4.511667543278782,1.6807148689888156,0.0
9.79708,13.30766,50.58989,4026.11781,0.56801,58.84093,4.4663935283657095,1.6638491072026707,0.0
9.82495,13.35444,50.64727,4023.49605,0.52097,58.85097,4.424724541111323,1.6483263130733723,0.0
9.85279,13.4012,50.69961,4020.9086,0.47297,58.86105,4.386624594768479,1.6341330805907417,0.0
9.8806,13.44793,50.74682,4018.3537,0.42409,58.87116,4.352059262523588,1.6212565848608929,0.0
9.90839,13.49465,50.78881,4015.82962,0.37441,58.88129,4.320996036259168,1.6096847157547236,0.0
9.93615,13.54134,50.82552,4013.33459,0.32399,58.89146,4.293404640553651,1.5994061948811051,0.0
9.96389,13.58802,50.85687,4010.86685,0.27292,58.90166,4.269257305075848,1.5904106770609892,0.0
9.9916,13.63468,50.88282,4008.42465,0.22127,58.91189,4.248528998266791,1.5826888373800394,0.0
10.01929,13.68131,50.9033,4006.00622,0.1691,58.92214,4.231197624942868,1.5762324448010006,0.0
10.04695,13.72793,50.91827,4003.60979,0.1165,58.93243,4.217244190097549,1.5710344231841527,0.0
10.07459,13.77453,50.92771,4001.23357,0.06354,58.94275,4.206652930931747,1.5670889004720912,0.0
10.1022,13.82111,50.93158,3998.87577,0.01028,58.9531,4.199411418766596,1.56439124665492,0.0
10.12979,13.86768,50.92986,3996.53459,-0.0432,58.96349,4.195510632223359,1.5629381010316932,0.0
10.15735,13.91422,50.92253,3994.20821,-0.09682,58.9739,4.194945002683886,1.5627273891456308,0.0
10.18489,13.96075,50.90961,3991.8948,-0.15053,58.98434,4.197712432761859,1.5637583296651438,0.0
10.21241,14.00726,50.89107,3989.59249,-0.20423,58.99482,4.2038142881595695,1.5660314313502688,0.0
10.2399,14.05375,50.86695,3987.29943,-0.25787,59.00532,4.213255362983625,1.5695484801318582,0.0
10.26737,14.10022,50.83724,3985.01371,-0.31136,59.01586,4.226043818265106,1.5743125162087195,0.0
10.29481,14.14668,50.80199,3982.73342,-0.36465,59.02642,4.242191093116174,1.5803278009511135,0.0
10.32222,14.19312,50.76119,3980.45667,-0.41814,59.04661,4.261727601063334,1.5876056641978915,5.999999897651034
10.34961,14.23955,50.71486,3978.18155,-0.47128,59.06689,4.284687088273651,1.5961586772842002,5.999999897651034
10.37696,14.28596,50.66304,3975.90603,-0.52399,59.08725,4.311090621110531,1.6059946879846982,5.999999897651034
10.40428,14.33237,50.6058,3973.62806,-0.57619,59.10772,4.340962018381008,1.6171225694317157,5.999999897651034
10.43156,14.37876,50.54318,3971.34557,-0.6278,59.1283,4.374327614182255,1.6295521317693413,5.999999897651034
10.45882,14.42514,50.47528,3969.05643,-0.67876,59.14899,4.411215975930203,1.6432940171116635,5.999999897651034
10.48604,14.4715,50.40216,3966.7585,-0.72899,59.16981,4.451657582607811,1.658359579681785,5.999999897651034
10.51323,14.51785,50.3239,3964.44958,-0.7784,59.19076,4.495684460414942,1.6747607500818151,5.999999897651034
10.54039,14.56419,50.24062,3962.12744,-0.82692,59.21185,4.54332977283719,1.69250988258272,5.999999897651034
10.56752,14.61052,50.1524,3959.78983,-0.87447,59.23308,4.594627361981516,1.7116195842597843,5.999999897651034
10.59461,14.65684,50.05935,3957.43443,-0.92097,59.25448,4.649611237947432,1.7321025247699333,5.999999897651034
10.62167,14.70314,49.96161,3955.0589,-0.96635,59.27604,4.70831501295757,1.7539712255504905,5.999999897651034
10.64869,14.74942,49.85929,3952.66087,-1.01052,59.29777,4.770771277005435,1.7772378272315292,5.999999897651034
10.67568,14.7957,49.75253,3950.2379,-1.05339,59.31969,4.837010911886516,1.8019138340944187,5.999999897651034
10.70264,14.84196,49.64147,3947.78754,-1.09489,59.3418,4.907062340691459,1.8280098344882807,5.999999897651034
10.72956,14.8882,49.52627,3945.30729,-1.13493,59.3641,4.98095071014697,1.855535196230464,5.999999897651034
10.75645,14.93444,49.40709,3942.79464,-1.17344,59.38662,5.058697003644972,1.884497736186566,5.999999897651034
10.78331,14.98065,49.2841,3940.247,-1.21031,59.40935,5.140317083389069,1.9149033634447887,5.999999897651034
10.81013,15.02686,49.15747,3937.66181,-1.24548,59.43231,5.2258206607901725,1.9467556957612198,5.999999897651034
10.83691,15.07304,49.0274,3935.03644,-1.27885,59.45551,5.3152101952279285,1.980055649319487,5.999999897651034
10.86365,15.11922,48.89407,3932.36826,-1.31034,59.47895,5.408479722347369,2.0148010022404335,5.999999897651034
10.89036,15.16537,48.75769,3929.65462,-1.33987,59.50264,5.5056136143846395,2.0509859327708315,5.999999897651034
10.91704,15.21151,48.61848,3926.89285,-1.36734,59.5266,5.606585276575322,2.088600533661185,5.999999897651034
10.94367,15.25764,48.47665,3924.08031,-1.39269,59.55082,5.711355785405759,2.127630304878519,5.999999897651034
10.97027,15.30374,48.33244,3921.21432,-1.41581,59.57533,5.819872476496536,2.1680556275558165,5.999999897651034
10.99683,15.34983,48.18608,3918.29224,-1.43664,59.60013,5.932067492063965,2.2098512228832083,5.999999897651034
11.02334,15.3959,48.03781,3915.31145,-1.45509,59.62522,6.047856300375486,2.252985600566153,5.999999897651034
11.04982,15.44195,47.88789,3912.26936,-1.47108,59.65061,6.167136202175804,2.2974205024298726,5.999999897651034
11.07626,15.48799,47.73659,3909.16341,-1.48453,59.67633,6.289784841861786,2.3431103477928295,5.999999897651034
11.10266,15.534,47.58416,3905.99112,-1.49538,59.70236,6.41565874407028,2.3900016883071875,5.999999897651034
11.12901,15.57999,47.43088,3902.75005,-1.50354,59.72872,6.544591899276339,2.438032681056928,5.999999897651034
11.15533,15.62596,47.27704,3899.43786,-1.50896,59.75541,6.676394424945394,2.487132589801816,5.999999897651034
11.18159,15.67191,47.12292,3896.05231,-1.51157,59.78245,6.810851331611695,2.537221325309145,5.999999897651034
11.20782,15.71784,46.96882,3892.59125,-1.51132,59.80984,6.947721425864361,2.5882090366871826,5.999999897651034
11.234,15.76374,46.81503,3889.05268,-1.50814,59.83758,7.086736384550993,2.639995766501652,5.999999897651034
11.26014,15.80962,46.66185,3885.43474,-1.50199,59.86568,7.227600036318568,2.6924711831308152,5.999999897651034
11.28623,15.85548,46.5096,3881.73573,-1.49284,59.89415,7.369987887880573,2.7455144042875133,5.999999897651034
11.31227,15.90131,46.35858,3877.95412,-1.48064,59.92298,7.513546932862735,2.7989939258091736,5.999999897651034
11.33827,15.94711,46.2091,3874.08859,-1.46538,59.95218,7.6578957807246795,2.852767669684517,5.999999897651034
11.36421,15.99289,46.06147,3870.13804,-1.44703,59.98176,7.802625141755702,2.9066831647272466,5.999999897651034
11.39011,16.03864,45.916,3866.10158,-1.4256,60.0117,7.947298701589056,2.9605778723556266,5.999999897651034
11.41596,16.08436,45.77302,3861.9786,-1.40107,60.04202,8.091454414751492,3.014279668473723,5.999999897651034
11.44175,16.13005,45.63282,3857.76874,-1.37346,60.07271,8.23460624154906,3.0676074905070667,5.999999897651034
11.4675,16.17571,45.49572,3853.47191,-1.34281,60.10377,8.376246345963876,3.1203721561770257,5.999999897651034
11.49319,16.22134,45.36201,3849.08834,-1.30913,60.1352,8.515847764257625,3.172377357625828,5.999999897651034
11.51883,16.26694,45.232,3844.61857,-1.27247,60.16698,8.65286754467016,3.2234208310368957,5.999999897651034
11.54442,16.3125,45.10597,3840.06343,-1.2329,60.19912,8.786750348231232,3.273295698031965,5.999999897651034
11.56995,16.35803,44.98422,3835.42411,-1.19049,60.23161,8.916932489292563,3.3217919708755907,5.999999897651034
11.59542,16.40352,44.867,3830.70212,-1.14531,60.26444,9.042846382385193,3.368698209046513,5.999999897651034
11.62084,16.44898,44.7546,3825.89931,-1.09747,60.2976,9.16392534970293,3.413803310151733,5.999999897651034
11.6462,16.4944,44.64725,3821.01789,-1.04707,60.33107,9.279608731233592,3.4568984135848626,5.999999897651034
11.6715,16.53979,44.5452,3816.06038,-0.99423,60.36485,9.389347227898083,3.4977788909860075,5.999999897651034
11.69675,16.58513,44.44868,3811.02965,-0.93909,60.39891,9.492608397364325,3.5362463935770694,5.999999897651034
11.72193,16.63044,44.35789,3805.9289,-0.88179,60.43326,9.588882212993164,3.5721109230153547,5.999999897651034
11.74706,16.6757,44.27303,3800.76165,-0.82249,60.46786,9.67768658914925,3.6051928897172587,5.999999897651034
11.77212,16.72093,44.19427,3795.5317,-0.76135,60.50271,9.758572771222108,3.6353251207829347,5.999999897651034
11.79713,16.76611,44.12177,3790.24315,-0.69857,60.53777,9.83113048656207,3.6623547788554602,5.999999897651034
11.82207,16.81125,44.05568,3784.90037,-0.63431,60.57305,9.894992753305438,3.6861451535347305,5.999999897651034
11.84695,16.85635,43.99611,3779.50796,-0.56879,60.6085,9.949840247993995,3.706577288430656,5.999999897651034
11.87177,16.9014,43.94315,3774.07072,-0.5022,60.64411,9.995405139908772,3.723551409553371,5.999999897651034
11.89652,16.94641,43.89689,3768.59368,-0.43475,60.67987,10.031474310012424,3.7369881244539633,5.999999897651034
11.92122,16.99138,43.85738,3763.08198,-0.36666,60.71574,10.057891885138071,3.7468293662765015,5.999999897651034
11.94584,17.0363,43.82465,3757.54092,-0.29814,60.75171,10.074561033081295,3.7530390624770313,5.999999897651034
11.97041,17.08117,43.79872,3751.97588,-0.22942,60.78774,10.081444981135837,3.755603514254922,5.999999897651034
11.99491,17.126,43.77958,3746.39229,-0.16071,60.82383,10.078567238673216,3.754531479469635,5.999999897651034
12.01935,17.17077,43.76718,3740.79562,-0.09224,60.85994,10.066011023080405,3.749853958787398,5.999999897651034
12.04372,17.21551,43.76149,3735.19133,-0.02424,60.89605,10.043917906900633,3.7416236917055605,5.999999897651034
12.06803,17.26019,43.76242,3729.58484,0.0431,60.93214,10.012485721888657,3.7299143757580384,5.999999897651034
12.09227,17.30483,43.76987,3723.9815,0.10954,60.96818,9.971965772080392,3.7148196283104147,5.999999897651034
12.11645,17.34942,43.78373,3718.38656,0.17489,61.00416,9.92265942252163,3.6964517157716403,5.999999897651034
12.14057,17.39396,43.80387,3712.80514,0.23895,61.04006,9.864914142424837,3.674940079565824,5.999999897651034
12.16463,17.43846,43.83013,3707.24219,0.30152,61.07584,9.799119090930777,3.650429691712292,5.999999897651034
12.18862,17.4829,43.86234,3701.70251,0.36241,61.1115,9.725700340180634,3.62307927529427,5.999999897651034
12.21254,17.5273,43.90031,3696.19066,0.42146,61.14702,9.645115833942368,3.5930594264145483,5.999999897651034
12.23641,17.57165,43.94383,3690.71101,0.4785,61.18237,9.557850180634318,3.5605506744597717,5.999999897651034
12.26021,17.61596,43.9927,3685.26769,0.53336,61.21755,9.464409377448794,3.525741516697666,5.999999897651034
12.28395,17.66022,44.04667,3679.86457,0.58593,61.25253,9.36531555766164,3.488826461511633,5.999999897651034
12.30763,17.70443,44.10551,3674.50525,0.63605,61.28731,9.261101846415436,3.4500041120446525,5.999999897651034
12.33125,17.74859,44.16896,3669.1931,0.68361,61.32187,9.152307401808363,3.4094753188744003,5.999999897651034
12.3548,17.79271,44.23675,3663.93117,0.72851,61.35619,9.03947270823876,3.367441426660257,5.999999897651034
12.3783,17.83678,44.30862,3658.72226,0.77065,61.39028,8.92313517833532,3.3241026357465895,5.999999897651034
12.40174,17.88081,44.38429,3653.56889,0.80995,61.42412,8.803825108600963,3.279656495533674,5.999999897651034
12.42512,17.92479,44.46346,3648.47331,0.84634,61.4577,8.682062022758188,3.2342965422776353,5.999999897651034
12.44844,17.96873,44.54586,3643.4375,0.87976,61.49101,8.558351425841373,3.188211089904416,5.999999897651034
12.47171,18.01263,44.63119,3638.46316,0.91016,61.52406,8.433181981815837,3.141582178598621,5.999999897651034
12.49492,18.05648,44.71915,3633.55175,0.93751,61.55684,8.307023117975296,3.094584682378534,5.999999897651034
12.51807,18.10029,44.80944,3628.70446,0.96178,61.58934,8.180323050950705,3.0473855737324747,5.999999897651034
12.54116,18.14406,44.90178,3623.92227,0.98297,61.62157,8.053507221759435,3.000143340633444,5.999999897651034
12.56421,18.18779,44.99585,3619.20592,1.00106,61.65352,7.926977121207775,2.9530075489706396,5.999999897651034
12.58719,18.23147,45.09137,3614.55591,1.01606,61.68519,7.801109481934948,2.9061185415646054,5.999999897651034
12.61013,18.27512,45.18804,3609.97256,1.02798,61.71659,7.676255809682824,2.8596072635528613,5.999999897651034
12.63301,18.31873,45.28557,3605.45599,1.03686,61.74772,7.552742223570794,2.8135952028880915,5.999999897651034
12.65584,18.3623,45.38368,3601.00614,1.0427,61.77858,7.430869573591202,2.768194434108282,5.999999897651034
12.67862,18.40583,45.48207,3596.62278,1.04556,61.80917,7.310913802739251,2.723507753239644,5.999999897651034
12.70135,18.44933,45.58047,3592.30551,1.04547,61.8395,7.193126521214073,2.6796288917016176,5.999999897651034
12.72403,18.49278,45.67861,3588.05379,1.04249,61.86957,7.077735760889564,2.636642797367108,5.999999897651034
12.74666,18.53621,45.77622,3583.86696,1.03667,61.89939,6.964946879436942,2.5946259713719297,5.999999897651034
12.76924,18.57959,45.87305,3579.74422,1.02806,61.92897,6.854943585254512,2.55364684992811,5.999999897651034
12.79177,18.62295,45.96883,3575.68466,1.01674,61.95831,6.747889056286678,2.5137662211134097,5.999999897651034
12.81426,18.66627,46.06331,3571.68729,1.00277,61.98742,6.6439271280828835,2.475037667454538,5.999999897651034
12.8367,18.70956,46.15627,3567.75098,0.98622,62.01631,6.543183528790068,2.4375080259943345,5.999999897651034
12.8591,18.75281,46.24746,3563.87457,0.96717,62.04498,6.4457671411899025,2.401217858433853,5.999999897651034
12.88144,18.79603,46.33666,3560.05678,0.94569,62.07345,6.35177127425842,2.36620192482177,5.999999897651034
12.90375,18.83922,46.42366,3556.29628,0.92187,62.10171,6.261274929110241,2.332489655151928,5.999999897651034
12.92601,18.88239,46.50825,3552.59169,0.89578,62.12978,6.174344046366588,2.300105614040734,5.999999897651034
12.94822,18.92552,46.59022,3548.94156,0.86752,62.15768,6.091032724126558,2.269069954453508,5.999999897651034
12.9704,18.96862,46.66938,3545.3444,0.83716,62.18539,6.011384397628827,2.2393988571595065,5.999999897651034
12.99253,19.01169,46.74556,3541.79866,0.80479,62.21295,5.9354329734820945,2.2111049532626073,5.999999897651034
13.01462,19.05474,46.81857,3538.30277,0.7705,62.24035,5.863203912917774,2.184197727741436,5.999999897651034
13.03666,19.09776,46.88825,3534.85513,0.73438,62.2676,5.794715259943625,2.1586839024636517,5.999999897651034
13.05867,19.14075,46.95443,3531.45408,0.69651,62.29472,5.7299786115046665,2.1345677975964064,5.999999897651034
13.08063,19.18371,47.01698,3528.09797,0.65699,62.32171,5.669000027819255,2.111851670730492,5.999999897651034
13.10256,19.22665,47.07575,3524.78509,0.6159,62.34858,5.611780881991718,2.0905360333833993,5.999999897651034
13.12444,19.26956,47.13061,3521.51374,0.57334,62.37534,5.558318648706253,2.070619944808546,5.999999897651034
13.14628,19.31244,47.18143,3518.28218,0.52939,62.402,5.508607632475451,2.0521012832870156,5.999999897651034
13.16809,19.3553,47.22809,3515.08864,0.48415,62.42857,5.462639636369984,2.03497699524696,5.999999897651034
13.18985,19.39814,47.2705,3511.93137,0.4377,62.45506,5.420404572537468,2.0192433226979367,5.999999897651034
13.21158,19.44095,47.30855,3508.80856,0.39014,62.48148,5.381891016105898,2.00489600957452,5.999999897651034
13.23327,19.48374,47.34215,3505.71843,0.34155,62.50784,5.347086704222254,1.9919304876413026,5.999999897651034
13.25492,19.52651,47.37122,3502.65913,0.29203,62.53415,5.3159789821078105,1.9803420426602434,5.999999897651034
13.27653,19.56925,47.39568,3499.62884,0.24166,62.56041,5.288555198021373,1.9701259615248592,5.999999897651034
13.29811,19.61197,47.41548,3496.62571,0.19053,62.58664,5.264803049030234,1.9612776610690077,5.999999897651034
13.31965,19.65466,47.43055,3493.64786,0.13874,62.61284,5.244710879373042,1.9537927992149036,5.999999897651034
13.34115,19.69734,47.44084,3490.69341,0.08637,62.63903,5.228267933126813,1.947667369098229,5.999999897651034
13.36261,19.73999,47.44632,3487.76047,0.03351,62.66521,5.215464562722041,1.9428977767455018,5.999999897651034
13.38404,19.78262,47.44695,3484.8471,-0.01975,62.6914,5.206292394669844,1.9394809028117923,5.999999897651034
13.40543,19.82523,47.44271,3481.95138,-0.07332,62.7176,5.200744453689101,1.9374141488213525,5.999999897651034
13.42678,19.86782,47.43358,3479.07135,-0.12711,62.74381,5.1988152461929555,1.9366954682685344,5.999999897651034
13.44809,19.91038,47.41956,3476.20503,-0.18103,62.77007,5.200500803876906,1.9373233828554979,5.999999897651034
13.46937,19.95293,47.40063,3473.35042,-0.23499,62.79636,5.205798687941219,1.9392969840651733,5.999999897651034
13.49062,19.99545,47.37682,3470.50551,-0.28891,62.8227,5.214707954211624,1.9426159201678035,5.999999897651034
13.51182,20.03795,47.34814,3467.66826,-0.34269,62.8491,5.227229079251935,1.947280368695947,5.999999897651034
13.53299,20.08043,47.31461,3464.8366,-0.39625,62.87556,5.243363847294976,1.9532909943232768,5.999999897651034
13.55413,20.12289,47.27627,3462.00844,-0.4495,62.90211,5.263115197646605,1.9606488920185627,5.999999897651034
13.57523,20.16533,47.23315,3459.18167,-0.50233,62.92874,5.2864870320092265,1.9693555152686122,5.999999897651034
13.59629,20.20775,47.1853,3456.35415,-0.55468,62.95547,5.313483981016472,1.97941258910629,5.999999897651034
13.61731,20.25015,47.13279,3453.52373,-0.60644,62.98231,5.344111129119317,1.9908220076233658,5.999999897651034
13.6383,20.29253,47.07567,3450.6882,-0.65752,63.00926,5.378373696853425,2.003585715606734,5.999999897651034
13.65925,20.33488,47.01402,3447.84536,-0.70783,63.03633,5.416276679461052,2.0177055739155683,5.999999897651034
13.68017,20.37722,46.94795,3444.99288,-0.75655,63.04937,5.457798474086802,2.033173534917829,0.0
13.70107,20.41952,46.87759,3442.12841,-0.80431,63.06243,5.502915545987685,2.049980831302513,0.0
13.72193,20.4618,46.80303,3439.24971,-0.85103,63.0755,5.551628057193737,2.0681275234300758,0.0
13.74277,20.50405,46.72437,3436.35447,-0.89662,63.08859,5.603933929378245,2.087612837069131,0.0
13.76358,20.54628,46.64174,3433.44041,-0.94098,63.10169,5.659828226070034,2.1084349332542796,0.0
13.78437,20.58848,46.55526,3430.50519,-0.98402,63.11482,5.719302518205925,2.1305906719377044,0.0
13.80513,20.63065,46.46505,3427.54648,-1.02566,63.12796,5.782344203072889,2.1540753582772068,0.0
13.82586,20.67279,46.37125,3424.56191,-1.0658,63.14112,5.848935777408088,2.1788824718468396,0.0
13.84656,20.71491,46.274,3421.54913,-1.10435,63.15429,5.919054065994628,2.2050033792685326,0.0
13.86724,20.75699,46.17346,3418.50575,-1.14123,63.16748,5.9926694078063205,2.2324270310296046,0.0
13.88788,20.79905,46.0698,3415.42939,-1.17634,63.18068,6.069744802579253,2.2611396435582107,0.0
13.9085,20.84108,45.96317,3412.31768,-1.20959,63.1939,6.150235021589766,2.291124367964748,0.0
13.9291,20.88308,45.85376,3409.16825,-1.2409,63.20714,6.234085687516865,2.322360947266394,0.0
13.94966,20.92504,45.74174,3405.97872,-1.27019,63.22039,6.32123232936672,2.3548253643216115,0.0
13.97019,20.96698,45.62732,3402.74676,-1.29736,63.23365,6.4115994197664845,2.388489483196773,0.0
13.9907,21.00889,45.51068,3399.47004,-1.32234,63.24693,6.505099403276801,2.423320687186993,0.0
14.01117,21.05076,45.39204,3396.14628,-1.34505,63.26022,6.601631725816882,2.459281517251442,0.0
14.03162,21.09261,45.2716,3392.77323,-1.3654,63.27352,6.70108187684523,2.496329315200458,0.0
14.05204,21.13442,45.14958,3389.34868,-1.38332,63.28684,6.803320457462766,2.534415876539445,0.0
14.07243,21.17619,45.02621,3385.8705,-1.39875,63.30017,6.908202289188225,2.5734871184642563,0.0
14.09278,21.21793,44.90171,3382.33661,-1.41161,63.31351,7.015565579669801,2.61348276906683,0.0
14.11311,21.25964,44.77632,3378.74502,-1.42184,63.32686,7.125231163032621,2.654336084344638,0.0
14.13341,21.30131,44.65027,3375.09381,-1.42937,63.34022,7.237001833886609,2.695973600101092,0.0
14.15367,21.34295,44.52383,3371.38118,-1.43417,63.3536,7.3506617951055375,2.7383149262287074,0.0
14.1739,21.38455,44.39722,3367.60545,-1.43616,63.36698,7.46597624036543,2.781272591193678,0.0
14.1941,21.42611,44.2707,3363.76503,-1.43532,63.38037,7.582691092921545,2.824751944723424,0.0
14.21427,21.46763,44.14453,3359.85851,-1.43161,63.39377,7.700532922266185,2.8686511267594392,0.0
14.23441,21.50912,44.01896,3355.8846,-1.42499,63.40718,7.8192090599105954,2.9128611105890916,0.0
14.25451,21.55056,43.89425,3351.84217,-1.41544,63.4206,7.9384079346835135,2.957265827753156,0.0
14.27458,21.59196,43.77066,3347.73029,-1.40295,63.43402,8.057799646462469,3.001742381775815,0.0
14.29462,21.63333,43.64845,3343.54819,-1.38751,63.44745,8.177036795102353,3.046161356962369,0.0
14.31462,21.67464,43.52786,3339.29532,-1.36913,63.46089,8.295755578521332,3.0903872274651265,0.0
14.33459,21.71592,43.40917,3334.97132,-1.34782,63.47433,8.413577170439115,3.1342788705271594,0.0
14.35452,21.75715,43.29261,3330.57607,-1.3236,63.48778,8.530109383996397,3.1776901862243188,0.0
14.37442,21.79834,43.17845,3326.10966,-1.29651,63.50123,8.644948622730261,3.2204708242549063,0.0
14.39428,21.83948,43.06692,3321.57242,-1.26657,63.51468,8.757682114820293,3.2624670162551386,0.0
14.41411,21.88057,42.95827,3316.96495,-1.23386,63.52814,8.86789042066847,3.3035225099386305,0.0
14.43389,21.92161,42.85272,3312.28806,-1.19843,63.5416,8.97515019747913,3.343479598975179,0.0
14.45365,21.96261,42.75051,3307.54285,-1.16036,63.55507,9.079037197949779,3.3821802400819876,0.0
14.47336,22.00356,42.65185,3302.73066,-1.11974,63.56853,9.179129473591253,3.419467246344709,0.0
14.49304,22.04445,42.55695,3297.85309,-1.07666,63.582,9.275010746708789,3.455185543369119,0.0
14.51268,22.0853,42.46601,3292.91199,-1.03123,63.59547,9.366273908972795,3.4891834725907795,0.0
14.53228,22.12609,42.37922,3287.90948,-0.98357,63.60893,9.452524599058602,3.5213141240399795,0.0
14.55184,22.16683,42.29675,3282.8479,-0.93382,63.6224,9.533384807087653,3.5514366790909198,0.0
14.57137,22.20752,42.21877,3277.72987,-0.8821,63.63587,9.608496450040994,3.5794177423973075,0.0
14.59085,22.24815,42.14542,3272.5582,-0.82857,63.64933,9.677524859835986,3.6051326412927134,0.0
14.61029,22.28873,42.07684,3267.33595,-0.7734,63.66279,9.740162124779348,3.628466670569744,0.0
14.6297,22.32925,42.01315,3262.06636,-0.71673,63.67626,9.796130225549968,3.6493162607161604,0.0
14.64906,22.36971,41.95446,3256.75287,-0.65876,63.68972,9.845183908925447,3.6675900484536137,0.0
14.66839,22.41012,41.90084,3251.39911,-0.59966,63.70317,9.887113246044544,3.683209829757734,0.0
14.68767,22.45047,41.85239,3246.00883,-0.53961,63.71663,9.921745827137606,3.696111377452949,0.0
14.70691,22.49076,41.80915,3240.58593,-0.47882,63.73008,9.948948551155583,3.7062451078963923,0.0
14.72611,22.53099,41.77116,3235.13443,-0.41746,63.74352,9.968628976499792,3.7135765841602657,0.0
14.74527,22.57117,41.73844,3229.65844,-0.35575,63.75697,9.980736207750683,3.718086846361648,0.0
14.76439,22.61128,41.711,3224.16212,-0.29389,63.7704,9.985261302811034,3.719772563334047,0.0
14.78347,22.65134,41.68882,3218.64968,-0.23206,63.78384,9.982237194755536,3.7186460035143014,0.0
14.8025,22.69133,41.67187,3213.12537,-0.17048,63.79727,9.971738132724811,3.7147348266609086,0.0
14.82149,22.73126,41.66012,3207.59342,-0.10935,63.8107,9.953878656002372,3.708081701670687,0.0
14.84045,22.77114,41.65349,3202.05803,-0.04885,63.82412,9.928812124748386,3.698743759238446,0.0
14.85936,22.81095,41.6519,3196.52336,0.01082,63.83754,9.896728839363186,3.6867918912704156,0.0
14.87822,22.8507,41.65526,3190.99352,0.06947,63.85095,9.857853787968338,3.6723099117616713,0.0
14.89705,22.89039,41.66347,3185.4725,0.12692,63.86436,9.812444067688348,3.6553935961557267,0.0
14.91584,22.93002,41.67639,3179.96422,0.18299,63.87776,9.76078603035378,3.636149618043835,0.0
14.93458,22.96959,41.69389,3174.47244,0.23751,63.89116,9.703192206585065,3.614694403305283,0.0
14.95328,23.0091,41.71581,3169.0008,0.29033,63.90456,9.639998064132913,3.5911529225038974,0.0
14.97194,23.04855,41.74201,3163.55278,0.34129,63.91795,9.571558656800613,3.565657442523433,0.0
14.99056,23.08793,41.77229,3158.13171,0.39025,63.93134,9.498245219287671,3.538346258057227,0.0
15.00914,23.12726,41.80647,3152.74073,0.43708,63.94472,9.42044176105376,3.509362422732904,0.0
15.02768,23.16653,41.84437,3147.38278,0.48164,63.9581,9.338541708989252,3.4788524984188136,0.0
15.04618,23.20574,41.88578,3142.06065,0.52384,63.97148,9.252944644340937,3.4469653396429982,0.0
15.06463,23.24489,41.93048,3136.7769,0.56356,63.98486,9.16405317441019,3.4138509282184586,0.0
15.08305,23.28398,41.97826,3131.53389,0.60072,63.99823,9.072269973924016,3.3796592710760107,0.0
15.10143,23.32302,42.0289,3126.33379,0.63523,64.0116,8.97799502520314,3.344539372154296,0.0
15.11977,23.36199,42.08217,3121.17856,0.66702,64.02497,8.881623080217343,3.3086382869486046,0.0
15.13807,23.40091,42.13783,3116.06997,0.69603,64.03833,8.78354136170884,3.272100266118857,0.0
15.15633,23.43978,42.19565,3111.00958,0.72222,64.0517,8.684127514837172,3.235065992423424,0.0
15.17455,23.47858,42.25539,3105.99875,0.74554,64.06506,8.583747815397896,3.1976719132334464,0.0
15.19273,23.51734,42.31681,3101.03865,0.76596,64.07842,8.482755635715517,3.160049669037588,0.0
15.21088,23.55604,42.37967,3096.13027,0.78347,64.09179,8.381490164864555,3.1223256166907083,0.0
15.22898,23.59468,42.44374,3091.27441,0.79805,64.10515,8.280275376012495,3.0846204447219434,0.0
15.24705,23.63327,42.50876,3086.4717,0.8097,64.11851,8.179419230362122,3.047048876782277,0.0
15.26509,23.67181,42.57451,3081.72259,0.81842,64.13188,8.079213104547177,3.0097194583343603,0.0
15.28309,23.7103,42.64074,3077.0274,0.82424,64.14524,7.979931426154149,2.972734420874782,0.0
15.30105,23.74873,42.70722,3072.38626,0.82717,64.15861,7.881831500586647,2.9361896174365003,0.0
15.31897,23.78712,42.77372,3067.79917,0.82725,64.17198,7.785153511395229,2.9001745227117084,0.0
15.33686,23.82546,42.84002,3063.266,0.8245,64.18535,7.6901206757043665,2.864772290952467,0.0
15.35472,23.86374,42.90589,3058.78648,0.81898,64.19872,7.596939536157876,2.830059864728061,0.0
15.37254,23.90198,42.97111,3054.36021,0.81072,64.2121,7.505800371095047,2.796108127726403,0.0
15.39032,23.94017,43.03547,3049.98671,0.79979,64.22548,7.416877705121393,2.762982094955062,0.0
15.40808,23.97832,43.09876,3045.66534,0.78624,64.23886,7.330330903035613,2.7307411339946963,0.0
15.42579,24.01641,43.16078,3041.3954,0.77014,64.25225,7.2463048310142675,2.699439211307731,0.0
15.44348,24.05446,43.22133,3037.17609,0.75155,64.26565,7.164930570029828,2.669125158005362,0.0
15.46113,24.09247,43.28023,3033.0065,0.73055,64.27904,7.0863261676677425,2.6398429499191853,0.0
15.47875,24.13043,43.33729,3028.88566,0.70721,64.29245,7.010597415740993,2.6116319972830886,0.0
15.49634,24.16835,43.39233,3024.81253,0.6816,64.30586,6.937838642365521,2.584527439802181,0.0
15.51389,24.20622,43.44518,3020.78597,0.65382,64.31927,6.868133508373288,2.5585604433376177,0.0
15.53141,24.24405,43.49569,3016.80481,0.62394,64.33269,6.80155579919627,2.5337584949042222,0.0
15.5489,24.28184,43.54369,3012.86781,0.59206,64.34612,6.738170204468185,2.51014569309264,0.0
15.56636,24.31959,43.58904,3008.97365,0.55825,64.35955,6.678033078713226,2.4877430314459095,0.0
15.58379,24.3573,43.63159,3005.12098,0.52261,64.37299,6.621193177508943,2.466568672699505,0.0
15.60119,24.39496,43.67122,3001.30841,0.48523,64.38644,6.567692364408344,2.446638212128418,0.0
15.61856,24.43259,43.7078,2997.53448,0.44621,64.39989,6.517566284796559,2.4279649285764973,0.0
15.6359,24.47017,43.74122,2993.7977,0.40563,64.41336,6.470845003566454,2.410560022007389,0.0
15.6532,24.50772,43.77135,2990.09656,0.3636,64.42683,6.4275536042065795,2.394432836680565,0.0
15.67048,24.54523,43.79811,2986.42947,0.32022,64.4403,6.387712747434903,2.3795910692570836,0.0
15.68773,24.5827,43.82139,2982.79484,0.27557,64.45379,6.351339188041371,2.3660409613370468,0.0
15.70495,24.62013,43.84112,2979.19104,0.22976,64.46728,6.31844624901434,2.353787476084165,0.0
15.72214,24.65752,43.85721,2975.6164,0.18289,64.48079,6.289044252360746,2.34283445871761,0.0
15.7393,24.69488,43.86959,2972.06922,0.13505,64.4943,6.263140906349709,2.3331847807704458,0.0
15.75643,24.7322,43.87821,2968.54777,0.08636,64.50782,6.240741649090965,2.3248404680816352,0.0
15.77353,24.76948,43.883,2965.05031,0.0369,64.52135,6.2218499485774865,2.317802812569808,0.0
15.7906,24.80673,43.88392,2961.57506,-0.01322,64.53489,6.206467559420428,2.3120724678737865,0.0
15.80765,24.84394,43.88094,2958.1202,-0.0639,64.54843,6.194594736597657,2.307649528979535,0.0
15.82467,24.88111,43.87401,2954.68391,-0.11504,64.56199,6.186230406618689,2.3045335959836026,0.0
15.84166,24.91825,43.86313,2951.26433,-0.16654,64.57556,6.181372296495406,2.302723822138109,0.0
15.85862,24.95535,43.84828,2947.85957,-0.21829,64.58913,6.180017020965917,2.302218946343929,0.0
15.87555,24.99242,43.82944,2944.46774,-0.27019,64.60271,6.182160128371625,2.303017310241105,0.0
15.89246,25.02945,43.80662,2941.08691,-0.32214,64.61631,6.187796105608788,2.3051168600534333,0.0
15.90933,25.06645,43.77984,2937.71512,-0.37404,64.62991,6.1969183425450804,2.3085151333327025,0.0
15.92618,25.10341,43.7491,2934.35041,-0.42578,64.64352,6.209519056269787,2.3132092307398873,0.0
15.943,25.14033,43.71443,2930.99078,-0.47726,64.65714,6.225589175562599,2.3191957730067463,0.0
15.9598,25.17722,43.67587,2927.63421,-0.52839,64.67077,6.24511818595812,2.326470843218266,0.0
15.97657,25.21408,43.63345,2924.27868,-0.57905,64.6844,6.268093935826355,2.335029914572546,0.0
15.9933,25.2509,43.58722,2920.92213,-0.62915,64.69805,6.294502403908426,2.344867763781731,0.0
16.01001,25.28769,43.53725,2917.56249,-0.67858,64.7117,6.324327428868261,2.355978370322905,0.0
16.0267,25.32444,43.48359,2914.19768,-0.72725,64.72537,6.35755040150335,2.3683548017784957,0.0
16.04335,25.36115,43.42631,2910.8256,-0.77504,64.73904,6.394149920416878,2.3819890855650847,0.0
16.05998,25.39783,43.36549,2907.44413,-0.82187,64.75272,6.434101412149635,2.3968720674225485,0.0
16.07658,25.43447,43.30123,2904.05116,-0.86762,64.7664,6.4773767170131125,2.412993257125993,0.0
16.09315,25.47108,43.2336,2900.64454,-0.91221,64.7801,6.523943642140998,2.4303406619856713,0.0
16.1097,25.50765,43.16272,2897.22214,-0.95552,64.7938,6.57376548364266,2.4489006088365852,0.0
16.12621,25.54419,43.0887,2893.78181,-0.99747,64.80751,6.626800520118165,2.468657555359504,0.0
16.1427,25.58069,43.01164,2890.32143,-1.03795,64.82123,6.68300148027648,2.4895938917547342,0.0
16.15916,25.61715,42.93167,2886.83885,-1.07687,64.83495,6.742314987896641,2.5116897339755546,0.0
16.17559,25.65358,42.84892,2883.33193,-1.11414,64.84868,6.804680987940823,2.5349227099402327,0.0
16.192,25.68997,42.76352,2879.79857,-1.14965,64.86242,6.870032158289763,2.5592677403879915,0.0
16.20837,25.72632,42.67563,2876.23666,-1.18333,64.87616,6.938293312196505,2.5846968162773063,0.0
16.22472,25.76263,42.58538,2872.64412,-1.21508,64.88991,7.009380797312764,2.6111787749074162,0.0
16.24104,25.79891,42.49293,2869.0189,-1.24482,64.90367,7.0832018978974105,2.638679077225252,0.0
16.25732,25.83514,42.39845,2865.35897,-1.27246,64.91742,7.159654247570387,2.6671595890608204,0.0
16.27358,25.87134,42.3021,2861.66235,-1.29792,64.93119,7.238625260796077,2.696578369339802,0.0
16.28981,25.90749,42.20405,2857.92712,-1.32112,64.94495,7.31999159202483,2.7268894685995337,0.0
16.30601,25.94361,42.10448,2854.15138,-1.34199,64.95873,7.403618632224355,2.758042741433711,0.0
16.32218,25.97969,42.00358,2850.33331,-1.36045,64.9725,7.489360053171676,2.789983676729148,0.0
16.33832,26.01572,41.90152,2846.47117,-1.37645,64.98628,7.577057410566183,2.822653249814947,0.0
16.35443,26.05171,41.79851,2842.56326,-1.38993,65.00006,7.666539817487371,2.8559878008169157,0.0
16.37051,26.08767,41.69474,2838.60799,-1.40081,65.01384,7.757623700139878,2.889918943666162,0.0
16.38656,26.12357,41.5904,2834.60387,-1.40906,65.02763,7.850112648032362,2.9243735102867907,0.0
16.40258,26.15944,41.4857,2830.54948,-1.41462,65.04141,7.9437973707558704,2.959273534494706,0.0
16.41857,26.19526,41.38083,2826.44354,-1.41747,65.0552,8.03845577328895,2.994536280050744,0.0
16.43452,26.23103,41.27601,2822.28487,-1.41756,65.06898,8.133853161326538,3.0300743171510907,0.0
16.45045,26.26676,41.17144,2818.07244,-1.41488,65.08277,8.229742587289122,3.065795651324795,0.0
16.46634,26.30244,41.06733,2813.80531,-1.4094,65.09656,8.325865346644678,3.101603908326753,0.0
16.4822,26.33808,40.96388,2809.48274,-1.40111,65.11034,8.421951632740374,3.137398578079743,0.0
16.49803,26.37367,40.86131,2805.1041,-1.39002,65.12412,8.517721356562149,3.1730753200564434,0.0
16.51383,26.40921,40.75981,2800.66894,-1.37613,65.13791,8.612885135801395,3.20852633173279,0.0
16.52959,26.4447,40.6596,2796.17698,-1.35945,65.15168,8.707145455118692,3.2436407808167487,0.0
16.54532,26.48014,40.56086,2791.6281,-1.34001,65.16546,8.800197996844206,3.2783053009692273,0.0
16.56101,26.51554,40.46381,2787.02236,-1.31785,65.17923,8.891733138283596,3.312404549589922,0.0
16.57667,26.55088,40.36863,2782.36001,-1.29301,65.193,8.981437608639867,3.345821825064298,0.0
16.5923,26.58617,40.27552,2777.64149,-1.26553,65.20676,9.068996295164116,3.3784397396022765,0.0
16.60789,26.6214,40.18465,2772.86743,-1.2355,65.22052,9.154094184695689,3.4101409425130162,0.0
16.62345,26.65658,40.09621,2768.03864,-1.20297,65.23427,9.236418423297671,3.4408088874733362,0.0
16.63898,26.69171,40.01037,2763.15614,-1.16803,65.24801,9.315660473351734,3.4703286361022943,0.0
16.65446,26.72679,39.92729,2758.22114,-1.13078,65.26175,9.391518344322163,3.4985876889794882,0.0
16.66992,26.76181,39.84713,2753.23503,-1.09132,65.27549,9.46369887052668,3.525476834174616,0.0
16.68533,26.79677,39.77002,2748.1994,-1.04975,65.28921,9.531920006852221,3.5508910024620084,0.0
16.70071,26.83167,39.69612,2743.11602,-1.00621,65.30293,9.595913111388116,3.5747301176615447,0.0
16.71606,26.86652,39.62555,2737.98683,-0.96081,65.31664,9.65542518260742,3.5968999300475692,0.0
16.73137,26.90131,39.55842,2732.81396,-0.9137,65.33034,9.7102210180719,3.6173128205232903,0.0
16.74664,26.93604,39.49485,2727.59968,-0.86502,65.34403,9.76008526167868,3.6358885632740274,0.0
16.76187,26.97072,39.43492,2722.34641,-0.81492,65.35771,9.804824307258333,3.652555034907583,0.0
16.77707,27.00533,39.37872,2717.05675,-0.76357,65.37138,9.844268027954454,3.6672488586936405,0.0
16.79223,27.03988,39.32632,2711.73338,-0.71113,65.38504,9.878271303108907,3.6799159733686886,0.0
16.80736,27.07437,39.27777,2706.37912,-0.65776,65.39869,9.906715317446608,3.6905121171165427,0.0
16.82244,27.1088,39.23312,2700.99689,-0.60365,65.41234,9.929508611075992,3.699003218721138,0.0
16.83749,27.14317,39.19241,2695.58971,-0.54897,65.42597,9.946587863010528,3.7053656894489158,0.0
16.8525,27.17748,39.15565,2690.16065,-0.49389,65.43958,9.957918395683842,3.709586610993982,0.0
16.86747,27.21172,39.12284,2684.71286,-0.43861,65.45319,9.963494392903412,3.7116638166715887,0.0
16.88241,27.24591,39.09399,2679.24951,-0.3833,65.46679,9.963338828896065,3.7116058649857173,0.0
16.8973,27.28002,39.06906,2673.7738,-0.32815,65.48037,9.957503111334775,3.7094319066471653,0.0
16.91216,27.31408,39.04803,2668.28896,-0.27333,65.49395,9.946066446302886,3.7051714480060203,0.0
16.92698,27.34807,39.03086,2662.7982,-0.21904,65.50751,9.929134938065978,3.698864015692978,0.0
16.94176,27.382,39.01747,2657.30469,-0.16544,65.52106,9.906840440968548,3.690558728920663,0.0
16.95651,27.41587,39.00781,2651.8116,-0.1127,65.5346,9.879339184703532,3.6803137873603426,0.0
16.97121,27.44967,39.00179,2646.32203,-0.061,65.54812,9.846810197684885,3.6681958838067366,0.0
16.98588,27.4834,38.99933,2640.83901,-0.0105,65.56164,9.809453555886549,3.654279551824455,0.0
17.00051,27.51708,39.00031,2635.36551,0.03864,65.57514,9.767488486569,3.6386464593362415,0.0
17.0151,27.55069,39.00462,2629.9044,0.08627,65.58864,9.72115135757904,3.621384659584241,0.0
17.02966,27.58424,39.01214,2624.45845,0.13226,65.60212,9.670693583516316,3.6025878111219383,0.0
17.04417,27.61772,39.02275,2619.03034,0.17645,65.61558,9.6163794798435,3.582354378413739,0.0
17.05865,27.65114,39.03629,2613.62261,0.21872,65.62904,9.558484095280544,3.5607868243447904,0.0
17.07309,27.6845,39.05263,2608.23769,0.25895,65.64249,9.497291051442422,3.537990805429205,0.0
17.0875,27.71779,39.0716,2602.87787,0.29704,65.65593,9.43309041672619,3.514074379777044,0.0
17.10186,27.75102,39.09306,2597.5453,0.33287,65.66935,9.366176639188076,3.4891472370366494,0.0
17.11619,27.78419,39.11682,2592.24202,0.36636,65.68277,9.296846560480683,3.463319958533987,0.0
17.13049,27.8173,39.14272,2586.96988,0.39742,65.69617,9.22539752998279,3.436703314736387,0.0
17.14474,27.85035,39.17059,2581.73062,0.42597,65.70957,9.152125635272473,3.4094076060572163,0.0
17.15896,27.88333,39.20025,2576.52582,0.45196,65.72296,9.077324061924003,3.381542051837065,0.0
17.17315,27.91626,39.2315,2571.35692,0.47532,65.73633,9.001281592572067,3.3532142312056834,0.0
17.1873,27.94912,39.26418,2566.22519,0.49601,65.7497,8.92428125216191,3.3245295784020104,0.0
17.20141,27.98193,39.29809,2561.13178,0.514,65.76306,8.8465991034777,3.295590934076798,0.0
17.21549,28.01467,39.33304,2556.07769,0.52925,65.77641,8.76850319436452,3.2664981531051014,0.0
17.22953,28.04736,39.36886,2551.06377,0.54175,65.78976,8.690252655732754,3.2373477685691845,0.0
17.24354,28.07999,39.40534,2546.09074,0.55148,65.80309,8.612096947185664,3.208232710734939,0.0
17.25751,28.11256,39.44231,2541.15918,0.55845,65.81642,8.534275245365864,3.179242079194855,0.0
17.27145,28.14508,39.47958,2536.26955,0.56265,65.82974,8.457015968477034,3.150460965739847,0.0
17.28535,28.17753,39.51697,2531.42216,0.56411,65.84306,8.380536429200156,3.1219703250614232,0.0
17.29923,28.20993,39.55429,2526.61722,0.56284,65.85637,8.305042607198494,3.093846890003801,0.0
17.31306,28.24228,39.59137,2521.85481,0.55887,65.86967,8.230729031693826,3.0661631278204617,0.0
17.32687,28.27457,39.62803,2517.1349,0.55224,65.88296,8.157778764083963,3.038987233698727,0.0
17.34064,28.30681,39.6641,2512.45735,0.54299,65.89626,8.086363470326454,3.0123831577245874,0.0
17.35438,28.33899,39.6994,2507.82192,0.53116,65.90954,8.016643572710802,2.9864106614218464,0.0
17.36808,28.37111,39.73379,2503.22827,0.51681,65.92283,7.948768470784312,2.961125400052814,0.0
17.38176,28.40319,39.76709,2498.67595,0.49999,65.9361,7.882876821364521,2.936579026930304,0.0
17.3954,28.43521,39.79915,2494.16445,0.48077,65.94938,7.8190968680363655,2.9128193161639957,0.0
17.40901,28.46718,39.82982,2489.69315,0.45922,65.96265,7.757546810894939,2.8898903003993444,0.0
17.42259,28.4991,39.85897,2485.26135,0.4354,65.97592,7.698335207875246,2.8678324203234693,0.0
17.43614,28.53097,39.88644,2480.86829,0.40941,65.98918,7.641561399581699,2.846682682925323,0.0
17.44966,28.56279,39.9121,2476.51313,0.3813,66.00244,7.5873159501334735,2.826474825722184,0.0
17.46314,28.59455,39.93584,2472.19494,0.35117,66.0157,7.535681097182468,2.8072394844031874,0.0
17.4766,28.62627,39.95752,2467.91276,0.31911,66.02896,7.4867312048859835,2.7890043615735665,0.0
17.49003,28.65794,39.97704,2463.66554,0.2852,66.04221,7.44053321425454,2.771794394521064,0.0
17.50342,28.68956,39.99428,2459.45219,0.24954,66.05546,7.3971470858700386,2.7556319201400954,0.0
17.51679,28.72113,40.00914,2455.27155,0.21222,66.06871,7.356626230594502,2.7405368353820894,0.0
17.53012,28.75266,40.02153,2451.12242,0.17334,66.08196,7.319017924392839,2.7265267517878806,0.0
17.54343,28.78413,40.03136,2447.00354,0.133,66.09521,7.284363703948168,2.7136171428648237,0.0
17.55671,28.81556,40.03854,2442.9136,0.09129,66.10846,7.252699740182899,2.7018214832332332,0.0
17.56996,28.84694,40.04301,2438.85127,0.04833,66.1217,7.22405718727702,2.6911513786448698,0.0
17.58318,28.87828,40.04469,2434.81514,0.00421,66.13495,7.198462505144425,2.681616686113861,0.0
17.59637,28.90957,40.04353,2430.8038,-0.04095,66.14819,7.175937753704111,2.6732256235404646,0.0
17.60953,28.94081,40.03946,2426.81577,-0.08706,66.16144,7.156500857619936,2.6659848683335943,0.0
17.62267,28.97201,40.03245,2422.84955,-0.134,66.17468,7.140165840435973,2.659899644632399,0.0
17.63577,29.00316,40.02245,2418.90361,-0.18167,66.18793,7.126943027350892,2.654973798845055,0.0
17.64885,29.03427,40.00943,2414.97636,-0.22996,66.20117,7.116839216065898,2.6512098632941203,0.0
17.6619,29.06533,39.99337,2411.06621,-0.27874,66.21441,7.109857815390529,2.6486091078508385,0.0
17.67492,29.09635,39.97424,2407.17153,-0.32793,66.22766,7.105998951452268,2.647171579501015,0.0
17.68792,29.12732,39.95203,2403.29066,-0.37739,66.2409,7.1052595415439415,2.646896129855118,0.0
17.70088,29.15825,39.92675,2399.42192,-0.42703,66.25414,7.107633335826674,2.647780430683723,0.0
17.71382,29.18913,39.89838,2395.56359,-0.47674,66.26739,7.113110927246803,2.649820977611825,0.0
17.72673,29.21997,39.86695,2391.71396,-0.52639,66.28063,7.12167973017184,2.653013082160175,0.0
17.73961,29.25076,39.83247,2387.87127,-0.57587,66.29388,7.133323928426678,2.6573508523873968,0.0
17.75247,29.28151,39.79496,2384.03375,-0.62509,66.30712,7.148024393575221,2.6628271624477464,0.0
17.7653,29.31222,39.75446,2380.19961,-0.67392,66.32036,7.165758574401967,2.66943361142009,0.0
17.7781,29.34288,39.71099,2376.36707,-0.72225,66.3336,7.1865003588205045,2.677160471865189,0.0
17.79087,29.3735,39.66461,2372.5343,-0.76998,66.34685,7.210219909508827,2.6859966285955283,0.0
17.80362,29.40407,39.61536,2368.69948,-0.817,66.36009,7.236883474896749,2.6959295082631574,0.0
17.81634,29.4346,39.5633,2364.86079,-0.86319,66.37333,7.26645317724202,2.7069450004124636,0.0
17.82903,29.46509,39.5085,2361.01639,-0.90845,66.38657,7.298886779838618,2.7190273707591412,0.0
17.84169,29.49553,39.45103,2357.16445,-0.95267,66.39981,7.334137435645868,2.7321591675479167,0.0
17.85433,29.52592,39.39096,2353.30312,-0.99576,66.41305,7.372153419899563,2.746321121943164,0.0
17.86694,29.55627,39.32837,2349.43057,-1.03759,66.42629,7.41287784955267,2.7614920435131793,0.0
17.87952,29.58658,39.26335,2345.54499,-1.07809,66.43952,7.456248392740073,2.777648711998157,0.0
17.89207,29.61684,39.19601,2341.64455,-1.11713,66.45276,7.502196971769692,2.7947657666665653,0.0
17.9046,29.64705,39.12643,2337.72746,-1.15464,66.46599,7.550649463481532,2.812815594691009,0.0
17.9171,29.67722,39.05472,2333.79194,-1.1905,66.47922,7.60152540118637,2.8317682201125467,0.0
17.92957,29.70735,38.981,2329.83622,-1.22464,66.49245,7.654737682744391,2.8515911950923005,0.0
17.94201,29.73742,38.90538,2325.85859,-1.25695,66.50568,7.710192289658894,2.8722494952664763,0.0
17.95443,29.76745,38.82798,2321.85734,-1.28736,66.5189,7.767788022460654,2.8937054211700666,0.0
17.96682,29.79744,38.74893,2317.83081,-1.31579,66.53212,7.827416257896015,2.9159185077830365,0.0
17.97917,29.82738,38.66835,2313.77738,-1.34214,66.54533,7.8889607337846,2.938845444384153,0.0
17.99151,29.85727,38.58639,2309.69549,-1.36635,66.55854,7.952297367584152,2.9624400069616175,0.0
18.00381,29.88711,38.50317,2305.58361,-1.38835,66.57175,8.017294114953758,2.9866530055241447,0.0
18.01608,29.9169,38.41885,2301.44029,-1.40808,66.58495,8.08381087465233,3.011432248673142,0.0
18.02833,29.94665,38.33356,2297.26414,-1.42546,66.59815,8.15169944620588,3.0367225278326613,0.0
18.04054,29.97634,38.24746,2293.05382,-1.44045,66.61134,8.22080354667148,3.062465623494409,0.0
18.05273,30.00599,38.16068,2288.80809,-1.45299,66.62453,8.29095889269321,3.088600335785751,0.0
18.06489,30.03559,38.0734,2284.52579,-1.46305,66.63771,8.361993353736437,3.1150625415535096,0.0
18.07702,30.06513,37.98575,2280.20583,-1.47058,66.65089,8.433727181999014,3.1417852800119346,0.0
18.08912,30.09463,37.89789,2275.84724,-1.47555,66.66405,8.505973323920488,3.168698868788082,0.0
18.10119,30.12407,37.80999,2271.44912,-1.47795,66.67721,8.578537817539296,3.1957310519478237,0.0
18.11323,30.15347,37.72219,2267.0107,-1.47774,66.69037,8.651220279079826,3.22280718126233,0.0
18.12524,30.18281,37.63465,2262.53131,-1.47493,66.70351,8.723814481194303,3.2498504316183863,0.0
18.13722,30.21209,37.54753,2258.01039,-1.46951,66.71664,8.796109024109764,3.2767820510382997,0.0
18.14917,30.24133,37.46098,2253.44751,-1.46149,66.72977,8.867888099699078,3.3035216453164633,0.0
18.16109,30.27051,37.37516,2248.84236,-1.45088,66.74289,8.938932347075651,3.3299874967508867,0.0
18.17298,30.29963,37.29021,2244.19476,-1.43771,66.756,9.009019796847065,3.3560969159025285,0.0
18.18484,30.3287,37.20628,2239.50466,-1.422,66.76909,9.077926899566624,3.3817666247205547,0.0
18.19667,30.35771,37.12353,2234.77213,-1.4038,66.78218,9.145429632322251,3.4069131687758176,0.0
18.20847,30.38667,37.04209,2229.9974,-1.38316,66.79525,9.21130467573009,3.4314533557219464,0.0
18.22023,30.41557,36.96209,2225.18083,-1.36013,66.80832,9.275330652035972,3.4553047165207094,0.0
18.23197,30.44442,36.88367,2220.32291,-1.33478,66.82137,9.337289413402443,3.4783859853628467,0.0
18.24367,30.4732,36.80697,2215.42427,-1.30718,66.83441,9.396967368038256,3.500617593686176,0.0
18.25534,30.50193,36.7321,2210.4857,-1.27742,66.84744,9.454156830495558,3.5219221731968395,0.0
18.26698,30.5306,36.65917,2205.50809,-1.24559,66.86045,9.508657381320592,3.542225062374961,0.0
18.27858,30.55921,36.5883,2200.49248,-1.21179,66.87345,9.56027722035102,3.561454810613502,0.0
18.29016,30.58776,36.51959,2195.44006,-1.17612,66.88644,9.608834497270337,3.5795436738847957,0.0
18.3017,30.61624,36.45314,2190.35212,-1.1387,66.89941,9.654158602681724,3.5964280956995243,0.0
18.3132,30.64467,36.38904,2185.23009,-1.09966,66.91237,9.696091402946982,3.61204916711671,0.0
18.32468,30.67304,36.32735,2180.07549,-1.05912,66.92531,9.734488402238016,3.6263530596384745,0.0
18.33612,30.70134,36.26817,2174.88998,-1.01721,66.93824,9.76921981596643,3.639291425090803,0.0
18.34753,30.72958,36.21154,2169.67531,-0.97409,66.95115,9.800171540604923,3.65082175690753,0.0
18.35891,30.75776,36.15753,2164.43333,-0.92988,66.96405,9.827246006285263,3.6609077077455225,0.0
18.37025,30.78588,36.10618,2159.16597,-0.88475,66.97693,9.85036290004308,3.6695193589123902,0.0
18.38156,30.81393,36.05752,2153.87524,-0.83884,66.98979,9.869459749486028,3.6766334377982375,0.0
18.39284,30.84192,36.01159,2148.56323,-0.79232,67.00264,9.884492358691364,3.682233480258978,0.0
18.40408,30.86984,35.96839,2143.23208,-0.74534,67.01547,9.895435090404677,3.686309935742787,0.0
18.41529,30.8977,35.92795,2137.88398,-0.69807,67.02829,9.902280990969082,3.688860213829511,0.0
18.42646,30.92549,35.89025,2132.52116,-0.65066,67.04109,9.905041756888705,3.6898886717746953,0.0
18.4376,30.95322,35.85529,2127.14589,-0.60328,67.05387,9.903747544355687,3.689406543553365,0.0
18.44871,30.98089,35.82305,2121.76044,-0.5561,67.06663,9.898446625489052,3.687431811799973,0.0
18.45978,31.00848,35.7935,2116.3671,-0.50927,67.07938,9.889204897343918,3.683989024901408,0.0
18.47082,31.03602,35.76661,2110.96817,-0.46296,67.09211,9.876105251874154,3.679109062291506,0.0
18.48183,31.06348,35.74232,2105.56593,-0.41731,67.10482,9.859246816979018,3.6728288517209493,0.0
18.4928,31.09089,35.72058,2100.16263,-0.37249,67.11752,9.838744080466007,3.665191042910389,0.0
18.50373,31.11822,35.70134,2094.7605,-0.32864,67.13019,9.814725910163943,3.656243642516775,0.0
18.51464,31.14549,35.68451,2089.36173,-0.28592,67.14286,9.78733448452099,3.6460396157529913,0.0
18.52551,31.17269,35.67003,2083.96848,-0.24445,67.1555,9.756724148855575,3.634636460311219,0.0
18.53635,31.19983,35.65781,2078.58282,-0.20438,67.16813,9.723060212865887,3.6220957584035967,0.0
18.54715,31.2269,35.64775,2073.20679,-0.16584,67.18074,9.686517705220215,3.608482712814341,0.0
18.55792,31.25391,35.63977,2067.84235,-0.12894,67.19333,9.64728010086678,3.5938656727891822,0.0
18.56865,31.28085,35.63376,2062.49139,-0.09381,67.2059,9.605538036329214,3.578315655449121,0.0
18.57936,31.30773,35.6296,2057.1557,-0.06055,67.21846,9.561488027549938,3.561905868153354,0.0
18.59002,31.33454,35.6272,2051.83703,-0.02926,67.23101,9.515331203996894,3.544711236920726,0.0
18.60066,31.36128,35.62642,2046.53699,-4e-05,67.24353,9.467272071638574,3.5268079456053756,0.0
18.61126,31.38796,35.62715,2041.25714,0.02703,67.25604,9.41751731617266,3.508272990067918,0.0
18.62183,31.41457,35.62927,2035.99891,0.05187,67.26854,9.36627465658354,3.4891837510954526,0.0
18.63237,31.44113,35.63264,2030.76366,0.07441,67.28102,9.313751757658766,3.4696175892853307,0.0
18.64288,31.46761,35.63714,2025.55264,0.0946,67.29348,9.260155208657945,3.449651464572449,0.0
18.65335,31.49403,35.64263,2020.36699,0.11237,67.30593,9.205689573881102,3.429361582540976,0.0
18.66379,31.52039,35.64898,2015.20776,0.12769,67.31836,9.150556519425331,3.4088230691182333,0.0
18.6742,31.54669,35.65606,2010.0759,0.14052,67.33078,9.094954019093239,3.388109674754696,0.0
18.68457,31.57292,35.66372,2004.97226,0.15083,67.34318,9.039075641040531,3.3672935086814504,0.0
18.69492,31.59909,35.67184,1999.89758,0.1586,67.35557,8.983109915606395,3.346444803410374,0.0
18.70523,31.6252,35.68029,1994.8525,0.16382,67.36795,8.927239783624621,3.325631709215519,0.0
18.71551,31.65125,35.68891,1989.83757,0.16649,67.38031,8.87164212353893,3.304920117971121,0.0
18.72577,31.67723,35.69759,1984.85323,0.16661,67.39266,8.816487354783726,3.284373515400502,0.0
18.73599,31.70315,35.70618,1979.89985,0.16419,67.405,8.761939114134615,3.2640528605081163,0.0
18.74617,31.72902,35.71457,1974.97768,0.15925,67.41732,8.70815400114885,3.244016490749426,0.0
18.75633,31.75482,35.72261,1970.08688,0.15182,67.42963,8.655281388284456,3.224320051295268,0.0
18.76646,31.78056,35.73018,1965.22755,0.14193,67.44193,8.603463290943013,3.205016446619384,0.0
18.77656,31.80624,35.73717,1960.39966,0.12961,67.45422,8.552834292365947,3.1861558125203016,0.0
18.78663,31.83187,35.74345,1955.60315,0.11492,67.4665,8.503521518213892,3.167785506651484,0.0
18.79667,31.85743,35.7489,1950.83782,0.09789,67.47876,8.455644655491017,3.1499501155711402,0.0
18.80668,31.88294,35.75341,1946.10344,0.07859,67.49101,8.409316010560424,3.132691476354483,0.0
18.81666,31.90839,35.75687,1941.39968,0.05708,67.50326,8.36464060100286,3.1160487108135184,0.0
18.82661,31.93378,35.75918,1936.72614,0.03343,67.51549,8.321716276247473,3.100058270435181,0.0
18.83653,31.95911,35.76023,1932.08235,0.0077,67.52771,8.280633862045239,3.0847539902014756,0.0
18.84642,31.98439,35.75993,1927.46779,-0.02003,67.53992,8.241477324110651,3.070167149550323,0.0
18.85628,32.00961,35.75818,1922.88184,-0.04968,67.55212,8.204323946487328,3.0563265388214362,0.0
18.86612,32.03477,35.7549,1918.32385,-0.08117,67.56432,8.169244520482279,3.043258529639307,0.0
18.87592,32.05988,35.75,1913.79309,-0.1144,67.5765,8.136303540297055,3.030987147790959,0.0
18.8857,32.08493,35.74341,1909.2888,-0.14929,67.58867,8.105559401816718,3.0195341472800656,0.0
18.89545,32.10993,35.73505,1904.81012,-0.18574,67.60084,8.077064601275659,3.0089190843351954,0.0
18.90518,32.13487,35.72486,1900.35619,-0.22367,67.61299,8.05086593089334,2.9991593902892775,0.0
18.91487,32.15976,35.71278,1895.92606,-0.26295,67.62514,8.027004668838076,2.9902704423461026,0.0
18.92454,32.18459,35.69874,1891.51875,-0.30351,67.63728,8.005516761203632,2.9822656313713947,0.0
18.93418,32.20937,35.6827,1887.13324,-0.34522,67.64941,7.986432993964766,2.9751564259507814,0.0
18.94379,32.2341,35.66461,1882.76846,-0.38799,67.66153,7.969779153171276,2.968952432066283,0.0
18.95338,32.25877,35.64444,1878.4233,-0.4317,67.67364,7.955576171931197,2.9636614478514263,0.0
18.96294,32.28339,35.62214,1874.0966,-0.47626,67.68575,7.943840262969573,2.9592895129728722,0.0
18.97247,32.30795,35.5977,1869.7872,-0.52154,67.69785,7.934583035837315,2.9558409522938014,0.0
18.98197,32.33247,35.57108,1865.49386,-0.56743,67.70994,7.927811598071247,2.95331841355869,0.0
18.99145,32.35693,35.54227,1861.21535,-0.61382,67.72202,7.923528639837105,2.951722898925059,0.0
19.0009,32.38133,35.51126,1856.95039,-0.6606,67.73409,7.921732501845378,2.9510537902639062,0.0
19.01033,32.40569,35.47804,1852.69766,-0.70765,67.74616,7.922417226510176,2.9513088682177333,0.0
19.01973,32.42999,35.44261,1848.45585,-0.75486,67.75822,7.925572592561484,2.9524843250945234,0.0
19.0291,32.45424,35.40498,1844.22361,-0.80212,67.77027,7.931184133513439,2.9545747717476547,0.0
19.03845,32.47844,35.36517,1839.99955,-0.8493,67.78231,7.939233140610758,2.957573238673529,0.0
19.04777,32.50258,35.32317,1835.78229,-0.8963,67.79435,7.949696651036189,2.9614711716185305,0.0
19.05706,32.52667,35.27902,1831.57044,-0.94299,67.80638,7.962547422410131,2.966258422079469,0.0
19.06633,32.55072,35.23275,1827.36257,-0.98928,67.8184,7.9777538947530555,2.971923233133575,0.0
19.07557,32.5747,35.18439,1823.15726,-1.03503,67.83041,7.995280141318627,2.9784522211225517,0.0
19.08478,32.59864,35.13397,1818.95307,-1.08016,67.84242,8.0150858098391,2.9858303537649293,0.0
19.09397,32.62253,35.08153,1814.74858,-1.12453,67.85441,8.03712605596538,2.9940409253607463,0.0
19.10313,32.64636,35.02714,1810.54233,-1.16805,67.8664,8.061351470831548,3.0030655298074205,0.0
19.11227,32.67014,34.97083,1806.3329,-1.2106,67.87838,8.0877080048564,3.0128840322138255,0.0
19.12138,32.69387,34.91267,1802.11885,-1.2521,67.89035,8.116136890062759,3.0234745399621814,0.0
19.13047,32.71754,34.85271,1797.89876,-1.29242,67.90232,8.146574563381833,3.0348133741369208,0.0
19.13953,32.74117,34.79103,1793.67121,-1.33147,67.91427,8.178952593520961,3.0468750422809907,0.0
19.14856,32.76474,34.7277,1789.43481,-1.36916,67.92622,8.213197614169534,3.0596322135133063,0.0
19.15757,32.78826,34.66279,1785.18818,-1.40539,67.93815,8.249231266384239,3.073055697065734,0.0
19.16655,32.81172,34.59638,1780.92995,-1.44008,67.95008,8.28697015314391,3.0871144253535836,0.0
19.1755,32.83514,34.52855,1776.6588,-1.47312,67.962,8.326325809133616,3.1017754427193793,0.0
19.18443,32.85849,34.45938,1772.37342,-1.50445,67.9739,8.36720468885844,3.1170039010049346,0.0
19.19333,32.8818,34.38898,1768.07254,-1.53398,67.9858,8.409508176242301,3.132763063127166,0.0
19.20221,32.90505,34.31742,1763.75493,-1.56163,67.99769,8.453132618819335,3.1490143158152755,0.0
19.21106,32.92825,34.24481,1759.41939,-1.58734,68.00957,8.497969389607016,3.1657171926601273,0.0
19.21988,32.9514,34.17124,1755.06477,-1.61105,68.02143,8.543904979637166,3.1828294085844724,0.0
19.22868,32.97449,34.09682,1750.68999,-1.63268,68.03329,8.590821123957564,3.2003069067818717,0.0
19.23745,32.99752,34.02164,1746.29398,-1.6522,68.04513,8.63859496378375,3.218103919122503,0.0
19.24619,33.0205,33.9458,1741.87576,-1.66954,68.05697,8.687099247156842,3.2361730409034846,0.0
19.25491,33.04343,33.86942,1737.43441,-1.68467,68.06879,8.73620257019664,3.254465320721995,0.0
19.2636,33.0663,33.7926,1732.96905,-1.69755,68.08059,8.785769660690374,3.2729303661195535,0.0
19.27226,33.08911,33.71545,1728.47889,-1.70815,68.09239,8.835661705284684,3.2915164654696336,0.0
19.2809,33.11187,33.63807,1723.96321,-1.71645,68.10417,8.885736721144585,3.3101707264304085,0.0
19.28951,33.13458,33.56057,1719.42136,-1.72242,68.11594,8.935849972336525,3.3288392310584025,0.0
19.29809,33.15722,33.48306,1714.85276,-1.72607,68.1277,8.985854430689711,3.347467207491447,0.0
19.30665,33.17981,33.40565,1710.25693,-1.72739,68.13944,9.035601280216293,3.3659992178584868,0.0
19.31517,33.20234,33.32843,1705.63346,-1.72638,68.15117,9.084940463553304,3.3843793618435676,0.0
19.32367,33.22481,33.25153,1700.98202,-1.72306,68.16288,9.133721268184791,3.402551495069012,0.0
19.33215,33.24723,33.17503,1696.30239,-1.71745,68.17458,9.181792949520569,3.420459461208649,0.0
19.34059,33.26958,33.09904,1691.59443,-1.70957,68.18627,9.22900538723196,3.4380473364901403,0.0
19.34901,33.29188,33.02366,1686.85808,-1.69947,68.19794,9.275209770520846,3.4552596849757418,0.0
19.3574,33.31412,32.94899,1682.0934,-1.68718,68.20959,9.320259307365031,3.472041822774854,0.0
19.36576,33.33629,32.87512,1677.3005,-1.67275,68.22123,9.364009952163107,3.4883400891108813,0.0
19.3741,33.35841,32.80214,1672.47964,-1.65626,68.23285,9.406321145626734,3.504102121950584,0.0
19.3824,33.38047,32.73013,1667.63111,-1.63775,68.24445,9.447056560280231,3.519277135722277,0.0
19.39068,33.40247,32.65918,1662.75536,-1.61731,68.25604,9.486084844521109,3.5338161984979664,0.0
19.39893,33.4244,32.58937,1657.85287,-1.59501,68.26761,9.523280357865907,3.54767250589176,0.0
19.40715,33.44627,32.52077,1652.92425,-1.57095,68.27916,9.558523889813898,3.560801648855522,0.0
19.41535,33.46809,32.45345,1647.97017,-1.54522,68.29069,9.591703354661822,3.573161872515634,0.0
19.42351,33.48984,32.38747,1642.99142,-1.51791,68.30221,9.622714454661025,3.584714323216486,0.0
19.43165,33.51152,32.3229,1637.98884,-1.48914,68.3137,9.65146130404441,3.5954232809869264,0.0
19.43975,33.53315,32.25979,1632.96337,-1.45902,68.32518,9.677857006759217,3.6052563747609283,0.0
19.44783,33.55471,32.19818,1627.916,-1.42766,68.33664,9.701824181188659,3.6141847778502085,0.0
19.45588,33.5762,32.13812,1622.84782,-1.39519,68.34808,9.723295425641243,3.6221833813512374,0.0
19.4639,33.59764,32.07965,1617.75997,-1.36173,68.3595,9.74221371910324,3.629230943436091,0.0
19.47189,33.619,32.0228,1612.65365,-1.32741,68.3709,9.758532752480427,3.635310212748702,0.0
19.47985,33.64031,31.96758,1607.53013,-1.29238,68.38229,9.772217186417066,3.640408024449228,0.0
19.48778,33.66155,31.91403,1602.39072,-1.25676,68.39365,9.78324283273495,3.644515367804853,0.0
19.49569,33.68272,31.86215,1597.23677,-1.22069,68.40499,9.791596757452107,3.647627424566982,0.0
19.50356,33.70383,31.81195,1592.06969,-1.18432,68.41631,9.797277304437614,3.64974357778327,0.0
19.51141,33.72488,31.76343,1586.8909,-1.14778,68.42761,9.800294039737564,3.6508673910575844,0.0
19.51922,33.74585,31.71659,1581.70187,-1.11122,68.43889,9.800667617635074,3.651006558653833,0.0
19.52701,33.76677,31.6714,1576.50407,-1.07478,68.45015,9.798429570494468,3.650172827207393,0.0
19.53477,33.78761,31.62787,1571.29901,-1.0386,68.46139,9.793622025451045,3.6483818901845946,0.0
19.54249,33.80839,31.58595,1566.08817,-1.00282,68.47261,9.786297351764183,3.645653256512475,0.0
19.55019,33.82911,31.54563,1560.87309,-0.96759,68.48381,9.776517743565964,3.6420100951416607,0.0
19.55786,33.84976,31.50686,1555.65525,-0.93302,68.49499,9.764354743387962,3.6374790575475586,0.0
19.5655,33.87034,31.46962,1550.43617,-0.89927,68.50615,9.749888712429275,3.632090080391266,0.0
19.57311,33.89086,31.43385,1545.21732,-0.86646,68.51728,9.733208254033425,3.6258761707495375,0.0
19.58069,33.91131,31.3995,1540.00017,-0.83471,68.5284,9.714409597202378,3.618873176457543,0.0
19.58824,33.93169,31.36653,1534.78617,-0.80415,68.53949,9.693595947182764,3.6111195441851454,0.0
19.59576,33.95201,31.33486,1529.57672,-0.7749,68.55057,9.67087681029874,3.602656067919379,0.0
19.60326,33.97226,31.30445,1524.3732,-0.74706,68.56162,9.646367300197578,3.5935256305226733,0.0
19.61072,33.99244,31.27521,1519.17696,-0.72074,68.57266,9.620187432563807,3.5837729409953187,0.0
19.61816,34.01256,31.24709,1513.98929,-0.69604,68.58367,9.592461415111615,3.5734442699789524,0.0
19.62556,34.03261,31.22001,1508.81145,-0.67306,68.59467,9.563316939389612,3.5625871859351994,0.0
19.63294,34.0526,31.1939,1503.64463,-0.65189,68.60564,9.532884480522569,3.5512502942810418,0.0
19.64029,34.07252,31.16866,1498.49001,-0.6326,68.6166,9.501296610548533,3.5394829815888347,0.0
19.64761,34.09237,31.14423,1493.34866,-0.61528,68.62753,9.468687330512564,3.5273351667736397,0.0
19.6549,34.11216,31.12053,1488.22164,-0.59998,68.63845,9.435191425881635,3.5148570609683256,0.0
19.66216,34.13188,31.09745,1483.10992,-0.58677,68.64934,9.400943849311151,3.502098937587849,0.0
19.66939,34.15154,31.07493,1478.01443,-0.5757,68.66022,9.366079134129494,3.4891109138368144,0.0
19.6766,34.17113,31.05287,1472.93602,-0.56682,68.67108,9.330730841365119,3.4759427447125266,0.0
19.68378,34.19066,31.03119,1467.87549,-0.56016,68.68192,9.295031042448892,3.462643630297991,0.0
19.69093,34.21012,31.00979,1462.83357,-0.55575,68.69274,9.259109839259196,3.4492620369660916,0.0
19.69805,34.22952,30.98859,1457.81092,-0.55363,68.70354,9.22309492248813,3.4358455328593775,0.0
19.70514,34.24886,30.9675,1452.80815,-0.5538,68.71433,9.187111168899145,3.422440637857943,0.0
19.71221,34.26813,30.94644,1447.82578,-0.55628,68.72509,9.151280277448352,3.409092688025028,0.0
19.71925,34.28733,30.92531,1442.8643,-0.56106,68.73584,9.115720443891906,3.395845714389721,0.0
19.72626,34.30648,30.90402,1437.92409,-0.56815,68.74658,9.080546073038274,3.382742335753345,0.0
19.73324,34.32556,30.8825,1433.0055,-0.57752,68.75729,9.045867527463963,3.3698236650794655,0.0
19.7402,34.34457,30.86066,1428.1088,-0.58916,68.76799,9.011790911242098,3.3571292289270858,0.0
19.74713,34.36353,30.83842,1423.2342,-0.60305,68.77867,8.978417886915066,3.344696899268149,0.0
19.75403,34.38242,30.8157,1418.38185,-0.61915,68.78934,8.94584552380403,3.332562836978835,0.0
19.7609,34.40125,30.79242,1413.55183,-0.63743,68.79999,8.914166175529175,3.320761446212634,0.0
19.76775,34.42002,30.7685,1408.74418,-0.65783,68.81062,8.883467384526645,3.3093253388303867,0.0
19.77457,34.43872,30.74387,1403.95885,-0.68032,68.82124,8.85383181128404,3.2982853080386554,0.0
19.78137,34.45737,30.71846,1399.19574,-0.70484,68.83184,8.825337185918318,3.2876703103512086,0.0
19.78814,34.47595,30.69221,1394.45472,-0.73132,68.84242,8.798056279795606,3.2775074550166576,0.0
19.79488,34.49447,30.66505,1389.73558,-0.7597,68.85299,8.772056894827562,3.267822000031072,0.0
19.8016,34.51293,30.63691,1385.03806,-0.78992,68.86355,8.747401868243479,3.258637353915709,0.0
19.80829,34.53134,30.60775,1380.36184,-0.82188,68.87409,8.724149090581816,3.249975082419337,0.0
19.81496,34.54968,30.57749,1375.70657,-0.85553,68.88462,8.702351534856184,3.2418549193833313,0.0
19.8216,34.56796,30.54611,1371.07183,-0.89077,68.89513,8.682057294916817,3.234294781032327,0.0
19.82821,34.58618,30.51353,1366.45717,-0.92751,68.90563,8.663309631135022,3.227310782992886,0.0
19.8348,34.60434,30.47973,1361.86208,-0.96567,68.91611,8.646147021730288,3.2209172594141924,0.0
19.84137,34.62245,30.44467,1357.28603,-1.00515,68.92658,8.630603218188806,3.215126783612905,0.0
19.8479,34.64049,30.40829,1352.72841,-1.04586,68.93704,8.616707303356305,3.209950189714275,0.0
19.85442,34.65848,30.37058,1348.18861,-1.0877,68.94748,8.604483750979584,3.205396594832927,0.0
19.86091,34.67641,30.33151,1343.66595,-1.13056,68.95791,8.59395248564295,3.2014734214007627,0.0
19.86737,34.69427,30.29104,1339.15974,-1.17434,68.96833,8.585128942166264,3.198186419294295,0.0
19.87381,34.71209,30.24916,1334.66923,-1.21893,68.97873,8.57802412376602,3.1955396875011823,0.0
19.88022,34.72984,30.20586,1330.19366,-1.26424,68.98912,8.572644658380693,3.193535695102894,0.0
19.88661,34.74753,30.16111,1325.73223,-1.31014,68.9995,8.568992852771249,3.1921753014285885,0.0
19.89298,34.76517,30.11492,1321.28412,-1.35653,69.00986,8.567066744150035,3.191457775288218,0.0
19.89932,34.78275,30.06727,1316.84847,-1.4033,69.02021,8.566860149249537,3.1913808132519437,0.0
19.90563,34.80027,30.01817,1312.42441,-1.45034,69.03055,8.568362710898239,3.1919405570008617,0.0
19.91193,34.81774,29.96762,1308.01104,-1.49754,69.04087,8.571559942325756,3.1931316098318328,0.0
19.91819,34.83515,29.91563,1303.60744,-1.54478,69.05118,8.576433269525248,3.1949470524385997,0.0
19.92444,34.8525,29.8622,1299.21269,-1.59196,69.06148,8.582960072196821,3.197378458164275,0.0
19.93066,34.86979,29.80735,1294.82583,-1.63896,69.07177,8.591113723865943,3.2004159079465095,0.0
19.93685,34.88703,29.7511,1290.44591,-1.68568,69.08204,8.600863631906522,3.204048005227145,0.0
19.94302,34.90421,29.69348,1286.07195,-1.732,69.0923,8.612175278329957,3.2082618911472043,0.0
19.94917,34.92134,29.6345,1281.70299,-1.77783,69.10254,8.625010262283938,3.213043260378815,0.0
19.9553,34.93841,29.5742,1277.33804,-1.82305,69.11278,8.639326345264061,3.2183763779677244,0.0
19.9614,34.95542,29.5126,1272.97611,-1.86756,69.123,8.655077500192936,3.224244097616559,0.0
19.96747,34.97237,29.44975,1268.61624,-1.91126,69.13321,8.672213965507458,3.230627881833757,0.0
19.97352,34.98927,29.38568,1264.25744,-1.95406,69.1434,8.690682305488258,3.2375078244078748,0.0
19.97955,35.00611,29.32044,1259.89874,-1.99585,69.15358,8.710425478106528,3.2448626756823167,0.0
19.98556,35.02289,29.25406,1255.53918,-2.03655,69.16375,8.731382911640111,3.2526698710968396,0.0
19.99154,35.03962,29.1866,1251.17781,-2.07607,69.1739,8.753490591371152,3.260905563484714,0.0
19.9975,35.05629,29.1181,1246.8137,-2.11432,69.18404,8.776681157604656,3.2695446595872157,0.0
20.00343,35.07291,29.04862,1242.44591,-2.15122,69.19416,8.800884016258117,3.278560861251166,0.0
20.00934,35.08946,28.97821,1238.07357,-2.1867,69.20428,8.826025463178349,3.2879267117402344,0.0
20.01523,35.10596,28.90692,1233.69578,-2.22068,69.21437,8.852028823297282,3.297613647574119,0.0
20.02109,35.12241,28.83482,1229.31171,-2.2531,69.22446,8.878814605614613,3.3075920562636743,0.0
20.02693,35.1388,28.76195,1224.92053,-2.28388,69.23452,8.906300674885737,3.317831340269175,0.0
20.03275,35.15512,28.6884,1220.52145,-2.31299,69.24458,8.934402440756356,3.328299987457941,0.0
20.03854,35.1714,28.6142,1216.11372,-2.34035,69.25462,8.963033064921198,3.3389656482764045,0.0
20.04431,35.18761,28.53943,1211.69662,-2.36594,69.26464,8.992103686673556,3.349795219773251,0.0
20.05005,35.20377,28.46416,1207.26947,-2.3897,69.27465,9.021523667066802,3.360754936556007,0.0
20.05577,35.21987,28.38844,1202.83164,-2.41161,69.28464,9.051200851609265,3.3718104686517933,0.0
20.06147,35.23591,28.31234,1198.38252,-2.43163,69.29462,9.081041851263972,3.382927026187128,0.0
20.06714,35.25189,28.23593,1193.92157,-2.44974,69.30458,9.110952341198642,3.3940694706801473,0.0
20.07279,35.26782,28.15927,1189.4483,-2.46594,69.31452,9.140837376531739,3.405202432664329,0.0
20.07842,35.28369,28.08242,1184.96225,-2.48021,69.32445,9.170601723992853,3.416290435240709,0.0
20.08402,35.2995,28.00546,1180.46302,-2.49255,69.33437,9.200150208209719,3.427298023078902,0.0
20.0896,35.31525,27.92843,1175.95028,-2.50296,69.34426,9.229388071009115,3.438189896266148,0.0
20.09515,35.33094,27.85141,1171.42373,-2.51147,69.35414,9.258221341907346,3.4489310483247544,0.0
20.10068,35.34657,27.77446,1166.88315,-2.51808,69.364,9.286557217657643,3.4594869076035026,0.0
20.10619,35.36215,27.69763,1162.32835,-2.52283,69.37384,9.314304448532567,3.4698234811779938,0.0
20.11167,35.37766,27.62099,1157.75923,-2.52575,69.38367,9.341373728780226,3.4799075003058766,0.0
20.11713,35.39312,27.54459,1153.17571,-2.52687,69.39348,9.36767808849234,3.4897065664079956,0.0
20.12256,35.40851,27.46848,1148.57781,-2.52625,69.40327,9.39313328398188,3.499189296494353,0.0
20.12797,35.42385,27.39273,1143.96559,-2.52394,69.41304,9.417658183631353,3.5083254669027273,0.0
20.13336,35.43912,27.31737,1139.33915,-2.52,69.42279,9.441175146048723,3.517086154171719,0.0
20.13872,35.45434,27.24246,1134.69868,-2.51449,69.43253,9.463610387376063,3.5254438718728793,0.0
20.14406,35.46949,27.16804,1130.04442,-2.5075,69.44224,9.48489433453202,3.533372702202828,0.0
20.14937,35.48458,27.09415,1125.37665,-2.49909,69.45194,9.504961961247558,3.540848421165402,0.0
20.15466,35.49962,27.02084,1120.69573,-2.48935,69.46162,9.523753103802276,3.547848616191751,0.0
20.15992,35.51459,26.94814,1116.00205,-2.47837,69.47127,9.5412127535194,3.5543527951024125,0.0
20.16516,35.5295,26.87608,1111.29606,-2.46624,69.48091,9.55729132324175,3.560342485376618,0.0
20.17038,35.54435,26.80469,1106.57828,-2.45307,69.49053,9.571944885242761,3.5658013227804153,0.0
20.17557,35.55914,26.734,1101.84926,-2.43896,69.50013,9.58513537824273,3.5707151284856624,0.0
20.18074,35.57386,26.66403,1097.10959,-2.42402,69.50971,9.596830781536946,3.5750719739373378,0.0
20.18588,35.58853,26.5948,1092.35992,-2.40835,69.51927,9.607005254556794,3.5788622328437296,0.0
20.191,35.60313,26.52632,1087.60094,-2.39207,69.5288,9.615639240503947,3.5820786197828864,0.0
20.19609,35.61767,26.45862,1082.83337,-2.3753,69.53832,9.62271953310235,3.584716215069501,0.0
20.20116,35.63215,26.39169,1078.05797,-2.35816,69.54782,9.628239305913413,3.586772475675584,0.0
20.2062,35.64657,26.32555,1073.27553,-2.34076,69.55729,9.632198103982894,3.588247232118714,0.0
20.21122,35.66092,26.26019,1068.48687,-2.32324,69.56675,9.634601798064171,3.5891426714089865,0.0
20.21622,35.67521,26.19561,1063.69285,-2.30571,69.57618,9.635462502017146,3.5894633062779544,0.0
20.22119,35.68944,26.1318,1058.89433,-2.28829,69.5856,9.634798454340096,3.5892159310461076,0.0
20.22613,35.7036,26.06876,1054.09221,-2.27112,69.59499,9.632633865176489,3.5884095646288943,0.0
20.23105,35.71771,26.00648,1049.28739,-2.2543,69.60436,9.628998730479085,3.5870553813079606,0.0
20.23595,35.73175,25.94494,1044.48079,-2.23798,69.61371,9.623928615281658,3.5851666299941605,0.0
20.24082,35.74572,25.88411,1039.67333,-2.22225,69.62304,9.617464408350745,3.5827585428288744,0.0
20.24567,35.75964,25.82399,1034.86597,-2.20725,69.63235,9.609652050680085,3.5798482340410516,0.0
20.25049,35.77349,25.76453,1030.05962,-2.19309,69.64164,9.600542240504733,3.5764545900572027,0.0
20.25529,35.78728,25.70573,1025.25524,-2.17988,69.65091,9.590190117663276,3.5725981519180143,0.0
20.26007,35.801,25.64753,1020.45375,-2.16773,69.66016,9.578654930261585,3.568300991101837,0.0
20.26482,35.81466,25.58992,1015.65608,-2.15674,69.66938,9.565999686608365,3.5635865798615125,0.0
20.26954,35.82826,25.53285,1010.86315,-2.14702,69.67859,9.552290795484309,3.558479657215168,0.0
20.27424,35.8418,25.47629,1006.07586,-2.13867,69.68778,9.537597697744479,3.5530060917084128,0.0
20.27892,35.85527,25.4202,1001.29511,-2.13178,69.69694,9.52199249220642,3.547192742047817,0.0
20.28357,35.86868,25.36454,996.52176,-2.12643,69.70609,9.50554955870683,3.5410673166796007,0.0
