0.04603,0.04603,58.57849,4869.95193,-0.55885,45.00011,2.124570584760338,0.7914584436396532,0.0
0.09206,0.09206,58.50351,4868.90728,-0.61739,45.00027,2.146172124936939,0.799505585726166,0.0
0.13807,0.13807,58.42112,4867.86461,-0.67557,45.00048,2.170259195680579,0.8084786533471461,0.0
0.18407,0.18407,58.33135,4866.82242,-0.73335,45.00076,2.1968929747939803,0.818400436843792,0.0
0.23006,0.23007,58.23426,4865.77914,-0.79068,45.00109,2.226140888444891,0.8292960542376797,0.0
0.27605,0.27605,58.12993,4864.7332,-0.84751,45.00147,2.258076691590728,0.8411929811910566,0.0
0.32202,0.32203,58.01842,4863.68292,-0.9038,45.00191,2.2927805454143253,0.8541210798536955,0.0
0.36798,0.368,57.8998,4862.6266,-0.9595,45.00241,2.3303390885941235,0.8681126254129168,0.0
0.41393,0.41395,57.77417,4861.56247,-1.01455,45.00296,2.3708454987379732,0.8832023289792952,0.0
0.45988,0.4599,57.64159,4860.48867,-1.06891,45.00357,2.41439953977699,0.8994273552421184,0.0
0.50581,0.50584,57.50218,4859.40331,-1.12251,45.00423,2.461107590495169,0.9168273330974184,0.0
0.55173,0.55177,57.35604,4858.30438,-1.17531,45.00495,2.5110826487207447,0.9354443572093646,0.0
0.59764,0.59769,57.20327,4857.18982,-1.22724,45.00572,2.5644443049435957,0.9553229781820521,0.0
0.64353,0.6436,57.04399,4856.05748,-1.27825,45.00655,2.621318678334335,0.9765101787249294,0.0
0.68942,0.6895,56.87833,4854.90511,-1.32826,45.00743,2.6818383072450382,0.999055332861438,0.0
0.7353,0.73539,56.70642,4853.73039,-1.37722,45.00836,2.746141985337439,1.0230101448824553,0.0
0.78116,0.78128,56.5284,4852.5309,-1.42506,45.00935,2.814374533457791,1.0484285643636768,0.0
0.82701,0.82715,56.34443,4851.30409,-1.47171,45.0104,2.8866864963097756,1.0753666731682923,0.0
0.87285,0.87301,56.15466,4850.04734,-1.51709,45.0115,2.9632337518588594,1.1038825399398353,0.0
0.91868,0.91886,55.95927,4848.75791,-1.56113,45.01265,3.044177020232632,1.1340360371546334,0.0
0.9645,0.96471,55.75843,4847.43295,-1.60375,45.01385,3.1296812577392177,1.165888615377725,0.0
1.01032,1.01052,55.55097,4846.07211,-1.66651,44.97073,3.220539734389385,1.1997357885603106,-51.99999911297563
1.05616,1.05629,55.33568,4844.67453,-1.72831,44.92634,3.3176376654592095,1.235907322684145,-51.99999911297563
1.10202,1.102,55.11267,4843.23637,-1.78908,44.88059,3.421311423943115,1.274528525540157,-51.99999911297563
1.14791,1.14767,54.8821,4841.75362,-1.84876,44.83337,3.5319152244003886,1.3157313513716273,-51.99999911297563
1.19382,1.19329,54.64412,4840.22199,-1.90726,44.7846,3.6498242886256573,1.3596555801697332,-51.99999911297563
1.23975,1.23885,54.39888,4838.63701,-1.96452,44.73416,3.7754351493039082,1.406448930793036,-51.99999911297563
1.28572,1.28436,54.14656,4836.99391,-2.02043,44.68193,3.9091658044138833,1.4562671184868055,-51.99999911297563
1.3317,1.32981,53.88735,4835.28771,-2.07492,44.62781,4.051455685103847,1.5092738429158994,-51.99999911297563
1.37772,1.3752,53.62143,4833.51312,-2.12789,44.57166,4.202765394220433,1.5656406907598799,-51.99999911297563
1.42376,1.42052,53.34901,4831.66457,-2.17923,44.51336,4.363576166615034,1.62554693466294,-51.99999911297563
1.46984,1.46579,53.07032,4829.73619,-2.22886,44.45275,4.534388995852641,1.6891792079099754,-51.99999911297563
1.51594,1.51099,52.78559,4827.72181,-2.27665,44.3897,4.715723365070236,1.7567310316379336,-51.99999911297563
1.56208,1.55611,52.49507,4825.61492,-2.32249,44.32405,4.908115512572118,1.828402168724446,-51.99999911297563
1.60824,1.60117,52.19902,4823.40869,-2.36626,44.25564,5.112116155486352,1.9043977757899562,-51.99999911297563
1.65445,1.64615,51.89773,4821.09592,-2.40783,44.18429,5.328287587661985,1.9849273220880768,-51.99999911297563
1.70068,1.69105,51.59149,4818.6691,-2.44707,44.10982,5.557200061252514,2.070203241550221,-51.99999911297563
1.74696,1.73587,51.28062,4816.12034,-2.48383,44.03205,5.799427355496187,2.160439282039677,-51.99999911297563
1.79327,1.7806,50.96545,4813.4414,-2.51798,43.95077,6.055541431576099,2.255848514146353,-51.99999911297563
1.83962,1.82524,50.64634,4810.62368,-2.54935,43.86579,6.326106069661958,2.3566409608174137,-51.99999911297563
1.88601,1.86979,50.32365,4807.65823,-2.57779,43.77687,6.611669384121822,2.463020809076717,-51.99999911297563
1.93245,1.91423,49.99779,4804.53576,-2.60313,43.68381,6.91275511619923,2.5751831663179443,-51.99999911297563
1.97893,1.95857,49.66916,4801.24667,-2.62521,43.58637,7.229852611203513,2.693310326544269,-51.99999911297563
2.02545,2.00281,49.33821,4797.78102,-2.64384,43.48431,7.563405400588464,2.8175675168922463,-51.99999911297563
2.07203,2.04693,49.00539,4794.12861,-2.65884,43.37738,7.9137983292504,2.9480981022116315,-51.99999911297563
2.11865,2.09092,48.67119,4790.27902,-2.67002,43.26533,8.281343196417343,3.0850182359187945,-51.99999911297563
2.16532,2.13479,48.33612,4786.2216,-2.67721,43.1479,8.666262915558002,3.228410959146037,-51.99999911297563
2.21205,2.17853,48.00069,4781.94556,-2.6802,43.02483,9.068674246224445,3.3783197678986303,-51.99999911297563
2.25883,2.22213,47.66548,4777.44004,-2.6788,42.89586,9.488569209323023,3.5347416897542514,-51.99999911297563
2.30567,2.26559,47.33104,4772.69417,-2.67282,42.76071,9.925795367643506,3.6976199378412207,-51.99999911297563
2.35257,2.30888,46.99799,4767.69717,-2.66207,42.61912,10.380035235530457,3.8668362403993415,-51.99999911297563
2.39954,2.35202,46.66694,4762.43843,-2.64635,42.47084,10.850785174566337,4.042202978866554,-51.99999911297563
2.44656,2.39499,46.33855,4756.90762,-2.62549,42.31561,11.33733423434982,4.223455305512134,-51.99999911297563
2.49365,2.43778,46.01346,4751.09485,-2.59931,42.15318,11.838743506084244,4.410243452105148,-51.99999911297563
2.54081,2.48039,45.69238,4744.99075,-2.56765,41.98332,12.353826667428827,4.602125482359634,-51.99999911297563
2.58804,2.5228,45.37599,4738.58668,-2.53035,41.80582,12.881132504122997,4.798560780779787,-51.99999911297563
2.63534,2.56501,45.06501,4731.87483,-2.48728,41.62048,13.418930290418038,4.998904606486072,-51.99999911297563
2.68272,2.60701,44.76018,4724.84839,-2.43833,41.42712,13.965198987153958,5.2024040692146505,-51.99999911297563
2.73017,2.64878,44.46222,4717.50177,-2.38339,41.22562,14.517621264245589,5.408195902536176,-51.99999911297563
2.7777,2.69032,44.17188,4709.83072,-2.32242,41.01585,15.073583362693144,5.61530641245109,-51.99999911297563
2.82531,2.73163,43.8899,4701.83252,-2.25536,40.79774,15.630181770021665,5.822653964166456,-51.99999911297563
2.873,2.77268,43.61703,4693.50613,-2.18222,40.57126,16.184237582971978,6.029054332576256,-51.99999911297563
2.92078,2.81346,43.35399,4684.85238,-2.10302,40.33643,16.73231926571352,6.233229180294462,-51.99999911297563
2.96863,2.85398,43.10151,4675.8741,-2.01783,40.09332,17.270774277073997,6.433817839630253,-51.99999911297563
3.01657,2.89422,42.8603,4666.5762,-1.92677,39.84203,17.79576973783128,6.629392462224265,-51.99999911297563
3.0646,2.93417,42.63103,4656.96585,-1.83,39.58274,18.303341945772807,6.818476464711036,-51.99999911297563
3.11272,2.97382,42.41437,4647.05247,-1.7277,39.31569,18.789454135445695,6.999566045745674,-51.99999911297563
3.16092,3.01316,42.21091,4636.84781,-1.62014,39.04117,19.250061440839588,7.171154386312495,-51.99999911297563
3.2092,3.05218,42.02126,4626.36593,-1.50759,38.75952,19.681181578485624,7.3317579810391615,-51.99999911297563
3.25757,3.09088,41.84593,4615.62317,-1.39041,38.47116,20.07896935527624,7.479944394319985,-51.99999911297563
3.30603,3.12925,41.68542,4604.63804,-1.26896,38.17656,20.439792751885193,7.614360603391764,-51.99999911297563
3.35458,3.16727,41.54015,4593.43111,-1.14368,37.87623,20.76030807042579,7.733760992813713,-51.99999911297563
3.4032,3.20495,41.41048,4582.02484,-1.01503,37.57075,21.037531491379276,7.837034011306089,-51.99999911297563
3.45191,3.24228,41.29673,4570.44337,-0.88351,37.26074,21.268904380381095,7.923226500246364,-51.99999911297563
3.5007,3.27925,41.19913,4558.71224,-0.74964,36.94687,21.452349830726295,7.9915647572402415,-51.99999911297563
3.54956,3.31587,41.11784,4546.85817,-0.61397,36.62981,21.58631822151703,8.041471507730298,-51.99999911297563
3.5985,3.35211,41.05298,4534.90872,-0.47709,36.3103,21.669820000450112,8.072578117446902,-51.99999911297563
3.64752,3.38799,41.00456,4522.892,-0.33957,35.98907,21.702444439528648,8.08473157940431,-51.99999911297563
3.69661,3.4235,40.97254,4510.83633,-0.202,35.66686,21.684363726066774,8.07799603790756,-51.99999911297563
3.74576,3.45864,40.9568,4498.76991,-0.06498,35.34443,21.616322399259733,8.052648853396883,-51.99999911297563
3.79498,3.49342,40.95716,4486.72055,0.07093,35.02251,21.499612780156525,8.009171449466047,-51.99999911297563
3.84426,3.52782,40.97337,4474.71531,0.20514,34.70183,21.33603762797156,7.948235401355864,-51.99999911297563
3.89359,3.56186,41.00511,4462.78027,0.33711,34.3831,21.127861751719465,7.870684410015,-51.99999911297563
3.94298,3.59554,41.052,4450.94026,0.46631,34.06697,20.877754685351,7.777512947079776,-51.99999911297563
3.99243,3.62886,41.11363,4439.21864,0.59226,33.7541,20.588726779762023,7.669842447465999,-51.99999911297563
4.04192,3.66182,41.1895,4427.63715,0.7145,33.44508,20.26406117096768,7.548895965723817,-51.99999911297563
4.09145,3.69443,41.27908,4416.21574,0.83259,33.14045,19.907244055600934,7.4159722018263645,-51.99999911297563
4.14103,3.7267,41.38182,4404.97246,0.94617,32.84072,19.521895557606125,7.2724197471941014,-51.99999911297563
4.19065,3.75863,41.49709,4393.92343,1.05488,32.54633,19.11170322565248,7.11961231073156,-51.99999911297563
4.2403,3.79022,41.62428,4383.08277,1.15843,32.25768,18.680359884878786,6.958925566967013,-51.99999911297563
4.28998,3.82149,41.76271,4372.46262,1.25657,31.97512,18.231507207428944,6.7917161345922255,-51.99999911297563
4.33969,3.85245,41.9117,4362.07318,1.34908,31.69893,17.76868598967731,6.619303053420608,-51.99999911297563
4.38943,3.88309,42.07057,4351.92275,1.43579,31.42936,17.295293754295503,6.4429519900415375,-51.99999911297563
4.43919,3.91343,42.2386,4342.01782,1.51656,31.16658,16.814549951209692,6.263862274261337,-51.99999911297563
4.48897,3.94348,42.41508,4332.36316,1.59132,30.91073,16.32946872771936,6.083156755256051,-51.99999911297563
4.53877,3.97324,42.59929,4322.96195,1.65999,30.66192,15.84283898353965,5.901874371549943,-51.99999911297563
4.58858,4.00273,42.79053,4313.81589,1.72256,30.42019,15.357211225763704,5.720965254143087,-51.99999911297563
4.63842,4.03194,42.98807,4304.92529,1.77902,30.18556,14.874890592066604,5.541288127471269,-51.99999911297563
4.68826,4.0609,43.19123,4296.28929,1.82942,29.958,14.3979353148078,5.363609737243743,-51.99999911297563
4.73811,4.0896,43.39931,4287.90588,1.87382,29.73746,13.92815984878295,5.188606015613067,-51.99999911297563
4.78798,4.11806,43.61163,4279.77213,1.91228,29.52385,13.467141874511299,5.016864690083932,-51.99999911297563
4.83785,4.14629,43.82753,4271.88425,1.94493,29.31706,13.016232409545855,4.848889050242248,-51.99999911297563
4.88773,4.17428,44.04637,4264.23772,1.97187,29.11697,12.576568305108296,4.685102603080445,-51.99999911297563
4.93761,4.20206,44.26751,4256.82742,1.99323,28.92343,12.149086467012312,4.525854370665595,-51.99999911297563
4.98749,4.22962,44.49034,4249.64771,2.00916,28.73627,11.734539212421346,4.37142461093574,-51.99999911297563
5.03738,4.25697,44.71428,4242.69257,2.01982,28.55531,11.333510251783421,4.222030771391114,-51.99999911297563
5.08727,4.28413,44.93876,4235.95562,2.02535,28.38037,10.946430864233514,4.077833514857131,-51.99999911297563
5.13716,4.3111,45.16322,4229.43025,2.02594,28.21125,10.573595911335637,3.938942685024662,-51.99999911297563
5.18706,4.33788,45.38714,4223.1097,2.02175,28.04775,10.215179405820102,3.805423106214299,-51.99999911297563
5.23695,4.36448,45.61002,4216.98706,2.01295,27.88966,9.87124941748459,3.6773001362167013,-51.99999911297563
5.28684,4.39091,45.83136,4211.05538,1.99973,27.73677,9.541782156534275,3.554564912707348,-51.99999911297563
5.33673,4.41717,46.0507,4205.30771,1.98225,27.58889,9.226675125088237,3.4371792525287166,-51.99999911297563
5.38661,4.44327,46.2676,4199.73713,1.96069,27.44578,8.925759270351259,3.3250801790665427,-51.99999911297563
5.4365,4.46922,46.48163,4194.33677,1.93523,27.30726,8.638810108361247,3.2181840661384156,-51.99999911297563
5.48638,4.49502,46.69239,4189.09987,1.90603,27.17311,8.365557815863028,3.116390397482308,-51.99999911297563
5.53626,4.52067,46.89949,4184.01978,1.87326,27.04313,8.105696310361301,3.019585149315203,-51.99999911297563
5.58613,4.54618,47.10258,4179.09,1.83709,26.91713,7.85889135551406,2.927643809805419,-51.99999911297563
5.636,4.57155,47.3013,4174.30416,1.79768,26.7949,7.624787741492189,2.8404340539454744,-51.99999911297563
5.68587,4.5968,47.49532,4169.65608,1.75518,26.67627,7.403015598457531,2.757818095488796,-51.99999911297563
5.73573,4.62191,47.68433,4165.13972,1.70976,26.56104,7.193195906613117,2.6796547395884014,-51.99999911297563
5.78559,4.6469,47.86804,4160.74923,1.66155,26.44903,6.994945268946965,2.605801160769545,-51.99999911297563
5.83545,4.67177,48.04617,4156.47895,1.6107,26.34007,6.8078800133424835,2.5361144310737758,-51.99999911297563
5.8853,4.69652,48.21845,4152.32337,1.55735,26.234,6.6316196896993365,2.470452822828473,-51.99999911297563
5.93514,4.72116,48.38464,4148.27718,1.50164,26.13064,6.465790025522818,2.408676909681657,-51.99999911297563
5.98499,4.74569,48.5445,4144.33523,1.4437,26.02985,6.3100254002754586,2.3506504883630663,-51.99999911297563
6.03482,4.77011,48.69782,4140.49255,1.38365,25.93145,6.1639708951689345,2.2962413422855734,-51.99999911297563
6.08466,4.79443,48.84438,4136.74432,1.32161,25.83531,6.027283971029564,2.245321866594235,-51.99999911297563
6.13449,4.81864,48.98399,4133.08588,1.25771,25.74129,5.899635822665348,2.197769572703645,-51.99999911297563
6.18431,4.84275,49.11648,4129.51273,1.19206,25.64923,5.780712453951435,2.153467488795562,-51.99999911297563
6.23413,4.86677,49.24167,4126.0205,1.12477,25.55901,5.6702155136621215,2.112304471188317,-51.99999911297563
6.28395,4.89069,49.3594,4122.60497,1.05595,25.47049,5.56786292808159,2.0741754400009635,-51.99999911297563
6.33376,4.91451,49.46954,4119.26203,0.98569,25.38356,5.473389362612276,2.0389815511145333,-51.99999911297563
6.38356,4.93824,49.57195,4115.9877,0.91411,25.29808,5.386546540991994,2.0066303150888225,-51.99999911297563
6.43337,4.96189,49.6665,4112.7781,0.8413,25.21393,5.307103447441115,1.9770356724675275,-51.99999911297563
6.48317,4.98544,49.75307,4109.62946,0.76735,25.131,5.234846433962267,1.95011803375021,-51.99999911297563
6.53296,5.00891,49.83158,4106.53809,0.69235,25.04918,5.169579252225624,1.925804291270406,-51.99999911297563
6.58275,5.03229,49.90191,4103.50038,0.6164,24.96835,5.111123026918234,1.9040278092675471,-51.99999911297563
6.63254,5.05558,49.96399,4100.51281,0.53959,24.88841,5.059316185118498,1.8847283975770996,-51.99999911297563
6.68232,5.07879,50.01773,4097.57191,0.46199,24.80924,5.014014354144631,1.8678522735764245,-51.99999911297563
6.7321,5.10192,50.06308,4094.67427,0.3837,24.73075,4.975090238486925,1.853352016338808,-51.99999911297563
6.78188,5.12497,50.09998,4091.81651,0.3048,24.65283,4.942433484667767,1.8411865162902652,-51.99999911297563
6.83165,5.14793,50.12837,4088.99532,0.22536,24.57538,4.915950541388695,1.8313209231106369,-51.99999911297563
6.88142,5.17082,50.14822,4086.20738,0.14548,24.4983,4.895564520891604,1.823726594086989,-51.99999911297563
6.93119,5.19362,50.15949,4083.44941,0.06522,24.42149,4.881215066190303,1.818381044653878,-51.99999911297563
6.98095,5.21634,50.16215,4080.71814,-0.01534,24.34485,4.872858227677018,1.8152679024260248,-51.99999911297563
7.03071,5.23899,50.15621,4078.01028,-0.09611,24.26828,4.870466351477786,1.81437686560776,-51.99999911297563
7.08047,5.26155,50.14163,4075.32256,-0.17701,24.19169,4.874027980930597,1.815703666291043,-51.99999911297563
7.13022,5.28403,50.11844,4072.65167,-0.25798,24.11497,4.883547771549114,1.8192500387772068,-51.99999911297563
7.17997,5.30644,50.08662,4069.99428,-0.33893,24.03802,4.8990464188698315,1.8250236926981278,-51.99999911297563
7.22972,5.32876,50.04622,4067.34703,-0.41978,23.96075,4.920560597621903,1.833038290355386,-51.99999911297563
7.27947,5.35101,49.99724,4064.70651,-0.50045,23.88305,4.948142909675372,1.843313427329611,-51.99999911297563
7.32921,5.37317,49.93972,4062.06926,-0.58087,23.80482,4.981861837217904,1.855874615037583,-51.99999911297563
7.37895,5.39526,49.87371,4059.43174,-0.66095,23.72596,5.021801696548992,1.8707532635193584,-51.99999911297563
7.42869,5.41726,49.79926,4056.79037,-0.74062,23.64636,5.068062586768842,1.8879866623235309,-51.99999911297563
7.47843,5.43918,49.71642,4054.14146,-0.81978,23.56591,5.12076032643016,1.9076179569083511,-51.99999911297563
7.52816,5.46102,49.62527,4051.48124,-0.89836,23.48451,5.180026369928049,1.9296961174947693,-51.99999911297563
7.57789,5.48278,49.52588,4048.80585,-0.97626,23.40203,5.246007694005556,1.9542758967867606,-51.99999911297563
7.62762,5.50444,49.41835,4046.11131,-1.0534,23.31836,5.3188666432191685,1.9814177724031605,-51.99999911297563
7.67735,5.52603,49.30276,4043.39352,-1.1297,23.23339,5.398780721555086,2.0111878692492384,-51.99999911297563
7.72708,5.54752,49.17923,4040.64826,-1.20504,23.14699,5.485942315614973,2.0436578563961096,-51.99999911297563
7.7768,5.56893,49.04787,4037.87117,-1.27935,23.05903,5.580558332814265,2.0789048123000864,-51.99999911297563
7.82652,5.59025,48.90881,4035.05777,-1.35251,22.96938,5.682849736015169,2.117011051441224,-51.99999911297563
7.87624,5.61148,48.76219,4032.20338,-1.42444,22.87791,5.793050953763403,2.1580639046209877,-51.99999911297563
7.92596,5.63261,48.60816,4029.3032,-1.49502,22.78448,5.911409143021381,2.202155444310969,-51.99999911297563
7.97568,5.65364,48.44687,4026.35225,-1.56415,22.68895,6.038183278829005,2.249382145527574,-51.99999911297563
8.02539,5.67458,48.27851,4023.34537,-1.63171,22.59116,6.173643042892855,2.299844471802257,-51.99999911297563
8.0751,5.69542,48.10324,4020.27721,-1.69759,22.49095,6.318067480603891,2.353646374885276,-51.99999911297563
8.12481,5.71616,47.92128,4017.14226,-1.76168,22.38818,6.471743393582629,2.410894695926478,-51.99999911297563
8.17452,5.73679,47.73283,4013.93479,-1.82384,22.28268,6.634963432570487,2.471698455027146,-51.99999911297563
8.22422,5.75731,47.53811,4010.64888,-1.88395,22.17426,6.808023853486841,2.53616801531221,-51.99999911297563
8.27392,5.77772,47.33736,4007.27842,-1.94188,22.06277,6.991221897865369,2.604414107073861,-51.99999911297563
8.3236,5.79807,47.13387,4003.81032,-1.93907,22.0679,7.181734937372244,2.6753852269899263,0.0
8.37324,5.81842,46.93107,4000.2334,-1.93223,22.07306,7.376333242452446,2.7478782158218635,0.0
8.42283,5.83875,46.72939,3996.54448,-1.92128,22.07825,7.574580655932634,2.821730593546614,0.0
8.47237,5.85906,46.52925,3992.7406,-1.90613,22.08346,7.775996944043918,2.896763460449558,0.0
8.52187,5.87937,46.33111,3988.81906,-1.88672,22.08869,7.980041724649109,2.972775509966282,0.0
8.57132,5.89967,46.13542,3984.77747,-1.86299,22.09395,8.18611341288328,3.0495426359059516,0.0
8.62072,5.91995,45.94264,3980.61379,-1.8349,22.09922,8.393548973103414,3.126817840046023,0.0
8.67006,5.94022,45.7532,3976.32634,-1.80242,22.10452,8.601624594724143,3.2043314838988457,0.0
8.71935,5.96047,45.56759,3971.91386,-1.76555,22.10983,8.80955740263234,3.2817919258860946,0.0
8.76859,5.98071,45.38623,3967.37555,-1.72428,22.11517,9.016508301036826,3.358886580747619,0.0
8.81777,6.00094,45.2096,3962.71109,-1.67863,22.12052,9.221586032231272,3.435283431537407,0.0
8.86689,6.02115,45.03814,3957.92069,-1.62865,22.12588,9.42385250882763,3.5106330160208454,0.0
8.91595,6.04134,44.87228,3953.00509,-1.57441,22.13126,9.62232944938838,3.5845708986223266,0.0
8.96496,6.06152,44.71245,3947.96561,-1.51598,22.13665,9.816006313538226,3.656720626463135,0.0
9.0139,6.08168,44.55907,3942.80419,-1.45348,22.14206,10.003849494273638,3.726697153738619,0.0
9.06277,6.10182,44.41255,3937.52335,-1.38703,22.14748,10.18481268327404,3.794110703069334,0.0
9.11158,6.12194,44.27327,3932.12624,-1.31678,22.1529,10.357848281129797,3.858571016111192,0.0
9.16032,6.14204,44.14159,3926.61664,-1.24291,22.15834,10.521919680213557,3.9196919292482164,0.0
9.209,6.16213,44.01786,3920.99896,-1.16562,22.16379,10.676014205425039,3.9770961943604655,0.0
9.2576,6.18219,43.9024,3915.27818,-1.08512,22.16924,10.819156459581675,4.030420450333191,0.0
9.30613,6.20223,43.79551,3909.45992,-1.00166,22.17471,10.950421787755984,4.079320238876769,0.0
9.35459,6.22225,43.69746,3903.55033,-0.9155,22.18018,11.068949550903163,4.123474949302236,0.0
9.40298,6.24224,43.60848,3897.55609,-0.82692,22.18565,11.17395588498407,4.162592571630304,0.0
9.45129,6.26222,43.52877,3891.4844,-0.73622,22.19113,11.264745619545224,4.19641413657602,0.0
9.49952,6.28217,43.45852,3885.34285,-0.64371,22.19662,11.34072303974328,4.224717724686034,0.0
9.54768,6.30209,43.39786,3879.13945,-0.54972,22.20211,11.401401198570086,4.247321935387466,0.0
9.59576,6.322,43.3469,3872.88252,-0.45459,22.2076,11.446409521167993,4.264088719795426,0.0
9.64376,6.34188,43.3057,3866.58066,-0.35866,22.2131,11.475499489154412,4.274925498273489,0.0
9.69168,6.36173,43.27429,3860.24262,-0.26228,22.2186,11.488548248212007,4.279786504355957,0.0
9.73953,6.38156,43.25268,3853.87732,-0.16582,22.2241,11.485560044243305,4.2786733197532385,0.0
9.78729,6.40136,43.24081,3847.4937,-0.06962,22.22961,11.46666545934171,4.271634589730944,0.0
9.83497,6.42114,43.23862,3841.1007,0.02597,22.23512,11.43211848563464,4.258764933039475,0.0
9.88257,6.44089,43.24599,3834.70717,0.12058,22.24064,11.382291539512652,4.24020308458318,0.0
9.93008,6.46062,43.26278,3828.3218,0.2139,22.24615,11.31766857804261,4.21612933110314,0.0
9.97752,6.48032,43.2888,3821.95308,0.30558,22.25167,11.238836530880599,4.186762319339295,0.0
10.02487,6.5,43.32386,3815.60922,0.39531,22.2572,11.146475302576077,4.152355331625688,0.0
10.07215,6.51965,43.3677,3809.29809,0.48279,22.26273,11.041346630660085,4.113192135235146,0.0
10.11934,6.53928,43.42005,3803.02722,0.56773,22.26826,10.924282103184908,4.069582518597549,0.0
10.16645,6.55888,43.48064,3796.8037,0.64986,22.2738,10.796170645876593,4.021857629934891,0.0
10.21348,6.57845,43.54914,3790.6342,0.72895,22.27934,10.65794578390002,3.970365231933613,0.0
10.26044,6.598,43.6252,3784.5249,0.80476,22.28489,10.510572967794108,3.9154649803219987,0.0
10.30731,6.61753,43.70848,3778.48149,0.87708,22.29044,10.355037229053394,3.8575238252495003,0.0
10.35411,6.63703,43.79859,3772.50918,0.94574,22.29601,10.19233139958886,3.7969116227259367,0.0
10.40083,6.65651,43.89515,3766.61263,1.01056,22.30158,10.023445093379392,3.733997029996754,0.0
10.44747,6.67597,43.99774,3760.79604,1.07141,22.30716,9.849354609590728,3.6691437441891694,0.0
10.49404,6.6954,44.10597,3755.06305,1.12818,22.31275,9.671013876495653,3.6027071286841577,0.0
10.54053,6.71481,44.2194,3749.41683,1.18075,22.31835,9.489346516266705,3.5350312570429487,0.0
10.58695,6.7342,44.33761,3743.86008,1.22906,22.32396,9.305239073496253,3.4664463904525955,0.0
10.6333,6.75356,44.46017,3738.395,1.27305,22.32959,9.119535416520238,3.3972668920717455,0.0
10.67958,6.77291,44.58664,3733.02336,1.31267,22.33523,8.933032290777218,3.3277895705398963,0.0
10.72579,6.79223,44.71658,3727.74651,1.34792,22.34088,8.746475978335337,3.258292435563296,0.0
10.77193,6.81153,44.84956,3722.56539,1.37878,22.34655,8.560559997365356,3.1890338409081136,0.0
10.81801,6.83082,44.98515,3717.48058,1.40527,22.35223,8.375923759894613,3.120251984378475,0.0
10.86402,6.85008,45.12292,3712.4923,1.42742,22.35793,8.193152095292781,3.0521647303023705,0.0
10.90996,6.86933,45.26245,3707.60045,1.44526,22.36364,8.01277554031013,2.984969717578539,0.0
10.95584,6.88856,45.40332,3702.80465,1.45884,22.36938,7.835271293622404,2.918844715269546,0.0
11.00166,6.90777,45.54513,3698.10424,1.46823,22.37513,7.661064733198135,2.853948187861037,0.0
11.04742,6.92696,45.68746,3693.49832,1.47351,22.38091,7.490531397788707,2.790420033418924,0.0
11.09312,6.94614,45.82993,3688.98579,1.47475,22.38671,7.323999338945523,2.7283824597776594,0.0
11.13876,6.9653,45.97216,3684.56533,1.47204,22.39252,7.16175175661531,2.6679409663688385,0.0
11.18434,6.98445,46.11377,3680.23547,1.46549,22.39837,7.004029839073996,2.60918540217129,0.0
11.22987,7.00358,46.2544,3675.99458,1.45518,22.40423,6.851035736313623,2.5521910733759356,0.0
11.27534,7.0227,46.39371,3671.84092,1.44123,22.41012,6.702935604618548,2.497019877570532,0.0
11.32076,7.0418,46.53135,3667.77261,1.42374,22.41603,6.55986266867583,2.4437214444563637,0.0
11.36613,7.06089,46.66699,3663.7877,1.40284,22.42197,6.421920255888038,2.392334266209594,0.0
11.41144,7.07996,46.80033,3659.88414,1.37863,22.42794,6.289184765409773,2.3428868035254933,0.0
11.45671,7.09903,46.93106,3656.05985,1.35124,22.43393,6.161708541786009,2.2953985561243337,0.0
11.50193,7.11808,47.05888,3652.31264,1.32079,22.43995,6.0395226296619295,2.24988108895328,0.0
11.5471,7.13712,47.18352,3648.64034,1.28739,22.446,5.922639391996091,2.2063390075396825,0.0
11.59222,7.15615,47.30472,3645.04069,1.25117,22.45208,5.811054979423379,2.1647708778937544,0.0
11.63729,7.17517,47.42221,3641.51145,1.21225,22.45819,5.704751642932085,2.125170088041629,0.0
11.68232,7.19418,47.53576,3638.05034,1.17076,22.46433,5.603699885838886,2.0875256496926635,0.0
11.72731,7.21318,47.64514,3634.65507,1.1268,22.4705,5.507860454256597,2.051822939741051,0.0
11.77225,7.23217,47.75012,3631.32334,1.08051,22.4767,5.4171861678491995,2.018044382270233,0.0
11.81715,7.25115,47.8505,3628.05287,1.03201,22.48293,5.331623594775548,1.9861700725135087,0.0
11.862,7.27012,47.94609,3624.84135,0.9814,22.4892,5.251114576289287,1.9561783448076113,0.0
11.90682,7.28908,48.0367,3621.68649,0.92881,22.49549,5.175597607726459,1.9280462870469308,0.0
11.95159,7.30803,48.12216,3618.58602,0.87436,22.50183,5.105009083371869,1.90175020442899,0.0
11.99633,7.32698,48.20231,3615.53764,0.81816,22.50819,5.039284413315889,1.8772660355129909,0.0
12.04102,7.34592,48.27699,3612.5391,0.76033,22.51459,4.97835902060998,1.8545697236864795,0.0
12.08568,7.36485,48.34608,3609.58811,0.70097,22.52102,4.92216922714802,1.8336375471794548,0.0
12.1303,7.38378,48.40943,3606.68243,0.64021,22.52748,4.8706530365632235,1.814446410714066,0.0
12.17488,7.40269,48.46694,3603.81979,0.57814,22.53399,4.823750822162566,1.7969741017782888,0.0
12.21942,7.4216,48.51849,3600.99797,0.51488,22.54052,4.781405927593162,1.7811995143899546,0.0
12.26393,7.44051,48.56398,3598.2147,0.45054,22.54709,4.743565187432043,1.7671028430301416,0.0
12.3084,7.45941,48.60334,3595.46775,0.38522,22.5537,4.7101793744130696,1.754665749246966,0.0
12.35283,7.4783,48.63648,3592.75487,0.31904,22.56034,4.681203579401894,1.7438715032062522,0.0
12.39723,7.49719,48.66334,3590.07382,0.25208,22.56702,4.656597529666753,1.7347051022557787,0.0
12.4416,7.51607,48.68385,3587.42235,0.18447,22.57373,4.636325850312913,1.7271533683164884,0.0
12.48593,7.53495,48.69797,3584.7982,0.1163,22.58048,4.620358273171587,1.721205025699105,0.0
12.53022,7.55382,48.70567,3582.19909,0.04767,22.58727,4.608669796737084,1.7168507606849284,0.0
12.57448,7.57269,48.7069,3579.62274,-0.0213,22.59409,4.601240800125307,1.7140832639783765,0.0
12.61871,7.59155,48.70167,3577.06686,-0.09053,22.60095,4.5980571133695305,1.7128972568940095,0.0
12.6629,7.6104,48.68995,3574.52912,-0.1599,22.60784,4.599110045736148,1.7132895019048924,0.0
12.70706,7.62926,48.67174,3572.00718,-0.22931,22.61477,4.60439637309756,1.7152587979386624,0.0
12.75119,7.6481,48.64706,3569.49868,-0.29867,22.62174,4.613918284775101,1.7188059605751211,0.0
12.79528,7.66695,48.61593,3567.00121,-0.36786,22.62874,4.627683289650643,1.7239337870703364,0.0
12.83934,7.68579,48.57837,3564.51236,-0.43679,22.63578,4.645704080734666,1.730647005904685,0.0
12.88337,7.70462,48.53442,3562.02965,-0.50536,22.64286,4.667998356767501,1.7389522103246222,0.0
12.92737,7.72345,48.48414,3559.55059,-0.57345,22.64997,4.694588598877424,1.7488577751419447,0.0
12.97133,7.74228,48.42757,3557.07263,-0.64096,22.65711,4.725501799714542,1.7603737558290375,0.0
13.01525,7.7611,48.36479,3554.59321,-0.70779,22.6643,4.760769141963161,1.7735117687562703,0.0
13.05915,7.77992,48.29587,3552.10967,-0.77383,22.67151,4.800425622591958,1.7882848512153005,0.0
13.10301,7.79873,48.2209,3549.61936,-0.83898,22.67877,4.844509618722222,1.8047072996935705,0.0
13.14684,7.81754,48.13998,3547.11955,-0.90312,22.68606,4.893062390533915,1.8227944846937376,0.0
13.19063,7.83635,48.05321,3544.60746,-0.96615,22.69338,4.946127516243528,1.8425626402480566,0.0
13.23439,7.85515,47.96071,3542.08025,-1.02796,22.70074,5.003750253827955,1.8640286261437293,0.0
13.27812,7.87394,47.86261,3539.53506,-1.08842,22.70813,5.065976823935748,1.88720966078848,0.0
13.32181,7.89273,47.75905,3536.96893,-1.14744,22.71556,5.132853608235068,1.912123022574074,0.0
13.36547,7.91152,47.65018,3534.37889,-1.20489,22.72302,5.20442625743705,1.9387857175915504,0.0
13.4091,7.9303,47.53615,3531.76187,-1.26066,22.73051,5.280738703287469,1.9672141115721258,0.0
13.45269,7.94908,47.41713,3529.11479,-1.31464,22.73803,5.361832069110284,1.997423524035994,0.0
13.49624,7.96786,47.29331,3526.43449,-1.3667,22.74559,5.4477434739395285,2.029427782799992,0.0
13.53976,7.98662,47.16487,3523.71777,-1.41672,22.75318,5.538504725950454,2.0632387372463263,0.0
13.58324,8.00539,47.03202,3520.96139,-1.4646,22.7608,5.634140901855068,2.098865729110027,0.0
13.62668,8.02414,46.89496,3518.16205,-1.51019,22.76846,5.734668810175218,2.136315020007741,0.0
13.67009,8.04289,46.75393,3515.31644,-1.55339,22.77614,5.840095337880155,2.175589175516721,0.0
13.71346,8.06164,46.60916,3512.42119,-1.59408,22.78385,5.950415681803755,2.2166864063312075,0.0
13.75679,8.0804,46.46063,3509.47359,-1.63781,22.83215,6.065836847151402,2.2596838273368403,15.999999727069424
13.80006,8.09918,46.30833,3506.47078,-1.67888,22.88132,6.186570281052763,2.3046602081529297,15.999999727069424
13.84328,8.11798,46.15252,3503.40909,-1.71717,22.93139,6.312599773202858,2.351609510014351,15.999999727069424
13.88644,8.13682,45.99347,3500.28486,-1.75253,22.98241,6.443890597335224,2.400518796473144,15.999999727069424
13.92956,8.15568,45.83147,3497.09441,-1.78485,23.03442,6.580387806390002,2.451367598303768,15.999999727069424
13.97261,8.17456,45.6668,3493.83405,-1.81401,23.08744,6.722013732686494,2.5041269822516026,15.999999727069424
14.01561,8.19348,45.49978,3490.50014,-1.83987,23.14152,6.868665413454026,2.5587585919754576,15.999999727069424
14.05855,8.21242,45.33071,3487.08906,-1.86232,23.19669,7.020211968243519,2.6152136710643807,15.999999727069424
14.10143,8.23139,45.15992,3483.59723,-1.88125,23.25299,7.176491960687383,2.673432080223797,15.999999727069424
14.14424,8.25039,44.98774,3480.02115,-1.89652,23.31045,7.337310783400079,2.7333413230821644,15.999999727069424
14.187,8.26941,44.81453,3476.35741,-1.90805,23.3691,7.502438111306807,2.7948555974889038,15.999999727069424
14.22969,8.28847,44.64062,3472.60272,-1.91571,23.42899,7.671605475333966,2.857874891650251,15.999999727069424
14.27232,8.30756,44.46639,3468.75392,-1.91942,23.49012,7.844504014803087,2.922284146836864,15.999999727069424
14.31488,8.32667,44.2922,3464.80799,-1.91908,23.55255,8.020782472947452,2.9879525106610183,15.999999727069424
14.35737,8.34582,44.11843,3460.76212,-1.91462,23.61628,8.200045505310474,3.054732706910496,15.999999727069424
14.39979,8.365,43.94545,3456.61371,-1.90595,23.68134,8.381852375053311,3.122460549516344,15.999999727069424
14.44214,8.38421,43.77367,3452.36041,-1.89301,23.74775,8.565716112155947,3.1909546293331537,15.999999727069424
14.48442,8.40345,43.60345,3448.00011,-1.87577,23.81554,8.751103214533405,3.2600162027969883,15.999999727069424
14.52662,8.42272,43.43521,3443.53102,-1.85416,23.8847,8.937433968043834,3.3294293111368103,15.999999727069424
14.56875,8.44202,43.26933,3438.9517,-1.82818,23.95525,9.124083458722183,3.398961157458161,15.999999727069424
14.6108,8.46136,43.10621,3434.26102,-1.79782,24.0272,9.310383344059984,3.4683627665914893,15.999999727069424
14.65277,8.48073,42.94624,3429.45826,-1.76307,24.10054,9.495624440478126,3.5373699489938306,15.999999727069424
14.69465,8.50013,42.7898,3424.54313,-1.72397,24.17528,9.679060171250839,3.6057045851912206,15.999999727069424
14.73645,8.51957,42.63729,3419.51574,-1.68055,24.25139,9.859910902787147,3.673076241157626,15.999999727069424
14.77817,8.53904,42.48908,3414.37667,-1.63288,24.32886,10.037369177790541,3.739184117804618,15.999999727069424
14.8198,8.55854,42.34553,3409.12697,-1.58104,24.40768,10.21060583139186,3.8037193294017935,15.999999727069424
14.86134,8.57808,42.20701,3403.7682,-1.52512,24.48782,10.3787769516073,3.866367496530523,15.999999727069424
14.90279,8.59765,42.07387,3398.3024,-1.46526,24.56924,10.541031618995703,3.926811629309939,15.999999727069424
14.94415,8.61725,41.94643,3392.73214,-1.40159,24.6519,10.696520333077665,3.9847352664597597,15.999999727069424
14.98542,8.63689,41.82501,3387.06047,-1.33427,24.73576,10.84440400591824,4.039825825646486,15.999999727069424
15.02658,8.65657,41.70992,3381.29097,-1.26349,24.82078,10.983863377580816,4.091778110987703,15.999999727069424
15.06766,8.67628,41.60143,3375.42772,-1.18945,24.90688,11.11410868494054,4.140297914939485,15.999999727069424
15.10863,8.69602,41.4998,3369.47528,-1.11237,24.99402,11.234389396024907,4.185105644594391,15.999999727069424
15.1495,8.7158,41.40526,3363.43867,-1.03251,25.08212,11.344003807690083,4.225939897068418,15.999999727069424
15.19027,8.73561,41.31804,3357.32335,-0.95011,25.17111,11.442308296108465,4.262560905551024,15.999999727069424
15.23094,8.75546,41.23831,3351.13521,-0.86545,25.26091,11.528726007968135,4.294753777005598,15.999999727069424
15.2715,8.77534,41.16624,3344.88048,-0.77882,25.35145,11.602754786090811,4.322331444670674,15.999999727069424
15.31196,8.79525,41.10195,3338.56575,-0.69053,25.44263,11.663974136269943,4.345137263390447,15.999999727069424
15.35231,8.8152,41.04556,3332.1979,-0.60089,25.53437,11.712051062710668,4.363047183469684,15.999999727069424
15.39256,8.83518,40.99714,3325.78402,-0.51022,25.62657,11.746744626377739,4.375971448778266,15.999999727069424
15.43269,8.85519,40.95672,3319.33143,-0.41886,25.71915,11.767909113343832,4.383855777044302,15.999999727069424
15.47272,8.87523,40.92434,3312.84757,-0.32713,25.812,11.775495737309312,4.3866819940875335,15.999999727069424
15.51264,8.89531,40.89997,3306.33996,-0.23537,25.90504,11.769552840454654,4.384468108642147,15.999999727069424
15.55245,8.91542,40.88357,3299.81617,-0.14392,25.99817,11.750224597845571,4.377267829713594,15.999999727069424
15.59215,8.93556,40.87508,3293.28373,-0.05311,26.09129,11.717748271256566,4.365169543555608,15.999999727069424
15.63174,8.95573,40.87438,3286.7501,0.03674,26.18431,11.672450096556032,4.348294781612952,15.999999727069424
15.67122,8.97593,40.88135,3280.22263,0.12529,26.27713,11.6147399233666,4.3267962236538455,15.999999727069424
15.71059,8.99616,40.89584,3273.70848,0.21225,26.36968,11.545104755151726,4.30085529128226,15.999999727069424
15.74985,9.01643,40.91767,3267.21461,0.29732,26.46186,11.464101361301978,4.270679395745664,15.999999727069424
15.78899,9.03671,40.94663,3260.74772,0.38019,26.5536,11.372348149371007,4.236498910129076,15.999999727069424
15.82804,9.05703,40.9825,3254.31423,0.46062,26.64481,11.270516495272178,4.198563939625188,15.999999727069424
15.86697,9.07738,41.02503,3247.92021,0.53833,26.73542,11.15932173186509,4.157140964545742,15.999999727069424
15.90579,9.09775,41.07396,3241.57143,0.61309,26.82536,11.039513992377355,4.112509429255215,15.999999727069424
15.94451,9.11815,41.12899,3235.27324,0.68468,26.91458,10.911869095314412,4.064958346559895,15.999999727069424
15.98312,9.13858,41.18984,3229.03064,0.7529,27.003,10.777179642523489,4.014782981502489,15.999999727069424
16.02162,9.15903,41.25618,3222.84823,0.81757,27.09058,10.636246483206147,3.962281671482183,15.999999727069424
16.06002,9.1795,41.32769,3216.73019,0.87852,27.17727,10.489870674833128,3.907752831483923,15.999999727069424
16.09832,9.20001,41.40403,3210.68031,0.93562,27.26303,10.338846048240129,3.851492184380952,15.999999727069424
16.13652,9.22053,41.48485,3204.70195,0.98873,27.34782,10.183952459817831,3.7937902471980545,15.999999727069424
16.17461,9.24108,41.5698,3198.7981,1.03775,27.43162,10.025949789500377,3.7349300952043434,15.999999727069424
16.21261,9.26165,41.65853,3192.97133,1.08261,27.51439,9.86557272016003,3.675185417100406,15.999999727069424
16.2505,9.28225,41.75067,3187.22383,1.12323,27.59611,9.703526312532288,3.614818866561481,15.999999727069424
16.2883,9.30287,41.84584,3181.55745,1.15956,27.67678,9.540482370636717,3.554080708261083,15.999999727069424
16.32601,9.32351,41.9437,3175.97363,1.19158,27.75639,9.377076575983669,3.493207750287605,15.999999727069424
16.36362,9.34417,42.04386,3170.47353,1.21927,27.83491,9.213906355022019,3.4324225497124896,15.999999727069424
16.40114,9.36485,42.14597,3165.05794,1.24263,27.91236,9.051529433154428,3.371932873922868,15.999999727069424
16.43857,9.38555,42.24966,3159.72737,1.26167,27.98874,8.890463020367404,3.3119313972473265,15.999999727069424
16.4759,9.40628,42.35457,3154.48205,1.27641,28.06406,8.731183567751955,3.2525956102534486,15.999999727069424
16.51315,9.42702,42.46034,3149.32195,1.28691,28.13831,8.574127030830306,3.194087917843942,15.999999727069424
16.55031,9.44778,42.56664,3144.24677,1.29322,28.21153,8.419689574288213,3.1365559017879723,15.999999727069424
16.58739,9.46857,42.67312,3139.25601,1.29538,28.28372,8.268228653234454,3.0801327235187705,15.999999727069424
16.62438,9.48937,42.77944,3134.34896,1.29349,28.3549,8.120064408020188,3.024937643740541,15.999999727069424
16.66129,9.51019,42.88527,3129.52471,1.2876,28.4251,7.975481312826985,2.9710766365708845,15.999999727069424
16.69812,9.53103,42.9903,3124.78219,1.27783,28.49434,7.8347300221913985,2.9186430774197865,15.999999727069424
16.73487,9.55189,43.09422,3120.12017,1.26425,28.56265,7.698029364296287,2.8677184855430777,15.999999727069424
16.77154,9.57277,43.19673,3115.53729,1.24696,28.63004,7.565568434823488,2.8183733040576486,15.999999727069424
16.80814,9.59366,43.29753,3111.03205,1.22609,28.69656,7.43750875034137,2.770667702134973,15.999999727069424
16.84465,9.61457,43.39634,3106.60285,1.20173,28.76224,7.313986425411948,2.724652386030792,15.999999727069424
16.8811,9.63551,43.4929,3102.248,1.174,28.82709,7.19511434260603,2.680369407472851,15.999999727069424
16.91747,9.65645,43.58694,3097.96571,1.14302,28.89117,7.080984289506413,2.6378529597508162,15.999999727069424
16.95377,9.67742,43.67821,3093.75411,1.10891,28.95449,6.9716690412344695,2.5971301535122313,15.999999727069424
16.98999,9.6984,43.76648,3089.61128,1.07179,29.0171,6.867224371221863,2.558221765827874,15.999999727069424
17.02615,9.7194,43.85151,3085.53522,1.03179,29.07903,6.767690976696994,2.521142957486136,15.999999727069424
17.06224,9.74042,43.93309,3081.52391,0.98903,29.14031,6.67309630869316,2.4859039547191983,15.999999727069424
17.09826,9.76145,44.01102,3077.57525,0.94364,29.20099,6.583456299346273,2.4525106926668876,15.999999727069424
17.13421,9.78251,44.08508,3073.68713,0.89576,29.26109,6.498776981747621,2.420965418814451,15.999999727069424
17.1701,9.80357,44.15511,3069.85739,0.84551,29.32065,6.4190559998079575,2.39126725545665,15.999999727069424
17.20592,9.82466,44.22093,3066.08384,0.79302,29.37971,6.3442840073535525,2.3634127208978586,15.999999727069424
17.24168,9.84576,44.28237,3062.36428,0.73842,29.43831,6.274445957160432,2.3373962096512293,15.999999727069424
17.27737,9.86688,44.33928,3058.69647,0.68184,29.49648,6.209522281788359,2.3132104323304232,15.999999727069424
17.313,9.88802,44.39152,3055.07815,0.62341,29.55426,6.149489968969188,2.290846816260069,15.999999727069424
17.34857,9.90917,44.43896,3051.50706,0.56326,29.61169,6.094323534975378,2.2702958680811376,15.999999727069424
17.38408,9.93034,44.48147,3047.98089,0.50151,29.66879,6.043995899831459,2.2515474997902514,15.999999727069424
17.41953,9.95152,44.51896,3044.49735,0.43831,29.72561,5.9984791685070515,2.234591319754631,15.999999727069424
17.45491,9.97273,44.55131,3041.0541,0.37378,29.78219,5.957745322340314,2.2194168902855247,15.999999727069424
17.49024,9.99395,44.57845,3037.64879,0.30804,29.83856,5.921766824942582,2.2060139533536294,15.999999727069424
17.52551,10.01518,44.60028,3034.27907,0.24123,29.89475,5.890517146682011,2.194372625973047,15.999999727069424
17.56072,10.03644,44.61675,3030.94257,0.17346,29.9508,5.8639712116556435,2.184483566710138,15.999999727069424
17.59587,10.05771,44.62779,3027.63687,0.10488,30.00676,5.842105770759538,2.176338114661964,15.999999727069424
17.63096,10.07899,44.63336,3024.35957,0.0356,30.06264,5.824899704138253,2.169928402126676,15.999999727069424
17.666,10.1003,44.63342,3021.10822,-0.03424,30.1185,5.812334255889862,2.165247442037309,15.999999727069424
17.70097,10.12162,44.62794,3017.88036,-0.10452,30.17436,5.804393203485678,2.1622891910750868,15.999999727069424
17.7359,10.14296,44.6169,3014.67352,-0.17512,30.23027,5.801062963952491,2.161048589225099,15.999999727069424
17.77076,10.16431,44.60029,3011.48517,-0.2459,30.28625,5.8023326383668445,2.16152157635159,15.999999727069424
17.80557,10.18569,44.57813,3008.31279,-0.31674,30.34235,5.808193995800485,2.1637050862172167,15.999999727069424
17.84032,10.20708,44.55041,3005.15381,-0.38752,30.39859,5.81864139737122,2.1675970181899946,15.999999727069424
17.87501,10.22849,44.51716,3002.00563,-0.4581,30.45503,5.83367166062243,2.1731961867210976,15.999999727069424
17.90965,10.24991,44.47842,2998.86563,-0.52836,30.51168,5.853283864063074,2.1805022485308667,15.999999727069424
17.94423,10.27135,44.43421,2995.73114,-0.59817,30.5686,5.877479091253744,2.189515607274133,15.999999727069424
17.97875,10.29282,44.38461,2992.59949,-0.66741,30.62581,5.9062601135278685,2.2002372953455165,15.999999727069424
18.01322,10.31429,44.32966,2989.46795,-0.73594,30.68336,5.939631010065106,2.212668832346769,15.999999727069424
18.04763,10.33579,44.26944,2986.33375,-0.80364,30.74127,5.977596723837348,2.226812059664979,15.999999727069424
18.08199,10.35731,44.20403,2983.19409,-0.87038,30.79959,6.020162551692686,2.242668950515428,15.999999727069424
18.11628,10.37884,44.13353,2980.04616,-0.93603,30.85836,6.067333566758518,2.2602413947715534,15.999999727069424
18.15052,10.40039,44.05802,2976.88708,-1.00046,30.91761,6.11911397129803,2.2795309578869616,15.999999727069424
18.1847,10.42196,43.97763,2973.71394,-1.06354,30.97737,6.1755063782170465,2.3005386132378214,15.999999727069424
18.21882,10.44355,43.89248,2970.52383,-1.12514,31.0377,6.236511019609708,2.3232644472853057,15.999999727069424
18.25289,10.46516,43.80269,2967.31375,-1.18513,31.09862,6.302124881006252,2.3477073370601143,15.999999727069424
18.28689,10.48679,43.70841,2964.08073,-1.24338,31.16017,6.372340760487832,2.3738645996579812,15.999999727069424
18.32084,10.50843,43.60978,2960.82173,-1.29976,31.2224,6.447146252402489,2.401731613647141,15.999999727069424
18.35472,10.5301,43.50698,2957.53371,-1.35414,31.28534,6.526522656216062,2.431301412586577,15.999999727069424
18.38855,10.55178,43.40016,2954.21359,-1.40638,31.34902,6.610443812037928,2.4625642512287236,15.999999727069424
18.42231,10.57349,43.28952,2950.85829,-1.45636,31.41349,6.698874865513839,2.4955071454095514,15.999999727069424
18.45601,10.59521,43.17524,2947.46471,-1.50395,31.47879,6.791770966177956,2.530113387150448,15.999999727069424
18.48965,10.61695,43.05751,2944.02974,-1.54901,31.54494,6.889075905050499,2.566362037127499,15.999999727069424
18.52322,10.63872,42.93656,2940.5503,-1.59144,31.612,6.990720699009188,2.6042273973125982,15.999999727069424
18.55673,10.6605,42.81259,2937.02329,-1.63109,31.68,7.096622131664543,2.6436784674111107,15.999999727069424
18.59018,10.6823,42.68584,2933.44564,-1.66785,31.74896,7.206681262682861,2.684678389545454,15.999999727069424
18.62356,10.70413,42.55653,2929.81431,-1.70159,31.81894,7.320781920056152,2.7271838865859834,15.999999727069424
18.65687,10.72597,42.42493,2926.1263,-1.7322,31.88996,7.438789192457341,2.771144700513632,15.999999727069424
18.69011,10.74783,42.29127,2922.37867,-1.75957,31.96207,7.560547941616237,2.816503038240821,15.999999727069424
18.72329,10.76972,42.15582,2918.56853,-1.78358,32.03528,7.685881357570912,2.863193033404581,15.999999727069424
18.75639,10.79163,42.01884,2914.69308,-1.80413,32.10964,7.814589582454891,2.9111402336910754,15.999999727069424
18.78943,10.81355,41.88062,2910.74959,-1.82113,32.18517,7.946448431378646,2.9602611243302923,15.999999727069424
18.82239,10.8355,41.74143,2906.73547,-1.83447,32.2619,8.081208241501551,3.010462699345077,15.999999727069424
18.85528,10.85747,41.60156,2902.64823,-1.84408,32.33986,8.218592882799841,3.061642093036157,15.999999727069424
18.88809,10.87946,41.46131,2898.48553,-1.84987,32.41908,8.358298965931908,3.113686284891129,15.999999727069424
18.92083,10.90147,41.32097,2894.2452,-1.85178,32.49957,8.499995283976194,3.166471891617135,15.999999727069424
18.95349,10.9235,41.18084,2889.92521,-1.84974,32.58136,8.643322525476806,3.219865060242802,15.999999727069424
18.98608,10.94553,41.0416,2885.52259,-1.83367,32.59292,8.787417408084208,3.2735441953785998,0.0
19.01862,10.96754,40.90395,2881.03488,-1.81342,32.60448,8.931356425537254,3.327165266643342,0.0
19.05111,10.98953,40.7682,2876.46125,-1.789,32.61606,9.074643073641797,3.380543313160895,0.0
19.08354,11.01149,40.63465,2871.80114,-1.76041,32.62763,9.2167600163599,3.4334856136451997,0.0
19.11592,11.03343,40.50363,2867.05432,-1.7277,32.63922,9.357170206830999,3.4857921040101405,0.0
19.14824,11.05535,40.37543,2862.22084,-1.69091,32.65081,9.495319977807293,3.537256528638051,0.0
19.1805,11.07724,40.25036,2857.3011,-1.6501,32.6624,9.630642606567068,3.587667768403719,0.0
19.2127,11.0991,40.1287,2852.29582,-1.60535,32.67399,9.762562334466761,3.6368113380632945,0.0
19.24485,11.12094,40.01073,2847.20609,-1.55677,32.68559,9.89049880896125,3.684471041023729,0.0
19.27693,11.14275,39.89673,2842.03332,-1.50447,32.69718,10.013871903246303,3.7304307647863872,0.0
19.30895,11.16453,39.78696,2836.7793,-1.44858,32.70878,10.132106856051921,3.774476395655318,0.0
19.34091,11.18629,39.68167,2831.44617,-1.38925,32.72037,10.244639661943754,3.8163978267663494,0.0
19.3728,11.20801,39.5811,2826.03641,-1.32666,32.73196,10.350922631344341,3.855991029341296,0.0
19.40463,11.22971,39.48545,2820.55286,-1.26098,32.74355,10.450430029820783,3.8930601534709988,0.0
19.4364,11.25137,39.39495,2814.99868,-1.19243,32.75513,10.542663698408141,3.9274196218336654,0.0
19.4681,11.273,39.30977,2809.37736,-1.12122,32.76671,10.627158551535492,3.9588961778169915,0.0
19.49973,11.2946,39.23008,2803.6927,-1.04757,32.77829,10.70348784650407,3.987330848537407,0.0
19.53129,11.31617,39.15604,2797.94879,-0.97174,32.78985,10.771268118990323,4.012580783444838,0.0
19.56279,11.33771,39.08777,2792.14998,-0.89399,32.80142,10.830163682770243,4.034520930588404,0.0
19.59422,11.35921,39.02538,2786.30085,-0.81458,32.81297,10.879890598728313,4.05304551517669,0.0
19.62558,11.38068,38.96896,2780.40621,-0.73379,32.82452,10.92022002825808,4.068069288807681,0.0
19.65687,11.40212,38.91858,2774.47104,-0.65191,32.83605,10.950980898916367,4.079528522495111,0.0
19.68809,11.42352,38.87427,2768.50048,-0.56924,32.84758,10.972061825490853,4.087381722316668,0.0
19.71924,11.44488,38.83606,2762.4998,-0.48606,32.8591,10.983412246729529,4.091610052875633,0.0
19.75031,11.46621,38.80396,2756.47434,-0.40268,32.87062,10.985042756450435,4.092217460647961,0.0
19.78132,11.48751,38.77794,2750.42951,-0.31939,32.88212,10.977024626786795,4.089230496378567,0.0
19.81225,11.50877,38.75795,2744.37071,-0.23651,32.89361,10.95948854031513,4.082697842765668,0.0
19.84311,11.52999,38.74393,2738.30336,-0.15431,32.9051,10.932622566076148,4.072689560475322,0.0
19.8739,11.55118,38.73579,2732.23281,-0.0731,32.91657,10.896669431269412,4.059296071775902,0.0
19.90462,11.57233,38.73343,2726.16436,0.00684,32.92804,10.851923155350821,4.042626906650851,0.0
19.93527,11.59344,38.73672,2720.10318,0.08523,32.93949,10.798725125654835,4.022809240864693,0.0
19.96584,11.61452,38.74552,2714.05431,0.16182,32.95094,10.737459703368273,3.999986259072673,0.0
19.99634,11.63556,38.75966,2708.02264,0.23633,32.96238,10.668549455386323,3.974315378561649,0.0
20.02677,11.65657,38.77896,2702.01287,0.30854,32.97381,10.592450111300712,3.94596637059551,0.0
20.05712,11.67753,38.80324,2696.02949,0.3782,32.98523,10.509645345378486,3.915119416564965,0.0
20.08741,11.69847,38.83228,2690.0768,0.44511,32.99665,10.420641481345926,3.881963135380233,0.0
20.11763,11.71936,38.86586,2684.15884,0.50906,33.00805,10.325962213140008,3.8466926168120525,0.0
20.14777,11.74022,38.90374,2678.2794,0.56986,33.01945,10.226143427927227,3.809507492929986,0.0
20.17784,11.76105,38.94569,2672.44202,0.62735,33.03085,10.121728209183393,3.7706100766181585,0.0
20.20785,11.78184,38.99144,2666.64999,0.68137,33.04224,10.013262087670123,3.7302035924390475,0.0
20.23778,11.80259,39.04074,2660.90631,0.7318,33.05363,9.901288597381495,3.688490521106689,0.0
20.26765,11.82331,39.0933,2655.21372,0.7785,33.06501,9.786345182330228,3.6456710746568244,0.0
20.29745,11.844,39.14887,2649.57469,0.82138,33.07639,9.668959488699457,3.6019418151758784,0.0
20.32718,11.86465,39.20716,2643.99143,0.86035,33.08776,9.549646065987645,3.557494425890639,0.0
20.35684,11.88527,39.26788,2638.46587,0.89535,33.09913,9.428903490347997,3.512514639536504,0.0
20.38644,11.90585,39.33075,2632.9997,0.92631,33.11051,9.307211913780383,3.4671813253669854,0.0
20.41597,11.92641,39.39548,2627.59435,0.9532,33.12188,9.18503103438652,3.421665733020356,0.0
20.44544,11.94693,39.46179,2622.251,0.97599,33.13325,9.062798475395525,3.376130888664023,0.0
20.47484,11.96742,39.52938,2616.97061,0.99468,33.14463,8.94092855457707,3.330731136568546,0.0
20.50418,11.98788,39.59798,2611.75391,1.00926,33.156,8.819811420609142,3.2856118173819047,0.0
20.53346,12.0083,39.6673,2606.60142,1.01976,33.16738,8.699812529155821,3.240909072954685,0.0
20.56267,12.0287,39.73706,2601.51344,1.0262,33.17877,8.581272428697975,3.196749766556382,0.0
20.59183,12.04907,39.80699,2596.4901,1.02862,33.19015,8.464506824474487,3.1532515066951823,0.0
20.62093,12.0694,39.87681,2591.53134,1.02707,33.20155,8.349806888092827,3.110522762456055,0.0
20.64996,12.08971,39.94626,2586.63693,1.02161,33.21295,8.237439780368694,3.068663058272274,0.0
20.67894,12.10999,40.01508,2581.80648,1.01231,33.22435,8.127649355653153,3.027763236305803,0.0
20.70786,12.13025,40.08301,2577.03945,0.99925,33.23576,8.020657017067288,2.987905775044714,0.0
20.73672,12.15047,40.14982,2572.33517,0.98251,33.24719,7.916662693752962,2.9491651533548016,0.0
20.76553,12.17067,40.21526,2567.69283,0.96218,33.25862,7.815845913179996,2.911608249942228,0.0
20.79428,12.19084,40.2791,2563.11151,0.93836,33.27006,7.718366943738287,2.875294768999144,0.0
20.82297,12.21099,40.34111,2558.59018,0.91116,33.28151,7.624367985101111,2.840277683645342,0.0
20.85162,12.23111,40.40109,2554.1277,0.88068,33.29297,7.533974386267297,2.8066036896810203,0.0
20.8802,12.25121,40.45882,2549.72284,0.84704,33.30445,7.447295873462554,2.774313663012322,0.0
20.90874,12.27128,40.5141,2545.37429,0.81036,33.31594,7.364427772401651,2.743443114976172,0.0
20.93722,12.29132,40.56675,2541.08064,0.77076,33.32744,7.285452211582342,2.714022640598913,0.0
20.96565,12.31135,40.61659,2536.84043,0.72836,33.33895,7.210439295309757,2.6860783555787617,0.0
20.99404,12.33135,40.66344,2532.65213,0.68329,33.35048,7.139448237052965,2.6596323184909467,0.0
21.02237,12.35133,40.70715,2528.51412,0.63569,33.36202,7.0725284454589,2.634702935356471,0.0
21.05065,12.37128,40.74755,2524.42475,0.58569,33.37358,7.009720556866315,2.6113053442807255,0.0
21.07888,12.39121,40.78452,2520.38231,0.53342,33.38515,6.951057409580468,2.589451778396447,0.0
21.10706,12.41113,40.8179,2516.38502,0.47901,33.39674,6.896564956310661,2.5691519057707075,0.0
21.1352,12.43102,40.84759,2512.43108,0.42262,33.40835,6.846263112253459,2.5504131453382275,0.0
21.16329,12.45088,40.87346,2508.51862,0.36437,33.41997,6.800166537121787,2.533240958227792,0.0
21.19133,12.47073,40.89541,2504.64575,0.30441,33.43161,6.758285350204671,2.517639114140818,0.0
21.21932,12.49056,40.91335,2500.81053,0.24288,33.44327,6.720625778076241,2.503609932639999,0.0
21.24727,12.51036,40.92719,2497.01097,0.17993,33.45495,6.6871907350778415,2.4911544993941686,0.0
21.27517,12.53015,40.93685,2493.24505,0.11569,33.46665,6.657980337042907,2.4802728575543274,0.0
21.30302,12.54992,40.94227,2489.51074,0.0503,33.47836,6.632992348989394,2.470964174530859,0.0
21.33083,12.56966,40.94339,2485.80593,-0.01608,33.49009,6.6122225677055715,2.4632268845168,0.0
21.3586,12.58939,40.94017,2482.12851,-0.08331,33.50184,6.595665140247627,2.4570588071365798,0.0
21.38632,12.6091,40.93255,2478.47633,-0.15125,33.51361,6.58331281943754,2.4524572426257016,0.0
21.41399,12.62879,40.92053,2474.84719,-0.21975,33.5254,6.575157157430041,2.449419043939526,0.0
21.44162,12.64846,40.90407,2471.23888,-0.28867,33.53721,6.571188638437817,2.447940666196903,0.0
21.46921,12.66811,40.88318,2467.64915,-0.35785,33.54904,6.57139675160098,2.4480181938259684,0.0
21.49675,12.68774,40.85784,2464.07573,-0.42717,33.56088,6.575770004949412,2.4496473457654804,0.0
21.52425,12.70736,40.82807,2460.51629,-0.49646,33.57275,6.584295881346717,2.452823459052785,0.0
21.55171,12.72695,40.79389,2456.9685,-0.56559,33.58464,6.596960737210345,2.4575414510944005,0.0
21.57912,12.74653,40.75532,2453.42999,-0.6344,33.59654,6.613749644773789,2.4637957609045267,0.0
21.60649,12.76609,40.71241,2449.89837,-0.70276,33.60846,6.634646178639387,2.471580269590358,0.0
21.63382,12.78563,40.66519,2446.3712,-0.77051,33.62041,6.659632147333205,2.480888200349208,0.0
21.6611,12.80515,40.61373,2442.84604,-0.83751,33.63237,6.688687270679023,2.49171199828183,0.0
21.68834,12.82465,40.5581,2439.32042,-0.90362,33.64435,6.721788803853846,2.504043190343207,0.0
21.71553,12.84414,40.49835,2435.79182,-0.96869,33.65635,6.75891110914862,2.517872225812148,0.0
21.74269,12.8636,40.43459,2432.25774,-1.03258,33.66836,6.800025176700495,2.5331882977514444,0.0
21.7698,12.88305,40.36689,2428.71564,-1.09514,33.6804,6.8450980957139675,2.5499791460238366,0.0
21.79686,12.90248,40.29536,2425.16295,-1.15623,33.69245,6.8940924780720865,2.56823084257202,0.0
21.82388,12.92189,40.22012,2421.59711,-1.21571,33.70452,6.9469658366705005,2.5879275598317215,0.0
21.85086,12.94128,40.14127,2418.01553,-1.27344,33.7166,7.003669921387431,2.60905132336304,0.0
21.87779,12.96065,40.05895,2414.41564,-1.32927,33.7287,7.064150016172243,2.6315817499974483,0.0
21.90468,12.98,39.97329,2410.79483,-1.38307,33.74082,7.128344201507405,2.6554957730854665,0.0
21.93153,12.99933,39.88443,2407.15052,-1.43471,33.75295,7.196182587310429,2.6807673567324484,0.0
21.95833,13.01864,39.79253,2403.48014,-1.48405,33.7651,7.267586522234031,2.7073672012420893,0.0
21.98508,13.03794,39.69775,2399.7811,-1.53095,33.77726,7.342467786340389,2.735262442366343,0.0
22.01179,13.05721,39.60024,2396.05087,-1.5753,33.78944,7.420727775214353,2.7644163473661303,0.0
22.03845,13.07646,39.5002,2392.28692,-1.61696,33.80163,7.502256684665517,2.794788011291401,0.0
22.06507,13.09569,39.39779,2388.48677,-1.65582,33.81383,7.586932706435505,2.826332057360942,0.0
22.09164,13.1149,39.29321,2384.64795,-1.69174,33.82604,7.67462124646637,2.858998345746786,0.0
22.11817,13.13409,39.18666,2380.76808,-1.72463,33.83827,7.765174178544249,2.892731695536833,0.0
22.14464,13.15326,39.07833,2376.84481,-1.75438,33.85051,7.858429147277139,2.927471625075735,0.0
22.17107,13.1724,38.96843,2372.87587,-1.78087,33.86275,7.9542089354924315,2.9631521163038306,0.0
22.19746,13.19152,38.85717,2368.85907,-1.80402,33.87501,8.052320912097203,2.9997014090705765,0.0
22.22379,13.21062,38.74478,2364.79229,-1.82373,33.88727,8.152556577287811,3.037041831713157,0.0
22.25007,13.2297,38.63147,2360.67355,-1.83993,33.89954,8.254691222598984,3.075089674415821,0.0
22.27631,13.24875,38.51747,2356.50092,-1.85253,33.91182,8.358483723620527,3.113755111991407,0.0
22.30249,13.26778,38.40301,2352.27265,-1.86147,33.9241,8.463676483219919,3.152942182730262,0.0
22.32862,13.28679,38.28832,2347.98709,-1.8667,33.93639,8.569995542767119,3.1925488298344114,0.0
22.35471,13.30576,38.17364,2343.64273,-1.86816,33.94868,8.677150878043925,3.2324670116515777,0.0
22.38074,13.32472,38.05919,2339.23824,-1.86582,33.96098,8.784836895287008,3.272582886464265,0.0
22.40671,13.34365,37.94523,2334.77245,-1.85966,33.97328,8.892733141032142,3.3127770769254115,0.0
22.43264,13.36255,37.83197,2330.24434,-1.84965,33.98558,9.00050523709116,3.3529250183619035,0.0
22.45851,13.38142,37.71966,2325.65311,-1.8358,33.99788,9.107806049186825,3.3928973941218206,0.0
22.48432,13.40027,37.60854,2320.99815,-1.81812,34.01018,9.214277094352987,3.432560659868015,0.0
22.51009,13.41909,37.49883,2316.27906,-1.79664,34.02248,9.319550188276905,3.4717776572564802,0.0
22.53579,13.43788,37.39075,2311.49564,-1.77138,34.03478,9.423249329420354,3.5104083158210297,0.0
22.56144,13.45664,37.28455,2306.64794,-1.74241,34.04707,9.524992811974121,3.548310440104449,0.0
22.58703,13.47537,37.18042,2301.7362,-1.70978,34.05936,9.624395554598598,3.585340577175633,0.0
22.61256,13.49407,37.07859,2296.76093,-1.67358,34.07165,9.721071626692888,3.621354957731304,0.0
22.63804,13.51274,36.97925,2291.72287,-1.6339,34.08393,9.814636948601015,3.6562105019938644,0.0
22.66346,13.53138,36.88262,2286.62299,-1.59085,34.09621,9.904712136977471,3.689765879684938,0.0
22.68881,13.54999,36.78887,2281.46249,-1.54455,34.10847,9.990925461618303,3.721882611522742,0.0
22.71411,13.56857,36.69819,2276.24284,-1.49515,34.12073,10.072915875611525,3.7524261980328437,0.0
22.73935,13.58711,36.61075,2270.96571,-1.44279,34.13299,10.150336076791532,3.781267260020488,0.0
22.76452,13.60562,36.5267,2265.63302,-1.38764,34.14523,10.22285555545615,3.8082826739253797,0.0
22.78963,13.62409,36.4462,2260.24691,-1.32989,34.15746,10.290163581167228,3.833356684483497,0.0
22.81468,13.64253,36.36937,2254.80974,-1.26971,34.16968,10.351972080446929,3.8563819767446774,0.0
22.83967,13.66094,36.29634,2249.32406,-1.20731,34.18189,10.408018357257394,3.877260689522871,0.0
22.86459,13.67931,36.22723,2243.79261,-1.14291,34.19409,10.45806760948919,3.8959053528542955,0.0
22.88944,13.69765,36.16211,2238.21833,-1.07673,34.20628,10.501915197255904,3.9122397329968646,0.0
22.91424,13.71595,36.10107,2232.60431,-1.009,34.21845,10.539388622523617,3.9261995698942473,0.0
22.93896,13.73421,36.04418,2226.95378,-0.93996,34.23061,10.570349184493798,3.937733193849553,0.0
22.96363,13.75243,35.99149,2221.27011,-0.86986,34.24275,10.59469328104029,3.9468020103448507,0.0
22.98822,13.77062,35.94303,2215.55679,-0.79894,34.25488,10.612353333172187,3.9533808444279193,0.0
23.01275,13.78877,35.89881,2209.81737,-0.72747,34.267,10.623298316884462,3.957458138840596,0.0
23.03721,13.80689,35.85885,2204.0555,-0.65569,34.2791,10.627533894480887,3.959036002940018,0.0
23.06161,13.82496,35.82314,2198.27487,-0.58388,34.29119,10.62510214545916,3.958130112446257,0.0
23.08594,13.843,35.79164,2192.47922,-0.51227,34.30326,10.61608090486124,3.9547694629604058,0.0
23.1102,13.861,35.76432,2186.67228,-0.44114,34.31532,10.600582724610943,3.948995983035507,0.0
23.13439,13.87896,35.74111,2180.85778,-0.37074,34.32736,10.578753480418733,3.9408640152119263,0.0
23.15852,13.89688,35.72196,2175.03943,-0.30131,34.33939,10.550770653111583,3.930439675767514,0.0
23.18257,13.91476,35.70677,2169.22088,-0.23309,34.3514,10.516841318739438,3.917800105979374,0.0
23.20656,13.9326,35.69545,2163.40575,-0.16633,34.3634,10.477199886184195,3.9030326293236817,0.0
23.23049,13.9504,35.68789,2157.59753,-0.10125,34.37538,10.432105624274223,3.8862338302607777,0.0
23.25434,13.96817,35.68397,2151.79966,-0.03807,34.38735,10.38184002263438,3.8675085710823596,0.0
23.27813,13.98589,35.68355,2146.01546,0.023,34.3993,10.326704031407454,3.8469689636350903,0.0
23.30185,14.00358,35.6865,2140.24813,0.08175,34.41124,10.267015224933052,3.8247333127163574,0.0
23.3255,14.02123,35.69266,2134.50071,0.13801,34.42317,10.20310493328075,3.8009250474948977,0.0
23.34909,14.03883,35.70187,2128.77615,0.1916,34.43508,10.13531538342923,3.7756716565248016,0.0
23.37261,14.0564,35.71396,2123.0772,0.24234,34.44698,10.063996889075623,3.749103640875561,0.0
23.39606,14.07393,35.72875,2117.40648,0.2901,34.45887,9.989505124357763,3.721353498521868,0.0
23.41945,14.09142,35.74606,2111.76644,0.33474,34.47075,9.912198512863604,3.6925547516809276,0.0
23.44277,14.10888,35.7657,2106.15937,0.37613,34.48261,9.832435758763488,3.6628410270942657,0.0
23.46602,14.12629,35.78747,2100.58737,0.41417,34.49447,9.750573542341298,3.632345197552454,0.0
23.48921,14.14367,35.81118,2095.05239,0.44875,34.50631,9.666964397529487,3.601198591221056,0.0
23.51234,14.16101,35.83663,2089.55619,0.4798,34.51815,9.581954784379107,3.5695302735850025,0.0
23.5354,14.17831,35.86361,2084.10037,0.50725,34.52998,9.495883365047991,3.5374664052088205,0.0
23.5584,14.19558,35.89191,2078.68636,0.53104,34.5418,9.409079487625208,3.5051296769213613,0.0
23.58134,14.21281,35.92134,2073.3154,0.55114,34.55361,9.32186187839903,3.472638822651199,0.0
23.60421,14.23,35.95168,2067.98859,0.56751,34.56541,9.234537539677225,3.4401082088356936,0.0
23.62702,14.24716,35.98272,2062.70685,0.58014,34.57721,9.147400847301913,3.407647498221529,0.0
23.64977,14.26428,36.01426,2057.47095,0.58902,34.58901,9.060732839500641,3.375361384943028,0.0
23.67246,14.28136,36.0461,2052.2815,0.59416,34.6008,8.974800686579236,3.343349396968783,0.0
23.69509,14.29841,36.07804,2047.13898,0.59558,34.61258,8.889857329357616,3.311705761409491,0.0
23.71766,14.31543,36.10988,2042.0437,0.59331,34.62436,8.806141273023039,3.280519327722851,0.0
23.74017,14.33241,36.14141,2036.99585,0.58739,34.63614,8.723876522258553,3.2498735435472184,0.0
23.76262,14.34936,36.17246,2031.99547,0.57786,34.64792,8.6432726429859,3.219846477702451,0.0
23.78501,14.36627,36.20283,2027.0425,0.5648,34.6597,8.564524935990454,3.1905108848697763,0.0
23.80735,14.38315,36.23235,2022.13674,0.54825,34.67148,8.487814707691552,3.1619343064608554,0.0
23.82963,14.4,36.26082,2017.27788,0.52831,34.68325,8.41330962380376,3.134179202365914,0.0
23.85185,14.41682,36.28809,2012.46549,0.50504,34.69503,8.341164132045273,3.107303108423744,0.0
23.87401,14.4336,36.31398,2007.69905,0.47855,34.70681,8.271519940803273,3.0813588147371433,0.0
23.89612,14.45035,36.33834,2002.97793,0.44892,34.71859,8.204506541440384,3.056394560245812,0.0
23.91818,14.46707,36.36101,1998.30141,0.41627,34.73038,8.140241762795188,3.032454239292384,0.0
23.94018,14.48376,36.38185,1993.66868,0.38069,34.74217,8.078832347353202,3.0095776162612795,0.0
23.96213,14.50042,36.40071,1989.07885,0.34231,34.75396,8.020374539512332,2.9878005447230613,0.0
23.98402,14.51705,36.41746,1984.53094,0.30124,34.76575,7.964954677304244,2.9671551878662146,0.0
24.00586,14.53364,36.43197,1980.0239,0.25761,34.77755,7.912649779875899,2.9476702373494765,0.0
24.02765,14.55021,36.44413,1975.5566,0.21154,34.78936,7.863528123915481,2.9293711280356667,0.0
24.04938,14.56675,36.45382,1971.12785,0.16316,34.80117,7.817649803065809,2.9122802463878923,0.0
24.07107,14.58326,36.46093,1966.7364,0.11262,34.81299,7.775067265188511,2.896417130614596,0.0
24.0927,14.59974,36.46538,1962.38091,0.06004,34.82482,7.735825823066871,2.8817986609198023,0.0
24.11428,14.61619,36.46707,1958.06002,0.00556,34.83665,7.699964134837858,2.86843923847669,0.0
24.13581,14.63262,36.46593,1953.77229,-0.05066,34.84849,7.6675146510830325,2.8563509519807146,0.0
24.15729,14.64901,36.46187,1949.51623,-0.10849,34.86033,7.638504026043888,2.8455437308381493,0.0
24.17873,14.66538,36.45483,1945.2903,-0.16778,34.87219,7.612953490991875,2.8360254842562367,0.0
24.20011,14.68172,36.44476,1941.09291,-0.22837,34.88405,7.590879188196818,2.8278022256552156,0.0
24.22144,14.69803,36.43161,1936.92244,-0.29012,34.89592,7.57229246438181,2.820878181987989,0.0
24.24273,14.71431,36.41532,1932.7772,-0.35288,34.9078,7.557200122898896,2.8152558876822,0.0
24.26396,14.73057,36.39588,1928.65548,-0.41648,34.91969,7.545604634193415,2.8109362630437382,0.0
24.28515,14.7468,36.37326,1924.55553,-0.48079,34.93159,7.537504304442833,2.8079186770791438,0.0
24.30629,14.763,36.34743,1920.47554,-0.54564,34.9435,7.532893402464418,2.8062009947720514,0.0
24.32738,14.77917,36.31839,1916.41369,-0.61087,34.95542,7.531762245310974,2.8057796089698575,0.0
24.34842,14.79532,36.28614,1912.36812,-0.67634,34.96734,7.534097243125366,2.806649457093209,0.0
24.36942,14.81144,36.25067,1908.33694,-0.74189,34.97928,7.539880904118539,2.808804022990445,0.0
24.39036,14.82754,36.21202,1904.31822,-0.80735,34.99122,7.549091800681905,2.8122353243135736,0.0
24.41127,14.84361,36.17018,1900.31002,-0.87258,35.00317,7.561704497918756,2.816933885894337,0.0
24.43212,14.85965,36.12521,1896.31036,-0.93742,35.01514,7.577689446073251,2.8228886996711853,0.0
24.45293,14.87567,36.07712,1892.31725,-1.00171,35.02711,7.597012838577981,2.830087171808253,0.0
24.47368,14.89165,36.02598,1888.32867,-1.0653,35.03909,7.619636437686155,2.8385150577387663,0.0
24.4944,14.90762,35.97182,1884.34261,-1.12804,35.05108,7.645517369913279,2.84815638596168,0.0
24.51506,14.92355,35.91471,1880.35701,-1.18978,35.06307,7.674607893828144,2.858993371537718,0.0
24.53568,14.93946,35.85471,1876.36983,-1.25036,35.07508,7.706855142990306,2.871006320326813,0.0
24.55625,14.95534,35.7919,1872.37899,-1.30965,35.08709,7.742200847212411,2.8841735251509966,0.0
24.57677,14.9712,35.72636,1868.38245,-1.36748,35.09911,7.7805810356431815,2.8984711551849927,0.0
24.59725,14.98703,35.65816,1864.37814,-1.42372,35.11114,7.821925725557069,2.9138731400221785,0.0
24.61768,15.00283,35.58742,1860.36399,-1.47822,35.12318,7.866158601119867,2.9303510500063217,0.0
24.63806,15.01861,35.51422,1856.33797,-1.53086,35.13522,7.913196686810885,2.947873974572747,0.0
24.6584,15.03436,35.43868,1852.29804,-1.58149,35.14727,7.9629500206081385,2.9664084005012223,0.0
24.67868,15.05008,35.3609,1848.24217,-1.62997,35.15932,8.015321332441587,2.985918092131328,0.0
24.69892,15.06577,35.281,1844.16838,-1.67619,35.17138,8.07020573385231,3.0063639757523357,0.0
24.71911,15.08143,35.19911,1840.07471,-1.72003,35.18345,8.1274904251859,3.0277040305250393,0.0
24.73926,15.09707,35.11535,1835.95921,-1.76135,35.19551,8.187054427008016,3.0498931884269878,0.0
24.75935,15.11268,35.02986,1831.82001,-1.80005,35.20758,8.248768342803949,3.0728832458518234,0.0
24.7794,15.12826,34.94278,1827.65526,-1.83602,35.21966,8.312494160244208,3.09662278957549,0.0
24.79939,15.14382,34.85424,1823.46316,-1.86916,35.23174,8.378085098544226,3.1210571398936984,0.0
24.81934,15.15934,34.7644,1819.242,-1.89937,35.24382,8.445385509571611,3.1461283137817873,0.0
24.83924,15.17484,34.6734,1814.9901,-1.92656,35.2559,8.514230840346366,3.1717750109250553,0.0
24.85909,15.1903,34.5814,1810.70587,-1.95065,35.26798,8.584447664528819,3.197932625448854,0.0
24.87889,15.20574,34.48855,1806.3878,-1.97158,35.28006,8.655853790197135,3.2245332860685423,0.0
24.89863,15.22114,34.39501,1802.03447,-1.98927,35.29214,8.728258450899487,3.2515059272614475,0.0
24.91833,15.23652,34.30095,1797.64453,-2.00366,35.30422,8.80146258638418,3.278776393846221,0.0
24.93798,15.25187,34.20651,1793.21677,-2.01472,35.31629,8.875259218689411,3.306267581086176,0.0
24.95757,15.26718,34.11187,1788.75005,-2.0224,35.32837,8.94943392841837,3.3338996121142848,0.0
24.97712,15.28246,34.01719,1784.24336,-2.02667,35.34044,9.023765434904385,3.3615900540599686,0.0
24.99661,15.29771,33.92263,1779.69581,-2.02751,35.3525,9.098026282719863,3.3892541737917337,0.0
25.01605,15.31293,33.82835,1775.10664,-2.02493,35.36456,9.17198363559033,3.4168052336710524,0.0
25.03543,15.32812,33.73452,1770.4752,-2.01893,35.37661,9.245400177093984,3.4441548270866282,0.0
25.05477,15.34328,33.64128,1765.80099,-2.00951,35.38866,9.31803511589244,3.471213252929314,0.0
25.07404,15.3584,33.54881,1761.08367,-1.99671,35.4007,9.389645291303575,3.4978899274470736,0.0
25.09327,15.37349,33.45725,1756.323,-1.98057,35.41273,9.459986373139554,3.524093831216227,0.0
25.11244,15.38854,33.36676,1751.51894,-1.96114,35.42476,9.52881414775172,3.549733988227,0.0
25.13155,15.40356,33.27748,1746.67155,-1.93848,35.43677,9.595885880220921,3.574719973335269,0.0
25.15061,15.41855,33.18956,1741.78108,-1.91266,35.44877,9.660961740736516,3.598962443626269,0.0
25.16961,15.4335,33.10313,1736.84792,-1.88379,35.46076,9.723806281354102,3.622373688545701,0.0
25.18856,15.44841,33.01832,1731.87261,-1.85195,35.47274,9.784189947671546,3.644868193038829,0.0
25.20745,15.46329,32.93526,1726.85584,-1.81725,35.48471,9.84189060846059,3.6663632073785037,0.0
25.22628,15.47814,32.85407,1721.79847,-1.77982,35.49666,9.896695085122179,3.6867793169275127,0.0
25.24506,15.49294,32.77487,1716.70149,-1.7398,35.5086,9.94840066189583,3.7060410047313,0.0
25.26378,15.50771,32.69775,1711.56605,-1.69733,35.52053,9.996816557211293,3.7240771996351842,0.0
25.28243,15.52244,32.62281,1706.39343,-1.65255,35.53244,10.041765336391311,3.7408218025532993,0.0
25.30103,15.53714,32.55015,1701.18504,-1.60565,35.54434,10.083084246129868,3.756214183596857,0.0
25.31958,15.5518,32.47983,1695.94243,-1.55678,35.55621,10.120626451802247,3.7701996430046987,0.0
25.33806,15.56641,32.41194,1690.66728,-1.50615,35.56808,10.154262159723372,3.7827298292140568,0.0
25.35648,15.58099,32.34654,1685.36138,-1.45392,35.57992,10.183879607922663,3.793763107950255,0.0
25.37484,15.59553,32.28367,1680.0266,-1.4003,35.59175,10.20938591080857,3.803264876886475,0.0
25.39314,15.61003,32.22338,1674.66496,-1.3455,35.60356,10.23070774527471,3.811207821236341,0.0
25.41138,15.6245,32.16571,1669.27851,-1.28972,35.61535,10.24779186825603,3.817572106557212,0.0
25.42956,15.63892,32.11067,1663.86942,-1.23318,35.62713,10.260605458395096,3.822345506029861,0.0
25.44768,15.6533,32.05829,1658.43991,-1.17608,35.63888,10.269136277344357,3.8255234605478163,0.0
25.46573,15.66764,32.00856,1652.99226,-1.11864,35.65062,10.27339264915136,3.827109071037807,0.0
25.48373,15.68194,31.96147,1647.52878,-1.0611,35.66233,10.273403259124569,3.827113023531993,0.0
25.50166,15.6962,31.91702,1642.05185,-1.00365,35.67403,10.269216776470286,3.8255534485902842,0.0
25.51953,15.71042,31.87517,1636.56383,-0.94652,35.68571,10.260901307742515,3.8224557176960396,0.0
25.53734,15.72459,31.8359,1631.06711,-0.88993,35.69737,10.248543690737314,3.81785218021313,0.0
25.55509,15.73873,31.79916,1625.5641,-0.83409,35.70901,10.23224864072537,3.811781845335111,0.0
25.57277,15.75282,31.76489,1620.05718,-0.7792,35.72063,10.212137763019038,3.8042900142404634,0.0
25.59039,15.76688,31.73304,1614.5487,-0.72548,35.73223,10.188348447385476,3.7954278682323963,0.0
25.60795,15.78089,31.70354,1609.041,-0.67311,35.74381,10.161032661275355,3.7852520191847883,0.0
25.62545,15.79486,31.67631,1603.53639,-0.6223,35.75537,10.130355659615356,3.773824028905947,0.0
25.64289,15.80878,31.65126,1598.0371,-0.57323,35.76691,10.096494629482878,3.761209904244276,0.0
25.66026,15.82267,31.62831,1592.54532,-0.52607,35.77844,10.059637288133233,3.747479574816517,0.0
25.67757,15.83651,31.60736,1587.0632,-0.48099,35.78995,10.01998045257398,3.7327063601365533,0.0
25.69482,15.85032,31.58831,1581.59277,-0.43816,35.80144,9.977728598367467,3.716966432731435,0.0
25.71201,15.86408,31.57104,1576.13603,-0.39771,35.81291,9.933092424452166,3.700338283499567,0.0
25.72913,15.8778,31.55545,1570.69487,-0.3598,35.82436,9.886287439641503,3.6829021951443273,0.0
25.7462,15.89147,31.54141,1565.27111,-0.32456,35.8358,9.837532585170695,3.6647397290365245,0.0
25.7632,15.90511,31.52881,1559.86647,-0.29209,35.84722,9.787048906095702,3.645933230275551,0.0
25.78014,15.9187,31.51751,1554.48257,-0.26251,35.85862,9.735058282758436,3.626565355126789,0.0
25.79702,15.93226,31.5074,1549.12093,-0.23591,35.87001,9.681782231837602,3.6067186243815144,0.0
25.81384,15.94577,31.49834,1543.783,-0.21238,35.88139,9.627440784740587,3.586475005528351,0.0
25.8306,15.95924,31.49019,1538.47008,-0.19199,35.89275,9.57225144939887,3.565915525994755,0.0
25.8473,15.97267,31.48283,1533.1834,-0.1748,35.90409,9.51642825983901,3.5451199190871914,0.0
25.86394,15.98606,31.47611,1527.92409,-0.16087,35.91543,9.460180916295425,3.5241663036605266,0.0
25.88052,15.99941,31.46991,1522.69315,-0.15023,35.92675,9.403714017151293,3.503130897995803,0.0
25.89705,16.01272,31.46409,1517.49149,-0.14291,35.93805,9.347226382573567,3.4820877678364845,0.0
25.91351,16.02599,31.45851,1512.31991,-0.13892,35.94935,9.290910468525954,3.4611086080928715,0.0
25.92991,16.03922,31.45304,1507.17913,-0.13829,35.96063,9.2349518686794,3.440262557290656,0.0
25.94626,16.05241,31.44755,1502.06973,-0.14099,35.97191,9.179528900841289,3.419616043504911,0.0
25.96255,16.06557,31.44191,1496.99223,-0.14702,35.98317,9.124812273728585,3.3992326602243237,0.0
25.97878,16.07868,31.43599,1491.94702,-0.15635,35.99443,9.070964829219829,3.379173070333277,0.0
25.99496,16.09175,31.42966,1486.93442,-0.16895,36.00567,9.018141354789226,3.3594949362386175,0.0
26.01108,16.10479,31.42279,1481.95463,-0.18477,36.01691,8.966488460390735,3.340252874005734,0.0
26.02714,16.11778,31.41528,1477.00778,-0.20376,36.02814,8.9161445138702,3.3214984292978804,0.0
26.04315,16.13074,31.407,1472.09389,-0.22586,36.03937,8.867239628831024,3.3032800728558187,0.0
26.0591,16.14366,31.39783,1467.21292,-0.25101,36.05058,8.819895698854427,3.285643213245767,0.0
26.07499,16.15655,31.38768,1462.36472,-0.27912,36.06179,8.774226472044576,3.2686302246294217,0.0
26.09083,16.16939,31.37643,1457.54907,-0.31011,36.073,8.730337660006755,3.2522804873611895,0.0
26.10662,16.1822,31.36398,1452.76567,-0.34389,36.0842,8.68832707555898,3.23663043928939,0.0
26.12235,16.19498,31.35024,1448.01415,-0.38037,36.0954,8.648284793753598,3.2217136357410427,0.0
26.13803,16.20771,31.33511,1443.29405,-0.41943,36.10659,8.61029333106284,3.207560816273191,0.0
26.15366,16.22041,31.31851,1438.60485,-0.46097,36.11778,8.574427837920508,3.1941999763997537,0.0
26.16923,16.23307,31.30036,1433.94596,-0.50487,36.12897,8.540756300177582,3.1816564426390355,0.0
26.18475,16.2457,31.28058,1429.31672,-0.55101,36.14015,8.509339745352033,3.169952949347211,0.0
26.20022,16.25829,31.2591,1424.71641,-0.59927,36.15133,8.480232450003129,3.1591097159707116,0.0
26.21564,16.27085,31.23586,1420.14426,-0.64951,36.16251,8.453482144849119,3.149144523457954,0.0
26.231,16.28337,31.21079,1415.59941,-0.70161,36.17369,8.429130214718889,3.140072788746599,0.0
26.24631,16.29585,31.18384,1411.08098,-0.75542,36.18486,8.407211890719477,3.1319076363510048,0.0
26.26158,16.3083,31.15496,1406.58801,-0.8108,36.19604,8.387756432412264,3.124659966227652,0.0
26.27679,16.32072,31.12411,1402.11951,-0.86761,36.20722,8.370787298130185,3.1183385172227833,0.0
26.29195,16.3331,31.09126,1397.67442,-0.92571,36.21839,8.356322301916672,3.1129499255362933,0.0
26.30706,16.34545,31.05636,1393.25164,-0.98494,36.22957,8.344373755870436,3.1084987777489026,0.0
26.32212,16.35776,31.0194,1388.85005,-1.04515,36.24074,8.334948597043974,3.104987658095191,0.0
26.33713,16.37004,30.98036,1384.46846,-1.1062,36.25192,8.32804849830705,3.1024171897631634,0.0
26.35209,16.38228,30.93921,1380.10566,-1.16792,36.26309,8.323669962887397,3.1007860701131422,0.0
26.367,16.39449,30.89596,1375.76038,-1.23016,36.27427,8.321804402612395,3.1000910998248585,0.0
26.38186,16.40667,30.85061,1371.43134,-1.29277,36.28545,8.322438200089392,3.1003272060612557,0.0
26.39667,16.41881,30.80314,1367.11723,-1.35559,36.29662,8.325552755382514,3.101487459856825,0.0
26.41144,16.43092,30.75358,1362.8167,-1.41846,36.3078,8.331124517944598,3.1035630880130975,0.0
26.42615,16.443,30.70194,1358.52837,-1.48123,36.31898,8.339125004855456,3.1065434798928724,0.0
26.44082,16.45504,30.64824,1354.25085,-1.54374,36.33016,8.349520806582806,3.1104161895663154,0.0
26.45544,16.46705,30.5925,1349.98274,-1.60585,36.34134,8.362273581784375,3.1151669338746104,0.0
26.47,16.47902,30.53476,1345.7226,-1.66739,36.35252,8.377340042838677,3.1207795870397854,0.0
26.48453,16.49096,30.47504,1341.46898,-1.72821,36.3637,8.39467193400681,3.1272361725294173,0.0
26.499,16.50287,30.4134,1337.22045,-1.78817,36.37488,8.414216004339997,3.1345168529639693,0.0
26.51342,16.51475,30.34988,1332.97553,-1.84712,36.38606,8.435913977635803,3.142599918924694,0.0
26.5278,16.52659,30.28452,1328.73278,-1.90492,36.39724,8.459702521895665,3.151461777575762,0.0
26.54212,16.5384,30.21739,1324.49072,-1.96142,36.40842,8.485513220937682,3.1610769420892773,0.0
26.5564,16.55017,30.14854,1320.2479,-2.01649,36.4196,8.513272550940961,3.1714180229074294,0.0
26.57063,16.56191,30.07805,1316.00287,-2.07,36.43077,8.54290186480753,3.182455721916894,0.0
26.58482,16.57362,30.00596,1311.7542,-2.1218,36.44195,8.57431738736761,3.1941588306626705,0.0
26.59895,16.58529,29.93237,1307.50047,-2.17179,36.45312,8.607430224505874,3.2064942337478537,0.0
26.61304,16.59693,29.85734,1303.24027,-2.21983,36.4643,8.642146389316382,3.2194269185770383,0.0
26.62708,16.60854,29.78096,1298.97222,-2.26582,36.47547,8.67836684844885,3.232919992621519,0.0
26.64107,16.62011,29.7033,1294.69499,-2.30965,36.48663,8.715987591721365,3.2469347093518603,0.0
26.65501,16.63165,29.62446,1290.40725,-2.3512,36.4978,8.754899728076193,3.2614305039839597,0.0
26.6689,16.64316,29.54452,1286.10773,-2.3904,36.50896,8.794989610764796,3.276365040113762,0.0
26.68274,16.65463,29.46357,1281.79518,-2.42714,36.52011,8.836138994534078,3.2916942682732686,0.0
26.69654,16.66606,29.3817,1277.46841,-2.46135,36.53126,8.878225227356994,3.307372497355235,0.0
26.71029,16.67746,29.29902,1273.12629,-2.49295,36.54241,8.921121478948802,3.3233524797414913,0.0
26.72398,16.68883,29.2156,1268.76772,-2.52187,36.55355,8.964697008041872,3.3395855108698345,0.0
26.73763,16.70016,29.13157,1264.39168,-2.54806,36.56468,9.008817469938332,3.356021543805484,0.0
26.75123,16.71146,29.047,1259.99719,-2.57147,36.57581,9.053345265476779,3.3726093192403677,0.0
26.76478,16.72272,28.96201,1255.58335,-2.59205,36.58692,9.098139932012058,3.3892965111433697,0.0
26.77828,16.73395,28.87669,1251.14933,-2.60978,36.59804,9.143058576522519,3.4060298881041846,0.0
26.79173,16.74514,28.79113,1246.69438,-2.62464,36.60914,9.187956350281691,3.422755490161001,0.0
26.80513,16.75629,28.70545,1242.21781,-2.6366,36.62023,9.232686964027959,3.4394188207147662,0.0
26.81848,16.76741,28.61974,1237.71902,-2.64567,36.63131,9.277103241798306,3.455965052846824,0.0
26.83178,16.7785,28.53409,1233.19749,-2.65186,36.64239,9.321057710995841,3.472339249134594,0.0
26.84503,16.78954,28.4486,1228.6528,-2.65519,36.65345,9.364403225555122,3.488486593797053,0.0
26.85823,16.80055,28.36337,1224.08459,-2.65567,36.6645,9.406993618372503,3.5043526357422063,0.0
26.87137,16.81153,28.27848,1219.49261,-2.65336,36.67554,9.448684378573935,3.519883540867159,0.0
26.88447,16.82246,28.19403,1214.8767,-2.64831,36.68656,9.48933334850889,3.5350263517066987,0.0
26.89751,16.83336,28.11011,1210.23678,-2.64056,36.69758,9.528801434774158,3.5497292523083597,0.0
26.91051,16.84422,28.02679,1205.57288,-2.63019,36.70858,9.56695332715755,3.563941836057877,0.0
26.92345,16.85505,27.94417,1200.88512,-2.61729,36.71956,9.603658218793806,3.577615373956204,0.0
26.93634,16.86583,27.8623,1196.17369,-2.60193,36.73053,9.638790520622141,3.5907030807737543,0.0
26.94917,16.87658,27.78128,1191.43891,-2.58423,36.74148,9.672230562894937,3.6031603763808366,0.0
26.96196,16.88729,27.70117,1186.68116,-2.56428,36.75242,9.703865276382022,3.614945139514183,0.0
26.97469,16.89796,27.62203,1181.90093,-2.54221,36.76335,9.733588845884269,3.6260179512279516,0.0
26.98737,16.90859,27.54392,1177.09879,-2.51814,36.77425,9.761303328796574,3.636342325324718,0.0
26.99999,16.91918,27.46689,1172.27538,-2.4922,36.78514,9.78691923164622,3.6458849231311783,0.0
27.01256,16.92973,27.39101,1167.43146,-2.46455,36.79601,9.810356037949367,3.6546157501385874,0.0
27.02508,16.94025,27.3163,1162.56784,-2.43532,36.80686,9.831542681162716,3.662508332189692,0.0
27.03755,16.95072,27.24282,1157.6854,-2.40467,36.8177,9.850417957107076,3.6695398691173673,0.0
27.04996,16.96115,27.1706,1152.78513,-2.37277,36.82851,9.866930870965513,3.6756913640105466,0.0
27.06232,16.97154,27.09965,1147.86804,-2.33979,36.83931,9.881040914741966,3.6809477265748716,0.0
27.07462,16.9819,27.03001,1142.93524,-2.30588,36.85008,9.892718271897435,3.685297849365041,0.0
27.08687,16.99221,26.9617,1137.98788,-2.27124,36.86084,9.90194394688587,3.6887346560403516,0.0
27.09906,17.00248,26.89472,1133.02716,-2.23603,36.87158,9.908709818222107,3.691255121133889,0.0
27.1112,17.01271,26.82908,1128.05434,-2.20045,36.8823,9.913018614709635,3.6928602611967514,0.0
27.12328,17.0229,26.76478,1123.07071,-2.16466,36.893,9.914883815515035,3.69355509757315,0.0
27.13531,17.03305,26.70182,1118.07761,-2.12886,36.90367,9.914329475645365,3.6933485913861386,0.0
27.14729,17.04315,26.64018,1113.07639,-2.09324,36.91433,9.91138997941097,3.6922535516960253,0.0
27.15921,17.05322,26.57985,1108.06845,-2.05796,36.92497,9.90610972528259,3.690286518101356,0.0
27.17107,17.06324,26.5208,1103.05518,-2.02322,36.93558,9.898542746361029,3.687467619353878,0.0
27.18288,17.07323,26.46301,1098.03801,-1.98919,36.94618,9.888752271394765,3.6838204098260436,0.0
27.19464,17.08317,26.40644,1093.01837,-1.95605,36.95676,9.876810231911326,3.679371685904493,0.0
27.20634,17.09306,26.35107,1087.99767,-1.92398,36.96731,9.862796721486667,3.6741512845536577,0.0
27.21798,17.10292,26.29685,1082.97736,-1.89314,36.97785,9.84679941361559,3.668191866457179,0.0
27.22957,17.11274,26.24372,1077.95884,-1.8637,36.98836,9.828912944868732,3.6615286862276575,0.0
27.2411,17.12251,26.19166,1072.94352,-1.83581,36.99886,9.809238270237778,3.6541993522557807,0.0
27.25258,17.13224,26.14059,1067.93278,-1.80963,37.00934,9.787881997507188,3.646243578746284,0.0
27.26401,17.14193,26.09047,1062.92799,-1.7853,37.01979,9.764955707539693,3.6377029325063974,0.0
27.27537,17.15158,26.04122,1057.93048,-1.76296,37.03023,9.740575267083804,3.628620576948583,0.0
27.28669,17.16118,25.9928,1052.94155,-1.74274,37.04065,9.71486014048695,3.6190410156855526,0.0
27.29795,17.17074,25.94514,1047.96247,-1.72476,37.05105,9.687932706348652,3.6090098379656044,0.0
27.30915,17.18026,25.89815,1042.99447,-1.70915,37.06144,9.659917584716707,3.5985734680354917,0.0
27.3203,17.18974,25.85179,1038.03873,-1.69599,37.0718,9.63094097994824,3.587778920338881,0.0
27.3314,17.19918,25.80596,1033.09641,-1.68539,37.08215,9.601130043823034,3.576673562259305,0.0
27.34244,17.20858,25.76061,1028.16858,-1.67744,37.09248,9.570612262968643,3.565304885919903,0.0
27.35343,17.21793,25.71565,1023.25631,-1.67221,37.1028,9.539514874054266,3.5537202903277527,0.0
27.36436,17.22724,25.671,1018.36056,-1.66977,37.1131,9.507964309644988,3.5419668749399844,0.0
27.37524,17.23652,25.6266,1013.48229,-1.67018,37.12338,9.476085677001846,3.5300912455031086,0.0
27.38606,17.24575,25.58236,1008.62238,-1.67348,37.13365,9.444002271592073,3.5181393328227664,0.0
27.39684,17.25493,25.53821,1003.78164,-1.67971,37.1439,9.411835126483433,3.506156224901273,0.0
27.40756,17.26408,25.49407,998.96085,-1.6889,37.15414,9.379702598317568,3.494186012701789,0.0
