0.04565,0.04565,56.87755,4827.6574,-0.5513,45.0001,2.6521113713861237,0.9879812670912363,0.0
0.09128,0.09128,56.80467,4826.314,-0.60221,45.00026,2.6779478378564767,0.9976060306497886,0.0
0.1369,0.1369,56.72539,4824.96824,-0.6527,45.00048,2.7064623327306663,1.0082284302519384,0.0
0.18251,0.18251,56.6398,4823.61847,-0.70271,45.00074,2.737709519848845,1.0198688296164342,0.0
0.2281,0.22811,56.54794,4822.26304,-0.75219,45.00106,2.7717487126536002,1.0325493245612705,0.0
0.27369,0.27369,56.4499,4820.90022,-0.80109,45.00144,2.8086438029784526,1.0462937164755295,0.0
0.31926,0.31927,56.34576,4819.52825,-0.84937,45.00187,2.8484631699567178,1.0611274783855338,0.0
0.36481,0.36483,56.2356,4818.14531,-0.89697,45.00235,2.8912795652874297,1.0770777122133868,0.0
0.41036,0.41037,56.11952,4816.74954,-0.94383,45.00288,2.9371699707108965,1.0941730956828641,0.0
0.45588,0.45591,55.99761,4815.33898,-0.98991,45.00347,2.9862154230893996,1.112443817157374,0.0
0.5014,0.50143,55.86998,4813.91167,-1.03513,45.00411,3.0385008020434894,1.1319214965288886,0.0
0.5469,0.54694,55.73675,4812.46553,-1.07946,45.00481,3.0941145746355034,1.1526390901058374,0.0
0.59239,0.59244,55.59804,4810.99845,-1.12282,45.00556,3.153148491100422,1.1746307772648443,0.0
0.63786,0.63793,55.45397,4809.50825,-1.16515,45.00636,3.2156972251592433,1.1979318264579968,0.0
0.68332,0.6834,55.30469,4807.99266,-1.20639,45.00721,3.2818579519650246,1.2225784379866405,0.0
0.72877,0.72886,55.15034,4806.44935,-1.24648,45.00811,3.351729856307724,1.2486075607947444,0.0
0.7742,0.77431,54.99107,4804.87594,-1.28535,45.00907,3.4254135632461815,1.2760566803643305,0.0
0.81961,0.81974,54.82705,4803.26993,-1.32293,45.01008,3.5030104830138162,1.3049635746756116,0.0
0.86501,0.86516,54.65844,4801.62879,-1.35915,45.01114,3.5846220617274644,1.3353660350763161,0.0
0.91039,0.91057,54.48544,4799.9499,-1.39394,45.01225,3.670348929247487,1.3673015488371614,0.0
0.95576,0.95596,54.30821,4798.23054,-1.42722,45.01341,3.7602899354711723,1.4008069401457828,0.0
1.0011,1.00134,54.12697,4796.46797,-1.45902,45.01819,3.85454425545566,1.4359191543204188,2.999999948825517
1.04643,1.04671,53.9419,4794.65935,-1.48915,45.02312,3.9532073574144486,1.4726737557825171,2.999999948825517
1.09174,1.09206,53.75323,4792.80177,-1.51755,45.02819,4.056366375010106,1.5111032041140087,2.999999948825517
1.13702,1.1374,53.56119,4790.89224,-1.54414,45.03341,4.164101569646475,1.5512373987996304,2.999999948825517
1.18229,1.18274,53.36601,4788.92772,-1.56882,45.03878,4.2764847006105535,1.5931030720618882,2.999999948825517
1.22753,1.22805,53.16795,4786.9051,-1.59152,45.04432,4.393577231702946,1.6367231207837183,2.999999948825517
1.27275,1.27336,52.96725,4784.82122,-1.61215,45.05002,4.515428381933372,1.682115880341271,2.999999948825517
1.31795,1.31865,52.7642,4782.67289,-1.63064,45.05588,4.642073020483265,1.7292943404220928,2.999999948825517
1.36312,1.36392,52.55906,4780.45686,-1.64688,45.06192,4.77352940920788,1.7782653040477658,2.999999948825517
1.40826,1.40919,52.35213,4778.16987,-1.6608,45.06813,4.9097967995775855,1.8290284923713065,2.999999948825517
1.45338,1.45443,52.14371,4775.80864,-1.67231,45.07452,5.050852895239114,1.8815755994144707,2.999999948825517
1.49848,1.49967,51.93412,4773.36988,-1.68132,45.08109,5.196651196293659,1.935889302741466,2.999999948825517
1.54354,1.54488,51.72367,4770.85032,-1.68775,45.08786,5.347118246923258,1.9919422381273648,2.999999948825517
1.58858,1.59008,51.51269,4768.24673,-1.69152,45.09481,5.5021508142054145,2.049695948592314,2.999999948825517
1.63359,1.63526,51.30153,4765.55589,-1.69254,45.10197,5.661613032660102,2.1090998206701674,2.999999948825517
1.67857,1.68043,51.09054,4762.77468,-1.69074,45.10932,5.8253335562922395,2.170090023469373,2.999999948825517
1.72352,1.72557,50.88008,4759.90005,-1.68604,45.11688,5.993102767413493,2.232588468885654,2.999999948825517
1.76843,1.7707,50.67052,4756.92906,-1.67836,45.12464,6.164670099223097,2.2965018141929154,2.999999948825517
1.81332,1.81581,50.46223,4753.85891,-1.66765,45.13262,6.339741536648627,2.3617205310406764,2.999999948825517
1.85817,1.86089,50.25561,4750.68695,-1.65384,45.14081,6.517977367223792,2.428118067596871,2.999999948825517
1.90298,1.90596,50.05104,4747.41074,-1.63688,45.14921,6.698990260159154,2.4955501329511476,2.999999948825517
1.94776,1.951,49.84891,4744.02804,-1.61671,45.15784,6.882343757130782,2.563854134893932,2.999999948825517
1.9925,1.99602,49.64964,4740.53685,-1.5933,45.16668,7.0675512621083465,2.6328488036008144,2.999999948825517
2.0372,2.04102,49.45362,4736.93546,-1.56661,45.17575,7.2540756192456834,2.7023340343856774,2.999999948825517
2.08186,2.08599,49.26126,4733.22246,-1.53663,45.18504,7.4413293671767216,2.772090982432621,2.999999948825517
2.12648,2.13094,49.07298,4729.39679,-1.50335,45.19455,7.628675754349569,2.841882441034624,2.999999948825517
2.17106,2.17586,48.88917,4725.45775,-1.46675,45.20428,7.815430593048992,2.911453532265698,2.999999948825517
2.2156,2.22076,48.71024,4721.40502,-1.42687,45.21423,8.000865019049494,2.9805327350242763,2.999999948825517
2.26009,2.26562,48.5366,4717.23873,-1.38373,45.22441,8.184209209285985,3.0488332699633474,2.999999948825517
2.30453,2.31046,48.36863,4712.95945,-1.33737,45.2348,8.364657091424133,3.1160548539293327,2.999999948825517
2.34893,2.35527,48.20673,4708.56822,-1.28784,45.2454,8.54137205689189,3.181885828216648,2.999999948825517
2.39328,2.40005,48.05128,4704.06657,-1.23521,45.25621,8.713493663144131,3.2460056553376306,2.999999948825517
2.43758,2.44479,47.90264,4699.45653,-1.17959,45.26723,8.880145282232231,3.3080877683159455,2.999999948825517
2.48183,2.48951,47.76116,4694.74067,-1.12106,45.27845,9.040442621985544,3.367802745050901,2.999999948825517
2.52603,2.53419,47.62719,4689.92204,-1.05974,45.28986,9.193503014307206,3.424821768452019,2.999999948825517
2.57017,2.57884,47.50105,4685.00426,-0.99578,45.30145,9.33845533340415,3.478820321240684,2.999999948825517
2.61426,2.62345,47.38303,4679.99144,-0.92933,45.31322,9.474450376843995,3.529482053166972,2.999999948825517
2.6583,2.66802,47.27342,4674.8882,-0.86054,45.32516,9.60067151531122,3.5765027483240432,2.999999948825517
2.70228,2.71256,47.17248,4669.69965,-0.78961,45.33725,9.716345394637068,3.6195943119358613,2.999999948825517
2.7462,2.75706,47.08044,4664.43137,-0.71674,45.3495,9.820752457275978,3.6584886898840057,2.999999948825517
2.79006,2.80153,46.9975,4659.08937,-0.64212,45.36188,9.91323704124635,3.6929416308288268,2.999999948825517
2.83387,2.84595,46.92385,4653.68006,-0.56598,45.37438,9.993216813548251,3.722736200405745,2.999999948825517
2.87761,2.89034,46.85964,4648.21022,-0.48856,45.38699,10.060191302795838,3.7476859598553403,2.999999948825517
2.92129,2.93468,46.80498,4642.68695,-0.4101,45.39971,10.113749312353766,3.767637727611711,2.999999948825517
2.96492,2.97899,46.75997,4637.11758,-0.33083,45.41251,10.153575020516701,3.7824738517798515,2.999999948825517
3.00848,3.02325,46.72467,4631.5097,-0.25103,45.42538,10.179452607097275,3.792113933661397,2.999999948825517
3.05198,3.06747,46.6991,4625.87103,-0.17094,45.43831,10.191269285398246,3.7965159572440257,2.999999948825517
3.09541,3.11165,46.68326,4620.20939,-0.09082,45.45129,10.189016662847504,3.795676796073809,2.999999948825517
3.13879,3.15579,46.67711,4614.53264,-0.01094,45.4643,10.172790401121322,3.7896320866421647,2.999999948825517
3.1821,3.19988,46.68059,4608.84865,0.06844,45.47732,10.142788194976944,3.7784554754478314,2.999999948825517
3.22534,3.24393,46.69359,4603.16518,0.14708,45.49035,10.09930613627,3.7622572644976744,2.999999948825517
3.26852,3.28794,46.71599,4597.48988,0.22472,45.50338,10.042733573777546,3.741182496455531,2.999999948825517
3.31164,3.33191,46.74763,4591.83023,0.30112,45.51638,9.973546618494964,3.7154085351944164,2.999999948825517
3.3547,3.37583,46.78832,4586.19346,0.37605,45.52935,9.892300476713627,3.6851422096662203,2.999999948825517
3.39769,3.41971,46.83785,4580.58655,0.44928,45.54227,9.799620818112347,3.6506165982886634,2.999999948825517
3.44062,3.46354,46.89599,4575.01615,0.52061,45.55513,9.696194402830994,3.6120875372835943,2.999999948825517
3.48348,3.50734,46.96247,4569.48857,0.58983,45.56794,9.582759199597449,3.5698299394192716,2.999999948825517
3.52629,3.55109,47.03701,4564.00975,0.65677,45.58066,9.460094226903733,3.524134009581186,2.999999948825517
3.56903,3.5948,47.11931,4558.58522,0.72125,45.5933,9.329009341377228,3.475301440671647,2.999999948825517
3.61171,3.63847,47.20905,4553.22009,0.78311,45.60585,9.190335182928038,3.423641667912619,2.999999948825517
3.65433,3.6821,47.30589,4547.91907,0.84222,45.6183,9.04491346607474,3.369468252109115,2.999999948825517
3.69689,3.72569,47.40948,4542.68639,0.89845,45.63064,8.89358778238807,3.3130954533174615,2.999999948825517
3.73939,3.76924,47.51946,4537.52586,0.9517,45.64287,8.7371950516578,3.2548350461800357,2.999999948825517
3.78183,3.81274,47.63545,4532.44087,1.00186,45.65498,8.5765577305001,3.194993417426498,2.999999948825517
3.82422,3.85621,47.75708,4527.43433,1.04887,45.66698,8.412476857896323,3.1338689751540034,2.999999948825517
3.86655,3.89964,47.88395,4522.50878,1.09266,45.67885,8.245725988884747,3.071749888967771,2.999999948825517
3.90882,3.94304,48.01567,4517.66631,1.13318,45.69059,8.077046040984278,3.0089121701383066,2.999999948825517
3.95103,3.9864,48.15185,4512.90865,1.17039,45.70221,7.907141053875416,2.945618091970993,2.999999948825517
3.9932,4.02972,48.29208,4508.23712,1.20428,45.7137,7.736674841807499,2.8821149427397144,2.999999948825517
4.0353,4.073,48.43596,4503.65272,1.23483,45.72506,7.566268500417768,2.8186340969113517,2.999999948825517
4.07736,4.11625,48.58311,4499.15609,1.26204,45.7363,7.3964987153992805,2.755390385080085,2.999999948825517
4.11936,4.15947,48.73311,4494.74756,1.28594,45.7474,7.227896809544161,2.6925817389659223,2.999999948825517
4.16132,4.20266,48.88559,4490.42719,1.30653,45.75838,7.060948457103302,2.6303890850061795,2.999999948825517
4.20322,4.24581,49.04015,4486.19476,1.32386,45.76924,6.896093989750469,2.5689764583351598,2.999999948825517
4.24508,4.28893,49.19641,4482.04981,1.33797,45.77997,6.733729216537753,2.5084913082391287,2.999999948825517
4.28689,4.33202,49.35399,4477.99166,1.34889,45.79059,6.574206680501303,2.4490649662750172,2.999999948825517
4.32865,4.37508,49.51253,4474.01943,1.35669,45.80109,6.4178372768266465,2.3908132490795806,2.999999948825517
4.37037,4.41811,49.67166,4470.13206,1.36142,45.81147,6.264892161228096,2.3338371692909345,2.999999948825517
4.41204,4.46112,49.83103,4466.32835,1.36315,45.82175,6.11560488204139,2.2782237298091688,2.999999948825517
4.45367,4.50409,49.9903,4462.60694,1.36195,45.83193,5.9701736751827195,2.2240467787289653,2.999999948825517
4.49526,4.54704,50.14912,4458.96636,1.35789,45.842,5.828763867288183,2.1713679045722762,2.999999948825517
4.5368,4.58996,50.30719,4455.40504,1.35105,45.85197,5.691510338736314,2.1202373538290225,2.999999948825517
4.5783,4.63286,50.46417,4451.92132,1.34151,45.86185,5.558520004614712,2.0706949551824394,2.999999948825517
4.61976,4.67574,50.61977,4448.51346,1.32935,45.87165,5.429874277948133,2.0227710371263545,2.999999948825517
4.66119,4.71859,50.77368,4445.17968,1.31465,45.88136,5.305631485414093,1.9764873278828092,2.999999948825517
4.70257,4.76141,50.92563,4441.91813,1.29749,45.89099,5.18582921134287,1.9318578286037367,2.999999948825517
4.74392,4.80422,51.07533,4438.72694,1.27796,45.90055,5.070486550827508,1.8888896527137167,2.999999948825517
4.78523,4.847,51.22253,4435.6042,1.25615,45.91003,4.959606257380691,1.8475838259686732,2.999999948825517
4.8265,4.88977,51.36697,4432.54798,1.23213,45.91946,4.853176774626536,1.807936043314524,2.999999948825517
4.86774,4.93251,51.50839,4429.55635,1.20601,45.92882,4.7511741450395215,1.7699373799426514,2.999999948825517
4.90894,4.97523,51.64658,4426.62738,1.17785,45.93812,4.653563791825351,1.7335749550874096,2.999999948825517
4.95011,5.01793,51.7813,4423.75911,1.14774,45.94738,4.560302172579525,1.6988325480574538,2.999999948825517
4.99124,5.06062,51.91234,4420.94961,1.11577,45.95658,4.471338305525632,1.6656911667996586,2.999999948825517
5.03234,5.10328,52.03949,4418.19696,1.08202,45.96575,4.386615170847181,1.6341295699321001,2.999999948825517
5.07341,5.14593,52.16257,4415.49925,1.04657,45.97487,4.306070991015038,1.6041247436997101,2.999999948825517
5.11445,5.18857,52.28138,4412.85457,1.0095,45.98396,4.229640395093483,1.5756523357089218,2.999999948825517
5.15545,5.23118,52.39575,4410.26105,0.9709,45.99303,4.157255472744258,1.5486870475719035,2.999999948825517
5.19643,5.27378,52.50552,4407.71682,0.93083,46.00206,4.0888467242278805,1.523202988807052,2.999999948825517
5.23737,5.31637,52.61052,4405.22003,0.88937,46.01108,4.024343913024123,1.4991739944625462,2.999999948825517
5.27828,5.35894,52.7106,4402.76887,0.84661,46.02007,3.963676827857132,1.4765739089907628,2.999999948825517
5.31917,5.40149,52.80563,4400.36154,0.8026,46.02906,3.9067759609354056,1.4553768389105062,2.999999948825517
5.36003,5.44404,52.89547,4397.99624,0.75744,46.03803,3.8535731091408425,1.435557376765752,2.999999948825517
5.40085,5.48657,52.98001,4395.67122,0.71119,46.047,3.804001904696189,1.4170907988132315,2.999999948825517
5.44165,5.52908,53.05912,4393.38473,0.66391,46.05597,3.757998281611666,1.3999532387860751,2.999999948825517
5.48242,5.57158,53.1327,4391.13504,0.61569,46.06494,3.7155008838779557,1.3841218399564372,2.999999948825517
5.52317,5.61407,53.20064,4388.92044,0.56658,46.07391,3.6764514210627888,1.3695748876045841,2.999999948825517
5.56389,5.65655,53.26287,4386.73924,0.51666,46.0829,3.6407949765503753,1.356291923846192,2.999999948825517
5.60458,5.69902,53.31928,4384.58975,0.46598,46.09189,3.6084802733155197,1.3442538466401945,2.999999948825517
5.64524,5.74147,53.36982,4382.47029,0.41463,46.1009,3.579459901691035,1.3334429946381416,2.999999948825517
5.68588,5.78392,53.4144,4380.3792,0.36265,46.10993,3.5536905131941565,1.323843219389636,2.999999948825517
5.72649,5.82635,53.45298,4378.31483,0.31012,46.11898,3.5311329840878325,1.3154399462732187,2.999999948825517
5.76708,5.86877,53.48548,4376.27552,0.25709,46.12806,3.5117525519263055,1.3082202253631898,2.999999948825517
5.80764,5.91119,53.51187,4374.25962,0.20364,46.13717,3.4955189279702688,1.3021727733072135,2.999999948825517
5.84817,5.95359,53.53211,4372.26548,0.14981,46.14631,3.4824063879601557,1.2972880071417545,2.999999948825517
5.88868,5.99598,53.54616,4370.29145,0.09568,46.15549,3.4723938433563233,1.2935580708309231,2.999999948825517
5.92917,6.03837,53.554,4368.33588,0.0413,46.1647,3.4654648948159887,1.2909768551880398,2.999999948825517
5.96963,6.08074,53.5556,4366.39708,-0.01326,46.17396,3.461607869276596,1.2895400116901667,2.999999948825517
6.01006,6.12311,53.55096,4364.4734,-0.06795,46.18326,3.460815841716368,1.2892449605844825,2.999999948825517
6.05047,6.16546,53.54007,4362.56314,-0.12271,46.19261,3.463086642272679,1.2900908935400668,2.999999948825517
6.09086,6.20781,53.52293,4360.66461,-0.17746,46.20201,3.4684228491008597,1.292078770987616,2.999999948825517
6.13122,6.25015,53.49956,4358.77607,-0.23216,46.21146,3.4768317669893265,1.2952113141530153,2.999999948825517
6.17156,6.29248,53.46995,4356.89578,-0.28674,46.22097,3.488325391436793,1.2994929916751563,2.999999948825517
6.21187,6.3348,53.43415,4355.02199,-0.34115,46.23055,3.5029203575493746,1.3049300005687636,2.999999948825517
6.25216,6.37712,53.39217,4353.15289,-0.39531,46.24018,3.5206378727972303,1.3115302411744723,2.999999948825517
6.29243,6.41943,53.34406,4351.28668,-0.44917,46.24989,3.5415036323194724,1.3193032856076818,2.999999948825517
6.33267,6.46172,53.28986,4349.42149,-0.50266,46.25966,3.5655477151346666,1.3282603390942356,2.999999948825517
6.37288,6.50402,53.22961,4347.55545,-0.55573,46.26951,3.592804459280386,1.3384141934566167,2.999999948825517
6.41307,6.5463,53.16338,4345.68663,-0.6083,46.27944,3.6233123135390466,1.3497791718779233,2.999999948825517
6.45324,6.58857,53.09122,4343.81307,-0.66031,46.28944,3.6571136630794583,1.362371063948759,2.999999948825517
6.49338,6.63084,53.01322,4341.93277,-0.71171,46.29953,3.694254625976642,1.3762070498655081,2.999999948825517
6.5335,6.6731,52.92945,4340.04368,-0.76241,46.3097,3.734784817232301,1.3913056125217542,2.999999948825517
6.57359,6.71535,52.84,4338.14372,-0.81236,46.31997,3.7787570765601677,1.4076864361011594,2.999999948825517
6.61366,6.7576,52.74497,4336.23074,-0.86148,46.33033,3.8262271558698626,1.425370289656978,2.999999948825517
6.6537,6.79983,52.64445,4334.30257,-0.90971,46.34079,3.8772533620372385,1.4443788940346116,2.999999948825517
6.69372,6.84206,52.53856,4332.35695,-0.95697,46.35134,3.9318961502629106,1.4647347703869618,2.999999948825517
6.73371,6.88428,52.42742,4330.3916,-1.00319,46.362,3.9902176630134303,1.4864610684178854,2.999999948825517
6.77367,6.9265,52.31116,4328.40418,-1.0483,46.37277,4.052281209313375,1.509581372404798,2.999999948825517
6.81361,6.9687,52.1899,4326.39229,-1.09222,46.38366,4.118150678945566,1.5341194829728424,2.999999948825517
6.85352,7.01089,52.0638,4324.35347,-1.13488,46.39465,4.187889886011785,1.5600991725539815,2.999999948825517
6.89341,7.05308,51.93301,4322.28522,-1.1762,46.40577,4.261561836220754,1.587543912432495,2.999999948825517
6.93327,7.09526,51.79768,4320.18497,-1.2161,46.41701,4.339227912356445,1.6164765693104903,2.999999948825517
6.9731,7.13743,51.658,4318.05011,-1.2545,46.42838,4.4209469725399995,1.6469190693867428,2.999999948825517
7.0129,7.17959,51.51414,4315.87797,-1.29132,46.43989,4.506774356204036,1.678892028055972,2.999999948825517
7.05267,7.22174,51.36628,4313.66583,-1.32648,46.45152,4.596760793218123,1.7124143435293744,2.999999948825517
7.09242,7.26388,51.21463,4311.41092,-1.3599,46.4633,4.6909512122718455,1.7475027529259655,2.999999948825517
7.13214,7.30602,51.05939,4309.11043,-1.39148,46.47522,4.789383445553935,1.7841713497314728,2.999999948825517
7.17182,7.34814,50.90078,4306.76152,-1.42115,46.48729,4.892086827953869,1.822431061964074,2.999999948825517
7.21148,7.39025,50.73903,4304.36128,-1.44883,46.49952,4.999080690452551,1.862289090922785,2.999999948825517
7.2511,7.43235,50.57436,4301.90682,-1.47441,46.5119,5.110372749219703,1.9037483110838507,2.999999948825517
7.2907,7.47444,50.40704,4299.39519,-1.49783,46.52444,5.225957393992217,1.9468066324766486,2.999999948825517
7.33026,7.51651,50.23731,4296.82341,-1.51884,46.53161,5.345807733296213,1.9914540373196017,0.0
7.3698,7.55857,50.06546,4294.18853,-1.53751,46.53882,5.469879219865042,2.0376739305837743,0.0
7.40931,7.60061,49.89175,4291.48758,-1.55374,46.54607,5.5981140075578395,2.085444763059671,0.0
7.44878,7.64264,49.71647,4288.71765,-1.56747,46.55336,5.730433203691399,2.134737145147005,0.0
7.48823,7.68465,49.5399,4285.87583,-1.5786,46.56069,5.866734796757589,2.1855130748749128,0.0
7.52765,7.72664,49.36236,4282.95926,-1.58706,46.56805,6.006891590856853,2.237725168424085,0.0
7.56703,7.76861,49.18415,4279.96515,-1.59276,46.57544,6.15074915747228,2.2913158971087135,0.0
7.60638,7.81056,49.00558,4276.89077,-1.59564,46.58287,6.298123838246181,2.3462168433582167,0.0
7.6457,7.85249,48.82698,4273.73349,-1.59562,46.59034,6.4488008372210155,2.402347990026789,0.0
7.68499,7.8944,48.64868,4270.49079,-1.59265,46.59784,6.60253244566613,2.459617059094652,0.0
7.72424,7.93628,48.47102,4267.16028,-1.58665,46.60537,6.75903644701166,2.5179189174639673,0.0
7.76345,7.97815,48.29434,4263.73974,-1.57758,46.61294,6.917994753375263,2.577135069029167,0.0
7.80263,8.01999,48.11899,4260.2271,-1.56538,46.62053,7.079052328398305,2.6371332534050906,0.0
7.84178,8.0618,47.94532,4256.6205,-1.55001,46.62816,7.2418164534019,2.6977671725508015,0.0
7.88088,8.1036,47.77369,4252.91829,-1.53145,46.63582,7.405856395008537,2.758876366949902,0.0
7.91995,8.14536,47.60446,4249.11909,-1.50966,46.64351,7.570703531985121,2.820286262862895,0.0
7.95897,8.1871,47.43798,4245.22175,-1.48463,46.65123,7.735851996981307,2.8818084113916074,0.0
7.99796,8.22881,47.27461,4241.22545,-1.45636,46.65898,7.900759884811008,2.9432409385958387,0.0
8.0369,8.27049,47.11472,4237.12964,-1.42486,46.66676,8.064851072682238,3.004369223576869,0.0
8.07581,8.31214,46.95865,4232.93414,-1.39013,46.67456,8.227517689361852,3.0649668183062997,0.0
8.11467,8.35376,46.80676,4228.63911,-1.35222,46.68239,8.388123259401127,3.1247966189328023,0.0
8.15348,8.39535,46.65939,4224.24508,-1.31117,46.69025,8.54600653540013,3.183612293401436,0.0
8.19225,8.43691,46.51689,4219.75297,-1.26703,46.69813,8.700486016068167,3.2411599645500417,0.0
8.23098,8.47843,46.37958,4215.1641,-1.21988,46.70603,8.85086513062251,3.2971801414341697,0.0
8.26966,8.51992,46.24778,4210.4802,-1.1698,46.71396,8.99643805145682,3.3514098846990183,0.0
8.30829,8.56137,46.1218,4205.70344,-1.11689,46.72191,9.1364960774184,3.4035851845181555,0.0
8.34687,8.60279,46.00194,4200.83637,-1.06127,46.72989,9.270334510136768,3.4534435222068525,0.0
8.3854,8.64417,45.88848,4195.882,-1.00306,46.73789,9.39725992642758,3.5007265793838735,0.0
8.42389,8.68551,45.78167,4190.84375,-0.94242,46.74591,9.516597731608044,3.545183051780227,0.0
8.46232,8.72681,45.68177,4185.72543,-0.87948,46.75395,9.627699862490658,3.586571518806998,0.0
8.5007,8.76807,45.589,4180.53126,-0.81444,46.76201,9.7299524957337,3.6246633151187337,0.0
8.53903,8.80929,45.50356,4175.26583,-0.74746,46.77009,9.822783607847454,3.659245346914669,0.0
8.5773,8.85047,45.42565,4169.93409,-0.67875,46.77818,9.90567022814577,3.690122793854025,0.0
8.61552,8.89161,45.35542,4164.54132,-0.60851,46.7863,9.9781452259027,3.7171216374504406,0.0
8.65368,8.9327,45.29301,4159.09308,-0.53695,46.79444,10.03980347805368,3.740090958702932,0.0
8.6918,8.97375,45.23852,4153.59522,-0.4643,46.80259,10.090307274227364,3.7589049516124815,0.0
8.72985,9.01476,45.19205,4148.05379,-0.3908,46.81076,10.129390831355783,3.773464604993096,0.0
8.76785,9.05572,45.15366,4142.47504,-0.31666,46.81895,10.156863810303427,3.783699012508674,0.0
8.80579,9.09664,45.12338,4136.86537,-0.24215,46.82716,10.172613751061217,3.7895662798468326,0.0
8.84367,9.13751,45.10121,4131.23128,-0.16749,46.83538,10.176607370291741,3.7910540080886483,0.0
8.8815,9.17833,45.08714,4125.57931,-0.09293,46.84362,10.16889069425881,3.7881793432284168,0.0
8.91927,9.21911,45.08112,4119.91604,-0.01872,46.85188,10.149588030329006,3.7809885930309104,0.0
8.95698,9.25985,45.08307,4114.24801,0.05491,46.86015,10.118899810027624,3.769556423512973,0.0
8.99464,9.30053,45.09291,4108.58168,0.12772,46.86844,10.077099364993433,3.753984657901835,0.0
9.03224,9.34117,45.1105,4102.92341,0.19947,46.87675,10.024528722869597,3.7344007104938637,0.0
9.06977,9.38177,45.13571,4097.27941,0.26995,46.88507,9.96159353246693,3.7109556961443513,0.0
9.10726,9.42231,45.16835,4091.65568,0.33895,46.89341,9.888757245508629,3.683822262814335,0.0
9.14468,9.46282,45.20825,4086.05802,0.40624,46.90177,9.806534695538236,3.6531921995448715,0.0
9.18205,9.50327,45.25519,4080.49198,0.47165,46.91014,9.715485222817156,3.619273875300461,0.0
9.21935,9.54368,45.30894,4074.96283,0.53498,46.91853,9.616205497256148,3.582289565322193,0.0
9.25661,9.58404,45.36925,4069.47554,0.59607,46.92694,9.50932218981849,3.5424727210325933,0.0
9.2938,9.62436,45.43586,4064.03477,0.65475,46.93537,9.395484636853405,3.5000652373068126,0.0
9.33094,9.66463,45.50848,4058.64486,0.71088,46.94381,9.275357631873044,3.455314767219902,0.0
9.36802,9.70486,45.58682,4053.30978,0.76433,46.95228,9.149614466326225,3.4084721295519076,0.0
9.40505,9.74505,45.67059,4048.0332,0.81498,46.96076,9.018930325438886,3.359788848564683,0.0
9.44202,9.78519,45.75945,4042.8184,0.86273,46.96926,8.883976128103615,3.3095148591986576,0.0
9.47894,9.82529,45.85309,4037.66833,0.90749,46.97778,8.74541288187112,3.257896404158625,0.0
9.51581,9.86535,45.95118,4032.58561,0.94917,46.98632,8.60388660597458,3.2051741426067313,0.0
9.55262,9.90536,46.05338,4027.57248,0.98773,46.99488,8.460023857652017,3.1515814835998555,0.0
9.58938,9.94534,46.15935,4022.6309,1.02311,47.00347,8.314427880417059,3.097343151219116,0.0
9.62609,9.98527,46.26875,4017.76248,1.05527,47.01207,8.167675377699776,3.042673982666193,0.0
9.66275,10.02517,46.38122,4012.96853,1.08418,47.0207,8.020313901785405,2.9877779555743054,0.0
9.69935,10.06503,46.49643,4008.25006,1.10984,47.02935,7.872859836436643,2.932847436481933,0.0
9.73591,10.10485,46.61402,4003.60783,1.13225,47.03802,7.725796942063009,2.878062638870124,0.0
9.77242,10.14463,46.73365,3999.0423,1.1514,47.04671,7.579575424772062,2.823591276359579,0.0
9.80888,10.18438,46.85498,3994.55372,1.16732,47.05543,7.434611485187592,2.7695883946335567,0.0
9.84529,10.22409,46.97767,3990.14209,1.18003,47.06418,7.291287299153108,2.7161963642494182,0.0
9.88166,10.26377,47.10139,3985.8072,1.18957,47.07295,7.14995138046848,2.663545015767562,0.0
9.91798,10.30341,47.2258,3981.54865,1.19598,47.08174,7.0109192752461285,2.611751898417385,0.0
9.95425,10.34302,47.35059,3977.36585,1.19931,47.09057,6.874474538142692,2.5609226437692554,0.0
9.99048,10.3826,47.47544,3973.25808,1.1996,47.09942,6.740869942465667,2.5111514165310833,0.0
10.02667,10.42215,47.60004,3969.22442,1.19693,47.10829,6.610328878679992,2.462521435528814,0.0
10.06281,10.46167,47.72408,3965.26387,1.19135,47.1172,6.483046898956369,2.415105549091322,0.0
10.09891,10.50116,47.84727,3961.37527,1.18294,47.12613,6.359193368986906,2.368966850395197,0.0
10.13497,10.54062,47.96933,3957.55739,1.17176,47.13509,6.2389131921045635,2.324159319744602,0.0
10.17099,10.58005,48.08997,3953.80887,1.15789,47.14408,6.12232857465078,2.280728482217166,0.0
10.20697,10.61945,48.20893,3950.12829,1.14142,47.1531,6.009540805492776,2.238712070580999,0.0
10.24291,10.65883,48.32595,3946.51416,1.12242,47.16215,5.900632026403456,2.1981406848077882,0.0
10.2788,10.69818,48.44077,3942.96492,1.10097,47.17123,5.795666973667613,2.1590384408669325,0.0
10.31466,10.73751,48.55316,3939.47896,1.07716,47.18034,5.694694674709804,2.1214236027640694,0.0
10.35049,10.77681,48.66287,3936.05463,1.05108,47.18948,5.597750086678629,2.0853091929568306,0.0
10.38627,10.81609,48.76969,3932.69022,1.02281,47.19865,5.504855666815438,2.0507035773585027,0.0
10.42202,10.85534,48.8734,3929.38403,0.99243,47.20786,5.416022866955052,2.0176110220788748,0.0
10.45773,10.89457,48.9738,3926.13429,0.96004,47.21709,5.331253546799572,1.9860322199059095,0.0
10.49341,10.93378,49.07068,3922.93924,0.92572,47.22636,5.250541302555309,1.9559647852579642,0.0
10.52905,10.97297,49.16387,3919.79709,0.88956,47.23567,5.173872709178601,1.9274037169530411,0.0
10.56466,11.01214,49.25319,3916.70604,0.85165,47.245,5.101228475933134,1.9003418286842932,0.0
10.60023,11.05129,49.33847,3913.66427,0.81207,47.25437,5.032584516077951,1.8747701475069525,0.0
10.63577,11.09041,49.41954,3910.66998,0.77091,47.26378,4.967912932473515,1.8506782810025262,0.0
10.67127,11.12952,49.49627,3907.72134,0.72826,47.27321,4.907182921635512,1.8280547540626162,0.0
10.70674,11.16861,49.5685,3904.81652,0.6842,47.28269,4.8503615992886235,1.8068873164294306,0.0
10.74218,11.20768,49.63611,3901.95369,0.63882,47.29219,4.7974147509338865,1.7871632223018672,0.0
10.77759,11.24673,49.69897,3899.13102,0.59221,47.30173,4.7483075111473445,1.7688694833921381,0.0
10.81296,11.28577,49.75698,3896.34667,0.54444,47.31131,4.703004975506188,1.7519930968843562,0.0
10.84831,11.32479,49.81001,3893.59882,0.4956,47.32092,4.661472749094567,1.7365212497673823,0.0
10.88362,11.36379,49.85798,3890.88561,0.44577,47.33057,4.6236774354640335,1.7224415009854572,0.0
10.9189,11.40277,49.9008,3888.20522,0.39504,47.34025,4.58958706985983,1.7097419428263885,0.0
10.95415,11.44174,49.93838,3885.5558,0.34348,47.34997,4.559171500328119,1.6984113428940277,0.0
10.98937,11.4807,49.97065,3882.9355,0.29118,47.35972,4.532402720123535,1.6884392679388234,0.0
11.02456,11.51964,49.99756,3880.34247,0.23822,47.36951,4.509255154570585,1.679816190721245,0.0
11.05972,11.55856,50.01904,3877.77485,0.18468,47.37933,4.489705905280196,1.672533580988869,0.0
11.09485,11.59747,50.03504,3875.23076,0.13063,47.3892,4.473734954290276,1.6665839815241128,0.0
11.12996,11.63636,50.04553,3872.70834,0.07616,47.39909,4.461325330400746,1.6619610701084073,0.0
11.16503,11.67524,50.05047,3870.2057,0.02135,47.40903,4.452463239638743,1.6586597081239198,0.0
11.20007,11.7141,50.04985,3867.72092,-0.03373,47.41899,4.447138161449271,1.6566759763871017,0.0
11.23508,11.75296,50.04364,3865.2521,-0.08899,47.429,4.445342911851826,1.656007198676194,0.0
11.27007,11.79179,50.03184,3862.7973,-0.14436,47.43904,4.447073674486803,1.6566519532968282,0.0
11.30502,11.83062,50.01444,3860.35457,-0.19976,47.44912,4.452330000077598,1.658610072881649,0.0
11.33995,11.86943,49.99146,3857.92193,-0.25511,47.45923,4.46111477454603,1.6618826325124676,0.0
11.37485,11.90822,49.96292,3855.49739,-0.31034,47.46938,4.473434155628181,1.6664719261079928,0.0
11.40972,11.94701,49.92883,3853.07893,-0.36535,47.47957,4.489297477526938,1.672381430904399,0.0
11.44456,11.98578,49.88922,3850.66451,-0.42007,47.48979,4.5087171227942795,1.679615759728103,0.0
11.47937,12.02453,49.84415,3848.25204,-0.47443,47.50005,4.531708360322373,1.6881806006431848,0.0
11.51416,12.06328,49.79364,3845.83943,-0.52834,47.51034,4.558289148014096,1.6980826434409675,0.0
11.54891,12.10201,49.73778,3843.42454,-0.58172,47.52067,4.588479898396279,1.7093294923247815,0.0
11.58364,12.14073,49.6766,3841.0052,-0.63449,47.53103,4.622303205188297,1.7219295640495706,0.0
11.61833,12.17943,49.6102,3838.57922,-0.68657,47.54143,4.65978352855505,1.7358919706703453,0.0
11.653,12.21812,49.53864,3836.14435,-0.73787,47.55186,4.700946836578598,1.7512263859809345,0.0
11.68763,12.25681,49.46177,3833.69895,-0.79349,47.59505,4.7459951773104825,1.7680080781967424,17.999999692953104
11.72221,12.2955,49.3794,3831.24121,-0.84821,47.63862,4.795139019671562,1.786315452528558,17.999999692953104
11.75674,12.33421,49.29165,3828.76859,-0.90195,47.68261,4.848420459679309,1.8061641908505035,17.999999692953104
11.79121,12.37291,49.19863,3826.2785,-0.9546,47.72704,4.905882468520251,1.8275703010602005,17.999999692953104
11.82563,12.41163,49.10046,3823.76831,-1.00609,47.77195,4.967568534882095,1.850549983838076,17.999999692953104
11.86,12.45035,48.99725,3821.23535,-1.05632,47.81736,5.03352197299726,1.8751193748753718,17.999999692953104
11.89432,12.48908,48.88917,3818.67688,-1.10519,47.86331,5.1037851562037995,1.9012942593554223,17.999999692953104
11.92859,12.52782,48.77634,3816.09014,-1.15263,47.90983,5.178398671580719,1.9290897570330674,17.999999692953104
11.9628,12.56656,48.65893,3813.47231,-1.19852,47.95694,5.257400391458006,1.9585199763477092,17.999999692953104
11.99695,12.60531,48.5371,3810.82052,-1.24278,48.00469,5.340824457988727,1.9895976361496988,17.999999692953104
12.03105,12.64407,48.41103,3808.13188,-1.28531,48.05309,5.428700177536349,2.022333653830524,17.999999692953104
12.06509,12.68284,48.28091,3805.40343,-1.32601,48.10219,5.521050822381017,2.0567366989268696,17.999999692953104
12.09908,12.72161,48.14691,3802.6322,-1.36479,48.15201,5.617892338228809,2.0928127116338064,17.999999692953104
12.133,12.76039,48.00926,3799.81517,-1.40155,48.20259,5.719231957237722,2.1305643861204784,17.999999692953104
12.16687,12.79917,47.86816,3796.94932,-1.43619,48.25396,5.825066717756063,2.169990619093703,17.999999692953104
12.20068,12.83797,47.72384,3794.03158,-1.46862,48.30616,5.935381893756052,2.211085924720668,17.999999692953104
12.23443,12.87677,47.57653,3791.05889,-1.49872,48.35921,6.050149339049076,2.253839817805544,17.999999692953104
12.26812,12.91558,47.42646,3788.02818,-1.52642,48.41315,6.169325753757581,2.298236168004654,17.999999692953104
12.30174,12.95439,47.2739,3784.93636,-1.55161,48.46801,6.292850883288657,2.344252528896744,17.999999692953104
12.3353,12.99321,47.11909,3781.7804,-1.5742,48.52383,6.420645663106503,2.3918594468619165,17.999999692953104
12.36879,13.03204,46.96231,3778.55725,-1.59409,48.58063,6.552610325957492,2.4410197559731612,17.999999692953104
12.40222,13.07087,46.80384,3775.26393,-1.6112,48.63844,6.688622491889655,2.491687866478358,17.999999692953104
12.43558,13.10971,46.64396,3771.8975,-1.62543,48.6973,6.8285352652504026,2.5438090558818613,17.999999692953104
12.46888,13.14856,46.48297,3768.45509,-1.6367,48.75724,6.972175366916173,2.5973187731508953,17.999999692953104
12.5021,13.18741,46.32116,3764.93391,-1.64493,48.81827,7.1193413341365455,2.6521419681101253,17.999999692953104
12.53525,13.22626,46.15885,3761.33128,-1.65004,48.88044,7.269801824445089,2.7081924596038176,17.999999692953104
12.56833,13.26513,45.99635,3757.64462,-1.65196,48.94376,7.423294064028121,2.7653723574723816,17.999999692953104
12.60133,13.30399,45.83398,3753.87151,-1.65062,49.00825,7.579522484554148,2.8235715547354645,17.999999692953104
12.63426,13.34287,45.67207,3750.00967,-1.64596,49.07395,7.7381575955499855,2.882667307522389,17.999999692953104
12.66711,13.38174,45.51095,3746.05702,-1.63793,49.14086,7.898835141783427,2.9425239211750265,17.999999692953104
12.69988,13.42063,45.35096,3742.01165,-1.62649,49.20901,8.061155596648167,3.0029925615203514,17.999999692953104
12.73257,13.45951,45.19243,3737.87191,-1.61159,49.2784,8.224684042818682,3.0639112104112405,17.999999692953104
12.76518,13.4984,45.0357,3733.63637,-1.59322,49.34905,8.38895049045039,3.125104784264411,17.999999692953104
12.79771,13.53729,44.88112,3729.30387,-1.57135,49.42096,8.553450680638873,3.186385433370118,17.999999692953104
12.83015,13.57619,44.72902,3724.87354,-1.54598,49.49414,8.717647417507903,3.247553038129991,17.999999692953104
12.8625,13.61508,44.57975,3720.34482,-1.51712,49.56859,8.880972466049739,3.3083959160524836,17.999999692953104
12.89477,13.65398,44.43364,3715.71748,-1.48478,49.6443,9.042829044754457,3.3686917503228826,17.999999692953104
12.92694,13.69289,44.29102,3710.99164,-1.449,49.72126,9.202594931793028,3.428208746938234,17.999999692953104
12.95903,13.73179,44.15223,3706.16776,-1.40983,49.79946,9.359626191520103,3.486707022927679,17.999999692953104
12.99102,13.77069,44.01757,3701.24672,-1.36732,49.87889,9.513261514173427,3.5439402230046686,17.999999692953104
13.02292,13.80959,43.88737,3696.22976,-1.32155,49.95952,9.662827146364494,3.5996573563044665,17.999999692953104
13.05472,13.8485,43.76193,3691.11852,-1.2726,50.04132,9.807642373481682,3.653604838723566,17.999999692953104
13.08642,13.8874,43.64154,3685.91506,-1.22059,50.12426,9.947025498088452,3.7055287200303146,17.999999692953104
13.11803,13.9263,43.52647,3680.62184,-1.16564,50.20831,10.080300241230116,3.7551770685201222,17.999999692953104
13.14953,13.96519,43.417,3675.24172,-1.10787,50.29342,10.206802477022263,3.8023024798268423,17.999999692953104
13.18093,14.00409,43.31337,3669.77798,-1.04744,50.37954,10.32588719552526,3.846664670776728,17.999999692953104
13.21223,14.04298,43.21582,3664.23428,-0.98452,50.46662,10.43693557565534,3.888033114233913,17.999999692953104
13.24343,14.08187,43.12456,3658.61466,-0.91928,50.5546,10.53936203908678,3.9261896668645737,17.999999692953104
13.27451,14.12075,43.03979,3652.92354,-0.85192,50.64344,10.632621148837334,3.9609311390415116,17.999999692953104
13.3055,14.15963,42.96168,3647.16565,-0.78263,50.73305,10.716214212520892,3.992071754729517,17.999999692953104
13.33637,14.1985,42.89039,3641.34607,-0.71164,50.82337,10.789695450973072,4.019445449460697,17.999999692953104
13.36714,14.23737,42.82604,3635.47015,-0.63917,50.91433,10.852677597961792,4.042907956374018,17.999999692953104
13.39779,14.27623,42.76875,3629.54351,-0.56546,51.00585,10.90483680622405,4.0623386338430745,17.999999692953104
13.42834,14.31508,42.7186,3623.57198,-0.49074,51.09786,10.945916748850367,4.07764199334972,17.999999692953104
13.45878,14.35392,42.67566,3617.56159,-0.41527,51.19028,10.975731822694232,4.088748892838365,17.999999692953104
13.4891,14.39276,42.63995,3611.51849,-0.3393,51.28302,10.994169381487527,4.095617368610236,17.999999692953104
13.51932,14.43158,42.6115,3605.44898,-0.26309,51.376,11.001190949858533,4.098233087577019,17.999999692953104
13.54942,14.4704,42.59028,3599.3594,-0.18688,51.46915,10.996832394652335,4.096609411082221,17.999999692953104
13.57941,14.50921,42.57626,3593.2561,-0.11095,51.56237,10.981203055889637,4.090787071160463,17.999999692953104
13.60928,14.548,42.56938,3587.14544,-0.03554,51.65558,10.954483865372087,4.080833469668461,17.999999692953104
13.63905,14.58678,42.56956,3581.03372,0.0391,51.74871,10.916924505303202,4.066841619796563,17.999999692953104
13.6687,14.62556,42.57667,3574.92714,0.11272,51.84167,10.868839681590222,4.048928757775622,17.999999692953104
13.69824,14.66432,42.59061,3568.83176,0.18507,51.93439,10.810604605835987,4.027234659800108,17.999999692953104
13.72767,14.70306,42.6112,3562.75348,0.25594,52.02679,10.742649795862462,4.001919705086311,17.999999692953104
13.75699,14.7418,42.63829,3556.69803,0.3251,52.11879,10.665455316412604,3.973162730382244,17.999999692953104
13.7862,14.78052,42.67168,3550.67086,0.39233,52.21034,10.579544589409997,3.941158724126502,17.999999692953104
13.8153,14.81923,42.71116,3544.67722,0.45743,52.30136,10.485477906529022,3.906116409709953,17.999999692953104
13.84429,14.85792,42.7565,3538.72206,0.52023,52.3918,10.383845776156008,3.868255767043717,17.999999692953104
13.87317,14.8966,42.80746,3532.81005,0.58054,52.48159,10.275262232416015,3.8278055399955875,17.999999692953104
13.90195,14.93527,42.8638,3526.94555,0.6382,52.57068,10.1603582261241,3.785000774345489,17.999999692953104
13.93062,14.97392,42.92523,3521.1326,0.69307,52.65903,10.03977520695951,3.7400804269764967,17.999999692953104
13.95918,15.01256,42.99148,3515.37492,0.74502,52.74659,9.914158993481653,3.6932850822945005,17.999999692953104
13.98764,15.05118,43.06226,3509.67591,0.79392,52.83333,9.784154013231655,3.6448548065144775,17.999999692953104
14.016,15.08979,43.13727,3504.03861,0.83968,52.9192,9.650397980114858,3.595027164845432,17.999999692953104
14.04425,15.12839,43.21621,3498.46577,0.8822,53.00417,9.513517060655184,3.544035420792955,17.999999692953104
14.07241,15.16697,43.29876,3492.95979,0.92141,53.08823,9.374121565582854,3.492106931162299,17.999999692953104
14.10046,15.20553,43.38461,3487.52275,0.95724,53.17135,9.232802188574654,3.43946174489015,17.999999692953104
14.12842,15.24408,43.47344,3482.15644,0.98966,53.25352,9.090126800544454,3.386311408833509,17.999999692953104
14.15628,15.28262,43.56493,3476.86233,1.01863,53.33471,8.946637795743039,3.332857979122046,17.999999692953104
14.18405,15.32115,43.65876,3471.6416,1.04412,53.41493,8.802849975346344,3.279293232739028,17.999999692953104
14.21172,15.35966,43.75461,3466.49518,1.06612,53.49417,8.659248945357964,3.2257980706978597,17.999999692953104
14.2393,15.39815,43.85215,3461.42372,1.08464,53.57243,8.516289998413589,3.1725421014848045,17.999999692953104
14.26678,15.43663,43.95107,3456.42761,1.09969,53.64971,8.374397443567933,3.1196833913869875,17.999999692953104
14.29418,15.4751,44.05105,3451.50703,1.11129,53.72601,8.233964344193126,3.0673683668526457,17.999999692953104
14.32149,15.51356,44.15179,3446.66194,1.11946,53.80135,8.095352621664556,3.0157318531168364,17.999999692953104
14.34871,15.552,44.25297,3441.89207,1.12426,53.87574,7.958893481332669,2.964897232887138,17.999999692953104
14.37585,15.59043,44.35429,3437.19701,1.12573,53.94919,7.82488811722039,2.9149767088619822,17.999999692953104
14.4029,15.62885,44.45545,3432.57612,1.12391,54.02171,7.6936086528809575,2.8660716542249496,17.999999692953104
14.42987,15.66726,44.55618,3428.02866,1.11888,54.09333,7.565299277491542,2.8182730358695434,17.999999692953104
14.45675,15.70565,44.65618,3423.55369,1.1107,54.16407,7.440177538630198,2.7716618959926076,17.999999692953104
14.48356,15.74403,44.75518,3419.15018,1.09944,54.23395,7.318435755933653,2.7263098787190585,17.999999692953104
14.51028,15.78241,44.85291,3414.81695,1.08519,54.30298,7.2002425228641025,2.6822797895495256,17.999999692953104
14.53693,15.82077,44.94911,3410.55274,1.06801,54.37121,7.085744267142013,2.639626176662626,17.999999692953104
14.5635,15.85912,45.04354,3406.35617,1.04799,54.43865,6.97506684362104,2.5983959243027894,17.999999692953104
14.58999,15.89746,45.13594,3402.22578,1.02523,54.50533,6.868317136734547,2.5586288497337404,17.999999692953104
14.61641,15.93578,45.22608,3398.16004,0.99982,54.57128,6.765584652791215,2.5203582964105156,17.999999692953104
14.64276,15.9741,45.31375,3394.15734,0.97184,54.63653,6.66694308543927,2.483611717156076,17.999999692953104
14.66903,16.01241,45.39872,3390.21601,0.9414,54.70111,6.572451840462091,2.448411242187791,17.999999692953104
14.69523,16.05071,45.48078,3386.33433,0.90859,54.76505,6.4821575086670356,2.4147742278072784,17.999999692953104
14.72136,16.089,45.55975,3382.51054,0.8735,54.82837,6.396095277996072,2.3827137824487727,17.999999692953104
14.74742,16.12729,45.63542,3378.74283,0.83625,54.89112,6.314290278104805,2.352239267570187,17.999999692953104
14.77341,16.16556,45.70762,3375.02934,0.79692,54.95332,6.236758852515816,2.3233567715637076,17.999999692953104
14.79933,16.20382,45.77619,3371.36821,0.75562,55.01501,6.16350975508412,2.296069555470654,17.999999692953104
14.82519,16.24208,45.84095,3367.75751,0.71245,55.07622,6.09454526886673,2.270378469789836,17.999999692953104
14.85097,16.28033,45.90177,3364.19533,0.66752,55.13697,6.029862246689136,2.246282342115941,17.999999692953104
14.87669,16.31857,45.95849,3360.67969,0.62092,55.19731,5.969453073635436,2.2237783356924345,17.999999692953104
14.90235,16.35681,46.01098,3357.20863,0.57277,55.25726,5.913306552462755,2.202862279251728,17.999999692953104
14.92794,16.39504,46.05913,3353.78015,0.52315,55.31685,5.861408713542938,2.183528968739772,17.999999692953104
14.95347,16.43326,46.10281,3350.39224,0.47217,55.37613,5.813743551407504,2.1657724416984276,17.999999692953104
14.97893,16.47147,46.14193,3347.04286,0.41993,55.43511,5.770293690236539,2.149586225177591,17.999999692953104
15.00433,16.50968,46.17638,3343.72998,0.36654,55.49384,5.731040980894648,2.134963558146796,17.999999692953104
15.02967,16.54788,46.20607,3340.45152,0.3121,55.55235,5.695967032165583,2.121897589394086,17.999999692953104
15.05494,16.58608,46.23094,3337.20542,0.25671,55.61066,5.665053678876953,2.1103815519147946,17.999999692953104
15.08015,16.62427,46.25091,3333.98958,0.20047,55.66882,5.638283389531075,2.100408914764751,17.999999692953104
15.1053,16.66245,46.26592,3330.8019,0.14348,55.72685,5.615639615944712,2.0919735133102897,17.999999692953104
15.13039,16.70063,46.27591,3327.64024,0.08584,55.78478,5.5971070872058615,2.08506965873489,17.999999692953104
15.15542,16.7388,46.28086,3324.50247,0.02765,55.84265,5.5826720500742,2.0796922275946605,17.999999692953104
15.18039,16.77697,46.28072,3321.38643,-0.03099,55.90049,5.572322457674612,2.075836732111649,17.999999692953104
15.2053,16.81514,46.27546,3318.28994,-0.08997,55.95833,5.566048108070385,2.073499371796001,17.999999692953104
15.23015,16.85329,46.26508,3315.2108,-0.1492,56.01621,5.56384073403177,2.07267706688711,17.999999692953104
15.25493,16.89145,46.24956,3312.14678,-0.20857,56.07416,5.565694044978482,2.0733674739783066,17.999999692953104
15.27966,16.92959,46.22891,3309.09565,-0.26799,56.1322,5.571603721823681,2.075568984096099,17.999999692953104
15.30433,16.96774,46.20314,3306.05513,-0.32735,56.19038,5.581567365081246,2.079280703368774,17.999999692953104
15.32893,17.00588,46.17225,3303.02294,-0.38656,56.24872,5.595584396373013,2.084502416335247,17.999999692953104
15.35348,17.04401,46.13629,3299.99676,-0.4455,56.30725,5.613655913111444,2.0912345318105348,17.999999692953104
15.37797,17.08214,46.09529,3296.97424,-0.50409,56.36602,5.63578449592597,2.0994780111470006,17.999999692953104
15.40239,17.12027,46.04929,3293.95301,-0.56223,56.42505,5.661973968131486,2.1092342786300415,17.999999692953104
15.42676,17.15839,45.99834,3290.93068,-0.61979,56.48438,5.692229106313538,2.120505113663451,17.999999692953104
15.45106,17.1965,45.94252,3287.90481,-0.6767,56.54403,5.726555300934348,2.13329252433624,17.999999692953104
15.47531,17.23462,45.88187,3284.87295,-0.73284,56.60405,5.764958165726579,2.147598601911532,17.999999692953104
15.49949,17.27272,45.8165,3281.83261,-0.78811,56.66447,5.8074430945403,2.1634253557403964,17.999999692953104
15.52361,17.31083,45.74648,3278.78128,-0.84241,56.72531,5.854014764285649,2.1807745280949185,17.999999692953104
15.54768,17.34893,45.67192,3275.71642,-0.89564,56.78662,5.904676582643929,2.1996473884260435,17.999999692953104
15.57167,17.38702,45.59291,3272.63545,-0.94769,56.84843,5.959430079333935,2.2200445065942733,17.999999692953104
15.59561,17.42511,45.50957,3269.53577,-0.99846,56.91077,6.0182742399026,2.241965504689148,17.999999692953104
15.61948,17.46319,45.42203,3266.41477,-1.04784,56.97368,6.081204781326535,2.2654087871717614,17.999999692953104
15.64329,17.50127,45.33042,3263.26981,-1.09574,57.03718,6.148213369085622,2.2903712492140755,17.999999692953104
15.66704,17.53935,45.23487,3260.09821,-1.14204,57.10133,6.219286775907684,2.3168479633091748,17.999999692953104
15.69072,17.57742,45.13554,3256.89729,-1.18665,57.16614,6.294405983004494,2.3448318444580294,17.999999692953104
15.71435,17.61547,45.03292,3253.66338,-1.22128,57.17997,6.373229103525452,2.3741955308132066,0.0
15.73795,17.6535,44.92755,3250.39303,-1.25392,57.19381,6.455389040408786,2.4048022690602924,0.0
15.76152,17.6915,44.8196,3247.08388,-1.28448,57.20767,6.54081261570203,2.436624798486563,0.0
15.78506,17.72947,44.70925,3243.73358,-1.31287,57.22155,6.629416278242813,2.4696319940856735,0.0
15.80856,17.76741,44.5967,3240.33983,-1.33901,57.23544,6.721104481699096,2.503788262334964,0.0
15.83203,17.80532,44.48216,3236.90035,-1.36281,57.24935,6.815768770498545,2.5390532006801014,0.0
15.85546,17.8432,44.36582,3233.41291,-1.38419,57.26327,6.913286885019275,2.5753812641950904,0.0
15.87886,17.88105,44.24791,3229.87532,-1.40308,57.2772,7.013521899273476,2.612721444346731,0.0
15.90223,17.91887,44.12863,3226.28548,-1.4194,57.29115,7.1163214058114646,2.651016965349936,0.0
15.92556,17.95666,44.00823,3222.64134,-1.43308,57.30511,7.221516763850213,2.6902050040758207,0.0
15.94886,17.99442,43.88692,3218.94092,-1.44405,57.31908,7.328922428009028,2.7302164399880846,0.0
15.97212,18.03214,43.76495,3215.18237,-1.45226,57.33307,7.4383353760088555,2.770975641945942,0.0
15.99534,18.06983,43.64255,3211.3639,-1.45765,57.34706,7.5495346547075375,2.8124002990903123,0.0
16.01853,18.10748,43.51996,3207.48388,-1.46018,57.36107,7.662281064361896,2.8544013032231375,0.0
16.04169,18.1451,43.39743,3203.54076,-1.45979,57.37508,7.776317001355904,2.8968826902194875,0.0
16.0648,18.18269,43.27521,3199.53316,-1.45645,57.38911,7.891366479458847,2.939741647946789,0.0
16.08788,18.22024,43.15355,3195.45986,-1.45013,57.40314,8.007135349115458,2.9828685979561613,0.0
16.11092,18.25775,43.03269,3191.31976,-1.44082,57.41718,8.123311733129485,3.0261473577860194,0.0
16.13392,18.29522,42.9129,3187.11198,-1.4285,57.43123,8.23956669543242,3.069455390096015,0.0
16.15688,18.33266,42.79442,3182.83581,-1.41316,57.44529,8.355555157298076,3.1126641439810765,0.0
16.1798,18.37005,42.6775,3178.49072,-1.39482,57.45935,8.470917072451005,3.1556394927302107,0.0
16.20269,18.40741,42.56239,3174.07641,-1.37348,57.47342,8.585278868897145,3.1982422709463587,0.0
16.22553,18.44472,42.44933,3169.59279,-1.34918,57.48749,8.698255161156714,3.2403289123981995,0.0
16.24833,18.48199,42.33858,3165.03999,-1.32195,57.50157,8.80945073173246,3.281752188169209,0.0
16.27109,18.51922,42.23036,3160.41839,-1.29183,57.51565,8.918462775414286,3.3223620427201843,0.0
16.29381,18.55641,42.1249,3155.72859,-1.25889,57.52973,9.024883394248752,3.3620065233310252,0.0
16.31649,18.59355,42.02244,3150.97144,-1.22318,57.54382,9.128302325083384,3.4005327961827634,0.0
16.33913,18.63064,41.92318,3146.14805,-1.1848,57.55791,9.228309875401186,3.4377882400331603,0.0
16.36172,18.66769,41.82735,3141.25977,-1.14384,57.572,9.324500037109283,3.4736216061849015,0.0
16.38427,18.7047,41.73513,3136.3082,-1.10039,57.58609,9.416473742057303,3.5078842312518606,0.0
16.40677,18.74165,41.64672,3131.29518,-1.05457,57.60018,9.503842217688911,3.5404312872275803,0.0
16.42923,18.77856,41.56229,3126.22281,-1.00651,57.61427,9.586230396371384,3.5711230515502472,0.0
16.45165,18.81542,41.48202,3121.09342,-0.95633,57.62836,9.663280328081902,3.59982617841813,0.0
16.47402,18.85222,41.40606,3115.90957,-0.9042,57.64244,9.734654543180971,3.6264149515111566,0.0
16.49635,18.88898,41.33456,3110.67404,-0.85025,57.65653,9.800039310314194,3.6507724976450446,0.0
16.51862,18.92569,41.26763,3105.38982,-0.79465,57.67061,9.859147734081679,3.672791940734663,0.0
16.54086,18.96234,41.20539,3100.06008,-0.73758,57.68469,9.911722638142644,3.6923774758263526,0.0
16.56304,18.99894,41.14794,3094.6882,-0.67922,57.69877,9.957539181878632,3.7094453438738264,0.0
16.58518,19.03549,41.09536,3089.2777,-0.61974,57.71285,9.996407162647001,3.723924689388166,0.0
16.60728,19.07199,41.04771,3083.83225,-0.55935,57.72692,10.028172960919415,3.735758285053096,0.0
16.62932,19.10843,41.00505,3078.35564,-0.49823,57.74098,10.052721092011971,3.744903109785275,0.0
16.65132,19.14481,40.96741,3072.85176,-0.43659,57.75504,10.069975335781503,3.7513307695759015,0.0
16.67327,19.18115,40.93481,3067.3246,-0.37463,57.7691,10.079899423880404,3.755027753511215,0.0
16.69518,19.21742,40.90724,3061.77821,-0.31255,57.78315,10.082497273222423,3.755995520744648,0.0
16.71703,19.25364,40.8847,3056.21665,-0.25056,57.7972,10.077812763505753,3.7542504176183193,0.0
16.73884,19.28981,40.86714,3050.64402,-0.18886,57.81124,10.06592906587328,3.74982342757132,0.0
16.7606,19.32591,40.85451,3045.06442,-0.12766,57.82527,10.046967538819501,3.742759759835984,0.0
16.78231,19.36197,40.84676,3039.4819,-0.06714,57.83931,10.021086215782374,3.7331182860260603,0.0
16.80397,19.39796,40.8438,3033.90048,-0.00751,57.85333,9.988477916510215,3.7209708365711918,0.0
16.82558,19.4339,40.84553,3028.32411,0.05105,57.86735,9.949368020923098,3.706401371421705,0.0
16.84715,19.46978,40.85185,3022.75665,0.10834,57.88136,9.904011949483996,3.6895050414205772,0.0
16.86866,19.50561,40.86263,3017.20184,0.1642,57.89537,9.852692398334481,3.6703871583187255,0.0
16.89013,19.54138,40.87774,3011.66333,0.21845,57.90938,9.795716380109738,3.6491620924007453,0.0
16.91156,19.57709,40.89703,3006.14462,0.27093,57.92338,9.733412122764122,3.6259521172158315,0.0
16.93293,19.61275,40.92033,3000.64905,0.32149,57.93737,9.666125878773762,3.6008862209217924,0.0
16.95426,19.64835,40.94748,2995.17981,0.36998,57.95136,9.594218695863871,3.5740989032960084,0.0
16.97554,19.6839,40.97829,2989.73993,0.41628,57.96535,9.518063198072385,3.545728976596937,0.0
16.99677,19.71939,41.01258,2984.33225,0.46025,57.97933,9.438040422642647,3.5159183872234188,0.0
17.01795,19.75482,41.05014,2978.95942,0.50178,57.99331,9.354536754087725,3.48481107357296,0.0
17.03909,19.7902,41.09078,2973.62392,0.54078,58.00728,9.267940992044226,3.452551873740129,0.0
17.06018,19.82553,41.13427,2968.32802,0.57714,58.02125,9.178641584293969,3.419285494744331,0.0
17.08123,19.8608,41.1804,2963.07379,0.61079,58.03522,9.087024050919897,3.3851555529601063,0.0
17.10223,19.89602,41.22895,2957.86314,0.64166,58.04918,8.993468620027706,3.35030369336123,0.0
17.12319,19.93119,41.2797,2952.69774,0.66969,58.06315,8.898348089976373,3.3148687931453353,0.0
17.1441,19.9663,41.33241,2947.57911,0.69483,58.07711,8.80202592787366,3.2789862533734597,0.0
17.16496,20.00136,41.38686,2942.50854,0.71704,58.09107,8.704854609115152,3.2427873804046436,0.0
17.18579,20.03637,41.44281,2937.48718,0.73629,58.10503,8.607174198306604,3.2063988572521707,0.0
17.20656,20.07133,41.50002,2932.51595,0.75257,58.11899,8.50931116782264,3.169942303465592,0.0
17.2273,20.10624,41.55828,2927.59564,0.76586,58.13295,8.41157744683158,3.1335339208674577,0.0
17.24799,20.1411,41.61734,2922.72685,0.77616,58.14691,8.314269690600511,3.0972842213502276,0.0
17.26864,20.17591,41.67698,2917.91002,0.78349,58.16087,8.217668757522476,3.0612978320551387,0.0
17.28925,20.21068,41.73696,2913.14543,0.78786,58.17483,8.122039379460873,3.0256733725668212,0.0
17.30981,20.24539,41.79707,2908.43321,0.78928,58.18879,8.027630009567751,2.990503398221611,0.0
17.33034,20.28006,41.85708,2903.77336,0.78781,58.20276,7.934672830925778,2.9558744033269044,0.0
17.35082,20.31468,41.91678,2899.16574,0.78346,58.21673,7.843383908823213,2.921866877887599,0.0
17.37126,20.34926,41.97594,2894.61009,0.7763,58.2307,7.753963469416012,2.888555411415055,0.0
17.39166,20.38379,42.03436,2890.10601,0.76636,58.24467,7.666596287713766,2.8560088374620687,0.0
17.41203,20.41827,42.09184,2885.65301,0.75371,58.25865,7.581452168350715,2.824290412722722,0.0
17.43235,20.45272,42.14817,2881.25048,0.73841,58.27263,7.498686503302047,2.793458024796383,0.0
17.45263,20.48711,42.20317,2876.89771,0.72052,58.28662,7.418440891569688,2.7635644230369625,0.0
17.47288,20.52147,42.25664,2872.59391,0.70011,58.30062,7.3408438068777455,2.734657467287038,0.0
17.49309,20.55578,42.30841,2868.33819,0.67727,58.31461,7.266011300508482,2.706780389702745,0.0
17.51326,20.59005,42.3583,2864.12959,0.65207,58.32862,7.194047727518085,2.679972065288259,0.0
17.53339,20.62428,42.40614,2859.96707,0.62459,58.34263,7.125046485761999,2.65426728720218,0.0
17.55348,20.65847,42.45178,2855.84951,0.59492,58.35665,7.059090758250207,2.6296970433044033,0.0
17.57354,20.69262,42.49505,2851.77573,0.56315,58.37067,6.996254250509628,2.606288790843015,0.0
17.59356,20.72673,42.53582,2847.7445,0.52936,58.3847,6.936601915669884,2.584066726567819,0.0
17.61355,20.76081,42.57394,2843.75451,0.49365,58.39874,6.880190660992811,2.5630520499311698,0.0
17.6335,20.79484,42.60928,2839.80443,0.45612,58.41279,6.827070030492208,2.543263217381787,0.0
17.65341,20.82883,42.64172,2835.89284,0.41686,58.42684,6.77728285917048,2.524716186085126,0.0
17.67329,20.86279,42.67114,2832.0183,0.37597,58.44091,6.73086589514521,2.5074246456818865,0.0
17.69313,20.89671,42.69743,2828.17932,0.33356,58.45498,6.687850386639964,2.4914002369575363,0.0
17.71294,20.93059,42.7205,2824.37436,0.28971,58.46906,6.6482626314513595,2.4766527565332535,0.0
17.73272,20.96443,42.74025,2820.60185,0.24454,58.48315,6.612124487012201,2.4631903468778606,0.0
17.75246,20.99824,42.75659,2816.86019,0.19814,58.49725,6.579453839652173,2.4510196711197834,0.0
17.77217,21.03202,42.76945,2813.14772,0.15063,58.51135,6.5502650320438,2.440146072281914,0.0
17.79184,21.06576,42.77875,2809.46277,0.1021,58.52547,6.524569248163907,2.43057371668989,0.0
17.81148,21.09946,42.78445,2805.80363,0.05267,58.5396,6.502374855343832,2.422305721394791,0.0
17.83108,21.13313,42.78647,2802.16855,0.00243,58.55374,6.483687703255124,2.415344265553184,0.0
17.85066,21.16676,42.78479,2798.55577,-0.0485,58.56788,6.468511379792026,2.4096906857500775,0.0
17.87019,21.20036,42.77936,2794.96348,-0.10001,58.58204,6.456847423980614,2.4053455553131786,0.0
17.8897,21.23392,42.77014,2791.38986,-0.15201,58.59621,6.448695496161748,2.402308747710521,0.0
17.90917,21.26745,42.75713,2787.83306,-0.20438,58.61038,6.4440535057205945,2.4005794841330728,0.0
17.92862,21.30095,42.74031,2784.29119,-0.25701,58.62457,6.442917696743066,2.40015636540401,0.0
17.94802,21.33441,42.71966,2780.76235,-0.3098,58.63877,6.4452826919919675,2.4010373883609963,0.0
17.9674,21.36784,42.6952,2777.24461,-0.36264,58.65297,6.451141495628104,2.403219946869858,0.0
17.98674,21.40123,42.66694,2773.73602,-0.41541,58.66719,6.460485455144348,2.406700817644031,0.0
18.00605,21.43459,42.63488,2770.23461,-0.46802,58.68142,6.473304182998372,2.4114761310506836,0.0
18.02533,21.46792,42.59906,2766.73838,-0.52034,58.69566,6.489585438489477,2.4175413271067336,0.0
18.04458,21.50122,42.55951,2763.24532,-0.57229,58.7099,6.5093149704480835,2.424891096876543,0.0
18.06379,21.53448,42.51628,2759.75339,-0.62373,58.72416,6.5324763214236015,2.4335193095267447,0.0
18.08298,21.5677,42.4694,2756.26054,-0.67458,58.73843,6.559050594106184,2.4434189253122027,0.0
18.10213,21.6009,42.41895,2752.76471,-0.72471,58.75271,6.589016180878892,2.4545818948270757,0.0
18.12124,21.63406,42.36497,2749.26381,-0.77403,58.76699,6.622348457548024,2.4669990449113093,0.0
18.14033,21.66719,42.30755,2745.75575,-0.82242,58.78129,6.659019442476213,2.4806599516687435,0.0
18.15938,21.70028,42.24677,2742.23842,-0.86979,58.79559,6.698997422611488,2.4955528011530976,0.0
18.1784,21.73334,42.1827,2738.70972,-0.91601,58.8099,6.7422465481603675,2.511664238373035,0.0
18.19739,21.76636,42.11545,2735.16752,-0.961,58.82423,6.788726398008216,2.5289792053998106,0.0
18.21635,21.79935,42.04511,2731.60971,-1.00465,58.83855,6.838391518335086,2.5474807694895323,0.0
18.23527,21.83231,41.9718,2728.03417,-1.04685,58.85289,6.891190937344821,2.5671499423069832,0.0
18.25416,21.86523,41.89563,2724.43878,-1.08751,58.86724,6.947067659473478,2.5879654915049497,0.0
18.27302,21.89811,41.81672,2720.82143,-1.12652,58.88159,7.005958142983553,2.6099037461143295,0.0
18.29184,21.93096,41.7352,2717.18003,-1.16379,58.89595,7.067791765419919,2.632938397412398,0.0
18.31064,21.96378,41.6512,2713.51252,-1.19923,58.91032,7.1324902820262075,2.657040297168665,0.0
18.32939,21.99656,41.56487,2709.81682,-1.23273,58.92469,7.199967282857373,2.6821772554050183,0.0
18.34812,22.0293,41.47636,2706.09092,-1.26421,58.93907,7.2701276550177445,2.7083138400652507,0.0
18.36681,22.06201,41.38581,2702.33281,-1.29359,58.95346,7.3428670571201256,2.7354111812372426,0.0
18.38547,22.09468,41.29339,2698.54055,-1.32077,58.96785,7.418071413773913,2.7634267828364907,0.0
18.40409,22.12731,41.19927,2694.71223,-1.34567,58.98224,7.495616438577255,2.792314344908134,0.0
18.42268,22.1599,41.1036,2690.84599,-1.36823,58.99664,7.575367194731362,2.822023599944221,0.0
18.44124,22.19246,41.00657,2686.94002,-1.38836,59.01105,7.657177702985172,2.8525001668327885,0.0
18.45976,22.22497,40.90836,2682.99261,-1.40599,59.02545,7.740890607118853,2.883685426241655,0.0
18.47824,22.25745,40.80914,2679.00208,-1.42107,59.03986,7.8263369076000515,2.9155164213983746,0.0
18.49669,22.28989,40.7091,2674.96688,-1.43353,59.05428,7.913335774289235,2.9479257883180447,0.0
18.51511,22.32228,40.60844,2670.8855,-1.44332,59.06869,8.001694449219245,2.98084171958613,0.0
18.53348,22.35464,40.50734,2666.75658,-1.4504,59.08311,8.091208250377559,3.0141879657674586,0.0
18.55183,22.38695,40.40601,2662.57881,-1.45472,59.09752,8.181660687133002,3.047883878405707,0.0
18.57013,22.41922,40.30462,2658.35105,-1.45625,59.11194,8.272823697437738,3.081844498387383,0.0
18.5884,22.45145,40.2034,2654.07225,-1.45497,59.12636,8.364458016121148,3.115980693140985,0.0
18.60663,22.48364,40.10252,2649.7415,-1.45085,59.14077,8.45631368253342,3.1501993457475956,0.0
18.62483,22.51578,40.00219,2645.35802,-1.44388,59.15519,8.548130694424716,3.1844035985280823,0.0
18.64299,22.54788,39.90261,2640.92119,-1.43407,59.1696,8.63963981328936,3.2184931530549883,0.0
18.66111,22.57993,39.80398,2636.43054,-1.42141,59.18401,8.730563524412444,3.2523646277951572,0.0
18.67919,22.61193,39.70648,2631.88575,-1.40593,59.19842,8.820617152666312,3.2859119737732865,0.0
18.69723,22.64389,39.61032,2627.28667,-1.38765,59.21283,8.909510132545456,3.319026947693334,0.0
18.71524,22.6758,39.51567,2622.63333,-1.3666,59.22723,8.99694742823592,3.3515996409517426,0.0
18.7332,22.70767,39.42273,2617.92593,-1.34283,59.24162,9.082631096603663,3.3835190618917252,0.0
18.75112,22.73948,39.33168,2613.16485,-1.31639,59.25601,9.166261982931664,3.414673767509957,0.0
18.76901,22.77125,39.24269,2608.35064,-1.28735,59.2704,9.247541536225468,3.4449525397056555,0.0
18.78685,22.80296,39.15594,2603.48405,-1.25577,59.28478,9.326173727753979,3.474245099987502,0.0
18.80466,22.83463,39.07158,2598.566,-1.22174,59.29915,9.40186705364274,3.502442855492333,0.0
18.82242,22.86624,38.98977,2593.59762,-1.18536,59.31351,9.474336599503223,3.529439668113873,0.0
18.84015,22.8978,38.91066,2588.58019,-1.14673,59.32787,9.543306142696732,3.555132637651353,0.0
18.85783,22.92931,38.8344,2583.51518,-1.10596,59.34222,9.608510265684846,3.5794228890881534,0.0
18.87546,22.96077,38.76111,2578.40424,-1.06317,59.35656,9.669696452312488,3.602216353512412,0.0
18.89306,22.99217,38.69091,2573.24919,-1.0185,59.37089,9.726627137811803,3.623424531797394,0.0
18.91062,23.02352,38.62392,2568.05201,-0.97207,59.38521,9.779081682768426,3.6429652299558777,0.0
18.92813,23.05481,38.56024,2562.81482,-0.92404,59.39952,9.82685824147743,3.6607632551518976,0.0
18.9456,23.08605,38.49996,2557.5399,-0.87456,59.41382,9.869775495929366,3.676751061656169,0.0
18.96302,23.11723,38.44316,2552.22966,-0.82379,59.42811,9.90767422815402,3.690869336585513,0.0
18.98041,23.14836,38.3899,2546.88664,-0.7719,59.44239,9.940418705820159,3.7030675160752082,0.0
18.99775,23.17942,38.34024,2541.5135,-0.71906,59.45665,9.967897858746925,3.7133042235604568,0.0
19.01504,23.21043,38.29423,2536.11296,-0.66543,59.47091,9.990026227329546,3.7215476230899025,0.0
19.03229,23.24139,38.25189,2530.68788,-0.61121,59.48515,10.006744667714685,3.7277756820220067,0.0
19.0495,23.27228,38.21324,2525.24114,-0.55657,59.49938,10.018020802729097,3.731976339007844,0.0
19.06666,23.30312,38.1783,2519.77571,-0.50169,59.51359,10.023849212052028,3.7341475748353146,0.0
19.08378,23.33389,38.14705,2514.2946,-0.44677,59.5278,10.024251359739258,3.7342973854299495,0.0
19.10086,23.36461,38.11947,2508.80083,-0.39197,59.54199,10.019275261822946,3.732443658027108,0.0
19.11789,23.39527,38.09555,2503.29744,-0.33749,59.55617,10.008994901269382,3.7286139532283396,0.0
19.13488,23.42587,38.07522,2497.78747,-0.28351,59.57033,9.993509401863369,3.7228451972515884,0.0
19.15182,23.45641,38.05845,2492.27396,-0.23021,59.58449,9.972941976556614,3.7151832901632926,0.0
19.16872,23.48689,38.04516,2486.75989,-0.17775,59.59862,9.947438669340197,3.70568263719278,0.0
19.18557,23.51731,38.03528,2481.24821,-0.12632,59.61275,9.917166912737505,3.694405611360424,0.0
19.20238,23.54767,38.02872,2475.74182,-0.07607,59.62686,9.882313925412895,3.6814219565447184,0.0
19.21914,23.57797,38.02538,2470.24353,-0.02717,59.64096,9.843084976216131,3.66680814079315,0.0
19.23586,23.60821,38.02517,2464.75611,0.02023,59.65505,9.799701542164135,3.6506466701219327,0.0
19.25254,23.63839,38.02795,2459.2822,0.06598,59.66912,9.75239938840225,3.63302537325106,0.0
19.26917,23.66851,38.03362,2453.82436,0.10995,59.68319,9.701426598057616,3.614036667672852,0.0
19.28576,23.69857,38.04203,2448.38504,0.152,59.69723,9.647041579319703,3.5937768172370164,0.0
19.3023,23.72857,38.05306,2442.96657,0.192,59.71127,9.58951107582031,3.5723451909648434,0.0
19.3188,23.75852,38.06654,2437.57118,0.22986,59.7253,9.529108204816572,3.5498435322207644,0.0
19.33526,23.7884,38.08234,2432.20094,0.26545,59.73931,9.466110545623781,3.526375246603278,0.0
19.35167,23.81822,38.1003,2426.85783,0.29869,59.75331,9.400798298418913,3.5020447160508152,0.0
19.36804,23.84799,38.12024,2421.54365,0.32949,59.7673,9.333452531029534,3.476956645724487,0.0
19.38437,23.8777,38.14202,2416.26011,0.35777,59.78128,9.264353528587224,3.451215449210551,0.0
19.40066,23.90735,38.16545,2411.00875,0.38346,59.79525,9.193779258219195,3.4249246765776498,0.0
19.4169,23.93694,38.19037,2405.79098,0.40651,59.80921,9.12200395818725,3.398186488793947,0.0
19.4331,23.96648,38.2166,2400.60807,0.42687,59.82315,9.049296858196842,3.371101181008585,0.0
19.44926,23.99596,38.24396,2395.46117,0.44449,59.83709,8.975921035070614,3.3437667562599658,0.0
19.46538,24.02539,38.27229,2390.35127,0.45935,59.85102,8.902132405598223,3.3162785502858108,0.0
19.48146,24.05475,38.3014,2385.27925,0.47144,59.86494,8.828178856163825,3.2887289072865036,0.0
19.4975,24.08407,38.33111,2380.24582,0.48072,59.87886,8.754299506827502,3.2612069057760515,0.0
19.51349,24.11333,38.36125,2375.25159,0.48721,59.89276,8.680724105829087,3.233798133018832,0.0
19.52945,24.14253,38.39164,2370.29706,0.49091,59.90666,8.607672548999206,3.206584505997561,0.0
19.54537,24.17168,38.42212,2365.38256,0.49182,59.92055,8.53535451740181,3.179644136425601,0.0
19.56124,24.20078,38.4525,2360.50834,0.48998,59.93443,8.463969225541845,3.1530512369476944,0.0
19.57708,24.22982,38.48262,2355.67453,0.4854,59.9483,8.393705271748154,3.126876065403654,0.0
19.59288,24.25881,38.51231,2350.88113,0.47812,59.96217,8.324740581881233,3.1011849038580275,0.0
19.60864,24.28775,38.54142,2346.12805,0.46818,59.97604,8.257242437159444,3.0760400689660874,0.0
19.62436,24.31664,38.56977,2341.4151,0.45563,59.9899,8.191367576788553,3.0514999502060376,0.0
19.64004,24.34547,38.59722,2336.74199,0.44053,60.00375,8.127262366162864,3.0276190725383643,0.0
19.65569,24.37426,38.62362,2332.10833,0.42292,60.0176,8.06506302148193,3.0044481800814626,0.0
19.67129,24.40299,38.64882,2327.51364,0.40289,60.03144,8.004895881998223,2.9820343375310654,0.0
19.68686,24.43168,38.67267,2322.95737,0.38048,60.04528,7.946877721416779,2.960421046164798,0.0
19.7024,24.46032,38.69505,2318.43888,0.35579,60.05912,7.891116090459136,2.939648371456265,0.0
19.71789,24.48891,38.71582,2313.95745,0.32889,60.07296,7.837709683056947,2.9197530794918,0.0
19.73335,24.51744,38.73486,2309.51229,0.29985,60.08679,7.786748719200931,2.9007687795917763,0.0
19.74878,24.54594,38.75204,2305.10254,0.26877,60.10061,7.738315338020119,2.882726070742968,0.0
19.76417,24.57438,38.76726,2300.72727,0.23574,60.11444,7.692483995205629,2.865652689649366,0.0
19.77952,24.60278,38.78041,2296.3855,0.20084,60.12826,7.649321859465465,2.849573658422014,0.0
19.79484,24.63113,38.79138,2292.07618,0.16418,60.14209,7.6088892032596664,2.834511430138143,0.0
19.81012,24.65943,38.80008,2287.7982,0.12585,60.15591,7.571239783558118,2.820486030683464,0.0
19.82537,24.68769,38.80642,2283.5504,0.08596,60.16972,7.536421208891402,2.8075151954882767,0.0
19.84058,24.7159,38.81033,2279.33158,0.0446,60.18354,7.504475289439988,2.7956144999448966,0.0
19.85576,24.74407,38.81172,2275.14048,0.00188,60.19736,7.4754383673431954,2.78479748245644,0.0
19.87091,24.77219,38.81053,2270.9758,-0.04209,60.21117,7.449341624841258,2.7750757592278474,0.0
19.88602,24.80027,38.8067,2266.83619,-0.0872,60.22499,7.426211368225459,2.766459130044783,0.0
19.90109,24.8283,38.80017,2262.72026,-0.13334,60.2388,7.406069285943031,2.758955674424498,0.0
19.91614,24.85629,38.79089,2258.62658,-0.18041,60.25262,7.388932679520745,2.752571837640945,0.0
19.93114,24.88423,38.77882,2254.5537,-0.22828,60.26643,7.374814666255373,2.7473125062323094,0.0
19.94612,24.91213,38.76393,2250.50011,-0.27685,60.28025,7.36372435291804,2.7431810727104464,0.0
19.96106,24.93999,38.74619,2246.46428,-0.326,60.29406,7.355666979923269,2.7401794892676516,0.0
19.97597,24.9678,38.72558,2242.44465,-0.37561,60.30788,7.350644035691735,2.738308310379788,0.0
19.99085,24.99557,38.70208,2238.43963,-0.42557,60.32169,7.348653341107759,2.73756672426893,0.0
20.00569,25.02329,38.6757,2234.44759,-0.47577,60.33551,7.349689104196022,2.737952573271875,0.0
20.02051,25.05098,38.64642,2230.4669,-0.52608,60.34932,7.3537419453264965,2.7394623632296446,0.0
20.03528,25.07862,38.61426,2226.49589,-0.5764,60.36314,7.360798893440851,2.7420912620817215,0.0
20.05003,25.10621,38.57923,2222.53287,-0.62659,60.37695,7.370843353983552,2.7458330879195403,0.0
20.06474,25.13377,38.54135,2218.57614,-0.67656,60.39077,7.383855049386017,2.7506802868152693,0.0
20.07942,25.16128,38.50065,2214.62395,-0.72618,60.40458,7.39980993317756,2.7566239008258773,0.0
20.09407,25.18875,38.45716,2210.67459,-0.77533,60.41839,7.418680078946958,2.763653526628395,0.0
20.10869,25.21617,38.41092,2206.72629,-0.82391,60.43221,7.440433545611196,2.771757265328979,0.0
20.12327,25.24356,38.36198,2202.77729,-0.8718,60.44602,7.465034220649499,2.7809216640634626,0.0
20.13782,25.2709,38.3104,2198.82583,-0.91888,60.45984,7.492441643200296,2.7911316500963226,0.0
20.15234,25.29819,38.25622,2194.87012,-0.96504,60.47365,7.52261080913196,2.8023704582043973,0.0
20.16683,25.32545,38.19952,2190.9084,-1.01018,60.48746,7.555491960474335,2.8146195522345923,0.0
20.18128,25.35266,38.14037,2186.93889,-1.05419,60.50127,7.591030361852178,2.827858541819456,0.0
20.1957,25.37983,38.07884,2182.95982,-1.09695,60.51508,7.629166066849442,2.842065095341725,0.0
20.21009,25.40695,38.01502,2178.96942,-1.13836,60.52889,7.669833677494921,2.8572148503364003,0.0
20.22445,25.43403,37.949,2174.96595,-1.17833,60.5427,7.712962100386745,2.8732813226407066,0.0
20.23877,25.46107,37.88087,2170.94768,-1.21674,60.55651,7.75847430325269,2.890235815706399,0.0
20.25306,25.48806,37.81074,2166.91288,-1.2535,60.57031,7.806287076052397,2.908047331604055,0.0
20.26732,25.51501,37.7387,2162.85987,-1.28852,60.58411,7.8563108009958444,2.9266824853489073,0.0
20.28155,25.54191,37.66487,2158.78698,-1.32171,60.59791,7.908449236167868,2.946105424295279,0.0
20.29574,25.56877,37.58935,2154.69258,-1.35298,60.6117,7.962599317679749,2.9662777544328476,0.0
20.3099,25.59558,37.51228,2150.57509,-1.38223,60.62549,8.018650985502756,2.987158475505058,0.0
20.32403,25.62235,37.43377,2146.43295,-1.4094,60.63928,8.076487038351729,3.008703926949437,0.0
20.33812,25.64908,37.35394,2142.26466,-1.43441,60.65306,8.13598302309794,3.030867746700974,0.0
20.35218,25.67575,37.27293,2138.06876,-1.45718,60.66684,8.197007164309705,3.0536008449441447,0.0
20.3662,25.70238,37.19087,2133.84388,-1.47766,60.68061,8.259420339513591,3.0768513948970666,0.0
20.3802,25.72897,37.1079,2129.58868,-1.49577,60.69438,8.32307610572812,3.1005648426959898,0.0
20.39415,25.7555,37.02415,2125.3019,-1.51146,60.70814,8.387820782651058,3.1246839383847593,0.0
20.40808,25.78199,36.93977,2120.98236,-1.52469,60.7219,8.45349359765079,3.149148789927918,0.0
20.42197,25.80843,36.8549,2116.62895,-1.53542,60.73565,8.519926897339523,3.173896942027285,0.0
20.43582,25.83483,36.76967,2112.24067,-1.5436,60.74939,8.586946430035367,3.19886348134652,0.0
20.44964,25.86117,36.68425,2107.81657,-1.5492,60.76312,8.65437170282666,3.223981169526974,0.0
20.46343,25.88747,36.59877,2103.35584,-1.55221,60.77685,8.722016416258542,3.24918060511988,0.0
20.47718,25.91371,36.51337,2098.85773,-1.55261,60.79056,8.789688978768075,3.2743904152269616,0.0
20.4909,25.93991,36.42821,2094.32162,-1.55039,60.80427,8.85719310207364,3.2995374772986654,0.0
20.50458,25.96605,36.34343,2089.747,-1.54556,60.81797,8.924328477672283,3.324547171147203,0.0
20.51822,25.99214,36.25916,2085.13347,-1.53812,60.83166,8.99089153334796,3.3493436607657934,0.0
20.53183,26.01818,36.17556,2080.48074,-1.52809,60.84534,9.056676267425583,3.3738502051102337,0.0
20.5454,26.04417,36.09277,2075.78865,-1.5155,60.85901,9.121475157093826,3.3979894964730524,0.0
20.55894,26.07011,36.01091,2071.05716,-1.50038,60.87266,9.185080135804062,3.421684024590327,0.0
20.57244,26.09599,35.93013,2066.28637,-1.48277,60.88631,9.247283633324873,3.4448564640893498,0.0
20.5859,26.12182,35.85055,2061.47648,-1.46273,60.89994,9.30787967066654,3.4674300823768203,0.0
20.59933,26.1476,35.7723,2056.62784,-1.44031,60.91356,9.366665000736692,3.489329164563074,0.0
20.61271,26.17332,35.69551,2051.74092,-1.4156,60.92716,9.423440284348843,3.5104794515562188,0.0
20.62607,26.19898,35.62028,2046.81633,-1.38865,60.94075,9.478011290033152,3.530808587023198,0.0
20.63938,26.22459,35.54674,2041.85478,-1.35957,60.95433,9.530190105100248,3.550246568542944,0.0
20.65266,26.25015,35.47498,2036.85715,-1.32845,60.96789,9.579796344602048,3.568726197976079,0.0
20.66589,26.27564,35.4051,2031.8244,-1.29538,60.98144,9.626658344216057,3.5861835258457155,0.0
20.67909,26.30108,35.33721,2026.75764,-1.26048,60.99497,9.670614322658672,3.6025582843669874,0.0
20.69226,26.32646,35.27138,2021.65808,-1.22387,61.00849,9.711513499189627,3.6177943037468685,0.0
20.70538,26.35179,35.20769,2016.52705,-1.18567,61.02199,9.749217151860213,3.631839906409469,0.0
20.71846,26.37705,35.14622,2011.36598,-1.14601,61.03548,9.783599602604571,3.6446482739684662,0.0
20.73151,26.40226,35.08703,2006.1764,-1.10502,61.04894,9.81454911599872,3.6561777820384944,0.0
20.74451,26.42741,35.03017,2000.95994,-1.06286,61.06239,9.841968699493552,3.6663922983429815,0.0
20.75748,26.4525,34.97569,1995.71831,-1.01967,61.07583,9.8657767941495,3.6752614400309933,0.0
20.77041,26.47752,34.92364,1990.45332,-0.97559,61.08924,9.885907846404775,3.6827607866759466,0.0
20.7833,26.50249,34.87403,1985.16681,-0.93078,61.10264,9.902312753085155,3.688872046053461,0.0
20.79615,26.5274,34.8269,1979.86073,-0.88541,61.11602,9.914959173694468,3.6935831704777824,0.0
20.80896,26.55224,34.78225,1974.53704,-0.83963,61.12938,9.923831706009317,3.696888422215439,0.0
20.82173,26.57703,34.74009,1969.19778,-0.7936,61.14272,9.928931923064829,3.6987883872634044,0.0
20.83446,26.60175,34.70042,1963.845,-0.74748,61.15604,9.930278271675109,3.6992899375452977,0.0
20.84715,26.62641,34.66323,1958.48079,-0.70145,61.16935,9.927905834719661,3.69840614235682,0.0
20.8598,26.65101,34.62849,1953.10726,-0.65565,61.18263,9.921865961419464,3.696156130633865,0.0
20.87241,26.67555,34.59617,1947.72651,-0.61025,61.1959,9.91222577171546,3.692564906320467,0.0
20.88498,26.70002,34.56624,1942.34066,-0.56541,61.20915,9.899067542606181,3.6876631197634167,0.0
20.89751,26.72444,34.53865,1936.95182,-0.52129,61.22238,9.882487985819392,3.681486798625944,0.0
20.91,26.74879,34.51335,1931.56205,-0.47803,61.23559,9.862597427586488,3.6740770423321023,0.0
20.92245,26.77307,34.49028,1926.17342,-0.43579,61.24878,9.839518902308393,3.6654796844334663,0.0
20.93486,26.7973,34.46938,1920.78795,-0.39471,61.26195,9.813387172781518,3.6557449276175205,0.0
20.94723,26.82146,34.45056,1915.40762,-0.35492,61.2751,9.784347690195167,3.644926956279333,0.0
20.95956,26.84556,34.43376,1910.03435,-0.31657,61.28824,9.752555507448951,3.633083531703696,0.0
20.97185,26.8696,34.41887,1904.67003,-0.27978,61.30135,9.71817415931882,3.6202755748975086,0.0
20.98411,26.89357,34.40582,1899.31645,-0.24467,61.31445,9.681374522909845,3.6065667420784577,0.0
20.99632,26.91749,34.39451,1893.97537,-0.21136,61.32752,9.642333671274184,3.5920229976175446,0.0
21.00849,26.94134,34.38483,1888.64845,-0.17994,61.34058,9.601233732576356,3.5767121890481324,0.0
21.02063,26.96513,34.37668,1883.33729,-0.15053,61.35363,9.55826076627748,3.5607036284150078,0.0
21.03272,26.98885,34.36995,1878.04341,-0.12321,61.36665,9.513603666924563,3.5440676839070475,0.0
21.04478,27.01252,34.36452,1872.76824,-0.09807,61.37966,9.467453105061116,3.5268753853185486,0.0
21.05679,27.03612,34.36029,1867.51312,-0.07518,61.39264,9.420000513565967,3.5091980464337804,0.0
21.06877,27.05966,34.35713,1862.27931,-0.0546,61.40562,9.371437126615065,3.4911069070149567,0.0
21.08071,27.08314,34.35493,1857.06796,-0.03641,61.41857,9.321953077131193,3.4726727965785127,0.0
21.09261,27.10656,34.35355,1851.88017,-0.02064,61.43151,9.271736557443642,3.4539658217187474,0.0
21.10448,27.12992,34.35288,1846.71689,-0.00735,61.44443,9.220973046613661,3.435055078266224,0.0
21.1163,27.15322,34.3528,1841.57903,0.00345,61.45734,9.169844606751086,3.416008389147197,0.0
21.12809,27.17646,34.35318,1836.46738,0.01171,61.47023,9.11852924957835,3.3968920684120456,0.0
21.13984,27.19964,34.35389,1831.38263,0.01742,61.4831,9.067200373424793,3.3777707115008333,0.0
21.15155,27.22276,34.3548,1826.32541,0.02058,61.49596,9.016026269966721,3.3587070114910027,0.0
21.16323,27.24582,34.35581,1821.29622,0.02117,61.50881,8.965169699194018,3.339761600761261,0.0
21.17487,27.26882,34.35678,1816.2955,0.01922,61.52164,8.914787530328441,3.320992917224189,0.0
21.18647,27.29176,34.3576,1811.32358,0.01472,61.53445,8.865030445846374,3.3024570940669338,0.0
21.19803,27.31465,34.35814,1806.38072,0.0077,61.54726,8.816042705210972,3.2842078717352154,0.0
21.20956,27.33747,34.35829,1801.46709,-0.00181,61.56005,8.767961964523934,3.26629653074887,0.0
21.22106,27.36024,34.35793,1796.58278,-0.01377,61.57282,8.720919147986896,3.2487718438178255,0.0
21.23251,27.38296,34.35696,1791.72779,-0.02816,61.58559,8.675038366832274,3.231680045641722,0.0
21.24393,27.40561,34.35525,1786.90204,-0.04491,61.59834,8.630436881232164,3.2150648187199673,0.0
21.25532,27.42821,34.35272,1782.10539,-0.06398,61.61108,8.587225100647702,3.1989672934818802,0.0
21.26667,27.45075,34.34925,1777.33761,-0.08531,61.6238,8.545506618073079,3.1834260610434932,0.0
21.27799,27.47324,34.34475,1772.5984,-0.10883,61.63652,8.50537827367647,3.168477196915471,0.0
21.28927,27.49567,34.33912,1767.88741,-0.13448,61.64922,8.466930243455955,3.1541542940297704,0.0
21.30052,27.51805,34.33227,1763.2042,-0.16217,61.66192,8.430246148702752,3.1404885035175782,0.0
21.31173,27.54037,34.32412,1758.54828,-0.19184,61.6746,8.39540318221681,3.127508581727942,0.0
21.32291,27.56264,34.31458,1753.91908,-0.2234,61.68727,8.362472247471878,3.1152409420704137,0.0
21.33405,27.58485,34.30358,1749.31599,-0.25676,61.69993,8.33151810713073,3.1037097103408864,0.0
21.34516,27.60701,34.29104,1744.73834,-0.29183,61.71258,8.302599537607891,3.0929367823002716,0.0
21.35624,27.62912,34.2769,1740.18539,-0.32852,61.72522,8.27576948659557,3.0829418823570536,0.0
21.36728,27.65117,34.26109,1735.65637,-0.36673,61.73786,8.251075230806512,3.0737426223306548,0.0
21.37829,27.67317,34.24355,1731.15044,-0.40635,61.75048,8.228558531365296,3.0653545593387825,0.0
21.38927,27.69512,34.22424,1726.66672,-0.44729,61.76309,8.20825578466952,3.057791251997191,0.0
21.40022,27.71701,34.2031,1722.20429,-0.48944,61.7757,8.190198166716891,3.051064314185314,0.0
21.41113,27.73885,34.18009,1717.76219,-0.53269,61.78829,8.174411769228668,3.0451834657558337,0.0
21.42201,27.76064,34.15518,1713.33939,-0.57693,61.80088,8.160917726117997,3.0401565796474666,0.0
21.43285,27.78238,34.12832,1708.93485,-0.62205,61.81345,8.149732329129618,3.035989724963788,0.0
21.44367,27.80406,34.09951,1704.5475,-0.66793,61.82602,8.14086713173015,3.032687205675104,0.0
21.45445,27.8257,34.06871,1700.17621,-0.71447,61.83858,8.13432904053899,3.0302515946788646,0.0
21.4652,27.84728,34.0359,1695.81982,-0.76154,61.85114,8.13012039384704,3.0286837630499543,0.0
21.47592,27.86881,34.00109,1691.47717,-0.80903,61.86368,8.12823902700033,3.027982904397814,0.0
21.4866,27.89029,33.96425,1687.14704,-0.85681,61.87622,8.128678324602353,3.028146554313183,0.0
21.49726,27.91172,33.9254,1682.8282,-0.90479,61.88874,8.131427259761159,3.029170604988675,0.0
21.50788,27.9331,33.88453,1678.5194,-0.95282,61.90126,8.13647042075228,3.031049315151419,0.0
21.51847,27.95443,33.84167,1674.21936,-1.00081,61.91378,8.143788025705915,3.0337753155344225,0.0
21.52903,27.9757,33.79681,1669.92679,-1.04862,61.92628,8.153355926099385,3.0373396101776007,0.0
21.53956,27.99693,33.74999,1665.64039,-1.09615,61.93877,8.16514560005996,3.041731573932906,0.0
21.55005,28.0181,33.70123,1661.35882,-1.14328,61.95126,8.179124136589168,3.046938946587468,0.0
21.56052,28.03923,33.65056,1657.08077,-1.18989,61.96374,8.195254212105851,3.052947824125261,0.0
21.57095,28.0603,33.59801,1652.8049,-1.23586,61.97621,8.21349406078151,3.059742647676247,0.0
21.58136,28.08132,33.54363,1648.52986,-1.2811,61.98867,8.233797440351148,3.0673061907800054,0.0
21.59173,28.1023,33.48745,1644.25432,-1.32548,62.00112,8.256113595264816,3.0756195456587196,0.0
21.60207,28.12322,33.42954,1639.97693,-1.36889,62.01356,8.280387219118486,3.084662109221694,0.0
21.61238,28.14409,33.36994,1635.69635,-1.41124,62.02599,8.306558418549065,3.0944115696152847,0.0
21.62265,28.16491,33.30871,1631.41127,-1.45242,62.03842,8.334562680809935,3.1048438941439445,0.0
21.6329,28.18568,33.24591,1627.12036,-1.49232,62.05083,8.36433084739904,3.1159333194459884,0.0
21.64311,28.20639,33.1816,1622.82233,-1.53085,62.06324,8.395789096246542,3.1276523448580256,0.0
21.6533,28.22706,33.11587,1618.51589,-1.56792,62.07564,8.42885893495666,3.1399717298973684,0.0
21.66345,28.24768,33.04877,1614.19978,-1.60343,62.08802,8.463457207740905,3.1528604968448453,0.0
21.67357,28.26824,32.98039,1609.87277,-1.6373,62.1004,8.499496118663673,3.1662859394043914,0.0
21.68366,28.28875,32.9108,1605.53363,-1.66945,62.11276,8.53688327383288,3.1802136384201773,0.0
21.69372,28.30921,32.8401,1601.18122,-1.69979,62.12511,8.575521745134228,3.1946074856192954,0.0
21.70375,28.32962,32.76835,1596.81437,-1.72825,62.13746,8.61531015806028,3.2094297163303995,0.0
21.71374,28.34998,32.69565,1592.432,-1.75477,62.14979,8.656142806048715,3.2246409520777206,0.0
21.72371,28.37028,32.62209,1588.03304,-1.77928,62.16211,8.697909793621575,3.2402002539041943,0.0
21.73364,28.39053,32.54776,1583.61649,-1.80172,62.17442,8.74049721044063,3.2560651872116675,0.0
21.74354,28.41073,32.47275,1579.1814,-1.82204,62.18671,8.78378733811932,3.2721918988037904,0.0
21.75341,28.43088,32.39716,1574.72685,-1.84021,62.19899,8.827658891404758,3.288535206732654,0.0
21.76324,28.45097,32.32108,1570.25201,-1.85616,62.21126,8.871987294968415,3.3050487034106104,0.0
21.77305,28.47101,32.24461,1565.75608,-1.86989,62.22352,8.916644996735489,3.3216848723336967,0.0
21.78282,28.49099,32.16784,1561.23836,-1.88135,62.23576,8.96150181819584,3.3383952185816823,0.0
21.79256,28.51092,32.09087,1556.69818,-1.89053,62.24799,9.006425341755707,3.3551304131167754,0.0
21.80227,28.5308,32.01381,1552.13496,-1.89741,62.2602,9.051281334665365,3.371840450707828,0.0
21.81194,28.55062,31.93673,1547.5482,-1.902,62.2724,9.09593420853647,3.3884748211126356,0.0
21.82159,28.57038,31.85975,1542.93747,-1.90429,62.28459,9.140247512939366,3.404982692955925,0.0
21.8312,28.5901,31.78295,1538.3024,-1.9043,62.29676,9.18408446100517,3.4213131095299585,0.0
21.84077,28.60975,31.70642,1533.64273,-1.90204,62.30891,9.227308484353648,3.4374151955197676,0.0
21.85032,28.62935,31.63027,1528.95825,-1.89753,62.32104,9.269783814193355,3.453238373478248,0.0
21.85983,28.64889,31.55457,1524.24887,-1.89082,62.33316,9.311376084779901,3.4687325886302385,0.0
21.86931,28.66838,31.47942,1519.51455,-1.88194,62.34527,9.351952954979874,3.4838485404214383,0.0
21.87875,28.68781,31.4049,1514.75535,-1.87094,62.35735,9.391384743150772,3.4985379190278865,0.0
21.88817,28.70718,31.33108,1509.97142,-1.85788,62.36942,9.429545070127299,3.512753644885274,0.0
21.89755,28.72649,31.25806,1505.16297,-1.84281,62.38147,9.466311504722396,3.5264501091550633,0.0
21.90689,28.74575,31.1859,1500.33033,-1.82582,62.3935,9.501566205816218,3.5395834129195247,0.0
21.9162,28.76495,31.11468,1495.47389,-1.80698,62.40551,9.535196554926337,3.552111602830784,0.0
21.92548,28.78409,31.04445,1490.59412,-1.78637,62.41751,9.56709577293445,3.5639949008577467,0.0
21.93472,28.80317,30.9753,1485.69159,-1.76409,62.42948,9.597163514693142,3.5751959257927575,0.0
21.94393,28.82219,30.90727,1480.76692,-1.74023,62.44143,9.625306435187184,3.5856799041615917,0.0
21.95311,28.84115,30.84041,1475.82084,-1.71489,62.45337,9.651438721172884,3.5954148682730915,0.0
21.96225,28.86005,30.77478,1470.85411,-1.6882,62.46528,9.675482582401486,3.6043718392128086,0.0
21.97136,28.87889,30.71043,1465.86761,-1.66026,62.47718,9.697368696966722,3.612524992746691,0.0
21.98043,28.89767,30.64739,1460.86224,-1.63119,62.48905,9.717036605700796,3.619851806243958,0.0
21.98947,28.91639,30.58569,1455.839,-1.60112,62.5009,9.734435051153802,3.626333184955853,0.0
21.99847,28.93505,30.52536,1450.79891,-1.57017,62.51273,9.74952225728955,3.631953566209704,0.0
22.00744,28.95365,30.46643,1445.74308,-1.53848,62.52454,9.762266146739492,3.6367010003417195,0.0
22.01638,28.97219,30.40892,1440.67265,-1.50617,62.53633,9.772644493195399,3.6405672074672735,0.0
22.02528,28.99066,30.35283,1435.58881,-1.4734,62.5481,9.78064500735559,3.6435476094981407,0.0
22.03414,29.00907,30.29818,1430.49277,-1.4403,62.55984,9.786265355627664,3.6456413371097525,0.0
22.04297,29.02742,30.24497,1425.38582,-1.407,62.57156,9.7895131116383,3.646851211677318,0.0
22.05177,29.04571,30.19318,1420.26922,-1.37364,62.58326,9.790405641433518,3.647183702509909,0.0
22.06053,29.06394,30.14282,1415.1443,-1.34038,62.59494,9.78896992405392,3.6466488600100107,0.0
22.06925,29.0821,30.09387,1410.01239,-1.30734,62.60659,9.78524230993752,3.645260225672222,0.0
22.07794,29.10021,30.0463,1404.87482,-1.27467,62.61823,9.779268220315444,3.6430347201002404,0.0
22.0866,29.11824,30.0001,1399.73296,-1.24251,62.62984,9.771101791420058,3.6399925104650332,0.0
22.09522,29.13622,29.95524,1394.58816,-1.21099,62.64143,9.76080546790251,3.6361568590421696,0.0
22.10381,29.15413,29.91167,1389.44176,-1.18024,62.65299,9.74844955034377,3.6315539546477815,0.0
22.11236,29.17198,29.86936,1384.29511,-1.15039,62.66454,9.734111702155763,3.6262127289462596,0.0
22.12087,29.18977,29.82828,1379.14954,-1.12158,62.67606,9.717876421434823,3.6201646597017634,0.0
22.12935,29.20749,29.78836,1374.00636,-1.09392,62.68756,9.699834483605912,3.6134435631485404,0.0
22.1378,29.22516,29.74957,1368.86686,-1.06753,62.69903,9.680082360726974,3.606085377666505,0.0
22.14621,29.24275,29.71183,1363.73231,-1.04252,62.71049,9.65872162341739,3.5981279409838596,0.0
22.15459,29.26029,29.67511,1358.60394,-1.019,62.72192,9.635858331225176,3.5896107630728378,0.0
22.16293,29.27776,29.63933,1353.48296,-0.99708,62.73333,9.611602417167703,3.580574796874921,0.0
22.17124,29.29517,29.60443,1348.37053,-0.97684,62.74472,9.586067071878716,3.5710622088794026,0.0
22.17951,29.31251,29.57034,1343.26777,-0.95838,62.75609,9.559368132531564,3.5611161514812157,0.0
22.18775,29.3298,29.537,1338.17577,-0.94179,62.76744,9.531623481362034,3.5507805389148586,0.0
22.19595,29.34702,29.50433,1333.09555,-0.92713,62.77876,9.502952458168462,3.54009982839523,0.0
22.20412,29.36418,29.47227,1328.02811,-0.91447,62.79007,9.473475290763258,3.5291188079458395,0.0
22.21226,29.38127,29.44072,1322.97438,-0.90389,62.80135,9.443312546859731,3.5178823922122198,0.0
22.22036,29.39831,29.40963,1317.93524,-0.89543,62.81261,9.412584610407082,3.506435427382941,0.0
22.22843,29.41528,29.37891,1312.91152,-0.88914,62.82386,9.38141118487158,3.4948225061487768,0.0
22.23646,29.43219,29.34848,1307.90401,-0.88507,62.83508,9.349910825512953,3.4830877934633513,0.0
22.24446,29.44904,29.31828,1302.91341,-0.88324,62.84628,9.318200502191438,3.4712748636772655,0.0
22.25243,29.46582,29.28821,1297.94038,-0.88368,62.85746,9.286395193776999,3.4594265494448577,0.0
22.26036,29.48255,29.2582,1292.98554,-0.88641,62.86863,9.254607514825365,3.4475848026512037,0.0
22.26826,29.49921,29.22817,1288.04942,-0.89145,62.87977,9.22294737475592,3.435790567446915,0.0
22.27613,29.51581,29.19805,1283.1325,-0.89879,62.8909,9.191521669364178,3.4240836653284177,0.0
22.28396,29.53236,29.16776,1278.23523,-0.90843,62.90201,9.160434004219983,3.412502692096507,0.0
22.29177,29.54884,29.13723,1273.35795,-0.92036,62.91309,9.129784449134354,3.4010849263887812,0.0
22.29953,29.56526,29.10638,1268.50099,-0.93457,62.92417,9.099669322661422,3.389866249400949,0.0
22.30727,29.58162,29.07514,1263.6646,-0.95103,62.93522,9.070181005338306,3.3788810753137617,0.0
22.31497,29.59792,29.04343,1258.84896,-0.9697,62.94625,9.041407780202947,3.3681622918817236,0.0
22.32265,29.61416,29.0112,1254.05423,-0.99057,62.95727,9.013433698972875,3.3577412105811475,0.0
22.33029,29.63034,28.97837,1249.28047,-1.01357,62.96827,8.986338472150884,3.347647525671632,0.0
22.33789,29.64647,28.94488,1244.52772,-1.03867,62.97926,8.960197381231028,3.337909281490488,0.0
22.34547,29.66253,28.91067,1239.79595,-1.0658,62.99022,8.935081211175502,3.3285528472985977,0.0
22.35301,29.67854,28.87568,1235.08508,-1.09491,63.00118,8.911056201257765,3.319602898968185,0.0
22.36052,29.69448,28.83985,1230.39498,-1.12593,63.01211,8.888184012417796,3.3110824068217894,0.0
22.36801,29.71037,28.80313,1225.72547,-1.1588,63.02303,8.866521709284932,3.303012628935298,0.0
22.37546,29.7262,28.76547,1221.07632,-1.19343,63.03393,8.846121755098961,3.295413109245926,0.0
22.38287,29.74197,28.72682,1216.44724,-1.22975,63.04482,8.827032017814687,3.2883016798263167,0.0
22.39026,29.75769,28.68714,1211.83791,-1.26767,63.0557,8.80929578577897,3.281694466724661,0.0
22.39762,29.77335,28.64638,1207.24797,-1.30711,63.06656,8.79295179146046,3.275605898804644,0.0
22.40495,29.78895,28.60451,1202.67699,-1.34798,63.0774,8.778034241845122,3.270048719068578,0.0
22.41224,29.80449,28.56149,1198.12453,-1.39017,63.08823,8.764572854214551,3.265033997985765,0.0
22.41951,29.81998,28.5173,1193.5901,-1.4336,63.09904,8.752592896168277,3.2605711484018602,0.0
22.42674,29.83541,28.4719,1189.07315,-1.47816,63.10984,8.742115228895907,3.2566679416588853,0.0
22.43395,29.85079,28.42527,1184.57312,-1.52375,63.12063,8.733156352812188,3.253330524595483,0.0
22.44112,29.8661,28.37739,1180.08941,-1.57026,63.1314,8.72572845485861,3.250563437168018,0.0
22.44827,29.88137,28.32825,1175.62138,-1.61759,63.14216,8.71983945687209,3.248369630469178,0.0
22.45538,29.89657,28.27783,1171.16836,-1.66563,63.1529,8.715493064604054,3.24675048498887,0.0
22.46247,29.91172,28.22612,1166.72966,-1.71427,63.16363,8.712688817075133,3.2457058290001535,0.0
22.46952,29.92682,28.17312,1162.30456,-1.76339,63.17435,8.711422136128501,3.245233957019152,0.0
22.47655,29.94186,28.11882,1157.89231,-1.81289,63.18505,8.71168437613488,3.245331648321478,0.0
22.48355,29.95684,28.06323,1153.49214,-1.86265,63.19574,8.713462873990087,3.245994185567638,0.0
22.49052,29.97177,28.00635,1149.10326,-1.91256,63.20642,8.716740999591282,3.247215373606759,0.0
22.49745,29.98665,27.94818,1144.72487,-1.96251,63.21708,8.721498207176722,3.248987558602,0.0
22.50436,30.00147,27.88875,1140.35613,-2.01239,63.22773,8.727710087970644,3.251301647642156,0.0
22.51124,30.01623,27.82805,1135.99621,-2.06208,63.23837,8.73534842468219,3.254147129043941,0.0
22.51809,30.03094,27.76612,1131.64427,-2.11148,63.24899,8.744381248526478,3.257512093593838,0.0
22.52492,30.0456,27.70298,1127.29944,-2.16048,63.2596,8.754772899492082,3.261383256999318,0.0
22.53171,30.0602,27.63864,1122.96086,-2.20897,63.27019,8.766484090656375,3.2657459838480016,0.0
22.53848,30.07475,27.57314,1118.62766,-2.25685,63.28078,8.779471977413252,3.2705843133968058,0.0
22.54521,30.08924,27.5065,1114.29898,-2.30402,63.29134,8.793690232531034,3.2758809875329877,0.0
22.55192,30.10368,27.43876,1109.97394,-2.35037,63.3019,8.809089127979831,3.281617481256988,0.0
22.5586,30.11806,27.36995,1105.65168,-2.39581,63.31244,8.825615624486606,3.287774036044054,0.0
22.56525,30.13239,27.30011,1101.33135,-2.44025,63.32297,8.843213469791824,3.294329696447426,0.0
22.57187,30.14666,27.22929,1097.01209,-2.48359,63.33348,8.861823306564009,3.3012623502993397,0.0
22.57846,30.16088,27.15752,1092.69307,-2.52576,63.34398,8.881382790892765,3.3085487728528067,0.0
22.58503,30.17505,27.08484,1088.37346,-2.56666,63.35446,8.901826722249108,3.3161646751952523,0.0
22.59156,30.18916,27.01131,1084.05246,-2.60623,63.36493,8.923087185708756,3.324084757230432,0.0
22.59807,30.20321,26.93698,1079.72928,-2.64439,63.37538,8.945093707205471,3.3322827655143863,0.0
22.60455,30.21722,26.86189,1075.40317,-2.68108,63.38582,8.967773422424393,3.3407315561726576,0.0
22.611,30.23116,26.78609,1071.07336,-2.71622,63.39625,8.99105125986107,3.3494031630945833,0.0
22.61742,30.24506,26.70963,1066.73917,-2.74977,63.40666,9.014850138445526,3.3582688715534754,0.0
22.62381,30.2589,26.63258,1062.3999,-2.78167,63.41705,9.039091179934944,3.3672992973284726,0.0
22.63018,30.27268,26.55497,1058.05491,-2.81187,63.42743,9.06369393617951,3.3764644713670497,0.0
22.63651,30.28641,26.47688,1053.70358,-2.84035,63.43779,9.088576631120999,3.385733929935861,0.0
22.64282,30.30008,26.39835,1049.34533,-2.86706,63.44814,9.113656417238968,3.395076810153691,0.0
22.6491,30.3137,26.31944,1044.97962,-2.89198,63.45847,9.138849645941912,3.4044619507192797,0.0
22.65535,30.32726,26.2402,1040.60596,-2.91509,63.46878,9.164072151173071,3.4138579975619403,0.0
22.66157,30.34077,26.16069,1036.22389,-2.93638,63.47908,9.189239545330969,3.423233514079751,0.0
22.66777,30.35423,26.08097,1031.83299,-2.95584,63.48936,9.214267526344564,3.4325570955331277,0.0
22.67393,30.36762,26.00109,1027.43291,-2.97347,63.49962,9.239072194554797,3.44179748709154,0.0
22.68007,30.38096,25.9211,1023.02333,-2.98928,63.50986,9.26357037785249,3.4509237049559274,0.0
22.68618,30.39425,25.84106,1018.60398,-3.00328,63.52009,9.28767996329111,3.4599051598931836,0.0
22.69226,30.40748,25.76101,1014.17464,-3.0155,63.5303,9.311320233258503,3.4687117824689766,0.0
22.69831,30.42066,25.68102,1009.73514,-3.02596,63.54049,9.334412204062486,3.4773141491797785,0.0
22.70433,30.43378,25.60112,1005.28538,-3.03471,63.55066,9.356878964685489,3.485683608647897,0.0
22.71032,30.44684,25.52137,1000.82529,-3.04177,63.56082,9.37864601332632,3.493792406992124,0.0
22.71629,30.45984,25.44181,996.35486,-3.04721,63.57095,9.39964158921746,3.5016138114384234,0.0
