0.04586,0.04586,58.51318,4850.71547,-0.48899,45.0001,6.124088247419445,2.281384006623271,0.0
0.09169,0.09169,58.45184,4847.40284,-0.47726,45.00024,6.168715875509105,2.298008972310233,0.0
0.13749,0.1375,58.39207,4844.06254,-0.46485,45.00043,6.212217007248175,2.314214288466699,0.0
0.18326,0.18327,58.33396,4840.69506,-0.45176,45.00067,6.254489927251144,2.3299620634352713,0.0
0.229,0.229,58.2776,4837.30093,-0.43802,45.00095,6.295434365116872,2.345214943853253,0.0
0.27471,0.27471,58.22305,4833.88078,-0.42366,45.00127,6.334951964755016,2.3599362894890845,0.0
0.32038,0.32039,58.17039,4830.43526,-0.4087,45.00164,6.372946760545946,2.37409035062445,0.0
0.36602,0.36603,58.1197,4826.96511,-0.39317,45.00205,6.409325656519882,2.3876424465611015,0.0
0.41163,0.41164,58.07105,4823.47112,-0.37709,45.0025,6.443998904517963,2.400559143748448,0.0
0.4572,0.45722,58.02449,4819.95413,-0.36051,45.003,6.476880577153701,2.412808431974137,0.0
0.50274,0.50277,57.98009,4816.41504,-0.34344,45.00354,6.507889031274367,2.4243598970156164,0.0
0.54825,0.54829,57.93789,4812.85479,-0.32593,45.00412,6.536947357568305,2.435184888130688,0.0
0.59372,0.59377,57.89797,4809.2744,-0.30801,45.00475,6.563983811986011,2.4452566787732124,0.0
0.63916,0.63922,57.86035,4805.67491,-0.28972,45.00542,6.588932224701245,2.4545506189418824,0.0
0.68457,0.68464,57.82508,4802.05742,-0.27109,45.00613,6.611732382484806,2.4630442776245154,0.0
0.72994,0.73002,57.7922,4798.42306,-0.25216,45.00689,6.63233038055185,2.470717573870436,0.0
0.77528,0.77538,57.76173,4794.773,-0.23298,45.00769,6.650678940223989,2.477552895127968,0.0
0.82058,0.82069,57.73371,4791.10845,-0.21358,45.00853,6.666737689034752,2.4835352015910885,0.0
0.86584,0.86598,57.70816,4787.43066,-0.194,45.00941,6.680473400330752,2.488652115457164,0.0
0.91108,0.91123,57.68509,4783.74089,-0.17429,45.01033,6.691860189794671,2.492893994136936,0.0
0.95627,0.95645,57.66451,4780.04043,-0.15448,45.0113,6.70087966681804,2.496253986644864,0.0
1.00143,1.00163,57.64643,4776.33058,-0.13463,45.01231,6.707521039143797,2.4987280725812315,0.0
1.04655,1.04679,57.63084,4772.61268,-0.11477,45.01336,6.711781169714972,2.5003150833097756,0.0
1.09164,1.0919,57.61774,4768.88804,-0.09495,45.01445,6.713664585238371,2.5010167051478867,0.0
1.13673,1.13695,57.60482,4765.16228,-0.11216,44.92851,6.715373222683519,2.501653217553161,-45.99999921532459
1.18185,1.1819,57.58975,4761.43936,-0.12947,44.84251,6.719105505560199,2.503043591126997,-45.99999921532459
1.227,1.22675,57.57254,4757.71816,-0.14686,44.75643,6.724869954267109,2.5051909999420943,-45.99999921532459
1.27218,1.27149,57.55317,4753.99758,-0.16429,44.67023,6.732672711722784,2.5080977323972378,-45.99999921532459
1.3174,1.31613,57.53164,4750.27646,-0.18175,44.5839,6.742518713148448,2.5117656269921866,-45.99999921532459
1.36264,1.36067,57.50797,4746.55369,-0.19921,44.4974,6.754411672139094,2.516196067138787,-45.99999921532459
1.40792,1.40511,57.48214,4742.82809,-0.21664,44.41072,6.768354057394859,2.521389972492794,-45.99999921532459
1.45323,1.44944,57.45417,4739.09854,-0.23401,44.32381,6.784347060156254,2.527347786822641,-45.99999921532459
1.49857,1.49367,57.42408,4735.36385,-0.25131,44.23665,6.802390552338055,2.5340694624132145,-45.99999921532459
1.54395,1.5378,57.39187,4731.62286,-0.2685,44.14923,6.822483035450759,2.5415544410377446,-45.99999921532459
1.58935,1.58183,57.35756,4727.87439,-0.28556,44.06149,6.844621580382933,2.549801631525153,-45.99999921532459
1.63479,1.62575,57.32118,4724.11728,-0.30246,43.97343,6.868801758179639,2.5588093839731947,-45.99999921532459
1.68026,1.66957,57.28276,4720.35033,-0.31919,43.88502,6.895017561978518,2.5685754606675886,-45.99999921532459
1.72576,1.71328,57.24231,4716.57236,-0.3357,43.79622,6.923261320318829,2.579097003787362,-45.99999921532459
1.77129,1.75689,57.19986,4712.78219,-0.35198,43.707,6.953523602066358,2.59037049998687,-45.99999921532459
1.81685,1.8004,57.15546,4708.97863,-0.36801,43.61735,6.985793113267409,2.6023917419712013,-45.99999921532459
1.86245,1.8438,57.10914,4705.16049,-0.38375,43.52723,7.0200565862921005,2.6151557871991318,-45.99999921532459
1.90807,1.88709,57.06094,4701.32659,-0.39918,43.43661,7.056298661676093,2.6286569138660636,-45.99999921532459
1.95373,1.93028,57.01089,4697.47575,-0.41428,43.34547,7.09450176316637,2.642888574355288,-45.99999921532459
1.99942,1.97336,56.95906,4693.60678,-0.42901,43.25379,7.134645966516077,2.6578433463606137,-45.99999921532459
2.04514,2.01633,56.90548,4689.71852,-0.44337,43.16152,7.176708862669901,2.6735128819193195,-45.99999921532459
2.09089,2.0592,56.85021,4685.80981,-0.45732,43.06865,7.220665416050318,2.6898878546200504,-45.99999921532459
2.13667,2.10195,56.7933,4681.87947,-0.47084,42.97516,7.266487818753569,2.706957905286989,-45.99999921532459
2.18249,2.1446,56.7348,4677.92638,-0.4839,42.88101,7.314145341561509,2.7247115864778397,-45.99999921532459
2.22834,2.18713,56.67479,4673.9494,-0.49648,42.78617,7.363604182735083,2.743136306155427,-45.99999921532459
2.27422,2.22956,56.61332,4669.9474,-0.50857,42.69063,7.414827315710678,2.762218270950579,-45.99999921532459
2.32013,2.27187,56.55046,4665.91928,-0.52013,42.59435,7.4677743368792004,2.781942429455824,-45.99999921532459
2.36607,2.31407,56.48628,4661.86396,-0.53115,42.49732,7.522401314747143,2.802292416033924,-45.99999921532459
2.41204,2.35616,56.42084,4657.78037,-0.5416,42.39951,7.578660641900079,2.8232504956703792,-45.99999921532459
2.45805,2.39814,56.35422,4653.66747,-0.55146,42.30089,7.636500891257057,2.8447975104244065,-45.99999921532459
2.50409,2.44,56.28649,4649.52423,-0.56072,42.20144,7.695866678249416,2.866912828086924,-45.99999921532459
2.55016,2.48174,56.21774,4645.34968,-0.56935,42.10114,7.756698530630036,2.889574293681071,-45.99999921532459
2.59626,2.52337,56.14804,4641.14284,-0.57734,41.99997,7.818932767713749,2.912758184476082,-45.99999921532459
2.64239,2.56487,56.07747,4636.90278,-0.58467,41.89791,7.8825013909551265,2.9364391692246357,-45.99999921532459
2.68856,2.60626,56.00612,4632.62862,-0.59132,41.79493,7.947331987818291,2.9605902723518303,-45.99999921532459
2.73476,2.64753,55.93407,4628.31949,-0.59727,41.69102,8.013347650973387,2.9851828438537393,-45.99999921532459
2.78099,2.68868,55.86141,4623.97458,-0.60252,41.58616,8.080466914906474,3.010186535682934,-45.99999921532459
2.82725,2.72971,55.78823,4619.59311,-0.60704,41.48033,8.148603712036987,3.0355692854010803,-45.99999921532459
2.87355,2.77061,55.71461,4615.17436,-0.61082,41.37352,8.217667350469064,3.0612973078907206,-45.99999921532459
2.91987,2.81139,55.64065,4610.71764,-0.61386,41.26571,8.287562515483692,3.087335095911143,-45.99999921532459
2.96624,2.85205,55.56645,4606.22233,-0.61614,41.15688,8.358189296835363,3.113645430267099,-45.99999921532459
3.01263,2.89258,55.49209,4601.68786,-0.61765,41.04703,8.429443243833807,3.1401894003281985,-45.99999921532459
3.05905,2.93298,55.41766,4597.11372,-0.61839,40.93615,8.50121545014641,3.166926435620044,-45.99999921532459
3.10551,2.97325,55.34327,4592.49943,-0.61835,40.82421,8.57339267005793,3.1938143491340365,-45.99999921532459
3.152,3.0134,55.26901,4587.84463,-0.61752,40.71122,8.645857467801736,3.2208093929571846,-45.99999921532459
3.19852,3.05341,55.19497,4583.14897,-0.6159,40.59717,8.718488401373113,3.247866326747399,-45.99999921532459
3.24508,3.09329,55.12125,4578.41221,-0.61349,40.48206,8.79116024198844,3.274938499487813,-45.99999921532459
3.29167,3.13304,55.04793,4573.63415,-0.61028,40.36587,8.863744230087503,3.301977944854381,-45.99999921532459
3.33828,3.17265,54.97513,4568.81468,-0.60629,40.24862,8.93610836847387,3.3289354904183748,-45.99999921532459
3.38494,3.21213,54.90293,4563.95376,-0.60151,40.13029,9.008117752831877,3.3557608807726647,-45.99999921532459
3.43162,3.25147,54.83142,4559.05143,-0.59595,40.0109,9.079634939506573,3.382402914539421,-45.99999921532459
3.47834,3.29067,54.7607,4554.10781,-0.58962,39.89043,9.150520350024019,3.4088095950645694,-45.99999921532459
3.52509,3.32973,54.69086,4549.12309,-0.58252,39.76891,9.220632711387559,3.4349282944397417,-45.99999921532459
3.57187,3.36866,54.62198,4544.09756,-0.57466,39.64634,9.289829530761846,3.460705930334558,-45.99999921532459
3.61868,3.40744,54.55416,4539.03158,-0.56606,39.52272,9.357967602701462,3.4860891549526363,-45.99999921532459
3.66552,3.44608,54.48748,4533.92558,-0.55674,39.39807,9.424903546566096,3.511024555232891,-45.99999921532459
3.7124,3.48457,54.42203,4528.78011,-0.54669,39.27241,9.490494371360851,3.535458863267404,-45.99999921532459
3.75931,3.52293,54.35787,4523.59577,-0.53596,39.14574,9.554598064726111,3.5593391757156465,-45.99999921532459
3.80625,3.56113,54.29511,4518.37326,-0.52455,39.01809,9.617074202392985,3.5826131808426718,-45.99999921532459
3.85322,3.59919,54.2338,4513.11337,-0.51249,38.88947,9.677784573957316,3.605229391636399,-45.99999921532459
3.90022,3.6371,54.17403,4507.81695,-0.49979,38.75991,9.736593820484734,3.627137383332265,-45.99999921532459
3.94725,3.67486,54.11586,4502.48494,-0.4865,38.62942,9.79337007906824,3.6482880335278915,-45.99999921532459
3.99431,3.71247,54.05936,4497.11838,-0.47263,38.49804,9.847985629179817,3.6686337629660635,-45.99999921532459
4.0414,3.74993,54.00459,4491.71835,-0.45821,38.36579,9.900317535412317,3.688128774972992,-45.99999921532459
4.08852,3.78724,53.95162,4486.28604,-0.44327,38.23271,9.950248281049099,3.7067292914796783,-45.99999921532459
4.13568,3.82439,53.90049,4480.82269,-0.42785,38.09881,9.997666386756068,3.724393783500974,-45.99999921532459
4.18286,3.86139,53.85126,4475.32962,-0.41197,37.96413,10.04246700868751,3.741083193945743,-45.99999921532459
4.23007,3.89824,53.80397,4469.8082,-0.39568,37.82871,10.08455251034653,3.756761150649921,-45.99999921532459
4.27731,3.93493,53.75867,4464.25988,-0.37901,37.69259,10.123833002660552,3.7713941675688494,-45.99999921532459
4.32458,3.97147,53.71539,4458.68615,-0.362,37.55579,10.160226846943358,3.784951832143868,-45.99999921532459
4.37187,4.00785,53.67417,4453.08858,-0.34468,37.41835,10.193661115736354,3.797406976977816,-45.99999921532459
4.4192,4.04407,53.63503,4447.46875,-0.3271,37.28032,10.22407200683681,3.8087358340714377,-45.99999921532459
4.46655,4.08014,53.598,4441.82831,-0.3093,37.14173,10.251405206343415,3.8189181700674095,-45.99999921532459
4.51393,4.11604,53.5631,4436.16895,-0.29131,37.00263,10.27561619698461,3.8279374011107565,-45.99999921532459
4.56133,4.15179,53.53034,4430.49238,-0.27319,36.86305,10.296670508630148,3.835780686171,-45.99999921532459
4.60877,4.18738,53.49973,4424.80033,-0.25497,36.72304,10.314543908471535,3.84243899788937,-45.99999921532459
4.65622,4.22281,53.47127,4419.09457,-0.23669,36.58265,10.329222529005916,3.8479071702561773,-45.99999921532459
4.70371,4.25808,53.44496,4413.37689,-0.2184,36.4419,10.340702932715649,3.8521839227056542,-45.99999921532459
4.75121,4.29319,53.4208,4407.64906,-0.20015,36.30086,10.34899211296259,3.8552718604490974,-45.99999921532459
4.79875,4.32813,53.39877,4401.91288,-0.18197,36.15955,10.354107431371306,3.857177451148472,-45.99999921532459
4.8463,4.36292,53.37885,4396.17014,-0.1639,36.01803,10.356076492670633,3.8579109782915935,-45.99999921532459
4.89388,4.39755,53.36103,4390.42262,-0.146,35.87633,10.354936958658872,3.857486471889267,-45.99999921532459
4.94148,4.43201,53.34528,4384.6721,-0.1283,35.7345,10.350736303578925,3.8559216173461004,-45.99999921532459
4.98911,4.46632,53.33156,4378.92032,-0.11085,35.59259,10.34353151382149,3.853237643592029,-45.99999921532459
5.03676,4.50046,53.31985,4373.16902,-0.09368,35.45062,10.333388735440993,3.8494591917727323,-45.99999921532459
5.08442,4.53445,53.3101,4367.41988,-0.07684,35.30865,10.320382873447917,3.844614165975486,-45.99999921532459
5.13211,4.56827,53.30226,4361.67458,-0.06036,35.16672,10.304597147278306,3.8387335676298546,-45.99999921532459
5.17982,4.60193,53.2963,4355.93474,-0.04428,35.02485,10.28612260720455,3.8318513153579756,-45.99999921532459
5.22755,4.63543,53.29215,4350.20195,-0.02864,34.8831,10.265057616733023,3.8240040521540757,-45.99999921532459
5.2753,4.66877,53.28975,4344.47773,-0.01348,34.74148,10.24150730623161,3.815230941846336,-45.99999921532459
5.32307,4.70196,53.28906,4338.76356,0.00117,34.60006,10.215583003167188,3.805573456845373,-45.99999921532459
5.37086,4.73498,53.29,4333.06089,0.01528,34.45884,10.187401644382286,3.7950751592018213,-45.99999921532459
5.41866,4.76784,53.2925,4327.37106,0.02882,34.31787,10.157085175792565,3.783781476977855,-45.99999921532459
5.46649,4.80055,53.2965,4321.6954,0.04176,34.17718,10.124759944825671,3.771739477914672,-45.99999921532459
5.51433,4.8331,53.30193,4316.03514,0.05407,34.0368,10.090556090732102,3.7589976423072535,-45.99999921532459
5.56218,4.86549,53.3087,4310.39145,0.06572,33.89675,10.054606937680894,3.745605636916535,-45.99999921532459
5.61005,4.89772,53.31673,4304.76545,0.0767,33.75706,10.017048395302492,3.7316140916558536,-45.99999921532459
5.65794,4.92979,53.32596,4299.15817,0.08697,33.61775,9.978018370979278,3.7170743806537114,-45.99999921532459
5.70584,4.96171,53.33628,4293.57057,0.09651,33.47884,9.937656197883303,3.7020384091827716,-45.99999921532459
5.75376,4.99348,53.34763,4288.00355,0.10532,33.34036,9.896102082309064,3.6865584077767832,-45.99999921532459
5.80169,5.02509,53.3599,4282.45791,0.11337,33.20232,9.853496573505597,3.670686734729088,-45.99999921532459
5.84963,5.05655,53.37302,4276.9344,0.12065,33.06474,9.809980058746643,3.6544756879929654,-45.99999921532459
5.89759,5.08785,53.38689,4271.43369,0.12714,32.92762,9.765692285968417,3.6379773273516416,-45.99999921532459
5.94555,5.119,53.40142,4265.95638,0.13284,32.791,9.720771915878458,3.6212433075670623,-45.99999921532459
5.99354,5.15,53.41653,4260.50296,0.13773,32.65486,9.67535610500973,3.604324723056559,-45.99999921532459
6.04153,5.18084,53.43212,4255.0739,0.1418,32.51923,9.629580120796382,3.5872719644984543,-45.99999921532459
6.08953,5.21154,53.44809,4249.66957,0.14506,32.38411,9.583576989340791,3.5701345876160104,-45.99999921532459
6.13754,5.24209,53.46436,4244.29024,0.14751,32.2495,9.53747717619863,3.5529611942614707,-45.99999921532459
6.18557,5.27248,53.48084,4238.93617,0.14912,32.1154,9.491408300140916,3.535799325784892,-45.99999921532459
6.2336,5.30273,53.49743,4233.60749,0.14992,31.98182,9.445494879531703,3.5186953685531575,-45.99999921532459
6.28165,5.33284,53.51404,4228.3043,0.14989,31.84876,9.39985811071742,3.501694471394182,-45.99999921532459
6.3297,5.36279,53.53059,4223.02662,0.14905,31.71621,9.354615677498309,3.4848404746200012,-45.99999921532459
6.37776,5.3926,53.54697,4217.7744,0.1474,31.58416,9.309881590571234,3.4681758502150006,-45.99999921532459
6.42583,5.42226,53.56311,4212.54752,0.14495,31.45262,9.265766055657805,3.4517416527101665,-45.99999921532459
6.4739,5.45178,53.57891,4207.34582,0.1417,31.32157,9.222375368790335,3.4355774801743513,-45.99999921532459
6.52199,5.48115,53.5943,4202.16906,0.13766,31.191,9.179811837190913,3.4197214447396496,-45.99999921532459
6.57008,5.51038,53.60917,4197.01695,0.13285,31.06091,9.13817372399703,3.4042101520102337,-45.99999921532459
6.61818,5.53947,53.62346,4191.88914,0.12728,30.93127,9.097555215046361,3.3890786886888185,-45.99999921532459
6.66628,5.56842,53.63708,4186.78523,0.12096,30.80209,9.058046405877437,3.3743606177340615,-45.99999921532459
6.71439,5.59722,53.64995,4181.70475,0.11391,30.67333,9.019733307047613,3.360087980341651,-45.99999921532459
6.76251,5.62589,53.662,4176.6472,0.10615,30.54499,8.98269786589337,3.3462913040505917,-45.99999921532459
6.81063,5.65441,53.67314,4171.61202,0.09769,30.41705,8.947018002855168,3.3329996162751647,-45.99999921532459
6.85875,5.68279,53.68331,4166.5986,0.08856,30.28948,8.91276766047882,3.3202404625592306,-45.99999921532459
6.90688,5.71104,53.69244,4161.6063,0.07876,30.16228,8.880016863312434,3.308039928889417,-45.99999921532459
6.95502,5.73915,53.70045,4156.63443,0.06833,30.0354,8.848831786912001,3.2964226674015116,-45.99999921532459
7.00316,5.76711,53.70729,4151.68224,0.05729,29.90885,8.819274834258477,3.285411924847845,-45.99999921532459
7.0513,5.79495,53.71289,4146.74897,0.04566,29.78258,8.791404717934505,3.275029573210271,-45.99999921532459
7.09944,5.82264,53.71719,4141.8338,0.03346,29.65658,8.765276546537772,3.265296141891424,-45.99999921532459
7.14759,5.8502,53.72013,4136.93588,0.02072,29.53082,8.740941913823184,3.256230850922518,-45.99999921532459
7.19575,5.87762,53.72166,4132.05433,0.00746,29.40527,8.718448989195716,3.2478516446743213,-45.99999921532459
7.2439,5.90491,53.72172,4127.18825,-0.00628,29.27991,8.697842608265697,3.240175225591375,-45.99999921532459
7.29206,5.93206,53.72028,4122.33667,-0.02049,29.15471,8.679164362224828,3.233217087486921,-45.99999921532459
7.34022,5.95908,53.71729,4117.49863,-0.03513,29.02964,8.662452684955971,3.22699154799358,-45.99999921532459
7.38838,5.98596,53.7127,4112.67312,-0.05018,28.90468,8.647742936812007,3.2215117797731856,-45.99999921532459
7.43654,6.0127,53.70647,4107.85912,-0.0656,28.77978,8.635067484144887,3.2167898401434516,-45.99999921532459
7.4847,6.03932,53.69858,4103.05557,-0.08137,28.65493,8.624455773721238,3.2128366987997374,-45.99999921532459
7.53287,6.0658,53.68898,4098.2614,-0.09746,28.53009,8.615934401246259,3.2096622633420027,-45.99999921532459
7.58104,6.09214,53.67765,4093.4755,-0.11384,28.40522,8.609527173333136,3.2072754023600534,-45.99999921532459
7.6292,6.11835,53.66457,4088.69676,-0.13048,28.28031,8.605255162278937,3.2056839658389884,-45.99999921532459
7.67737,6.14443,53.64971,4083.92405,-0.14734,28.1553,8.603136753161515,3.2048948027040502,-45.99999921532459
7.72554,6.17038,53.63306,4079.15619,-0.1644,28.03018,8.603187682793232,3.204913775331904,-45.99999921532459
7.7737,6.19619,53.6146,4074.39204,-0.18162,27.9049,8.605421070166303,3.2057457708923316,-45.99999921532459
7.82187,6.22187,53.59431,4069.63039,-0.19897,27.77944,8.609847438094757,3.2073947094104303,-45.99999921532459
7.87003,6.24741,53.5722,4064.87006,-0.21642,27.65376,8.616474725851992,3.2098635484744356,-45.99999921532459
7.9182,6.27282,53.54825,4060.10983,-0.23393,27.52783,8.625308292635914,3.2131542845265773,-45.99999921532459
7.96636,6.2981,53.52247,4055.34848,-0.25149,27.4016,8.636350911803975,3.2172679507154753,-45.99999921532459
8.01452,6.32324,53.49485,4050.58478,-0.26904,27.27505,8.649602755893554,3.222204611315847,-45.99999921532459
8.06268,6.34825,53.46541,4045.81749,-0.28656,27.14815,8.665061372481746,3.227963352735631,-45.99999921532459
8.11084,6.37313,53.43415,4041.04538,-0.30402,27.02085,8.682721651042673,3.2345422711694707,-45.99999921532459
8.159,6.39787,53.40109,4036.26718,-0.32139,26.89312,8.702575781050234,3.2419384569908876,-45.99999921532459
8.20715,6.42247,53.36623,4031.48166,-0.33863,26.76492,8.724613201592543,3.2501479759823293,-45.99999921532459
8.25531,6.44694,53.32961,4026.68755,-0.3557,26.63623,8.748820542920912,3.2591658475606304,-45.99999921532459
8.30346,6.47128,53.29125,4021.88361,-0.37259,26.50701,8.775181560372827,3.2689860201615812,-45.99999921532459
8.3516,6.49548,53.25116,4017.06859,-0.38925,26.37721,8.803677061228376,3.2796013439920246,-45.99999921532459
8.39974,6.51954,53.20939,4012.24123,-0.40565,26.24681,8.834284825122923,3.2910035413814795,-45.99999921532459
8.44788,6.54347,53.16595,4007.4003,-0.42177,26.11578,8.86697951875867,3.3031831750099587,-45.99999921532459
8.49602,6.56726,53.1209,4002.54456,-0.43757,25.98407,8.90173260569798,3.316129614303602,-45.99999921532459
8.54415,6.59091,53.07427,3997.67279,-0.45302,25.85165,8.938512252162175,3.329831000342255,-45.99999921532459
8.59227,6.61442,53.02609,3992.78376,-0.46809,25.71849,8.977283229830016,3.3442742096493436,-45.99999921532459
8.6404,6.63779,52.97642,3987.87629,-0.48275,25.58456,9.018006816706507,3.359444817262894,-45.99999921532459
8.68851,6.66103,52.92531,3982.94918,-0.49698,25.44982,9.060640697279679,3.375327059541312,-45.99999921532459
8.73662,6.68412,52.8728,3978.00126,-0.51073,25.31424,9.105138863215261,3.3919037971695256,-45.99999921532459
8.78473,6.70707,52.81895,3973.03138,-0.52399,25.17779,9.151451515964366,3.4091564788777995,-45.99999921532459
8.83283,6.72988,52.76381,3968.03842,-0.53673,25.04044,9.199524972771885,3.427065106427375,-45.99999921532459
8.88092,6.75255,52.70746,3963.02128,-0.54891,24.90215,9.249301577591774,3.44560820142408,-45.99999921532459
8.92901,6.77507,52.64994,3957.97886,-0.56053,24.7629,9.300719618572161,3.4647627745793557,-45.99999921532459
8.97709,6.79745,52.59132,3952.91014,-0.57154,24.62266,9.353713253793973,3.48450429804594,-45.99999921532459
9.02516,6.81969,52.53167,3947.81409,-0.58193,24.4814,9.408212447030317,3.5048066814865537,-45.99999921532459
9.07323,6.84177,52.47105,3942.68973,-0.59167,24.33908,9.464142915351355,3.52564225255533,-45.99999921532459
9.12128,6.86372,52.40955,3937.53612,-0.60074,24.1957,9.521426090436734,3.54698174248568,-45.99999921532459
9.16933,6.88551,52.34723,3932.35235,-0.60912,24.05121,9.579979095474656,3.56879427748459,-45.99999921532459
9.21737,6.90715,52.28416,3927.13756,-0.6168,23.90561,9.639714739563429,3.5910473766470474,-45.99999921532459
9.2654,6.92865,52.22043,3921.89094,-0.62375,23.75885,9.700541531480072,3.6137069570852147,-45.99999921532459
9.31342,6.94999,52.1561,3916.61171,-0.62995,23.61093,9.762363714689366,3.6367373469702153,-45.99999921532459
9.36143,6.97119,52.09127,3911.29915,-0.63539,23.46182,9.825081325391883,3.6601013071565554,-45.99999921532459
9.40943,6.99223,52.02601,3905.9526,-0.64006,23.31151,9.888590275335343,3.683760062031536,-45.99999921532459
9.45742,7.01311,51.9604,3900.57146,-0.64395,23.15998,9.952782461006903,3.707673340192249,-45.99999921532459
9.5054,7.03384,51.89452,3895.15517,-0.64703,23.0072,10.01754590068589,3.731799425501324,-45.99999921532459
9.55336,7.05442,51.82847,3889.70323,-0.64932,22.85318,10.082764900688082,3.756095219017307,-45.99999921532459
9.60132,7.07484,51.76231,3884.21523,-0.65079,22.69789,10.148320251911429,3.780516312213105,-45.99999921532459
9.64926,7.0951,51.69614,3878.69081,-0.65144,22.54133,10.214089457607773,3.805017071826943,-45.99999921532459
9.69718,7.1152,51.63004,3873.12967,-0.65127,22.38349,10.279946993013283,3.8295507365815404,-45.99999921532459
9.74509,7.13514,51.5641,3867.53159,-0.65027,22.22436,10.345764597214167,3.8540695259117603,-45.99999921532459
9.79299,7.15492,51.49839,3861.89642,-0.64845,22.06394,10.411411597317183,3.878524760726661,-45.99999921532459
9.84088,7.17453,51.43301,3856.22408,-0.64582,21.90222,10.476755264626174,3.902866996094621,-45.99999921532459
9.88874,7.19399,51.36802,3850.51458,-0.64236,21.73921,10.541661202219109,3.927046165625989,-45.99999921532459
9.9366,7.21328,51.30353,3844.76799,-0.63809,21.57491,10.605993762914961,3.9510117371767395,-45.99999921532459
9.98443,7.2324,51.2396,3838.98447,-0.63303,21.40932,10.669616496235482,3.974712879353496,-45.99999921532459
10.03222,7.25143,51.17998,3833.15604,-0.55399,21.41492,10.726801088151142,3.9960156444592467,0.0
10.07994,7.27044,51.12844,3827.27892,-0.47385,21.42053,10.771740457725619,4.012756742051716,0.0
10.12758,7.28943,51.08504,3821.35979,-0.39289,21.42615,10.80419379355499,4.0248464635468135,0.0
10.17514,7.30839,51.04984,3815.4055,-0.31139,21.43177,10.824017852201195,4.0322314469949,0.0
10.22263,7.32734,51.02284,3809.42301,-0.22962,21.4374,10.83115806378298,4.034891363679389,0.0
10.27005,7.34626,51.00403,3803.41938,-0.14787,21.44303,10.82564892751864,4.032839065466823,0.0
10.31739,7.36516,50.99337,3797.40168,-0.06644,21.44867,10.807613052803365,4.026120227582958,0.0
10.36465,7.38403,50.99079,3791.37698,0.01441,21.45432,10.777258879831132,4.014812499484445,0.0
10.41183,7.40289,50.9962,3785.35227,0.0944,21.45997,10.734877148255048,3.9990241893418816,0.0
10.45894,7.42172,51.00946,3779.33442,0.17325,21.46562,10.68083621396702,3.978892519417035,0.0
10.50597,7.44053,51.03042,3773.33015,0.2507,21.47128,10.615576341307639,3.9545814997608244,0.0
10.55293,7.45932,51.05892,3767.34597,0.3265,21.47695,10.539603120222143,3.9262794759307225,0.0
10.5998,7.47808,51.09476,3761.38816,0.4004,21.48262,10.453480174186637,3.8941964125014077,0.0
10.6466,7.49683,51.1377,3755.46274,0.47218,21.4883,10.357821334893488,3.858560977929168,0.0
10.69333,7.51555,51.18752,3749.57543,0.54161,21.49398,10.253282463680668,3.8196174978191504,0.0
10.73998,7.53425,51.24394,3743.7316,0.60851,21.49967,10.140553097734957,3.777622842916243,0.0
10.78655,7.55292,51.3067,3737.93631,0.67267,21.50538,10.02034809174268,3.732843315400062,0.0
10.83305,7.57158,51.37549,3732.19424,0.73393,21.51108,9.893399413599273,3.685551592570893,0.0
10.87947,7.59021,51.45002,3726.50971,0.79214,21.5168,9.76044823683199,3.6360237810690874,0.0
10.92582,7.60882,51.52994,3720.88666,0.84715,21.52253,9.622237453669236,3.584536627796393,0.0
10.9721,7.62742,51.61494,3715.32865,0.89885,21.52827,9.47950471192098,3.5313649259707094,0.0
11.01831,7.64599,51.70468,3709.83884,0.94714,21.53401,9.332976057164766,3.4767791466730786,0.0
11.06444,7.66454,51.7988,3704.42005,0.99191,21.53977,9.183360239951858,3.421043318132197,0.0
11.11051,7.68307,51.89694,3699.0747,1.0331,21.54555,9.031343726677026,3.364413167142134,0.0
11.1565,7.70158,51.99876,3693.80485,1.07066,21.55133,8.877586432969055,3.3071345296380366,0.0
11.20243,7.72007,52.10388,3688.61224,1.10454,21.55713,8.722718180522277,3.249442030772649,0.0
11.24829,7.73855,52.21195,3683.49825,1.13471,21.56294,8.567335862561642,3.191558028977473,0.0
11.29409,7.757,52.3226,3678.46394,1.16117,21.56877,8.412001289719532,3.1336918134951977,0.0
11.33982,7.77544,52.43546,3673.51009,1.1839,21.57461,8.25723967732543,3.076039040855301,0.0
11.38548,7.79386,52.55018,3668.63717,1.20292,21.58047,8.103538726660263,3.0187813926171225,0.0
11.43108,7.81226,52.66639,3663.84541,1.21826,21.58635,7.951348246771078,2.9620864344858755,0.0
11.47662,7.83065,52.78375,3659.13477,1.22994,21.59225,7.801080259573065,2.9061076554659175,0.0
11.5221,7.84902,52.90191,3654.50498,1.23801,21.59816,7.6531095291569455,2.8509846650416786,0.0
11.56752,7.86738,53.02051,3649.95558,1.24251,21.6041,7.5077744560383595,2.7968435263090874,0.0
11.61288,7.88572,53.13923,3645.4859,1.24351,21.61005,7.365378278383348,2.7437972034636715,0.0
11.65819,7.90404,53.25774,3641.0951,1.24108,21.61603,7.226190524657947,2.69194610295075,0.0
11.70343,7.92235,53.37572,3636.78217,1.23528,21.62203,7.090448665518824,2.64137868883816,0.0
11.74862,7.94065,53.49285,3632.54598,1.2262,21.62805,6.958359916702336,2.592172154439869,0.0
11.79376,7.95893,53.60882,3628.38525,1.21391,21.63409,6.830103149095404,2.5443931338676316,0.0
11.83884,7.9772,53.72335,3624.29859,1.19851,21.64016,6.705830866817804,2.498098438918688,0.0
11.88387,7.99546,53.83615,3620.28452,1.18009,21.64625,6.585671218832629,2.453335808453595,0.0
11.92885,8.01371,53.94694,3616.34145,1.15873,21.65237,6.469730014283882,2.4101446591624973,0.0
11.97377,8.03194,54.05546,3612.46774,1.13454,21.65851,6.358092716222402,2.3685568282805023,0.0
12.01865,8.05016,54.16144,3608.66166,1.10762,21.66468,6.250826392611993,2.3285973003887896,0.0
12.06348,8.06837,54.26465,3604.92144,1.07807,21.67088,6.147981607442343,2.2902849119039383,0.0
12.10826,8.08657,54.36484,3601.24524,1.04599,21.6771,6.04959423835733,2.2536330281922905,0.0
12.15299,8.10476,54.4618,3597.63119,1.01148,21.68335,5.955687210410827,2.2186501894396065,0.0
12.19767,8.12294,54.5553,3594.07738,0.97466,21.68963,5.866272138428597,2.1853407224740904,0.0
12.24231,8.14111,54.64514,3590.58187,0.93561,21.69594,5.781350872907821,2.153705316654629,0.0
12.2869,8.15927,54.73112,3587.14271,0.89446,21.70228,5.700916946550084,2.1237415627423992,0.0
12.33145,8.17742,54.81307,3583.7579,0.8513,21.70865,5.624956920281138,2.0954444543286397,0.0
12.37596,8.19556,54.8908,3580.42545,0.80624,21.71505,5.553451629124114,2.0688068519552063,0.0
12.42042,8.21369,54.96416,3577.14333,0.75938,21.72148,5.48637732947092,2.043819910503353,0.0
12.46484,8.23182,55.03298,3573.90952,0.71084,21.72794,5.423706750267357,2.0204734707878456,0.0
12.50922,8.24993,55.09713,3570.72198,0.66071,21.73443,5.365410051321967,1.9987564165522231,0.0
12.55356,8.26804,55.15646,3567.57866,0.6091,21.74095,5.31145569248859,1.9786569982621707,0.0
12.59785,8.28615,55.21086,3564.4775,0.5561,21.74751,5.2618112177885905,1.9601631252116778,0.0
12.64211,8.30424,55.26021,3561.41644,0.50184,21.75409,5.216443958769639,1.9432626275426927,0.0
12.68633,8.32233,55.30441,3558.39341,0.4464,21.76071,5.175321661419007,1.9279434897868202,0.0
12.7305,8.34041,55.34335,3555.40633,0.38989,21.76736,5.138413040942521,1.9141940575350782,0.0
12.77464,8.35848,55.37696,3552.4531,0.3324,21.77405,5.105688268560856,1.9020032187823255,0.0
12.81874,8.37655,55.40516,3549.53164,0.27405,21.78077,5.077119394292271,1.8913605614249558,0.0
12.8628,8.39461,55.42787,3546.63983,0.21493,21.78752,5.052680709388782,1.8822565082779064,0.0
12.90683,8.41266,55.44505,3543.77555,0.15513,21.7943,5.032349051820789,1.8746824308757224,0.0
12.95081,8.43071,55.45664,3540.93668,0.09477,21.80112,5.016104057813519,1.8686307431764977,0.0
12.99476,8.44875,55.46261,3538.12105,0.03393,21.80797,5.003928362087024,1.8640949761565426,0.0
13.03867,8.46679,55.46292,3535.32652,-0.02727,21.81486,4.995807749025384,1.8610698341248932,0.0
13.08255,8.48482,55.45756,3532.5509,-0.08876,21.82178,4.991731256599565,1.8595512334373046,0.0
13.12639,8.50285,55.4465,3529.79199,-0.15042,21.82873,4.991691234449199,1.859536324133247,0.0
13.17019,8.52087,55.42976,3527.04756,-0.21215,21.83572,4.995683357070932,1.86102349484891,0.0
13.21396,8.53889,55.40733,3524.31537,-0.27386,21.84274,5.003706592671815,1.864012361214273,0.0
13.25769,8.5569,55.37923,3521.59316,-0.33546,21.84979,5.015763127783334,1.8685037377698446,0.0
13.30138,8.5749,55.34548,3518.87862,-0.39683,21.85688,5.0318582473531634,1.8744995932976893,0.0
13.34504,8.5929,55.30613,3516.16942,-0.45788,21.864,5.052000169593966,1.8820029892982577,0.0
13.38866,8.6109,55.2612,3513.46322,-0.51852,21.87115,5.076199834519564,1.8910180012145485,0.0
13.43225,8.62889,55.21076,3510.75761,-0.57864,21.87834,5.104470644698139,1.9015496218558514,0.0
13.4758,8.64686,55.15479,3508.05037,-0.63968,21.86594,5.1368799790751805,1.913622951652208,-8.999999846476552
13.51933,8.66482,55.09329,3505.33918,-0.70001,21.85343,5.173498624050413,1.9272643604000184,-8.999999846476552
13.56282,8.68276,55.02634,3502.6215,-0.75954,21.84077,5.214348482602629,1.9424820075351854,-8.999999846476552
13.60628,8.70067,54.95403,3499.89473,-0.81815,21.82797,5.259452709395113,1.9592845187790167,-8.999999846476552
13.64972,8.71857,54.87645,3497.15626,-0.87574,21.815,5.308835260115753,1.9776808182555643,-8.999999846476552
13.69312,8.73644,54.79371,3494.40341,-0.93221,21.80185,5.362520294323622,1.9976799060362578,-8.999999846476552
13.73649,8.75429,54.70593,3491.63347,-0.98746,21.78849,5.420531510653102,2.019290610485953,-8.999999846476552
13.77984,8.77213,54.61324,3488.84371,-1.04136,21.77491,5.4828914111652525,2.0425213142144614,-8.999999846476552
13.82315,8.78993,54.51576,3486.03133,-1.09382,21.76109,5.5496204917685565,2.067379652486971,-8.999999846476552
13.86643,8.80772,54.41364,3483.1935,-1.14474,21.74701,5.620736355895233,2.093872183045158,-8.999999846476552
13.90968,8.82549,54.30705,3480.32738,-1.19399,21.73266,5.696252749059705,2.1220040264548112,-8.999999846476552
13.9529,8.84323,54.19614,3477.43007,-1.24148,21.71802,5.776178512504913,2.1517784763115526,-8.999999846476552
13.99608,8.86095,54.08108,3474.49863,-1.28709,21.70307,5.8605164548783755,2.183196578910484,-8.999999846476552
14.03924,8.87865,53.96207,3471.53013,-1.33072,21.68778,5.949262141892124,2.216256682362663,-8.999999846476552
14.08236,8.89632,53.83929,3468.52159,-1.37225,21.67215,6.042402605098049,2.250953955579949,-8.999999846476552
14.12545,8.91397,53.71294,3465.47,-1.41157,21.65616,6.139914972298068,2.2872798780667516,-8.999999846476552
14.1685,8.93159,53.58325,3462.37238,-1.44859,21.63977,6.2417650238857325,2.3252217021192974,-8.999999846476552
14.21153,8.94919,53.45043,3459.22571,-1.48318,21.62299,6.347905681279764,2.364761889727348,-8.999999846476552
14.25451,8.96676,53.31472,3456.02699,-1.51525,21.60578,6.458275435876029,2.4058775273174753,-8.999999846476552
14.29747,8.98431,53.17635,3452.77322,-1.54469,21.58814,6.572796729438499,2.448539722406078,-8.999999846476552
14.34038,9.00182,53.03558,3449.46143,-1.57139,21.57003,6.691374299580216,2.4927129872475104,-8.999999846476552
14.38327,9.01932,52.89266,3446.08869,-1.59525,21.55145,6.813893506969417,2.5383546156743484,-8.999999846476552
14.42611,9.03678,52.74786,3442.65209,-1.61618,21.53238,6.940218664107867,2.5854140605233455,-8.999999846476552
14.46892,9.05421,52.60146,3439.1488,-1.63408,21.51279,7.070191388835089,2.6338323202724405,-8.999999846476552
14.51169,9.07162,52.45375,3435.57606,-1.64885,21.49268,7.203629009136331,2.6835413447897474,-8.999999846476552
14.55443,9.08899,52.305,3431.93119,-1.66042,21.47203,7.340323049270972,2.7344634713765577,-8.999999846476552
14.59712,9.10633,52.15552,3428.21161,-1.6687,21.45082,7.480037830528029,2.78651090351195,-8.999999846476552
14.63978,9.12364,52.00561,3424.41485,-1.6736,21.42904,7.622509223007293,2.8395852458584208,-8.999999846476552
14.68239,9.14092,51.85558,3420.53862,-1.67508,21.40667,7.767443587565516,2.8935771101089998,-8.999999846476552
14.72497,9.15817,51.70575,3416.58073,-1.67305,21.38371,7.914516949222646,2.9483658070593224,-8.999999846476552
14.7675,9.17538,51.55644,3412.5392,-1.66747,21.36014,8.063374444861308,3.0038191408611565,-8.999999846476552
14.80999,9.19255,51.40796,3408.41223,-1.65829,21.33596,8.213630088638823,3.059793321632204,-8.999999846476552
14.85243,9.20969,51.26064,3404.19825,-1.64548,21.31115,8.364866898149034,3.1161330124547058,-8.999999846476552
14.89483,9.2268,51.11481,3399.89591,-1.629,21.28571,8.51663742267841,3.172671526164734,-8.999999846476552
14.93719,9.24386,50.9708,3395.5041,-1.60886,21.25963,8.668464711896009,3.229231186214693,-8.999999846476552
14.9795,9.26089,50.82892,3391.02201,-1.58503,21.23292,8.81984375878726,3.2856238642041213,-8.999999846476552
15.02176,9.27788,50.68951,3386.44911,-1.55754,21.20557,8.970243444472132,3.341651704375631,-8.999999846476552
15.06397,9.29482,50.55289,3381.78517,-1.5264,21.17757,9.119109004817979,3.397108042493087,-8.999999846476552
15.10613,9.31173,50.41937,3377.03029,-1.49166,21.14895,9.265865029345747,3.4517785230130795,-8.999999846476552
15.14825,9.32859,50.28927,3372.18491,-1.45336,21.11969,9.409918992058618,3.5054424144114966,-8.999999846476552
15.19031,9.34541,50.16288,3367.24981,-1.41157,21.08982,9.55066530158369,3.5578741179678683,-8.999999846476552
15.23232,9.36219,50.04052,3362.22613,-1.36638,21.05934,9.687489844679934,3.6088448603416166,-8.999999846476552
15.27428,9.37892,49.92245,3357.1154,-1.31789,21.02826,9.819774983201281,3.65812455507229,-8.999999846476552
15.31618,9.39561,49.80897,3351.9195,-1.26619,20.9966,9.946904950184528,3.7054838127642973,-8.999999846476552
15.35803,9.41225,49.70033,3346.64067,-1.21144,20.96437,10.068271576625909,3.7506960744618407,-8.999999846476552
15.39983,9.42885,49.59679,3341.28156,-1.15376,20.93161,10.183280267059482,3.793539837709114,-8.999999846476552
15.44156,9.44539,49.49857,3335.84516,-1.09332,20.89833,10.291356129921262,3.833800940272221,-8.999999846476552
15.48324,9.46189,49.40591,3330.33481,-1.0303,20.86455,10.39195015840526,3.8712748626706945,-8.999999846476552
15.52486,9.47834,49.31899,3324.75421,-0.96488,20.83031,10.484545349690471,3.9057690077505467,-8.999999846476552
15.56642,9.49473,49.238,3319.10738,-0.89727,20.79564,10.56866264543599,3.9371049136750065,-8.999999846476552
15.60792,9.51108,49.16311,3313.39865,-0.82768,20.76056,10.643866574732211,3.965120356072317,-8.999999846476552
15.64936,9.52738,49.09446,3307.63265,-0.75633,20.72512,10.709770482621352,3.989671295797199,-8.999999846476552
15.69074,9.54362,49.03216,3301.81425,-0.68347,20.68934,10.766041232755034,4.01063363079454,-8.999999846476552
15.73206,9.55982,48.97633,3295.94855,-0.60934,20.65327,10.81240328198722,4.02790471399246,-8.999999846476552
15.77331,9.57596,48.92703,3290.04086,-0.53419,20.61694,10.848642037247725,4.0414046038260345,-8.999999846476552
15.8145,9.59205,48.88432,3284.09667,-0.45829,20.5804,10.87460642070775,4.051077019828939,-8.999999846476552
15.85563,9.60808,48.84823,3278.12158,-0.38189,20.54368,10.890210587475128,4.056889982520124,-8.999999846476552
15.89669,9.62407,48.81877,3272.12129,-0.30526,20.50683,10.895434760099901,4.0588361242791064,-8.999999846476552
15.93768,9.63999,48.79592,3266.10158,-0.22866,20.46989,10.890325165544448,4.056932665865677,-8.999999846476552
15.97861,9.65587,48.77965,3260.06822,-0.15238,20.43289,10.8749930817932,4.051221061256934,-8.999999846476552
16.01948,9.67169,48.76989,3254.027,-0.07666,20.39589,10.849613022616222,4.041766321423963,-8.999999846476552
16.06028,9.68746,48.76656,3247.98365,-0.00177,20.35892,10.814420108964702,4.028656035107484,-8.999999846476552
16.10101,9.70317,48.76955,3241.94381,0.07203,20.32202,10.7697066935977,4.0119991114025115,-8.999999846476552
16.14168,9.71884,48.77874,3235.91301,0.14451,20.28523,10.715818321167331,3.9919242747837864,-8.999999846476552
16.18228,9.73445,48.79398,3229.89664,0.21541,20.24859,10.653149118581545,3.968578347894622,-8.999999846476552
16.22281,9.75,48.81511,3223.89992,0.2845,20.21214,10.582136719820545,3.942124360907487,-8.999999846476552
16.26328,9.7655,48.84194,3217.92785,0.35158,20.17591,10.503256835223318,3.912739528440347,-8.999999846476552
16.30368,9.78096,48.87428,3211.98524,0.41643,20.13994,10.417017577625161,3.8806131358936025,-8.999999846476552
16.34402,9.79635,48.9119,3206.07664,0.47886,20.10425,10.323953656846863,3.8459443767445602,-8.999999846476552
16.38429,9.8117,48.95458,3200.20635,0.53868,20.06887,10.224620549921395,3.808940180803482,-8.999999846476552
16.42449,9.827,49.00208,3194.37838,0.59573,20.03385,10.119588747829871,3.7698130709713538,-8.999999846476552
16.46463,9.84225,49.05414,3188.59649,0.64985,19.99918,10.00943817050517,3.7287790826817857,-8.999999846476552
16.50471,9.85744,49.11048,3182.86413,0.70092,19.96492,9.894752831209981,3.6860557762414423,-8.999999846476552
16.54472,9.87259,49.17085,3177.18446,0.7488,19.93106,9.776115819413054,3.641860367819441,-8.999999846476552
16.58467,9.88769,49.23495,3171.56035,0.79338,19.89763,9.654104658683838,3.59640800014096,-8.999999846476552
16.62456,9.90274,49.3025,3165.99438,0.83458,19.86466,9.529287083232203,3.5499101691371617,-8.999999846476552
16.66438,9.91775,49.3732,3160.48882,0.87232,19.83214,9.402217264001878,3.5025733180657013,-8.999999846476552
16.70414,9.9327,49.44675,3155.04567,0.90653,19.80009,9.27343250315137,3.4545976061178925,-8.999999846476552
16.74384,9.94762,49.52285,3149.66663,0.93716,19.76853,9.143450404466126,3.406175854322792,-8.999999846476552
16.78348,9.96248,49.60119,3144.35316,0.96417,19.73746,9.012766517146542,3.357492667796228,-8.999999846476552
16.82306,9.9773,49.68148,3139.10643,0.98755,19.70688,8.881852441516655,3.3087237300674577,-8.999999846476552
16.86259,9.99208,49.7634,3133.92736,1.00728,19.6768,8.751154377710797,3.2600352624267517,-8.999999846476552
16.90205,10.00682,49.84665,3128.81664,1.02337,19.64722,8.62109209226843,3.2115836389547807,-8.999999846476552
16.94146,10.02151,49.93094,3123.77473,1.03582,19.61814,8.492058272835559,3.163515146131916,-8.999999846476552
16.98081,10.03616,50.01597,3118.80185,1.04466,19.58956,8.364418237707373,3.1159658746352203,-8.999999846476552
17.0201,10.05077,50.10143,3113.89806,1.04992,19.56147,8.238509964772891,3.069061730121084,-8.999999846476552
17.05934,10.06535,50.18704,3109.06318,1.05164,19.53387,8.114644403229264,3.0229185493470117,-8.999999846476552
17.09852,10.07988,50.27252,3104.2969,1.04988,19.50675,7.993106031294567,2.9776423079343113,-8.999999846476552
17.13765,10.09437,50.35759,3099.59871,1.0447,19.48011,7.874153623760368,2.9333294063016147,-8.999999846476552
17.17673,10.10883,50.44197,3094.96795,1.03615,19.45393,7.75802119449231,2.890067020771148,-8.999999846476552
17.21576,10.12325,50.5254,3090.40384,1.02432,19.42821,7.644919080851687,2.847933507544305,-8.999999846476552
17.25473,10.13763,50.60763,3085.90544,1.00927,19.40294,7.535035139173225,2.8069988480485666,-8.999999846476552
17.29365,10.15198,50.68839,3081.47172,0.9911,19.3781,7.428536022922127,2.767325125084638,-8.999999846476552
17.33253,10.16629,50.76745,3077.10152,0.96989,19.35369,7.325568517827451,2.728967020198759,-8.999999846476552
17.37135,10.18057,50.84457,3072.79358,0.94574,19.32968,7.226260910968164,2.6919723237032804,-8.999999846476552
17.41013,10.19481,50.91953,3068.54657,0.91874,19.30607,7.130724373545926,2.6563824497959114,-8.999999846476552
17.44885,10.20902,50.99211,3064.35905,0.88899,19.28283,7.039054339704371,2.622232950206179,-8.999999846476552
17.48753,10.2232,51.06209,3060.22952,0.85659,19.25997,6.9513318663084345,2.5895540207490058,-8.999999846476552
17.52617,10.23734,51.12929,3056.15641,0.82166,19.23745,6.867624960980067,2.558370996052956,-8.999999846476552
17.56476,10.25146,51.19351,3052.1381,0.78429,19.21527,6.787989867892191,2.5287048285523173,-8.999999846476552
17.6033,10.26554,51.25456,3048.17289,0.7446,19.1934,6.712472302854124,2.5005725485889165,-8.999999846476552
17.6418,10.2796,51.31229,3044.25905,0.7027,19.17184,6.641108630991804,2.4739877031289885,-8.999999846476552
17.68025,10.29362,51.36652,3040.39478,0.6587,19.15056,6.573926981980321,2.448960771216641,-8.999999846476552
17.71866,10.30761,51.4171,3036.57827,0.61271,19.12955,6.510948299144494,2.42549955479142,-8.999999846476552
17.75703,10.32158,51.46389,3032.80765,0.56486,19.1088,6.452187319967022,2.4036095439534,-8.999999846476552
17.79536,10.33551,51.50675,3029.08102,0.51525,19.08827,6.397653486554156,2.383294256135594,-8.999999846476552
17.83364,10.34942,51.54557,3025.39643,0.46401,19.06796,6.3473517854481,2.3645555489561767,-8.999999846476552
17.87188,10.3633,51.58022,3021.75193,0.41124,19.04785,6.301283516879678,2.347393906785343,-8.999999846476552
17.91008,10.37715,51.6106,3018.14552,0.35707,19.02793,6.259446994056925,2.3318087012487023,-8.999999846476552
17.94824,10.39097,51.63661,3014.57517,0.30161,19.00816,6.221838173526824,2.317798426053616,-8.999999846476552
17.98635,10.40478,51.65826,3011.03858,0.24716,19.01623,6.188375285837262,2.305332619927689,0.0
18.02442,10.41858,51.67556,3007.53346,0.19166,19.02433,6.158977384993892,2.2943811283582103,0.0
18.06245,10.43237,51.68842,3004.0578,0.13521,19.03245,6.133639452307132,2.2849420817512596,0.0
18.10042,10.44615,51.6968,3000.60955,0.07793,19.0406,6.112355517913614,2.277013256175656,0.0
18.13836,10.45993,51.70065,2997.18664,0.01994,19.04877,6.095118987109418,2.2705921949306727,0.0
18.17624,10.4737,51.69992,2993.78699,-0.03865,19.05697,6.081922895486498,2.2656763035910683,0.0
18.21409,10.48747,51.69458,2990.40846,-0.09772,19.0652,6.072760108226929,2.2622629242494363,0.0
18.25189,10.50122,51.68462,2987.04892,-0.15715,19.07345,6.067623464620383,2.2603493893527706,0.0
18.28964,10.51497,51.67,2983.7062,-0.21684,19.08172,6.066505868772434,2.2599330554936925,0.0
18.32735,10.52872,51.65074,2980.37809,-0.27666,19.09003,6.069400327300345,2.2610113174531272,0.0
18.36501,10.54245,51.62683,2977.06239,-0.3365,19.09836,6.076299934670644,2.2635816027381592,0.0
18.40264,10.55618,51.59829,2973.75685,-0.39624,19.10671,6.087197806678538,2.2676413468013696,0.0
18.44021,10.56991,51.56515,2970.45919,-0.45577,19.11509,6.102086962433881,2.2731879490775007,0.0
18.47775,10.58363,51.52742,2967.16711,-0.51496,19.1235,6.120960155072924,2.280218709919128,0.0
18.51524,10.59734,51.48516,2963.8783,-0.57371,19.13193,6.143809651338776,2.2887307484845882,0.0
18.55269,10.61104,51.43841,2960.59041,-0.6319,19.14039,6.170626960047032,2.2987209015842716,0.0
18.59009,10.62474,51.38722,2957.30107,-0.68941,19.14888,6.2014025094762655,2.310185603500101,0.0
18.62745,10.63843,51.33168,2954.00787,-0.74613,19.15738,6.236125273683678,2.3231207467782733,0.0
18.66477,10.65212,51.27185,2950.70842,-0.80193,19.16592,6.274782347829095,2.3375215240262777,0.0
18.70204,10.66579,51.20782,2947.40026,-0.85671,19.17448,6.317358472696199,2.35338225078454,0.0
18.73927,10.67947,51.13968,2944.08093,-0.91034,19.18306,6.3638355088050025,2.3706961696194875,0.0
18.77645,10.69313,51.06753,2940.74797,-0.96271,19.19167,6.41419186076593,2.3894552356802947,0.0
18.81359,10.70679,50.99149,2937.39888,-1.01371,19.2003,6.468401852870214,2.409649884089876,0.0
18.85069,10.72044,50.91167,2934.03114,-1.06322,19.20896,6.5264350573448136,2.4312687797021715,0.0
18.88774,10.73409,50.8282,2930.64225,-1.11113,19.21764,6.588255577275151,2.4542985499719974,0.0
18.92475,10.74773,50.74122,2927.22968,-1.15732,19.22634,6.6538212867705555,2.478723501896678,0.0
18.96171,10.76136,50.65088,2923.7909,-1.20169,19.23507,6.723083031764528,2.5045253242931227,0.0
18.99862,10.77498,50.55732,2920.32338,-1.24411,19.24381,6.79598379562512,2.5316827769657317,0.0
19.03549,10.7886,50.46072,2916.82462,-1.28449,19.25258,6.872457834777497,2.5601713687030614,0.0
19.07231,10.80221,50.36123,2913.2921,-1.32272,19.26137,6.952429790557162,2.589963026419782,0.0
19.10909,10.81581,50.25903,2909.72333,-1.35868,19.27018,7.035813784705309,2.621025758204895,0.0
19.14582,10.82941,50.15431,2906.11584,-1.39228,19.27901,7.122512507162764,2.6533233135009753,0.0
19.1825,10.84299,50.04726,2902.46722,-1.42341,19.28786,7.212416306169792,2.6868148441424116,0.0
19.21913,10.85657,49.93808,2898.77505,-1.45198,19.29673,7.305402292013797,2.7214545704778383,0.0
19.25571,10.87014,49.82697,2895.037,-1.4779,19.30561,7.401333467242168,2.7571914573515373,0.0
19.29225,10.8837,49.71415,2891.25079,-1.50106,19.31452,7.500057897516814,2.7939689052249372,0.0
19.32873,10.89726,49.59983,2887.41418,-1.5214,19.32344,7.601407938693017,2.831724462243148,0.0
19.36517,10.9108,49.48424,2883.52504,-1.53882,19.33238,7.705199536954322,2.870389563516793,0.0
19.40155,10.92433,49.3676,2879.58132,-1.55326,19.34133,7.811231620021119,2.909889304331186,0.0
19.43788,10.93786,49.25016,2875.58105,-1.56463,19.3503,7.919285598388594,2.9501422543443496,0.0
19.47416,10.95137,49.13213,2871.52239,-1.57289,19.35928,8.029124996263523,2.9910603201012536,0.0
19.51039,10.96488,49.01378,2867.40362,-1.57796,19.36828,8.140495232265534,3.0325486633392713,0.0
19.54656,10.97838,48.89534,2863.22314,-1.57981,19.37728,8.253123569995369,3.074505682573551,0.0
19.58268,10.99186,48.77705,2858.97951,-1.57839,19.3863,8.366719258133575,3.1168230652874716,0.0
19.61874,11.00533,48.65917,2854.67144,-1.57367,19.39534,8.480973878815837,3.159385917711611,0.0
19.65475,11.0188,48.54194,2850.29782,-1.56563,19.40438,8.595561921568482,3.2020729786298316,0.0
19.6907,11.03225,48.42562,2845.85771,-1.55425,19.41343,8.710141598017014,3.244756922879638,0.0
19.72659,11.04569,48.31046,2841.35037,-1.53953,19.42249,8.824355909897129,3.2873047592143894,0.0
19.76242,11.05912,48.19669,2836.77527,-1.52148,19.43156,8.9378339795309,3.329578325940678,0.0
19.7982,11.07253,48.08458,2832.13207,-1.50011,19.44063,9.050192648044987,3.371434886296669,0.0
19.83391,11.08593,47.97435,2827.42067,-1.47546,19.44971,9.161038342002044,3.4127278238214083,0.0
19.86956,11.09932,47.86625,2822.64122,-1.44758,19.4588,9.2699692040739,3.453307436086653,0.0
19.90516,11.1127,47.76051,2817.79407,-1.4165,19.46789,9.376577477822082,3.493021823090351,0.0
19.94069,11.12606,47.65735,2812.87985,-1.38231,19.47699,9.480452130843922,3.531717864447597,0.0
19.97615,11.13941,47.55701,2807.8994,-1.34508,19.48609,9.581181694433276,3.569242277238958,0.0
20.01155,11.15274,47.45969,2802.85385,-1.30491,19.49519,9.67835729186893,3.6054427441275894,0.0
20.04689,11.16606,47.36559,2797.74456,-1.26189,19.50429,9.771575821523513,3.640169099151053,0.0
20.08216,11.17936,47.27491,2792.57315,-1.21615,19.5134,9.86044325539301,3.67327455651035,0.0
20.11737,11.19265,47.18784,2787.34148,-1.16782,19.5225,9.944578008712574,3.7046169658404784,0.0
20.1525,11.20593,47.10454,2782.05166,-1.11703,19.53161,10.02361433201931,3.734060075843061,0.0
20.18757,11.21918,47.02518,2776.70602,-1.06395,19.54071,10.097205673841962,3.7614747869767373,0.0
20.22257,11.23242,46.94991,2771.30716,-1.00874,19.54981,10.16502795995928,3.786740373067185,0.0
20.25751,11.24565,46.87886,2765.85784,-0.95157,19.55891,10.226782734380361,3.8097456514049437,0.0
20.29237,11.25885,46.81215,2760.36107,-0.89263,19.56801,10.28220010765455,3.830390081068426,0.0
20.32716,11.27204,46.74988,2754.82004,-0.83212,19.57711,10.331041460050145,3.848584769929109,0.0
20.36188,11.28521,46.69215,2749.23809,-0.77022,19.5862,10.373101850500298,3.8642533720472683,0.0
20.39652,11.29837,46.63903,2743.61874,-0.70716,19.59529,10.408212086914542,3.877332858917492,0.0
20.4311,11.31151,46.59059,2737.96565,-0.64314,19.60437,10.43624041948851,3.8877741502711096,0.0
20.4656,11.32462,46.54685,2732.28259,-0.57839,19.61345,10.457093825715097,3.895542592776652,0.0
20.50003,11.33772,46.50785,2726.57342,-0.51313,19.62253,10.470718863797451,3.9006182779586576,0.0
20.53439,11.35081,46.47359,2720.84209,-0.44758,19.6316,10.477102079898136,3.902996193908687,0.0
20.56867,11.36387,46.44408,2715.09259,-0.38198,19.64066,10.476269963637476,3.9026862087072947,0.0
20.60288,11.37691,46.41928,2709.32895,-0.31654,19.64972,10.468288455522174,3.899712886928227,0.0
20.63701,11.38994,46.39916,2703.55521,-0.25149,19.65878,10.453262018885223,3.8941151439116197,0.0
20.67107,11.40294,46.38366,2697.77539,-0.18706,19.66783,10.431332297560855,3.8859457457125974,0.0
20.70505,11.41593,46.37271,2691.9935,-0.12346,19.67688,10.402676388253411,3.875270665513223,0.0
20.73896,11.4289,46.36623,2686.21346,-0.06091,19.68592,10.367504763527155,3.862168309881551,0.0
20.7728,11.44185,46.36411,2680.43915,0.00038,19.69496,10.326058887084294,3.846728630399944,0.0
20.80656,11.45478,46.36624,2674.67433,0.06022,19.70399,10.278608567561248,3.8290521378845632,0.0
20.84024,11.46769,46.3725,2668.92269,0.11841,19.71302,10.225449100279361,3.8092488376122975,0.0
20.87385,11.48058,46.38274,2663.18776,0.17475,19.72204,10.166898248220111,3.787437104654591,0.0
20.90739,11.49345,46.39681,2657.47294,0.22909,19.73106,10.103293114046721,3.7637425186232014,0.0
20.94085,11.5063,46.41456,2651.78151,0.28125,19.74008,10.034986954230318,3.7382966768483614,0.0
20.97424,11.51913,46.4358,2646.11655,0.33107,19.74909,9.962345984400173,3.711236004287686,0.0
21.00756,11.53195,46.46037,2640.48099,0.37842,19.7581,9.885746222166585,3.682700577394631,0.0
21.0408,11.54474,46.48806,2634.87759,0.42316,19.76711,9.805570409799577,3.6528329777353354,0.0
21.07397,11.55752,46.51868,2629.3089,0.46518,19.77612,9.722205054715856,3.621777189492145,0.0
21.10707,11.57028,46.55203,2623.77731,0.50435,19.78513,9.63603762073895,3.5896775531341096,0.0
21.14009,11.58302,46.5879,2618.28501,0.54059,19.79414,9.547453897793881,3.5566777855590446,0.0
21.17305,11.59574,46.62607,2612.834,0.57381,19.80315,9.45683557228449,3.5229200749951555,0.0
21.20593,11.60844,46.66632,2607.42608,0.60394,19.81216,9.36455801498325,3.488544256931786,0.0
21.23875,11.62113,46.70844,2602.06287,0.63092,19.82117,9.270988297993727,3.4536870753857634,0.0
21.27149,11.63379,46.75221,2596.74579,0.6547,19.83018,9.176483447405477,3.4184815319693684,0.0
21.30417,11.64644,46.79738,2591.47609,0.67524,19.83919,9.081388933648329,3.383056323507589,0.0
21.33678,11.65908,46.84375,2586.25482,0.69252,19.84821,8.98603739740007,3.3475353674051997,0.0
21.36932,11.67169,46.89109,2581.08288,0.70653,19.85724,8.890747605305291,3.3120374126245697,0.0
21.40179,11.68429,46.93916,2575.96096,0.71725,19.86626,8.795823626581365,3.2766757329497116,0.0
21.4342,11.69687,46.98775,2570.88962,0.72469,19.8753,8.701554219073968,3.241557898275815,0.0
21.46654,11.70944,47.03663,2565.86923,0.72887,19.88434,8.608212411246646,3.206785618889363,0.0
21.49881,11.72198,47.0856,2560.90004,0.72981,19.89338,8.516055265049483,3.172454657130469,0.0
21.53102,11.73452,47.13442,2555.98214,0.72755,19.90244,8.425323803564481,3.138654800438877,0.0
21.56317,11.74703,47.18289,2551.11545,0.72212,19.9115,8.336243086669198,3.10546988954066,0.0
21.59526,11.75953,47.23081,2546.29981,0.71358,19.92057,8.249022417732899,3.072977895447971,0.0
21.62728,11.77202,47.27796,2541.5349,0.70197,19.92965,8.16385566443531,3.0412510389724754,0.0
21.65924,11.78449,47.32415,2536.82028,0.68737,19.93874,8.080921677156972,3.0103559465867598,0.0
21.69114,11.79695,47.3692,2532.15541,0.66985,19.94784,8.000384789028251,2.980353836705751,0.0
21.72298,11.80939,47.4129,2527.53965,0.64947,19.95695,7.922395382464217,2.951300730735862,0.0
21.75476,11.82181,47.45509,2522.97224,0.62631,19.96607,7.847090507973225,2.9232476835974714,0.0
21.78648,11.83422,47.49558,2518.45234,0.60047,19.97521,7.774594542045107,2.896241028805584,0.0
21.81814,11.84662,47.53421,2513.97901,0.57204,19.98436,7.705019871993709,2.870322633591695,0.0
21.84975,11.85901,47.57082,2509.55125,0.5411,19.99352,7.638467596741298,2.845530159964421,0.0
21.8813,11.87138,47.60526,2505.16795,0.50775,20.00269,7.575028233685937,2.821897328036199,0.0
21.91279,11.88374,47.63738,2500.82795,0.47211,20.01188,7.514782422833741,2.7994541783310702,0.0
21.94422,11.89608,47.66703,2496.53002,0.43426,20.02109,7.45780162046282,2.778227330192761,0.0
21.9756,11.90841,47.6941,2492.27286,0.39432,20.03031,7.404148775583968,2.758240233784078,0.0
22.00692,11.92073,47.71845,2488.0551,0.35241,20.03954,7.353878983402448,2.7395134135186257,0.0
22.03819,11.93304,47.73997,2483.87533,0.30863,20.04879,7.307040110837449,2.722064701083255,0.0
22.06941,11.94533,47.75856,2479.73208,0.26309,20.05806,7.263673389967945,2.705909456512266,0.0
22.10057,11.95761,47.7741,2475.62382,0.21592,20.06735,7.223813975989755,2.6910607760410885,0.0
22.13168,11.96988,47.78652,2471.549,0.16724,20.07665,7.187491466880216,2.677529685695053,0.0
22.16273,11.98214,47.79572,2467.50598,0.11715,20.08597,7.154730382578267,2.6653253197965707,0.0
22.19374,11.99439,47.80163,2463.49312,0.0658,20.0953,7.125550601942559,2.654455083743534,0.0
22.22469,12.00662,47.80418,2459.50872,0.01329,20.10466,7.0999677562092876,2.6449248005827077,0.0
22.25558,12.01884,47.80332,2455.55104,-0.04025,20.11403,7.0779935780237935,2.636738841033186,0.0
22.28643,12.03105,47.79899,2451.6183,-0.09469,20.12342,7.059636205451587,2.6299002367384965,0.0
22.31723,12.04325,47.79115,2447.7087,-0.14991,20.13283,7.044900440615861,2.624410776615882,0.0
22.34797,12.05544,47.77977,2443.82039,-0.20578,20.14226,7.033787962861843,2.6202710862656224,0.0
22.37867,12.06762,47.76481,2439.9515,-0.26218,20.1517,7.026297496532719,2.6174806904719943,0.0
22.40931,12.07978,47.74627,2436.10012,-0.31898,20.16117,7.022424933584825,2.616038058880639,0.0
22.43991,12.09194,47.72412,2432.26432,-0.37604,20.17065,7.022163411437827,2.6159406349998213,0.0
22.47045,12.10408,47.69838,2428.44213,-0.43325,20.18016,7.025503346572799,2.6171848487165805,0.0
22.50094,12.11622,47.66904,2424.63157,-0.49048,20.18968,7.0324324245082925,2.619766112562565,0.0
22.53139,12.12834,47.63612,2420.83063,-0.5476,20.19922,7.042935546902482,2.6236788020081825,0.0
22.56178,12.14045,47.59964,2417.03725,-0.60447,20.20878,7.056994736666763,2.6289162201149234,0.0
22.59213,12.15255,47.55963,2413.2494,-0.66098,20.21836,7.074589002084627,2.6354705469160615,0.0
22.62242,12.16464,47.51613,2409.46499,-0.717,20.22795,7.095694161108287,2.64333277396253,0.0
22.65267,12.17672,47.46919,2405.68192,-0.7724,20.23757,7.120282627145007,2.652492624522686,0.0
22.68286,12.18878,47.41886,2401.89809,-0.82705,20.2472,7.148323157879509,2.662938460012056,0.0
22.71301,12.20084,47.36521,2398.11137,-0.88083,20.25685,7.179780568860479,2.6746571732967634,0.0
22.74311,12.21289,47.30829,2394.31963,-0.93361,20.26652,7.214615413895752,2.687634069632338,0.0
22.77315,12.22492,47.2482,2390.52073,-0.98527,20.2762,7.252783634537917,2.7018527360878704,0.0
22.80315,12.23694,47.185,2386.71251,-1.0357,20.28591,7.294236181343646,2.717294900455153,0.0
22.8331,12.24896,47.11881,2382.89283,-1.08476,20.29563,7.338918609903748,2.733940280759243,0.0
22.863,12.26096,47.0497,2379.05954,-1.13234,20.30536,7.386770655124793,2.7517664266671673,0.0
22.89284,12.27295,46.9778,2375.2105,-1.17832,20.31512,7.437725787654398,2.7707485542446713,0.0
22.92264,12.28493,46.90321,2371.34357,-1.22258,20.32488,7.491710756854164,2.7908593757016114,0.0
22.95239,12.29689,46.82605,2367.45664,-1.26502,20.33467,7.548645125277519,2.812068925972702,0.0
22.98208,12.30885,46.74645,2363.5476,-1.30552,20.34447,7.608440800131567,2.834344388174729,0.0
23.01173,12.32079,46.66455,2359.61439,-1.34398,20.35428,7.67100156780471,2.8576499202058403,0.0
23.04132,12.33273,46.58047,2355.65494,-1.38028,20.36411,7.73622263813184,2.8819464849723366,0.0
23.07086,12.34465,46.49437,2351.66726,-1.41434,20.37395,7.803990205643399,2.9071916869424066,0.0
23.10035,12.35655,46.40639,2347.64936,-1.44605,20.3838,7.874181035633191,2.9333396179454905,0.0
23.12978,12.36845,46.31669,2343.59934,-1.47531,20.39367,7.946662083406877,2.9603407153323325,0.0
23.15917,12.38033,46.22542,2339.51531,-1.50205,20.40355,8.021290155588026,2.9881416358025663,0.0
23.18849,12.3922,46.13277,2335.39546,-1.52618,20.41344,8.097911622737358,3.0166851483478263,0.0
23.21777,12.40406,46.03888,2331.23807,-1.54761,20.42334,8.176362192916901,3.045910049898437,0.0
23.24699,12.4159,45.94394,2327.04146,-1.56628,20.43325,8.256466756018582,3.075751107331717,0.0
23.27616,12.42773,45.84812,2322.80406,-1.58213,20.44316,8.338039308747067,3.1061390295261133,0.0
23.30527,12.43955,45.7516,2318.52437,-1.59509,20.45309,8.420882970066096,3.137000473115366,0.0
23.33433,12.45136,45.65457,2314.201,-1.6051,20.46303,8.50479009663542,3.1682580854918103,0.0
23.36333,12.46315,45.5572,2309.83268,-1.61214,20.47297,8.589542507272755,3.199830588424351,0.0
23.39227,12.47492,45.45968,2305.41822,-1.61615,20.48292,8.674911824784846,3.231632905399534,0.0
23.42116,12.48668,45.3622,2300.95659,-1.61711,20.49288,8.760659942502134,3.2635763354179863,0.0
23.44999,12.49843,45.26494,2296.44686,-1.615,20.50284,8.84653962170172,3.2955687755501852,0.0
23.47876,12.51016,45.1681,2291.88825,-1.60981,20.5128,8.93229522457215,3.327514993985129,0.0
23.50747,12.52188,45.07185,2287.28013,-1.60154,20.52277,9.017663585715898,3.3593169546879413,0.0
23.53613,12.53358,44.97638,2282.622,-1.5902,20.53274,9.102375023126001,3.390874194015267,0.0
23.56472,12.54526,44.88187,2277.91353,-1.57581,20.54272,9.18615448747708,3.42208424885642,0.0
23.59325,12.55693,44.78851,2273.15455,-1.55838,20.55269,9.268722846107929,3.4528431349506765,0.0
23.62172,12.56859,44.69647,2268.34506,-1.53798,20.56267,9.349798295575836,3.4830458731009335,0.0
23.65013,12.58022,44.60593,2263.48521,-1.51463,20.57265,9.429097893968924,3.512587060000367,0.0
23.67848,12.59184,44.51704,2258.57534,-1.48842,20.58263,9.506339201531715,3.5413614794086232,0.0
23.70676,12.60344,44.42998,2253.61596,-1.4594,20.5926,9.581242015385365,3.5692647483807516,0.0
23.73498,12.61503,44.3449,2248.60775,-1.42766,20.60257,9.653530181621436,3.596193992319813,0.0
23.76314,12.62659,44.26196,2243.55157,-1.3933,20.61254,9.722933465538935,3.622048541689385,0.0
23.79123,12.63814,44.18129,2238.44845,-1.35642,20.62251,9.789189458679754,3.6467306424344383,0.0
23.81925,12.64967,44.10304,2233.2996,-1.31713,20.63248,9.852045499371043,3.6701461714339088,0.0
23.84722,12.66119,44.02733,2228.10639,-1.27555,20.64244,9.91126058204392,3.6922053477721506,0.0
23.87511,12.67268,43.95428,2222.87035,-1.23183,20.65239,9.966607229575024,3.712823430235426,0.0
23.90294,12.68415,43.884,2217.59318,-1.18611,20.66234,10.01787330234583,3.7319213912341085,0.0
23.9307,12.69561,43.8166,2212.27673,-1.13853,20.67228,10.064863717756143,3.74942655736669,0.0
23.95839,12.70704,43.75216,2206.92299,-1.08926,20.68222,10.107402054556733,3.765273207075912,0.0
23.98601,12.71846,43.69076,2201.53407,-1.03847,20.69215,10.145332017524497,3.779403116278794,0.0
24.01356,12.72985,43.63248,2196.11222,-0.98633,20.70207,10.178518739777914,3.791766043513407,0.0
24.04105,12.74123,43.57737,2190.65982,-0.93302,20.71198,10.206849902359005,3.802320147012614,0.0
24.06846,12.75258,43.52548,2185.17932,-0.87873,20.72189,10.230236653491179,3.8110323271518047,0.0
24.09581,12.76392,43.47684,2179.67328,-0.82365,20.73179,10.248614313173798,3.8178784889289092,0.0
24.12308,12.77523,43.43149,2174.14434,-0.76797,20.74168,10.26194285234465,3.822843720465023,0.0
24.15029,12.78652,43.38943,2168.5952,-0.71189,20.75156,10.270207139731577,3.8259223849631403,0.0
24.17742,12.7978,43.35066,2163.0286,-0.6556,20.76143,10.273416953465958,3.8271181250344806,0.0
24.20449,12.80905,43.31517,2157.44733,-0.59931,20.7713,10.271606758619976,3.826443779825259,0.0
24.23148,12.82027,43.28295,2151.85421,-0.54322,20.78115,10.264835255803426,3.8239212168571326,0.0
24.2584,12.83148,43.25395,2146.25206,-0.48751,20.791,10.253184709803177,3.8195810819277254,0.0
24.28524,12.84267,43.22815,2140.64371,-0.43238,20.80083,10.236760070790982,3.8134624717374215,0.0
24.31202,12.85383,43.20547,2135.03195,-0.37803,20.81066,10.21568790384809,3.8056125351091135,0.0
24.33872,12.86497,43.18586,2129.41957,-0.32465,20.82048,10.190115145379366,3.796086009719742,0.0
24.36536,12.87609,43.16925,2123.80929,-0.2724,20.83029,10.160207707243693,3.784944702102146,0.0
24.39192,12.88719,43.15554,2118.20381,-0.22149,20.84009,10.12614895125233,3.772256919355562,0.0
24.41841,12.89826,43.14465,2112.60575,-0.17206,20.84988,10.088138057922462,3.75809686146339,0.0
24.44482,12.90932,43.13647,2107.01766,-0.12429,20.85966,10.046388314058058,3.7425439833720255,0.0
24.47117,12.92035,43.1309,2101.44199,-0.07833,20.86944,10.001125343874083,3.7256823360380737,0.0
24.49744,12.93136,43.12782,2095.88114,-0.03433,20.8792,9.952585308022007,3.7075998955179665,0.0
24.52365,12.94235,43.12709,2090.33737,0.00757,20.88897,9.901013094061444,3.688387888871042,0.0
24.54978,12.95331,43.1286,2084.81285,0.04724,20.89872,9.84666052063473,3.6681401251673145,0.0
24.57584,12.96426,43.1322,2079.30967,0.08456,20.90847,9.789784576039118,3.646952339309281,0.0
24.60183,12.97518,43.13776,2073.82975,0.11942,20.91821,9.730645709924937,3.624921555644533,0.0
24.62775,12.98608,43.14512,2068.37492,0.15173,20.92794,9.669506194802697,3.6021454775840382,0.0
24.6536,12.99696,43.15414,2062.94691,0.18138,20.93768,9.60662857170803,3.5787219085714415,0.0
24.67939,13.00782,43.16466,2057.54727,0.20831,20.9474,9.542274191983694,3.554748208858488,0.0
24.7051,13.01865,43.17653,2052.17747,0.23243,20.95712,9.476701864837361,3.530320791684716,0.0
24.73074,13.02947,43.18958,2046.83884,0.25369,20.96684,9.410166617857776,3.5055346615371112,0.0
24.75632,13.04026,43.20366,2041.53257,0.27205,20.97656,9.342918575471387,3.4804829963456965,0.0
24.78182,13.05103,43.21861,2036.25974,0.28746,20.98627,9.275201958111772,3.455256774647805,0.0
24.80726,13.06179,43.23426,2031.02129,0.29989,20.99598,9.207254202914404,3.4299444480237486,0.0
24.83264,13.07252,43.25045,2025.81805,0.30933,21.00569,9.139305204906186,3.4046316584199494,0.0
24.85794,13.08323,43.26701,2020.65072,0.31577,21.0154,9.07157667602831,3.379400999368095,0.0
24.88318,13.09392,43.2838,2015.51986,0.3192,21.02511,9.00428161798217,3.354331819606366,0.0
24.90836,13.10459,43.30065,2010.42596,0.31963,21.03482,8.937623903641613,3.32950006714449,0.0
24.93347,13.11524,43.3174,2005.36934,0.31709,21.04453,8.871797960830039,3.304978171462384,0.0
24.95851,13.12587,43.33389,2000.35025,0.31159,21.05424,8.806988551508985,3.2808349612521046,0.0
24.98349,13.13648,43.34998,1995.36882,0.30317,21.06395,8.74337063884307,3.2571356148960278,0.0
25.00841,13.14707,43.36552,1990.42507,0.29188,21.07367,8.68110933418011,3.233941640715556,0.0
25.03326,13.15764,43.38035,1985.51891,0.27776,21.08339,8.620359915874042,3.211310883983151,0.0
25.05805,13.1682,43.39435,1980.65018,0.26087,21.09311,8.561267911682249,3.1892975576175027,0.0
25.08278,13.17873,43.40736,1975.8186,0.24127,21.10284,8.503969236608265,3.1679522935335687,0.0
25.10745,13.18924,43.41926,1971.02382,0.21904,21.11257,8.448590378221349,3.147322211678983,0.0
25.13205,13.19974,43.42992,1966.26539,0.19424,21.12231,8.395248621695952,3.1274510038671903,0.0
25.1566,13.21022,43.43922,1961.54277,0.16695,21.13206,8.34405230721066,3.108379029665313,0.0
25.18108,13.22067,43.44703,1956.85536,0.13727,21.14181,8.295101112722074,3.0901434217348713,0.0
25.20551,13.23111,43.45325,1952.20248,0.10528,21.15156,8.248486355525422,3.0727781981710405,0.0
25.22987,13.24154,43.45776,1947.58337,0.07109,21.16133,8.204291306548619,3.056314379585458,0.0
25.25418,13.25194,43.46046,1942.99721,0.03478,21.1711,8.162591511760276,3.040780108839166,0.0
25.27842,13.26233,43.46127,1938.44309,-0.00354,21.18088,8.123455115580482,3.0262007715216352,0.0
25.30261,13.2727,43.46008,1933.92008,-0.04375,21.19067,8.086943181680923,3.0125991154572507,0.0
25.32674,13.28305,43.45681,1929.42715,-0.08575,21.20047,8.053110007034986,2.999995367697238,0.0
25.35081,13.29338,43.45139,1924.96323,-0.12943,21.21027,8.022003425542106,2.988407347627722,0.0
25.37483,13.3037,43.44374,1920.52721,-0.17466,21.22009,7.99366509803404,2.9778505750046964,0.0
25.39879,13.314,43.4338,1916.11789,-0.22134,21.22992,7.968130785844038,2.9683383718657326,0.0
25.42269,13.32428,43.42152,1911.73405,-0.26933,21.23975,7.945430605608011,2.959881957450124,0.0
25.44654,13.33455,43.40683,1907.37443,-0.31851,21.2496,7.925589263269984,2.952490535372072,0.0
25.47033,13.3448,43.38969,1903.03771,-0.36876,21.25945,7.908626265686876,2.9461713724490357,0.0
25.49406,13.35503,43.37007,1898.72252,-0.41995,21.26932,7.894556108551417,2.940929868707963,0.0
25.51774,13.36524,43.34793,1894.42747,-0.47195,21.2792,7.883388439653333,2.936769618204374,0.0
25.54137,13.37544,43.32325,1890.15113,-0.52464,21.28909,7.875128196829452,2.933692460412409,0.0
25.56493,13.38563,43.29601,1885.89203,-0.57788,21.29899,7.869775720212459,2.9316985220404432,0.0
25.58845,13.39579,43.26619,1881.64866,-0.63153,21.3089,7.867326838674868,2.9307862492337393,0.0
25.61191,13.40594,43.23379,1877.41951,-0.68548,21.31882,7.867772930601829,2.930952430213917,0.0
25.63531,13.41607,43.19881,1873.203,-0.73958,21.32876,7.871100959396769,2.9321922085057404,0.0
25.65866,13.42619,43.16125,1868.99757,-0.7937,21.3387,7.877293484335626,2.934499086980601,0.0
25.68196,13.43629,43.12114,1864.80159,-0.84772,21.34866,7.886328647639264,2.937864923040661,0.0
25.7052,13.44637,43.07849,1860.61346,-0.9015,21.35862,7.898180138870149,2.9422799153556674,0.0
25.72839,13.45644,43.03333,1856.43151,-0.9549,21.3686,7.912817137958905,2.9477325826388534,0.0
25.75153,13.46649,42.98569,1852.25411,-1.00781,21.37859,7.9302042384387885,2.9542097350497567,0.0
25.77461,13.47653,42.93561,1848.07957,-1.06008,21.38859,7.950301352656082,2.9616964388825977,0.0
25.79763,13.48655,42.88313,1843.90623,-1.11159,21.3986,7.973063601008727,2.9701759753047576,0.0
25.82061,13.49655,42.82831,1839.73239,-1.16222,21.40862,7.998441187464465,2.9796297939840053,0.0
25.84353,13.50654,42.77121,1835.55637,-1.21183,21.41865,8.026379263854933,2.990037462534486,0.0
25.86639,13.51651,42.71188,1831.37649,-1.26031,21.42869,8.056817785727391,3.0013766128176873,0.0
25.8892,13.52646,42.65039,1827.19106,-1.30753,21.43874,8.089691362721535,3.0136228852038736,0.0
25.91196,13.5364,42.58682,1822.99841,-1.35338,21.4488,8.124929106710255,3.026749872000517,0.0
25.93466,13.54632,42.52124,1818.79687,-1.39774,21.45887,8.162454481192288,3.0407290613470996,0.0
25.95731,13.55622,42.45375,1814.5848,-1.4405,21.46895,8.202185155621919,3.0555297829490966,0.0
25.97991,13.56611,42.38442,1810.36057,-1.48155,21.47903,8.244032868573084,3.071119157103001,0.0
26.00245,13.57598,42.31336,1806.12257,-1.52078,21.48912,8.287903303874659,3.0874620485534607,0.0
26.02493,13.58583,42.24066,1801.86924,-1.55808,21.49922,8.33369598396462,3.104521026764899,0.0
26.04737,13.59567,42.16642,1797.59902,-1.59338,21.50933,8.381304184886742,3.122256334255546,0.0
26.06974,13.60548,42.09074,1793.31041,-1.62656,21.51945,8.430614877434609,3.1406258646720318,0.0
26.09206,13.61529,42.01374,1789.00195,-1.65755,21.52957,8.48150869901391,3.159585152307359,0.0
26.11433,13.62507,41.93553,1784.67222,-1.68625,21.53969,8.533859960779855,3.1790873747597717,0.0
26.13654,13.63484,41.85623,1780.31985,-1.7126,21.54982,8.587536694561955,3.1990833704134687,0.0
26.15869,13.64458,41.77595,1775.94354,-1.73653,21.55996,8.642400743948315,3.2195216723699063,0.0
26.18079,13.65432,41.69482,1771.54204,-1.75796,21.5701,8.698307903683501,3.2403485603771673,0.0
26.20283,13.66403,41.61296,1767.11416,-1.77684,21.58024,8.755108111296526,3.261508132216427,0.0
26.22481,13.67372,41.53049,1762.65881,-1.79312,21.59038,8.812645694433707,3.2829423958399517,0.0
26.24674,13.6834,41.44753,1758.17494,-1.80676,21.60053,8.870759676962727,3.304591383402919,0.0
26.26861,13.69306,41.36423,1753.6616,-1.81771,21.61068,8.929284146341697,3.32639328811805,0.0
26.29042,13.7027,41.2807,1749.11793,-1.82595,21.62083,8.988048684085998,3.3482846246158453,0.0
26.31218,13.71232,41.19707,1744.54316,-1.83147,21.63098,9.046878860451706,3.370200413227172,0.0
26.33387,13.72192,41.11348,1739.9366,-1.83424,21.64113,9.10559679360625,3.3920743882890427,0.0
26.35551,13.7315,41.03004,1735.29768,-1.83427,21.65128,9.164021772700233,3.41383923025527,0.0
26.37709,13.74106,40.94689,1730.6259,-1.83156,21.66142,9.221970943214904,3.4354268210064265,0.0
26.3986,13.7506,40.86414,1725.92089,-1.82613,21.67157,9.279260052036106,3.4567685214094963,0.0
26.42006,13.76013,40.78193,1721.18239,-1.81799,21.68171,9.335704248564626,3.4777954697525626,0.0
26.44146,13.76963,40.70037,1716.41023,-1.80719,21.69185,9.391118937147564,3.498438899297915,0.0
26.4628,13.77911,40.61958,1711.60438,-1.79377,21.70199,9.44532067502653,3.5186304727913846,0.0
26.48407,13.78857,40.53968,1706.7649,-1.77777,21.71212,9.498128108965723,3.538302631380944,0.0
26.50529,13.79802,40.46077,1701.89197,-1.75925,21.72224,9.549362942712463,3.5573889550212123,0.0
26.52644,13.80744,40.38297,1696.9859,-1.7383,21.73236,9.598850926538223,3.575824531103528,0.0
26.54753,13.81683,40.30637,1692.04709,-1.71498,21.74247,9.64642285929937,3.5935463277499387,0.0
26.56856,13.82621,40.23108,1687.07608,-1.68939,21.75258,9.69191559275134,3.6104935679466537,0.0
26.58952,13.83557,40.15719,1682.0735,-1.66162,21.76268,9.735173027315165,3.626608100493282,0.0
26.61042,13.8449,40.08479,1677.04011,-1.63178,21.77277,9.776047088143164,3.641834763612978,0.0
26.63126,13.85421,40.01395,1671.97676,-1.59998,21.78285,9.814398670105852,3.656121736984932,0.0
26.65203,13.8635,39.94476,1666.88442,-1.56634,21.79293,9.850098540405238,3.669420877991573,0.0
26.67274,13.87277,39.87728,1661.76415,-1.531,21.80299,9.883028187638716,3.6816880380172075,0.0
26.69338,13.88202,39.81159,1656.61711,-1.49408,21.81305,9.913080606716017,3.6928833548502378,0.0
26.71396,13.89124,39.74772,1651.44456,-1.45573,21.82309,9.940161009524198,3.702971517424566,0.0
26.73448,13.90044,39.68574,1646.24783,-1.4161,21.83312,9.964187452191812,3.711921999492004,0.0
26.75492,13.90961,39.62568,1641.02835,-1.37533,21.84315,9.98509137075809,3.7197092591731433,0.0
26.77531,13.91877,39.56759,1635.7876,-1.3336,21.85316,10.002818018316075,3.72631290180466,0.0
26.79562,13.9279,39.51148,1630.52715,-1.29105,21.86316,10.017326797964866,3.731717803972803,0.0
26.81587,13.937,39.45738,1625.24862,-1.24785,21.87315,10.028591487415639,3.735914197185034,0.0
26.83605,13.94608,39.4053,1619.95368,-1.20418,21.88313,10.036600352591106,3.7388977101888203,0.0
26.85617,13.95514,39.35525,1614.64404,-1.16019,21.89309,10.041356149165065,3.7406693695451585,0.0
26.87622,13.96417,39.30722,1609.32147,-1.11606,21.90304,10.042876012587378,3.7412355586599833,0.0
26.8962,13.97318,39.26121,1603.98774,-1.07196,21.91298,10.041191238667224,3.740607936045657,0.0
26.91611,13.98217,39.21719,1598.64467,-1.02806,21.92291,10.036346958367547,3.7388033141733414,0.0
26.93596,13.99113,39.17515,1593.29408,-0.98453,21.93283,10.028401711823296,3.735843500783589,0.0
26.95574,14.00007,39.13505,1587.93779,-0.94153,21.94273,10.017426927973872,3.731755105035737,0.0
26.97545,14.00898,39.09685,1582.57763,-0.89923,21.95262,10.00350631725892,3.726569311271105,0.0
26.99509,14.01787,39.06052,1577.21542,-0.85779,21.9625,9.986735185958159,3.7203216235865497,0.0
27.01467,14.02673,39.026,1571.85296,-0.81737,21.97237,9.967219681416962,3.7130515846611254,0.0
27.03418,14.03557,38.99323,1566.49203,-0.77812,21.98222,9.945075978151364,3.7048024725587925,0.0
27.05362,14.04438,38.96216,1561.13437,-0.74019,21.99207,9.920429415164575,3.6956209793561126,0.0
27.07299,14.05317,38.93271,1555.78171,-0.70373,22.0019,9.893413595072932,3.685556875542969,0.0
27.0923,14.06193,38.90481,1550.43572,-0.66886,22.01172,9.864169455651867,3.674662664149004,0.0
27.11154,14.07067,38.87838,1545.09802,-0.63571,22.02153,9.832844324286262,3.6629932285015063,0.0
27.13071,14.07938,38.85335,1539.77018,-0.60442,22.03133,9.79959096547206,3.650605477394687,0.0
27.14981,14.08807,38.82963,1534.45373,-0.57509,22.04112,9.764566631040035,3.6375579912730562,0.0
27.16884,14.09674,38.80712,1529.15012,-0.54783,22.05089,9.727932122199633,3.623910672818067,0.0
27.18781,14.10538,38.78573,1523.86074,-0.52274,22.06066,9.68985087175282,3.6097244050486257,0.0
27.20672,14.11399,38.76538,1518.58693,-0.49992,22.07042,9.650488054057737,3.5950607197591413,0.0
27.22555,14.12258,38.74595,1513.32993,-0.47944,22.08017,9.610009729409079,3.579981478778695,0.0
27.24432,14.13115,38.72735,1508.09093,-0.46138,22.08991,9.568582028636811,3.564548570212616,0.0
27.26302,14.13969,38.70948,1502.87103,-0.4458,22.09964,9.526370382757356,3.548823621467273,0.0
27.28166,14.1482,38.69224,1497.67126,-0.43277,22.10937,9.483538801574365,3.5328677305098823,0.0
27.30023,14.15669,38.67551,1492.49258,-0.42232,22.11908,9.440249204218382,3.5167412164769214,0.0
27.31874,14.16516,38.6592,1487.33587,-0.41449,22.12879,9.396660803699913,3.50050339040395,0.0
27.33718,14.1736,38.6432,1482.2019,-0.40933,22.1385,9.35292954671669,3.4842123465390777,0.0
27.35556,14.18202,38.6274,1477.0914,-0.40684,22.1482,9.30920760916491,3.4679247744076274,0.0
27.37387,14.19042,38.6117,1472.00501,-0.40703,22.15789,9.265642947068809,3.451695791521583,0.0
27.39211,14.19879,38.59599,1466.94328,-0.40992,22.16758,9.222378901984072,3.4355787963819826,0.0
27.4103,14.20714,38.58018,1461.90668,-0.4155,22.17726,9.17955385935839,3.4196253412092292,0.0
27.42842,14.21546,38.56415,1456.89562,-0.42376,22.18694,9.137300957831082,3.4038850236495586,0.0
27.44647,14.22376,38.54782,1451.91041,-0.43467,22.19662,9.09574784702301,3.3884053965454055,0.0
27.46447,14.23203,38.53108,1446.9513,-0.44821,22.20629,9.055016491006583,3.37323189472281,0.0
27.4824,14.24029,38.51383,1442.01847,-0.46433,22.21597,9.015223014411774,3.3584077776618595,0.0
27.50027,14.24851,38.49599,1437.112,-0.48301,22.22563,8.976477587869542,3.3439740868213517,0.0
27.51807,14.25672,38.47746,1432.23193,-0.50418,22.2353,8.938884349406397,3.3299696163561947,0.0
27.53582,14.2649,38.45815,1427.37821,-0.52779,22.24497,8.902541358255782,3.316430895910943,0.0
27.5535,14.27306,38.43799,1422.55073,-0.55378,22.25464,8.867540577632639,3.303392184202859,0.0
27.57112,14.2812,38.41688,1417.74931,-0.58207,22.2643,8.833967882942106,3.290885472079875,0.0
27.58869,14.28931,38.39475,1412.9737,-0.6126,22.27397,8.801903092016877,3.2789404937848023,0.0
27.60619,14.2974,38.37153,1408.22361,-0.64527,22.28364,8.771420014073612,3.2675847451928846,0.0
27.62363,14.30547,38.34715,1403.49865,-0.68002,22.29331,8.742586514213265,3.2568435078398643,0.0
27.64101,14.31352,38.32154,1398.79841,-0.71673,22.30298,8.715464590461607,3.2467398776216094,0.0
27.65833,14.32154,38.29464,1394.1224,-0.75532,22.31265,8.6901104605156,3.237294797109413,0.0
27.6756,14.32954,38.26639,1389.47008,-0.79569,22.32232,8.666574655580954,3.22852709050696,0.0
27.6928,14.33752,38.23673,1384.84087,-0.83773,22.332,8.644902118896677,3.2204535003533077,0.0
27.70995,14.34548,38.20563,1380.23412,-0.88134,22.34168,8.625132306751208,3.2130887251540567,0.0
27.72704,14.35341,38.17303,1375.64914,-0.9264,22.35136,8.607299290052543,3.206445457218895,0.0
27.74407,14.36133,38.13889,1371.0852,-0.9728,22.36105,8.591431854724393,3.2005344200618087,0.0
27.76104,14.36922,38.10318,1366.54152,-1.02042,22.37074,8.577553599450216,3.1953644048133047,0.0
27.77795,14.37709,38.06587,1362.01727,-1.06915,22.38043,8.56568302949084,3.1909423051699446,0.0
27.79481,14.38493,38.02694,1357.5116,-1.11885,22.39013,8.555833645595715,3.1872731505161234,0.0
27.81161,14.39276,37.98635,1353.02361,-1.16941,22.39983,8.5480140271686,3.1843601369054793,0.0
27.82835,14.40056,37.94409,1348.55235,-1.2207,22.40954,8.542227909158402,3.182204655704753,0.0
27.84504,14.40835,37.90016,1344.09688,-1.27259,22.41925,8.53847425228674,3.1808063197554026,0.0
27.86167,14.41611,37.85453,1339.65618,-1.32496,22.42896,8.536747306492313,3.1801629870082992,0.0
27.87824,14.42385,37.80723,1335.22924,-1.37768,22.43868,8.537036667644923,3.1802707816511973,0.0
27.89476,14.43157,37.75823,1330.815,-1.43062,22.4484,8.539327327789701,3.1811241128260224,0.0
27.91122,14.43927,37.70755,1326.41239,-1.48365,22.45813,8.543599719361131,3.1827156910997685,0.0
27.92762,14.44694,37.6552,1322.02032,-1.53664,22.46786,8.54982975402169,3.185036542932904,0.0
27.94397,14.4546,37.6012,1317.63768,-1.58946,22.4776,8.557988856896506,3.1880760234326897,0.0
27.96027,14.46223,37.54557,1313.26333,-1.64199,22.48734,8.568043997192278,3.1918218277595294,0.0
27.97651,14.46984,37.48832,1308.89614,-1.69409,22.49709,8.5799577163204,3.196260001603571,0.0
27.99269,14.47744,37.42949,1304.53495,-1.74566,22.50684,8.593688154786882,3.2013749512019136,0.0
28.00882,14.48501,37.36911,1300.17862,-1.79655,22.5166,8.609189079237536,3.2071494534136513,0.0
28.02489,14.49255,37.30722,1295.82599,-1.84666,22.52636,8.626409911193559,3.2135646664246273,0.0
28.04091,14.50008,37.24385,1291.47588,-1.89586,22.53612,8.645295759085739,3.22060014168103,0.0
28.05687,14.50759,37.17906,1287.12715,-1.94404,22.54588,8.665787455306505,3.2282338376922417,0.0
28.07277,14.51507,37.11288,1282.77864,-1.99109,22.55565,8.687821600054594,3.236442136364145,0.0
28.08862,14.52254,37.04537,1278.4292,-2.03689,22.56543,8.711330613819657,3.2451998625510114,0.0
28.10442,14.52998,36.97658,1274.07771,-2.08134,22.5752,8.736242800374704,3.254480307521844,0.0
28.12016,14.5374,36.90657,1269.72304,-2.12435,22.58498,8.76248242215984,3.264255257042808,0.0
28.13585,14.5448,36.8354,1265.36409,-2.16581,22.59476,8.78996978991694,3.2744950247685005,0.0
28.15148,14.55218,36.76313,1260.99979,-2.20562,22.60454,8.818621368413508,3.285168491626873,0.0
28.16705,14.55954,36.68983,1256.62908,-2.24371,22.61432,8.848349900008293,3.2962431518506725,0.0
28.18257,14.56687,36.61556,1252.25094,-2.28,22.62411,8.879064547732856,3.307685166279093,0.0
28.19803,14.57419,36.5404,1247.86437,-2.3144,22.63389,8.910671059414996,3.319459423498062,0.0
28.21344,14.58148,36.46441,1243.46841,-2.34684,22.64368,8.94307195422298,3.3315296093328866,0.0
28.22879,14.58875,36.38767,1239.06215,-2.37726,22.65347,8.976166732838815,3.3438582851433174,0.0
28.24409,14.596,36.31025,1234.64471,-2.4056,22.66325,9.00985211219618,3.356406975269609,0.0
28.25933,14.60322,36.23223,1230.21524,-2.43182,22.67303,9.04402228552708,3.369136263906739,0.0
28.27451,14.61043,36.15368,1225.77297,-2.45586,22.68282,9.078569208132365,3.382005901561448,0.0
28.28964,14.61761,36.07468,1221.31716,-2.4777,22.6926,9.113382909013353,3.3949749211432154,0.0
28.30471,14.62477,35.99531,1216.84712,-2.49729,22.70237,9.148351828144571,3.4080017636072313,0.0
28.31973,14.6319,35.91564,1212.36223,-2.51462,22.71215,9.183363178817967,3.421044412937149,0.0
28.33469,14.63902,35.83576,1207.86192,-2.52967,22.72192,9.218303334139469,3.4340605401252238,0.0
28.34959,14.64611,35.75574,1203.34567,-2.54244,22.73169,9.253058236321582,3.4470076556445735,0.0
28.36444,14.65318,35.67565,1198.81306,-2.55293,22.74145,9.287513827092292,3.459843269787818,0.0
28.37923,14.66023,35.59557,1194.2637,-2.56115,22.75121,9.321556497071763,3.472525060071726,0.0
28.39396,14.66725,35.51557,1189.69727,-2.56712,22.76097,9.355073551658219,3.4850110447919627,0.0
28.40863,14.67425,35.43573,1185.11353,-2.57085,22.77071,9.38795369053007,3.4972597616502474,0.0
28.42325,14.68123,35.35612,1180.51231,-2.5724,22.78046,9.420087497571663,3.5092304502645892,0.0
28.4378,14.68818,35.27681,1175.8935,-2.57179,22.79019,9.45136793765716,3.52088323723435,0.0
28.4523,14.69511,35.19785,1171.25706,-2.56908,22.79992,9.481690856486587,3.532179322342323,0.0
28.46675,14.70202,35.11933,1166.60305,-2.56433,22.80964,9.510955479416612,3.543081164382329,0.0
28.48113,14.7089,35.04129,1161.93155,-2.5576,22.81935,9.539064904989186,3.553552665011611,0.0
28.49545,14.71576,34.96379,1157.24276,-2.54898,22.82905,9.565926588824489,3.5635593490137007,0.0
28.50972,14.7226,34.88691,1152.53691,-2.53853,22.83875,9.591452813351761,3.573068539285498,0.0
28.52393,14.72941,34.81067,1147.81434,-2.52635,22.84843,9.61556113894653,3.582049524897772,0.0
28.53807,14.7362,34.73514,1143.07542,-2.51254,22.85811,9.638174832019896,3.590473720569676,0.0
28.55216,14.74296,34.66035,1138.3206,-2.49719,22.86777,9.659223265802382,3.5983148159712757,0.0
28.56619,14.7497,34.58636,1133.55041,-2.48042,22.87743,9.678642289703836,3.605548913319837,0.0
28.58016,14.75641,34.51319,1128.76542,-2.46233,22.88707,9.696374563428995,3.6121546518466596,0.0
28.59407,14.7631,34.44089,1123.96627,-2.44306,22.8967,9.712369852334628,3.6181133178253884,0.0
28.60792,14.76976,34.36947,1119.15366,-2.42272,22.90632,9.726585280937057,3.623408939010231,0.0
28.62171,14.7764,34.29897,1114.32833,-2.40144,22.91593,9.738985541846686,3.6280283624695686,0.0
28.63544,14.78302,34.2294,1109.49109,-2.37936,22.92553,9.749543058003699,3.6319613150230246,0.0
28.64911,14.7896,34.16079,1104.64278,-2.3566,22.93511,9.758238096465105,3.635200445630129,0.0
28.66272,14.79617,34.09314,1099.78429,-2.33332,22.94469,9.765058832691459,3.6377413493388167,0.0
28.67626,14.80271,34.02646,1094.91656,-2.30966,22.95425,9.770001364732815,3.6395825725700663,0.0
28.68975,14.80922,33.96077,1090.04056,-2.28575,22.9638,9.773069677347928,3.6407255997513595,0.0
28.70318,14.81571,33.89604,1085.15729,-2.26174,22.97333,9.774275556654102,3.641174821521503,0.0
28.71654,14.82217,33.83229,1080.26776,-2.23777,22.98285,9.773638456429472,3.640937484924713,0.0
28.72985,14.8286,33.76949,1075.37305,-2.214,22.99236,9.77118531776839,3.640023626227497,0.0
28.74309,14.83501,33.70765,1070.47421,-2.19057,23.00186,9.766950344228356,3.6384459871549746,0.0
28.75627,14.8414,33.64674,1065.57234,-2.16762,23.01135,9.760974735141813,3.6362199155424992,0.0
28.76939,14.84776,33.58673,1060.66854,-2.14529,23.02082,9.753306380094424,3.6333632515207825,0.0
28.78245,14.85409,33.52761,1055.76391,-2.12372,23.03028,9.743999517978537,3.629896200504334,0.0
28.79545,14.86039,33.46935,1050.85956,-2.10305,23.03972,9.733114364290868,3.625841194350047,0.0
28.80839,14.86668,33.41191,1045.95661,-2.08342,23.04916,9.72071671060676,3.621222742150816,0.0
28.82127,14.87293,33.35526,1041.05615,-2.06495,23.05858,9.706877500295366,3.6160672721782845,0.0
28.83408,14.87916,33.29937,1036.15928,-2.04776,23.06799,9.69167238466094,3.610402966533789,0.0
28.84684,14.88536,33.24418,1031.26709,-2.03199,23.07739,9.675181263727337,3.6042595900785175,0.0
28.85953,14.89154,33.18965,1026.38065,-2.01774,23.08677,9.657487815882561,3.5976683152137072,0.0
28.87216,14.89769,33.13575,1021.501,-2.00513,23.09615,9.63867902045883,3.5906615440291754,0.0
28.88473,14.90381,33.08241,1016.62917,-1.99426,23.10551,9.618844677274792,3.5832727293201425,0.0
28.89725,14.90991,33.02959,1011.76617,-1.98523,23.11486,9.598076926916503,3.575536195879282,0.0
28.9097,14.91598,32.97724,1006.91296,-1.97812,23.12421,9.576469775331901,3.567486963395644,0.0
28.92209,14.92203,32.92531,1002.0705,-1.97303,23.13354,9.5541186260882,3.5591605722082345,0.0
28.93442,14.92805,32.87372,997.23969,-1.97003,23.14286,9.531119823299749,3.5505929130346154,0.0
