0.04768,0.04768,54.08499,5038.24652,-0.37888,45.00009,12.31606006382685,4.588056428818753,0.0
0.09531,0.09531,54.04308,5031.43249,-0.25688,45.00022,12.355389754828865,4.602707773543454,0.0
0.14286,0.14286,54.01732,5024.57348,-0.13448,45.00037,12.366460336387924,4.606831856458735,0.0
0.19035,0.19036,54.00768,5017.68524,-0.01216,45.00056,12.349311641876712,4.600443516544,0.0
0.23778,0.23778,54.01408,5010.78353,0.1096,45.00077,12.304287098620009,4.583670689513847,0.0
0.28514,0.28515,54.03637,5003.88399,0.23032,45.00102,12.232023856716395,4.556750730544425,0.0
0.33244,0.33245,54.07435,4997.00189,0.34954,45.0013,12.133436251796123,4.52002425371562,0.0
0.37967,0.37968,54.12773,4990.15208,0.46681,45.00161,12.009693310746059,4.473926752301741,0.0
0.42683,0.42684,54.1962,4983.34878,0.58172,45.00195,11.86219122103318,4.418978342870139,0.0
0.47393,0.47395,54.27938,4976.60548,0.69386,45.00232,11.692521840006698,4.355772034167679,0.0
0.52096,0.52098,54.37685,4969.93483,0.80285,45.00272,11.502438414201494,4.284960956659304,0.0
0.56792,0.56796,54.48813,4963.34856,0.90835,45.00315,11.293819709126518,4.207244999930389,0.0
0.61483,0.61487,54.61272,4956.85742,1.01005,45.00362,11.068633720576448,4.1233572941955385,0.0
0.66166,0.66172,54.75008,4950.47108,1.10767,45.00411,10.828902056421695,4.034050941578183,0.0
0.70844,0.7085,54.89962,4944.19818,1.20096,45.00464,10.576665953019601,3.9400863563295974,0.0
0.75515,0.75523,55.06075,4938.04627,1.28973,45.00521,10.31395473481619,3.842219515200662,0.0
0.80181,0.80189,55.23285,4932.02179,1.37379,45.00581,10.042757351414705,3.7411913542510002,0.0
0.8484,0.8485,55.41527,4926.13018,1.453,45.00644,9.764997445551112,3.637718481013844,0.0
0.89493,0.89505,55.60736,4920.37581,1.52726,45.00711,9.48251222822023,3.5324853049246956,0.0
0.94141,0.94155,55.80847,4914.7621,1.5965,45.00781,9.197035272658411,3.426137627627154,0.0
0.98783,0.98799,56.01793,4909.29156,1.66065,45.00855,8.910183193327002,3.319277680543755,0.0
1.0342,1.03438,56.23506,4903.96581,1.7197,45.00933,8.623446053711614,3.2124605515288196,0.0
1.08051,1.08071,56.45921,4898.78569,1.77367,45.01015,8.33818124984275,3.1061919063189505,0.0
1.12678,1.127,56.68971,4893.75133,1.82257,45.011,8.05561054523221,3.000926883968823,0.0
1.17301,1.17322,56.92508,4888.86365,1.85343,44.95308,7.7777368414556545,2.8974116180148863,-24.999999573545978
1.21924,1.21934,57.16388,4884.1223,1.87981,44.89719,7.5062693495600445,2.79628283454418,-24.999999573545978
1.26547,1.26537,57.40554,4879.52464,1.9018,44.84328,7.241776240832917,2.6977521923107988,-24.999999573545978
1.3117,1.31132,57.6495,4875.06775,1.91952,44.7913,6.984725137694792,2.6019938929702735,-24.999999573545978
1.35793,1.35718,57.89524,4870.74842,1.93309,44.7412,6.735486385359332,2.5091458998590612,-24.999999573545978
1.40415,1.40296,58.14224,4866.56323,1.94264,44.69294,6.494341433081363,2.4193130602299613,-24.999999573545978
1.45037,1.44866,58.38999,4862.5086,1.94828,44.64644,6.26149128276839,2.332570252582196,-24.999999573545978
1.49658,1.49429,58.63802,4858.58083,1.95015,44.60166,6.037064836656699,2.2489654963904053,-24.999999573545978
1.5428,1.53984,58.88585,4854.77612,1.94838,44.55854,5.821127008763621,2.168522973834036,-24.999999573545978
1.589,1.58533,59.13305,4851.09063,1.94311,44.51701,5.61368649508353,2.091245924399797,-24.999999573545978
1.63521,1.63075,59.37917,4847.52048,1.93448,44.47702,5.414703124610329,2.0171193833309546,-24.999999573545978
1.68141,1.6761,59.62382,4844.0618,1.92261,44.4385,5.224094737015034,1.946112743743193,-24.999999573545978
1.7276,1.72139,59.86659,4840.71074,1.90764,44.4014,5.041743553097211,1.8781821297853951,-24.999999573545978
1.7738,1.76662,60.10712,4837.46349,1.8897,44.36567,4.867502021216774,1.8132725745893097,-24.999999573545978
1.81998,1.81179,60.34503,4834.3163,1.86891,44.33124,4.701198136806859,1.7513200019280688,-24.999999573545978
1.86617,1.85691,60.57999,4831.26549,1.84541,44.29805,4.542640243229027,1.6922530146610635,-24.999999573545978
1.91235,1.90197,60.81167,4828.30744,1.81932,44.26605,4.391621330813467,1.6359944962395379,-24.999999573545978
1.95852,1.94698,61.03975,4825.43866,1.79076,44.2352,4.247922857358449,1.5824630339431547,-24.999999573545978
2.0047,1.99194,61.26395,4822.65571,1.75983,44.20543,4.111318117889504,1.5315741742039584,-24.999999573545978
2.05086,2.03685,61.48397,4819.95527,1.72667,44.17669,3.9815751944190887,1.4832415214694588,-24.999999573545978
2.09703,2.08171,61.69956,4817.33413,1.69137,44.14895,3.858459518119463,1.4373776926794464,-24.999999573545978
2.14319,2.12653,61.91045,4814.78918,1.65404,44.12214,3.741736076912722,1.3938951396513606,-24.999999573545978
2.18934,2.1713,62.11641,4812.3174,1.61478,44.09622,3.631171301260119,1.352706851586435,-24.999999573545978
2.23549,2.21603,62.3172,4809.91589,1.57369,44.07116,3.526534660088606,1.313726949594321,-24.999999573545978
2.28164,2.26072,62.51262,4807.58184,1.53087,44.0469,3.4275999974675613,1.2768711846403409,-24.999999573545978
2.32778,2.30537,62.70245,4805.31256,1.48641,44.02341,3.3341466389949073,1.2420573497034288,-24.999999573545978
2.37392,2.34999,62.8865,4803.10545,1.44039,44.00064,3.2459602950087536,1.2092056162462301,-24.999999573545978
2.42006,2.39456,63.06459,4800.95799,1.39291,43.97857,3.1628337857254647,1.1782388043481113,-24.999999573545978
2.46619,2.4391,63.23656,4798.86777,1.34403,43.95714,3.084567611400287,1.1490825951049988,-24.999999573545978
2.51232,2.4836,63.40222,4796.83248,1.29384,43.93634,3.0109703885538406,1.1216656931352202,-24.999999573545978
2.55844,2.52808,63.56144,4794.84988,1.24242,43.91612,2.9418591713414046,1.0959199462980227,-24.999999573545978
2.60456,2.57251,63.71407,4792.9178,1.18983,43.89644,2.877059675240317,1.0717804290230124,-24.999999573545978
2.65068,2.61692,63.85997,4791.03416,1.13615,43.87729,2.8164064184298354,1.0491854949778745,-24.999999573545978
2.69679,2.66129,63.99902,4789.19697,1.08145,43.85863,2.7597427945630946,1.0280768041778403,-24.999999573545978
2.74291,2.70564,64.13111,4787.40427,1.02578,43.84043,2.7069210890699464,1.008399329058926,-24.999999573545978
2.78901,2.74996,64.25611,4785.65421,0.96921,43.82266,2.657802449702235,0.9901013435052702,-24.999999573545978
2.83512,2.79424,64.37392,4783.94495,0.9118,43.8053,2.612256820725099,0.9731343983336654,-24.999999573545978
2.88122,2.8385,64.48446,4782.27474,0.85361,43.78831,2.5701628489844675,0.9574532863012263,-24.999999573545978
2.92732,2.88273,64.58763,4780.64188,0.7947,43.77168,2.531407769012007,0.9430159993039605,-24.999999573545978
2.97341,2.92694,64.68335,4779.0447,0.73511,43.75538,2.495887273375659,0.9297836800789325,-24.999999573545978
3.0195,2.97112,64.77155,4777.48158,0.67491,43.73939,2.463505373643069,0.9177205704094825,-24.999999573545978
3.06559,3.01528,64.85215,4775.95095,0.61414,43.72367,2.4341742565630815,0.90679395754905,-24.999999573545978
3.11168,3.05941,64.9251,4774.45125,0.55285,43.70822,2.4078141394057173,0.8969741203315073,-24.999999573545978
3.15776,3.10351,64.99034,4772.98097,0.49109,43.69301,2.3843531278212677,0.8882342762199333,-24.999999573545978
3.20385,3.14759,65.04781,4771.53862,0.42891,43.67801,2.3637270790495126,0.8805505303484492,-24.999999573545978
3.24993,3.19165,65.09748,4770.12273,0.36636,43.6632,2.3458794728633836,0.8739018274453351,-24.999999573545978
3.296,3.23569,65.1393,4768.73186,0.30347,43.64857,2.3307612922320433,0.8682699073768881,-24.999999573545978
3.34208,3.2797,65.17325,4767.36455,0.24031,43.6341,2.3183309153397196,0.8636392649215975,-24.999999573545978
3.38815,3.32369,65.19928,4766.01939,0.1769,43.61976,2.308554020274274,0.8599971142641277,-24.999999573545978
3.43422,3.36766,65.21738,4764.69496,0.1133,43.60553,2.301403503447197,0.8573333586046208,-24.999999573545978
3.48029,3.41161,65.22754,4763.38984,0.04954,43.5914,2.296859412540588,0.8556405651796815,-24.999999573545978
3.52636,3.45554,65.22974,4762.10261,-0.01432,43.57734,2.2949088945654754,0.8549139459127353,-24.999999573545978
3.57242,3.49945,65.22397,4760.83184,-0.07826,43.56333,2.2955461594121367,0.8551513438355639,-24.999999573545978
3.61849,3.54333,65.21023,4759.5761,-0.14221,43.54936,2.2987724590701433,0.8563532253472242,-24.999999573545978
3.66455,3.5872,65.18853,4758.33394,-0.20615,43.5354,2.3045960825281044,0.8585226783140701,-24.999999573545978
3.71061,3.63104,65.15887,4757.1039,-0.27003,43.52144,2.313032366165703,0.861665415941057,-24.999999573545978
3.75667,3.67487,65.12128,4755.88449,-0.3338,43.50746,2.3241037192708944,0.8657897862775729,-24.999999573545978
3.80273,3.71867,65.07576,4754.6742,-0.39743,43.49343,2.3378396641264345,0.8709067871507223,-24.999999573545978
3.84879,3.76246,65.02235,4753.47149,-0.46086,43.47933,2.3542768898970428,0.8770300862397129,-24.999999573545978
3.89485,3.80622,64.96107,4752.27478,-0.52405,43.46515,2.373459319329844,0.884176045923526,-24.999999573545978
3.9409,3.84997,64.89196,4751.08246,-0.58696,43.45085,2.395438187038275,0.8923637524437303,-24.999999573545978
3.98696,3.89369,64.81507,4749.89288,-0.64954,43.43643,2.4202721278521544,0.9016150488172088,-24.999999573545978
4.03302,3.93739,64.73044,4748.70433,-0.71175,43.42186,2.4480272734244135,0.9119545708247065,-24.999999573545978
4.07907,3.98108,64.63812,4747.51506,-0.77353,43.40711,2.478777354925982,0.923409785267379,-24.999999573545978
4.12513,4.02474,64.53818,4746.32326,-0.83484,43.39216,2.5126038092691547,0.9360110295377904,-24.999999573545978
4.17118,4.06838,64.43068,4745.12707,-0.89561,43.37699,2.5495958858509256,0.9497915513846132,-24.999999573545978
4.21724,4.11201,64.3157,4743.92455,-0.95582,43.36157,2.5898507503066166,0.9647875475635872,-24.999999573545978
4.26329,4.15561,64.1933,4742.71369,-1.01538,43.34588,2.63347358119033,0.9810381998535294,-24.999999573545978
4.30935,4.19919,64.06359,4741.49243,-1.07427,43.32988,2.680577654858848,0.9985857066778218,-24.999999573545978
4.3554,4.24275,63.92665,4740.2586,-1.1324,43.31356,2.731284413109252,1.0174753083012031,-24.999999573545978
4.40146,4.28628,63.78258,4739.00996,-1.18973,43.29689,2.7857235073233846,1.0377553032747426,-24.999999573545978
4.44752,4.3298,63.6315,4737.74417,-1.24619,43.27983,2.844032811976778,1.0594770534682723,-24.999999573545978
4.49357,4.37329,63.47351,4736.45881,-1.30172,43.26235,2.906358399373851,1.0826949746585812,-24.999999573545978
4.53963,4.41676,63.30874,4735.15135,-1.35624,43.24442,2.9728544663956935,1.1074665092410403,-24.999999573545978
4.58569,4.4602,63.13733,4733.81915,-1.40971,43.22601,3.0436832028595027,1.1338520771900258,-24.999999573545978
4.63175,4.50362,62.95941,4732.45947,-1.46203,43.20708,3.1190145898111847,1.1619150009176082,-24.999999573545978
4.67782,4.54701,62.77514,4731.06946,-1.51313,43.18761,3.1990261146955152,1.1917213991669422,-24.999999573545978
4.72388,4.59038,62.58468,4729.64612,-1.56295,43.16754,3.283902388909727,1.223340044540916,-24.999999573545978
4.76994,4.63372,62.3882,4728.18636,-1.61139,43.14684,3.373834651718003,1.2568421786972448,-24.999999573545978
4.81601,4.67704,62.18587,4726.68694,-1.65837,43.12547,3.4690201429352543,1.2923012786566745,-24.999999573545978
4.86208,4.72033,61.97789,4725.1445,-1.70381,43.10339,3.569661325229052,1.3297927670899896,-24.999999573545978
4.90815,4.76358,61.76447,4723.55551,-1.74761,43.08055,3.6759649353171966,1.3693936588641409,-24.999999573545978
4.95423,4.80681,61.5458,4721.91635,-1.78968,43.05692,3.7881408418642555,1.4111821355786565,-24.999999573545978
5.0003,4.85001,61.32213,4720.22323,-1.82993,43.03243,3.906400686551677,1.4552370393285041,-24.999999573545978
5.04638,4.89317,61.09369,4718.47221,-1.86825,43.00705,4.030956283674145,1.5016372765116228,-24.999999573545978
5.09246,4.9363,60.86073,4716.65923,-1.90454,42.98071,4.1620177528132665,1.5504611222007394,-24.999999573545978
5.13855,4.9794,60.62352,4714.78005,-1.93869,42.95338,4.299791358788195,1.6017854154681428,-24.999999573545978
5.18463,5.02246,60.38233,4712.83034,-1.97059,42.92499,4.444477033269916,1.6556846361217954,-24.999999573545978
5.23072,5.06548,60.13745,4710.80558,-2.00012,42.89549,4.596265553396399,1.7122298536652383,-24.999999573545978
5.27681,5.10847,59.88919,4708.70115,-2.02716,42.86482,4.755335354526509,1.7714875399645653,-24.999999573545978
5.32291,5.15141,59.63787,4706.51229,-2.05161,42.83291,4.9218489572173025,1.8335182382034532,-24.999999573545978
5.36901,5.19431,59.38383,4704.23414,-2.07332,42.79972,5.095948992722426,1.8983750822767405,-24.999999573545978
5.41512,5.23717,59.12741,4701.86172,-2.09218,42.76518,5.277753817034237,1.9661021629057132,-24.999999573545978
5.46122,5.27998,58.869,4699.38995,-2.10806,42.72923,5.467352711002465,2.0367327395560153,-24.999999573545978
5.50733,5.32274,58.60895,4696.8137,-2.12082,42.69179,5.66480067346204,2.110287300740767,-24.999999573545978
5.55345,5.36545,58.34769,4694.12779,-2.13035,42.65282,5.87011282586273,2.186771479597873,-24.999999573545978
5.59957,5.40811,58.08561,4691.32697,-2.13651,42.61224,6.083258460740768,2.266173836789121,-24.999999573545978
5.64569,5.45072,57.82315,4688.40604,-2.13916,42.56999,6.304154782540147,2.3484635287914135,-24.999999573545978
5.69182,5.49326,57.56075,4685.3598,-2.13819,42.526,6.532660407827932,2.433587886555963,-24.999999573545978
5.73796,5.53575,57.29888,4682.18312,-2.13346,42.48022,6.7685687126737495,2.5214699372321,-24.999999573545978
5.78409,5.57818,57.038,4678.87098,-2.12486,42.43258,7.011601137627497,2.6120059100953235,-24.999999573545978
5.83024,5.62054,56.7786,4675.41849,-2.11226,42.38302,7.261400584865799,2.7050627768106152,-24.999999573545978
5.87638,5.66284,56.52119,4671.82097,-2.09556,42.33149,7.517525067008513,2.800475885449485,-24.999999573545978
5.92253,5.70506,56.26628,4668.07399,-2.07466,42.27793,7.779441791913693,2.8980467569204524,-24.999999573545978
5.96869,5.74722,56.01439,4664.17339,-2.04945,42.22229,8.046521891389173,2.9975411212754173,-24.999999573545978
6.01485,5.78929,55.76606,4660.1154,-2.01985,42.16454,8.318036022692032,3.09868727915248,-24.999999573545978
6.06102,5.83129,55.52182,4655.89665,-1.9858,42.10462,8.593151088424564,3.2011748798508837,-24.999999573545978
6.10719,5.87321,55.28224,4651.51424,-1.94724,42.04252,8.870928331225883,3.3046542115535043,-24.999999573545978
6.15336,5.91504,55.04784,4646.96583,-1.90412,41.9782,9.150323062440055,3.408736100248594,-24.999999573545978
6.19954,5.95678,54.81921,4642.24969,-1.85643,41.91166,9.430186277139827,3.512992511368613,-24.999999573545978
6.24572,5.99843,54.59687,4637.36472,-1.80416,41.84287,9.709268389497678,3.6169579413142263,-24.999999573545978
6.29191,6.03998,54.38139,4632.31057,-1.74732,41.77186,9.986225291139935,3.7201316743506214,-24.999999573545978
6.3381,6.08144,54.17331,4627.08769,-1.68596,41.69862,10.259626890061941,3.821980963578079,-24.999999573545978
6.38429,6.1228,53.97316,4621.69734,-1.62014,41.62318,10.527968228140503,3.921945172497877,-24.999999573545978
6.43049,6.16405,53.78147,4616.14166,-1.54996,41.54559,10.789683202268074,4.019440886495803,-24.999999573545978
6.47669,6.20519,53.59875,4610.4237,-1.47552,41.46588,11.043160828782508,4.1138679717701745,-24.999999573545978
6.52289,6.24622,53.42548,4604.54748,-1.39698,41.38413,11.28676389579045,4.2046165238130815,-24.999999573545978
6.56909,6.28714,53.26213,4598.51793,-1.31451,41.30041,11.518849746895308,4.2910746098959,-24.999999573545978
6.6153,6.32794,53.10914,4592.341,-1.2283,41.2148,11.73779283709572,4.372636671734962,-24.999999573545978
6.66151,6.36862,52.96693,4586.02353,-1.13859,41.1274,11.94200860280915,4.448712417703394,-24.999999573545978
6.70771,6.40918,52.83588,4579.57334,-1.04562,41.03834,12.129978098785278,4.518736000729598,-24.999999573545978
6.75392,6.44962,52.71633,4572.99911,-0.94968,40.94774,12.300272781187388,4.582175250647147,-24.999999573545978
6.80012,6.48993,52.60859,4566.31038,-0.85108,40.85573,12.451578764015599,4.638540710350663,-24.999999573545978
6.84633,6.53011,52.51294,4559.51745,-0.75013,40.76246,12.58271985000164,4.687394215410103,-24.999999573545978
6.89253,6.57015,52.42958,4552.63134,-0.64719,40.66809,12.692678640865232,4.7283567581967025,-24.999999573545978
6.93872,6.61007,52.35872,4545.66367,-0.54261,40.57279,12.780615067053786,4.761115390698563,-24.999999573545978
6.98492,6.64985,52.30047,4538.62655,-0.43679,40.47673,12.845881743720854,4.785428945026662,-24.999999573545978
7.03111,6.6895,52.25494,4531.53253,-0.33009,40.3801,12.888035655630063,4.801132386349017,-24.999999573545978
7.07729,6.72901,52.22216,4524.39443,-0.22293,40.28306,12.906845794318432,4.8081396579349684,-24.999999573545978
7.12347,6.76838,52.20212,4517.22522,-0.1157,40.18581,12.902296510704781,4.806444930090028,-24.999999573545978
7.16964,6.80761,52.19477,4510.03796,-0.0088,40.08853,12.874586497368993,4.796122221028116,-24.999999573545978
7.2158,6.84671,52.2,4502.84562,0.09737,39.99141,12.824123469317843,4.777323415316885,-24.999999573545978
7.26196,6.88567,52.21766,4495.66097,0.20242,39.89462,12.751514761484374,4.7502747611988365,-24.999999573545978
7.3081,6.9245,52.24757,4488.49652,0.30597,39.79835,12.657554197669814,4.715271978926688,-24.999999573545978
7.35424,6.96318,52.28949,4481.36437,0.40766,39.70277,12.543205702368967,4.672674155737136,-24.999999573545978
7.40036,7.00174,52.34313,4474.2761,0.50714,39.60804,12.409584218480477,4.622896637195838,-24.999999573545978
7.44648,7.04015,52.40818,4467.24276,0.60408,39.51431,12.257934556908,4.566403148117351,-24.999999573545978
7.49258,7.07844,52.4843,4460.27473,0.69816,39.42173,12.089608836983173,4.503697388529109,-24.999999573545978
7.53867,7.11659,52.57109,4453.38169,0.7891,39.33044,11.90604317996801,4.435314351387843,-24.999999573545978
7.58475,7.15462,52.66815,4446.57258,0.87665,39.24056,11.708734293846911,4.361811599798493,-24.999999573545978
7.63081,7.19252,52.77504,4439.85552,0.96055,39.15221,11.499216539842411,4.283760723687929,-24.999999573545978
7.67686,7.23029,52.89128,4433.23787,1.04061,39.06548,11.279040004167621,4.201739170955758,-24.999999573545978
7.7229,7.26794,53.01641,4426.72614,1.11665,38.98046,11.049750017929313,4.11632261809936,-24.999999573545978
7.76892,7.30547,53.14992,4420.32605,1.1885,38.89724,10.812868478900862,4.028078012082859,-24.999999573545978
7.81493,7.34288,53.29129,4414.04249,1.25603,38.81587,10.56987723662189,3.937557380849572,-24.999999573545978
7.86092,7.38017,53.44001,4407.87958,1.31914,38.7364,10.322203711346335,3.8452924760017755,-24.999999573545978
7.90689,7.41735,53.59554,4401.84069,1.37775,38.65889,10.071208831778296,3.7517902792899407,-24.999999573545978
7.95285,7.45443,53.75734,4395.92846,1.4318,38.58336,9.818177299312923,3.6575293757862846,-24.999999573545978
7.9988,7.49139,53.92488,4390.14484,1.48126,38.50983,9.564310119751086,3.562957171751996,-24.999999573545978
8.04473,7.52825,54.09762,4384.49116,1.52611,38.43831,9.310719288393688,3.468487914695022,-24.999999573545978
8.09064,7.56501,54.27502,4378.96813,1.56637,38.36881,9.058424471479753,3.374501457118429,-24.999999573545978
8.13654,7.60167,54.45654,4373.57593,1.60204,38.30131,8.808351495881192,3.2813426938919763,-24.999999573545978
8.18242,7.63823,54.64166,4368.31424,1.63317,38.23581,8.561332439022294,3.1893215957494867,-24.999999573545978
8.22829,7.67471,54.82986,4363.18228,1.65982,38.17228,8.318107100972906,3.0987137576822885,-24.999999573545978
8.27414,7.71109,55.02063,4358.17886,1.68205,38.1107,8.07932563920118,3.009761380453941,-24.999999573545978
8.31997,7.74738,55.21347,4353.30246,1.69993,38.05104,7.845552152068677,2.922674605546448,-24.999999573545978
8.36579,7.78359,55.4079,4348.55123,1.71356,37.99325,7.61726900823283,2.837633127976585,-24.999999573545978
8.41159,7.81972,55.60342,4343.92303,1.72304,37.93731,7.394881734266456,2.7547880170627734,-24.999999573545978
8.45738,7.85576,55.79958,4339.41552,1.72846,37.88316,7.178724290706356,2.6742636818920023,-24.999999573545978
8.50315,7.89173,55.99594,4335.02615,1.72993,37.83075,6.96906458623037,2.596159925495868,-24.999999573545978
8.54891,7.92763,56.19204,4330.75222,1.72757,37.78005,6.766110099684964,2.520554039203777,-24.999999573545978
8.59465,7.96345,56.38748,4326.59087,1.7215,37.73099,6.570013499622967,2.4475028960686083,-24.999999573545978
8.64038,7.99921,56.58184,4322.53917,1.71184,37.68352,6.380878170062671,2.377045009357374,-24.999999573545978
8.68609,8.0349,56.77473,4318.5941,1.69871,37.6376,6.198763569022589,2.3092025287464044,-24.999999573545978
8.73179,8.07052,56.96578,4314.75259,1.68224,37.59317,6.023690362724128,2.2439831529469347,-24.999999573545978
8.77748,8.10608,57.15461,4311.01155,1.66254,37.55016,5.8556452928897205,2.1813819429017247,-24.999999573545978
8.82315,8.14158,57.34088,4307.36783,1.63975,37.50853,5.6945857474125665,2.1213830244797993,-24.999999573545978
8.8688,8.17702,57.52427,4303.81834,1.61398,37.46823,5.54044401564828,2.06396117368455,-24.999999573545978
8.91444,8.2124,57.70444,4300.35995,1.58537,37.42919,5.393131218906024,2.0090832808651014,-24.999999573545978
8.96007,8.24773,57.88109,4296.98958,1.55402,37.39137,5.252540914369701,1.9567096932717782,-24.999999573545978
9.00569,8.283,58.05394,4293.70419,1.52007,37.35471,5.1185523769099905,1.9067954376174396,-24.999999573545978
9.05129,8.31823,58.2227,4290.50076,1.48362,37.31916,4.991033568125965,1.8592913261236,-24.999999573545978
9.09688,8.3534,58.38711,4287.37633,1.4448,37.28467,4.869843805658427,1.8141449509098821,-24.999999573545978
9.14246,8.38852,58.54692,4284.32799,1.40372,37.25119,4.754836148550957,1.7713015726037729,-24.999999573545978
9.18803,8.4236,58.7019,4281.35288,1.36049,37.21867,4.645859516255872,1.7307049097260885,-24.999999573545978
9.23358,8.45863,58.8518,4278.44821,1.31521,37.18705,4.542760560030802,1.6922978358354506,-24.999999573545978
9.27912,8.49362,58.99643,4275.61122,1.26799,37.15631,4.445385306008275,1.6560229916149285,-24.999999573545978
9.32465,8.52857,59.13558,4272.83925,1.21893,37.12638,4.3535805892740544,1.6218233191039575,-24.999999573545978
9.37017,8.56347,59.26906,4270.12966,1.16814,37.09722,4.267195298003175,1.5896425251717472,-24.999999573545978
9.41567,8.59833,59.39668,4267.4799,1.11572,37.06879,4.18608144607702,1.559425481095363,-24.999999573545978
9.46117,8.63315,59.51829,4264.88747,1.06175,37.04105,4.110095091820763,1.5311185648135992,-24.999999573545978
9.50665,8.66794,59.63372,4262.3499,1.00633,37.01396,4.039097119526382,1.5046699520648632,-24.999999573545978
9.55213,8.70269,59.74282,4259.86481,0.94955,36.98747,3.9729538993743354,1.4800298622253631,-24.999999573545978
9.59759,8.7374,59.84545,4257.42985,0.8915,36.96154,3.9115378402456655,1.4571507642461634,-24.999999573545978
9.64304,8.77207,59.9415,4255.04272,0.83226,36.93615,3.8547278487887957,1.4359875476676434,-24.999999573545978
9.68849,8.80671,60.03083,4252.70117,0.77192,36.91124,3.802409706958575,1.4164976632627266,-24.999999573545978
9.73392,8.84132,60.11334,4250.40298,0.71056,36.88678,3.754476379137121,1.398641237447476,-24.999999573545978
9.77934,8.87589,60.18893,4248.14598,0.64826,36.86274,3.710828258866139,1.3823811641953718,-24.999999573545978
9.82474,8.91044,60.25789,4245.92718,0.5921,36.87065,3.6711710334814573,1.3676078042951798,0.0
9.87012,8.94499,60.32053,4243.74377,0.53509,36.87861,3.63522818521815,1.3542181476038426,0.0
9.91547,8.97953,60.37676,4241.59392,0.47729,36.88661,3.6029382986310248,1.34218931525209,0.0
9.96079,9.01406,60.42651,4239.47577,0.41879,36.89466,3.5742449558720373,1.3315002901070823,0.0
10.00608,9.04859,60.4697,4237.3875,0.35966,36.90275,3.5490972505066214,1.3221321081825144,0.0
10.05134,9.08311,60.50629,4235.3273,0.29996,36.91088,3.5274499229700567,1.3140679090996772,0.0
10.09658,9.11763,60.53621,4233.29335,0.23978,36.91907,3.5092634691512807,1.3072929765377839,0.0
10.1418,9.15214,60.55942,4231.28384,0.17917,36.9273,3.494504225463387,1.3017947699249706,0.0
10.18698,9.18665,60.57589,4229.29696,0.11822,36.93557,3.4831444332165393,1.2975629484188969,0.0
10.23214,9.22115,60.58559,4227.3309,0.05698,36.9439,3.4751622846347057,1.2945893880491945,0.0
10.27728,9.25565,60.5885,4225.38384,-0.00446,36.95226,3.470541952366029,1.2928681927108543,0.0
10.32238,9.29014,60.5846,4223.45394,-0.06605,36.96068,3.4692736038664687,1.2923956995225103,0.0
10.36747,9.32463,60.57389,4221.53936,-0.12772,36.96914,3.47135340159132,1.2931704788977891,0.0
10.41253,9.35912,60.55637,4219.63824,-0.18939,36.97765,3.4767834894720613,1.295193329507576,0.0
10.45756,9.3936,60.53206,4217.74871,-0.25099,36.9862,3.4855719657282918,1.298467268151749,0.0
10.50256,9.42808,60.50095,4215.86884,-0.31247,36.9948,3.4977328416158118,1.302997514391752,0.0
10.54755,9.46256,60.46309,4213.99672,-0.37374,37.00345,3.513285985289737,1.3087914696381284,0.0
10.5925,9.49703,60.4185,4212.13038,-0.43474,37.01214,3.5322570495126127,1.3158586902198905,0.0
10.63744,9.5315,60.36722,4210.26783,-0.49541,37.02088,3.5546773814901753,1.3242108537959703,0.0
10.68234,9.56596,60.30931,4208.40703,-0.55566,37.02966,3.5805839126906975,1.333861718310025,0.0
10.72722,9.60043,60.24481,4206.54592,-0.61542,37.03849,3.61001902600556,1.3448270725042542,0.0
10.77208,9.63488,60.17378,4204.68237,-0.67463,37.04737,3.6430303971696953,1.3571246768443448,0.0
10.81691,9.66934,60.09631,4202.81423,-0.73321,37.05629,3.6796708068751953,1.3707741935268445,0.0
10.86172,9.70379,60.01247,4200.93928,-0.79108,37.06526,3.7199979195012465,1.3857971040502413,0.0
10.9065,9.73824,59.92234,4199.05526,-0.84817,37.07427,3.7640740239099006,1.4022166126545685,0.0
10.95125,9.77269,59.82603,4197.15986,-0.9044,37.08332,3.8119657312453863,1.4200575337436951,0.0
10.99598,9.80713,59.72363,4195.25068,-0.95969,37.09243,3.863743624163423,1.4393461612140188,0.0
11.04069,9.84158,59.61527,4193.32531,-1.01397,37.10157,3.9194818514328977,1.4601101174329214,0.0
11.08537,9.87601,59.50106,4191.38122,-1.06714,37.11077,3.9792576613657658,1.4823781794291315,0.0
11.13002,9.91045,59.38113,4189.41587,-1.11913,37.12,4.043150867080451,1.5061800796892713,0.0
11.17464,9.94488,59.25563,4187.42661,-1.16985,37.12928,4.111243236180504,1.5315462787970988,0.0
11.21924,9.9793,59.12471,4185.41076,-1.21921,37.1386,4.183617797087503,1.5585077070242614,0.0
11.26381,10.01372,58.98852,4183.36553,-1.26713,37.14797,4.26035805398291,1.5870954718754808,0.0
11.30836,10.04814,58.84724,4181.28809,-1.31351,37.15738,4.341547102136404,1.6173405285250804,0.0
11.35287,10.08256,58.70104,4179.17554,-1.35827,37.16683,4.427266635366851,1.6492733100700818,0.0
11.39736,10.11697,58.55011,4177.0249,-1.4013,37.17633,4.51759583748109,1.6829233145619829,0.0
11.44182,10.15137,58.39466,4174.83313,-1.44251,37.18586,4.6126101498842145,1.7183186459091655,0.0
11.48625,10.18577,58.23489,4172.59712,-1.48181,37.19544,4.712379908095402,1.7554855059431607,0.0
11.53065,10.22017,58.07103,4170.3137,-1.51909,37.20506,4.816968840755401,1.7944476352594494,0.0
11.57503,10.25456,57.90331,4167.97964,-1.55427,37.21472,4.9264324259073025,1.8352257008887976,0.0
11.61937,10.28894,57.73196,4165.59166,-1.58722,37.22442,5.04081610087378,1.8778366294294304,0.0
11.66368,10.32331,57.55725,4163.14643,-1.61786,37.23416,5.160153324063352,1.9222928850188634,0.0
11.70796,10.35768,57.37943,4160.64058,-1.64608,37.24394,5.284463489518645,1.9686016924482632,0.0
11.7522,10.39205,57.19879,4158.0707,-1.67178,37.25376,5.413749698018202,2.0167642068392237,0.0
11.79642,10.4264,57.01561,4155.43337,-1.69484,37.26361,5.547996392121509,2.066774632635812,0.0
11.8406,10.46075,56.83018,4152.72516,-1.71518,37.2735,5.687166866717182,2.1186192962182693,0.0
11.88475,10.49509,56.64283,4149.94262,-1.73269,37.28343,5.831200671403584,2.1722756782214385,0.0
11.92886,10.52941,56.45385,4147.08233,-1.74727,37.2934,5.980010926426965,2.2277114136511043,0.0
11.97293,10.56373,56.26359,4144.14091,-1.75881,37.3034,6.133481579857547,2.2848832701099147,0.0
12.01697,10.59804,56.07239,4141.115,-1.76722,37.31343,6.2914646401490995,2.343736116853007,0.0
12.06097,10.63234,55.88059,4138.00135,-1.77242,37.3235,6.453777425146116,2.4042018999707975,0.0
12.10494,10.66662,55.68855,4134.79675,-1.7743,37.33361,6.620199875749782,2.4661986416588753,0.0
12.14886,10.7009,55.49664,4131.49815,-1.77278,37.34374,6.7904719897655825,2.5296294842587135,0.0
12.19275,10.73516,55.30524,4128.1026,-1.76778,37.35391,6.964291438579324,2.5943818024067804,0.0
12.23659,10.7694,55.11473,4124.60733,-1.75924,37.3641,7.141311436062215,2.6603264091456094,0.0
12.28039,10.80364,54.9255,4121.00974,-1.74708,37.37433,7.321138935060479,2.727316884068725,0.0
12.32415,10.83785,54.73795,4117.30748,-1.73125,37.38459,7.503333231747524,2.795189053405107,0.0
12.36786,10.87205,54.55247,4113.49842,-1.7117,37.39487,7.687405061382879,2.8637606531656,0.0
12.41153,10.90624,54.36947,4109.58072,-1.68838,37.40519,7.872816270422875,2.9328312069955143,0.0
12.45516,10.9404,54.18935,4105.55282,-1.66128,37.41553,8.058980148892978,3.0021821499920676,0.0
12.49873,10.97455,54.01253,4101.41353,-1.63038,37.42589,8.245262503001786,3.0715772282813214,0.0
12.54226,11.00868,53.83941,4097.162,-1.59568,37.43628,8.43098354095996,3.1407632015353464,0.0
12.58573,11.04278,53.6704,4092.79779,-1.55719,37.44669,8.615420634365346,3.2094708716608435,0.0
12.62916,11.07687,53.50588,4088.32087,-1.51494,37.45713,8.797812003248945,3.2774164555757235,0.0
12.67253,11.11093,53.34627,4083.73166,-1.46898,37.46759,8.977361354954091,3.344303313313657,0.0
12.71585,11.14497,53.19194,4079.03105,-1.41937,37.47807,9.1532434854436,3.4098240346583686,0.0
12.75912,11.17899,53.04328,4074.22039,-1.36618,37.48857,9.324610826864967,3.4736628782839483,0.0
12.80233,11.21298,52.90065,4069.30157,-1.30952,37.49908,9.490600897800306,3.53549854716898,0.0
12.84548,11.24694,52.7644,4064.27696,-1.2495,37.50962,9.650344583280328,3.5950072731196134,0.0
12.88857,11.28088,52.63488,4059.14947,-1.18625,37.52018,9.802975141430682,3.651866171982302,0.0
12.93161,11.31479,52.5124,4053.9225,-1.11993,37.53075,9.947637803795766,3.7057568200170214,0.0
12.97458,11.34867,52.39727,4048.59999,-1.05071,37.54134,10.083499808032352,3.7563689913396243,0.0
13.0175,11.38252,52.28977,4043.18636,-0.97877,37.55194,10.209760676465768,3.8034044869544594,0.0
13.06035,11.41634,52.19016,4037.68654,-0.90432,37.56256,10.325662533192833,3.846580978146677,0.0
13.10313,11.45013,52.09867,4032.1059,-0.82759,37.57319,10.43050023727817,3.885635781364474,0.0
13.14586,11.48389,52.01551,4026.45025,-0.7488,37.58383,10.523631101386853,3.920329478665469,0.0
13.18851,11.51763,51.94075,4020.72606,-0.67041,37.6259,10.604657513168156,3.9505139489872074,7.999999863534712
13.23107,11.55135,51.87442,4014.94002,-0.59048,37.66826,10.673264788169904,3.9760719640914055,7.999999863534712
13.27355,11.58507,51.81666,4009.09883,-0.50928,37.71086,10.729051589020267,3.996854015247238,7.999999863534712
13.31595,11.61878,51.76754,4003.20946,-0.42709,37.75367,10.771704623461856,4.012743392845608,7.999999863534712
13.35826,11.65248,51.72715,3997.27909,-0.34417,37.79666,10.80100341182448,4.023657962408203,7.999999863534712
13.40048,11.68616,51.69552,3991.31508,-0.26082,37.83978,10.816823269980627,4.029551275816888,7.999999863534712
13.44261,11.71984,51.67264,3985.32489,-0.17732,37.88299,10.819136792443292,4.030413123806669,7.999999863534712
13.48466,11.7535,51.6585,3979.31606,-0.09396,37.92625,10.808013804059403,4.026269517970233,7.999999863534712
13.52662,11.78715,51.65304,3973.29613,-0.01102,37.96952,10.783619791036523,4.017182106274099,7.999999863534712
13.56849,11.82079,51.65618,3967.27258,0.07122,38.01277,10.746212863754852,4.003247041626184,7.999999863534712
13.61027,11.85442,51.66779,3961.25281,0.15248,38.05594,10.696139342870653,3.9845933375831923,7.999999863534712
13.65196,11.88803,51.68775,3955.24406,0.23248,38.09902,10.633828095270605,3.9613807583445784,7.999999863534712
13.69357,11.92163,51.71588,3949.25338,0.31098,38.14195,10.559783776079808,3.9337973012227154,7.999999863534712
13.73509,11.95521,51.75198,3943.28758,0.38771,38.18471,10.474579156115425,3.9020563384175073,7.999999863534712
13.77652,11.98879,51.79585,3937.35321,0.46244,38.22725,10.378846730389153,3.866393490962754,7.999999863534712
13.81786,12.02234,51.84724,3931.45649,0.53495,38.26956,10.273269812062642,3.8270633109902215,7.999999863534712
13.85912,12.05589,51.90588,3925.60332,0.60502,38.31159,10.158573317920078,3.7843358490757293,7.999999863534712
13.90029,12.08942,51.97149,3919.79922,0.67245,38.35333,10.035514446285356,3.738493181518014,7.999999863534712
13.94137,12.12294,52.04379,3914.04934,0.73708,38.39474,9.904873437149847,3.6898259682432117,7.999999863534712
13.98237,12.15644,52.12244,3908.35843,0.79872,38.43581,9.767444588001334,3.6386301059647455,7.999999863534712
14.02329,12.18994,52.20712,3902.73083,0.85725,38.4765,9.624027678591549,3.585203533683607,7.999999863534712
14.06413,12.22341,52.29749,3897.17047,0.91252,38.51682,9.47541993473444,3.529843238991766,7.999999863534712
14.10488,12.25688,52.3932,3891.68086,0.96443,38.55673,9.322408636462248,3.4728425044158184,7.999999863534712
14.14555,12.29033,52.49388,3886.26513,1.01288,38.59622,9.165764450409103,3.414488423554435,7.999999863534712
14.18614,12.32377,52.59917,3880.92597,1.05779,38.63529,9.006235541360212,3.355059707475505,7.999999863534712
14.22666,12.3572,52.70869,3875.6657,1.0991,38.67392,8.844542494083276,3.2948247929647256,7.999999863534712
14.2671,12.39061,52.82207,3870.48625,1.13676,38.71211,8.681374054735876,3.234040256087796,7.999999863534712
14.30746,12.42402,52.93892,3865.38919,1.17073,38.74986,8.517383681740917,3.172949527300775,7.999999863534712
14.34774,12.45741,53.05887,3860.37574,1.201,38.78715,8.353186879307858,3.1117818981165755,7.999999863534712
14.38795,12.49079,53.18154,3855.4468,1.22756,38.82399,8.18935927308021,3.0507518042330304,7.999999863534712
14.42809,12.52416,53.30654,3850.60293,1.25041,38.86039,8.02643537651891,2.9900583659782307,7.999999863534712
14.46816,12.55752,53.4335,3845.84444,1.26958,38.89633,7.864907988770042,2.929885164000421,7.999999863534712
14.50815,12.59087,53.56205,3841.17134,1.2851,38.93183,7.705228159384883,2.870400226125278,7.999999863534712
14.54808,12.62421,53.69182,3836.58341,1.297,38.96689,7.547805652510977,2.8117562002793077,7.999999863534712
14.58794,12.65754,53.82245,3832.08018,1.30532,39.00153,7.393009842331386,2.7540906880645193,7.999999863534712
14.62773,12.69087,53.95359,3827.66099,1.31014,39.03573,7.241170972625006,2.697526713977787,7.999999863534712
14.66746,12.72418,54.08488,3823.32499,1.3115,39.06952,7.092581715820541,2.6421733061994805,7.999999863534712
14.70712,12.75748,54.216,3819.07114,1.30949,39.10291,6.94749897054856,2.588126166228895,7.999999863534712
14.74672,12.79078,54.3466,3814.89828,1.30417,39.1359,6.806145841184611,2.535468406316152,7.999999863534712
14.78626,12.82407,54.47638,3810.80508,1.29562,39.16851,6.668713747948908,2.4842713355298507,7.999999863534712
14.82574,12.85736,54.605,3806.79011,1.28393,39.20074,6.535364621457411,2.4345952772850863,7.999999863534712
14.86516,12.89064,54.73217,3802.85184,1.26919,39.23262,6.40623314118891,2.3864904032313388,7.999999863534712
14.90452,12.92391,54.8576,3798.98863,1.25149,39.26414,6.281428982725374,2.3399975704086304,7.999999863534712
14.94382,12.95718,54.981,3795.19878,1.23093,39.29534,6.161039043949612,2.2951491505647277,7.999999863534712
14.98306,12.99044,55.1021,3791.48051,1.20759,39.32621,6.045129625348678,2.2519698423755288,7.999999863534712
15.02225,13.02369,55.22063,3787.83199,1.18159,39.35677,5.933748544253573,2.210477459054983,7.999999863534712
15.06138,13.05695,55.33634,3784.25135,1.15301,39.38705,5.8269271670466445,2.1706836854058116,7.999999863534712
15.10046,13.09019,55.44899,3780.73666,1.12196,39.41704,5.724682347208067,2.1325947997928223,7.999999863534712
15.13949,13.12344,55.55835,3777.28598,1.08853,39.44677,5.62701826047137,2.096212357786626,7.999999863534712
15.17847,13.15668,55.6642,3773.89734,1.05284,39.47624,5.533928131240791,2.061533835299523,7.999999863534712
15.21739,13.18992,55.76631,3770.56874,1.01498,39.50548,5.44539584701529,2.0285532300009317,7.999999863534712
15.25626,13.22315,55.8645,3767.29818,0.97505,39.5345,5.361397459657703,1.9972616205796443,7.999999863534712
15.29509,13.25639,55.95858,3764.08364,0.93315,39.5633,5.281902574120988,1.9676476840808959,7.999999863534712
15.33386,13.28962,56.04835,3760.9231,0.88938,39.59192,5.206875626678036,1.9396981720806012,7.999999863534712
15.37259,13.32285,56.13365,3757.81454,0.84384,39.62035,5.136277055836366,1.9133983468818847,7.999999863534712
15.41127,13.35608,56.21432,3754.75591,0.79664,39.64861,5.070064369962937,1.8887323792334167,7.999999863534712
15.4499,13.38931,56.29022,3751.7452,0.74786,39.67672,5.008193116292229,1.8656837093104182,7.999999863534712
15.48848,13.42253,56.36118,3748.78037,0.69761,39.70469,4.950617756408665,1.8442353728548997,7.999999863534712
15.52702,13.45576,56.4271,3745.8594,0.64598,39.73253,4.897292453534061,1.8243702944609483,7.999999863534712
15.56552,13.48899,56.48784,3742.98026,0.59306,39.76026,4.848171777064943,1.806071550033419,7.999999863534712
15.60396,13.52221,56.54329,3740.14092,0.53896,39.78789,4.803211329782023,1.7893226004399667,7.999999863534712
15.64237,13.55544,56.59335,3737.33935,0.48377,39.81543,4.762368303029277,1.774107498329858,7.999999863534712
15.68073,13.58867,56.63793,3734.57354,0.42757,39.8429,4.725601964948391,1.7604110700141526,7.999999863534712
15.71905,13.6219,56.67693,3731.84146,0.37047,39.87031,4.692874086590436,1.7482190742035086,7.999999863534712
15.75732,13.65513,56.71029,3729.14107,0.31255,39.89767,4.664149310405884,1.7375183392804145,7.999999863534712
15.79555,13.68836,56.73794,3726.47035,0.2539,39.92499,4.639395465228471,1.7282968806389634,7.999999863534712
15.83374,13.72159,56.75981,3723.82724,0.19462,39.95229,4.618583831493614,1.7205439994856893,7.999999863534712
15.87189,13.75482,56.77587,3721.20972,0.13479,39.97957,4.601689360007946,1.71425036433698,7.999999863534712
15.90999,13.78806,56.78607,3718.61572,0.07451,40.00686,4.588690847139225,1.7094080762819246,7.999999863534712
15.94806,13.8213,56.79037,3716.04317,0.01386,40.03417,4.579571068868186,1.7060107189201548,7.999999863534712
15.98608,13.85454,56.78876,3713.48999,-0.04706,40.0615,4.574316875684684,1.704053393713157,7.999999863534712
16.02406,13.88778,56.78122,3710.95408,-0.10818,40.08887,4.572919249852447,1.7035327413169,7.999999863534712
16.062,13.92103,56.76774,3708.43333,-0.16939,40.11629,4.5753733261202285,1.7044469492972811,7.999999863534712
16.0999,13.95428,56.74833,3705.92559,-0.23062,40.14378,4.581678376503202,1.7067957464607988,7.999999863534712
16.13775,13.98753,56.72299,3703.42871,-0.29176,40.17134,4.591837759304613,1.7105803838637736,7.999999863534712
16.17557,14.02078,56.69176,3700.9405,-0.35274,40.19899,4.605858832115915,1.7158036024026126,7.999999863534712
16.21335,14.05404,56.65465,3698.45875,-0.41347,40.22674,4.623752828089892,1.7224695867222888,7.999999863534712
16.25108,14.0873,56.6117,3695.98121,-0.47385,40.2546,4.645534694366012,1.7305839050255378,7.999999863534712
16.28878,14.12056,56.56297,3693.5056,-0.53379,40.2826,4.671222891106395,1.7401534342084648,7.999999863534712
16.32643,14.15383,56.5085,3691.02962,-0.5932,40.31073,4.7008391492144606,1.751186269604368,7.999999863534712
16.36404,14.1871,56.44835,3688.55092,-0.652,40.33901,4.734408184423303,1.7636916184741367,7.999999863534712
16.40161,14.22037,56.3826,3686.06712,-0.71008,40.36746,4.771957365095409,1.7776796762529,7.999999863534712
16.43914,14.25365,56.31133,3683.57579,-0.76736,40.39608,4.813516330736219,1.7931614844362982,7.999999863534712
16.47663,14.28693,56.23464,3681.07447,-0.82375,40.4249,4.859116557966447,1.8101487688937465,7.999999863534712
16.51407,14.32021,56.1526,3678.56066,-0.87914,40.45392,4.908790870422253,1.8286537572933559,7.999999863534712
16.55148,14.3535,56.06535,3676.03181,-0.93344,40.48316,4.9625728888871725,1.8486889742616104,7.999999863534712
16.58884,14.38679,55.97299,3673.48532,-0.98657,40.51263,5.0204964178270926,1.8702670128515007,7.999999863534712
16.62616,14.42008,55.87564,3670.91857,-1.03841,40.54234,5.082594764469247,1.893400280881539,7.999999863534712
16.66344,14.45338,55.77345,3668.32888,-1.08888,40.57232,5.14889998658603,1.9181007207154313,7.999999863534712
16.70067,14.48668,55.66656,3665.71352,-1.13786,40.60256,5.21944206534906,1.944379501128459,7.999999863534712
16.73786,14.51998,55.55512,3663.06975,-1.18528,40.6331,5.2942479998657275,1.9722466799985126,7.999999863534712
16.77501,14.55329,55.4393,3660.39475,-1.23101,40.66393,5.3733408204678605,2.0017108367301644,7.999999863534712
16.81211,14.5866,55.31927,3657.6857,-1.27497,40.69508,5.4567385184257216,2.0327786735449638,7.999999863534712
16.84916,14.61991,55.19521,3654.93972,-1.31705,40.72656,5.544452890531381,2.0654545850583514,7.999999863534712
16.88618,14.65323,55.06731,3652.15392,-1.35715,40.75838,5.63648829803765,2.09974019595175,7.999999863534712
16.92314,14.68655,54.93578,3649.32536,-1.39516,40.79056,5.7328403406390125,2.135633866995575,7.999999863534712
16.96006,14.71987,54.80082,3646.45111,-1.431,40.82311,5.833494447685721,2.173130170239421,7.999999863534712
16.99693,14.75319,54.66266,3643.5282,-1.46455,40.85605,5.938424390568323,2.212219334836148,7.999999863534712
17.03375,14.78652,54.52153,3640.55365,-1.49571,40.88939,6.047590722283529,2.2528866657391187,7.999999863534712
17.07053,14.81984,54.37767,3637.52452,-1.52438,40.92315,6.160939152454158,2.295111938354367,7.999999863534712
17.10725,14.85317,54.23132,3634.43783,-1.55047,40.95734,6.2783988687531735,2.3388687732268894,7.999999863534712
17.14393,14.8865,54.08274,3631.29065,-1.57387,40.99197,6.399880818547703,2.3841239959078218,7.999999863534712
17.18055,14.91983,53.9322,3628.08007,-1.5945,41.02706,6.525275967730695,2.430836988323429,7.999999863534712
17.21712,14.95316,53.77997,3624.80323,-1.61225,41.06261,6.654453557093956,2.478959039228178,7.999999863534712
17.25364,14.9865,53.62634,3621.45732,-1.62705,41.09865,6.787259380127665,2.5284327026397424,7.999999863534712
17.29011,15.01983,53.47159,3618.03959,-1.63879,41.13519,6.923514109808881,2.5791911745236975,7.999999863534712
17.32652,15.05316,53.31603,3614.54741,-1.64741,41.17223,7.063011705561968,2.631157699344367,7.999999863534712
17.36287,15.08649,53.15995,3610.97822,-1.65282,41.2098,7.205517935197246,2.6842450194480745,7.999999863534712
17.39917,15.11983,53.00368,3607.3296,-1.65495,41.24789,7.350769049933492,2.7383548814741654,7.999999863534712
17.43541,15.15316,52.84751,3603.59924,-1.65374,41.28652,7.498470653615929,2.793377615108957,7.999999863534712
17.4716,15.18648,52.69187,3599.78483,-1.64737,41.30053,7.648206914009687,2.8491583119037562,0.0
17.50775,15.21978,52.53716,3595.88425,-1.63752,41.31456,7.799522110308132,2.905527203867355,0.0
17.54384,15.25306,52.38371,3591.89586,-1.62415,41.32861,7.952012620372252,2.9623339311330352,0.0
17.5799,15.28632,52.23186,3587.81822,-1.60723,41.34269,8.105243081331583,3.0194163095764597,0.0
17.6159,15.31956,52.08193,3583.65015,-1.58675,41.35677,8.258746803044595,3.076600484840554,0.0
17.65185,15.35278,51.93427,3579.39072,-1.56269,41.37088,8.412026961145099,3.133701376776677,0.0
17.68776,15.38598,51.78921,3575.03932,-1.53506,41.385,8.564558300066109,3.1905233138658193,0.0
17.72361,15.41915,51.64707,3570.5956,-1.50389,41.39914,8.715789372455271,3.2468608674597776,0.0
17.75941,15.45229,51.50819,3566.05955,-1.46919,41.41329,8.865145332438003,3.3024998923451636,0.0
17.79516,15.48542,51.37288,3561.43151,-1.43102,41.42746,9.012031289512349,3.3572187761574876,0.0
17.83086,15.51851,51.24147,3556.71216,-1.38944,41.44164,9.155836217668762,3.410789895631132,0.0
17.8665,15.55158,51.11425,3551.90252,-1.34452,41.45583,9.295937400695546,3.4629812725925904,0.0
17.90209,15.58462,50.99154,3547.00402,-1.29634,41.47003,9.43170538012062,3.513558417198963,0.0
17.93762,15.61763,50.87361,3542.01843,-1.24503,41.48424,9.562509357003329,3.562286340247537,0.0
17.97309,15.65061,50.76075,3536.94793,-1.19068,41.49847,9.687722983491982,3.6089317106833545,0.0
18.00851,15.68356,50.65321,3531.79506,-1.13344,41.5127,9.80673046521877,3.6532651289018796,0.0
18.04387,15.71648,50.55124,3526.56274,-1.07347,41.52693,9.91893288175687,3.695063481285579,0.0
18.07917,15.74937,50.45507,3521.25427,-1.01092,41.54118,10.023754620255131,3.73411233690211,0.0
18.1144,15.78223,50.36493,3515.87328,-0.94597,41.55543,10.1206498074627,3.770208343602743,0.0
18.14958,15.81505,50.281,3510.42378,-0.87883,41.56969,10.209108618361876,3.8031615781540786,0.0
18.1847,15.84783,50.20346,3504.91008,-0.80968,41.58395,10.288663335924387,3.832797803656711,0.0
18.21975,15.88058,50.13246,3499.33678,-0.73876,41.59821,10.358894036485479,3.858960587496662,0.0
18.25474,15.9133,50.06814,3493.70879,-0.66628,41.61248,10.419433779116137,3.881513234523078,0.0
18.28967,15.94598,50.01061,3488.03124,-0.59249,41.62676,10.469973185254645,3.900340493081479,0.0
18.32453,15.97862,49.95996,3482.30949,-0.51763,41.64103,10.510264306508066,3.9153499958715816,0.0
18.35933,16.01123,49.91625,3476.54908,-0.44196,41.65531,10.540123693739663,3.926473403263113,0.0
18.39407,16.04379,49.87952,3470.7557,-0.36572,41.6696,10.559434598794688,3.9336672234966006,0.0
18.42874,16.07632,49.84979,3464.93515,-0.28917,41.68388,10.568148260849473,3.936913291882255,0.0
18.46334,16.10881,49.82705,3459.09331,-0.21259,41.69816,10.566284251645175,3.9362188994086202,0.0
18.49788,16.14126,49.81128,3453.23609,-0.13622,41.71245,10.553929876967315,3.931616569777957,0.0
18.53235,16.17368,49.8024,3447.36939,-0.06033,41.72674,10.531238654749941,3.9231634924599965,0.0
18.56675,16.20605,49.80035,3441.4991,0.01482,41.74103,10.498427912276547,3.9109406275860645,0.0
18.60109,16.23838,49.80503,3435.631,0.08898,41.75532,10.455775565348954,3.8950515061047475,0.0
18.63536,16.27067,49.81632,3429.77078,0.16192,41.76961,10.403616160190099,3.875620755286527,0.0
18.66957,16.30293,49.83406,3423.924,0.23339,41.7839,10.342336273774276,3.8527923852257824,0.0
18.70371,16.33514,49.8581,3418.09603,0.30317,41.7982,10.272369379751783,3.826727876262627,0.0
18.73779,16.36731,49.88826,3412.29206,0.37103,41.8125,10.194190294878794,3.797604110131915,0.0
18.77179,16.39945,49.92432,3406.51703,0.43678,41.8268,10.108309324939396,3.765611189165175,0.0
18.80574,16.43154,49.96608,3400.77568,0.50021,41.8411,10.015266229407636,3.7309501879684133,0.0
18.83961,16.4636,50.01331,3395.07244,0.56115,41.8554,9.915624121055892,3.6938308808657303,0.0
18.87343,16.49561,50.06575,3389.4115,0.61943,41.86971,9.809963410495461,3.654469486081357,0.0
18.90718,16.52759,50.12315,3383.79676,0.6749,41.88402,9.698875896850524,3.6130864643602227,0.0
18.94086,16.55953,50.18523,3378.2318,0.72742,41.89834,9.582959094924776,3.5699044056882645,0.0
18.97448,16.59144,50.25172,3372.71993,0.77687,41.91266,9.46281087673762,3.5251460331236686,0.0
19.00804,16.6233,50.32232,3367.26413,0.82313,41.92698,9.339024492016081,3.4790323477990928,0.0
19.04153,16.65513,50.39674,3361.86709,0.86611,41.94131,9.212184018362127,3.4317809339892764,0.0
19.07497,16.68692,50.47467,3356.53121,0.90574,41.95565,9.082860278118213,3.3836044380360226,0.0
19.10834,16.71868,50.55581,3351.25856,0.94194,41.97,8.951607245697941,3.3347092299843437,0.0
19.14165,16.7504,50.63985,3346.05095,0.97467,41.98435,8.818958956759733,3.2852942521683266,0.0
19.17491,16.78209,50.72646,3340.90991,1.00388,41.99871,8.685426919349961,3.235550054793828,0.0
19.2081,16.81374,50.81534,3335.83668,1.02956,42.01308,8.551498017219734,3.185658014868822,0.0
19.24124,16.84536,50.90617,3330.83225,1.05168,42.02746,8.417632887051715,3.135789731677679,0.0
19.27431,16.87695,50.99864,3325.89736,1.07024,42.04185,8.284264744341243,3.0861065893910005,0.0
19.30734,16.9085,51.09243,3321.03252,1.08527,42.05625,8.151798627244096,3.036759475379007,0.0
19.3403,16.94003,51.18724,3316.23802,1.09676,42.07066,8.020611023675604,2.9878886412961525,0.0
19.37321,16.97152,51.28276,3311.51393,1.10476,42.08508,7.891049844218943,2.9396236929887496,0.0
19.40607,17.00298,51.37869,3306.86013,1.1093,42.09952,7.763434701997526,2.892083694754796,0.0
19.43887,17.03442,51.47472,3302.27632,1.11043,42.11397,7.638057460210754,2.8453773733154524,0.0
19.47161,17.06582,51.57058,3297.76202,1.10821,42.12844,7.515183008594965,2.7996034070671723,0.0
19.50431,17.0972,51.66597,3293.31663,1.10268,42.14292,7.395050231292389,2.754850786638357,0.0
19.53695,17.12855,51.76062,3288.93935,1.09393,42.15741,7.277873130531266,2.711199233489763,0.0
19.56955,17.15988,51.85425,3284.62931,1.08203,42.17192,7.163842072799281,2.668719664146897,0.0
19.60209,17.19117,51.94661,3280.38548,1.06705,42.18645,7.053125126850243,2.627474688642708,0.0
19.63458,17.22244,52.03744,3276.20673,1.04907,42.201,6.94586946573862,2.5875191328123406,0.0
19.66703,17.25369,52.12648,3272.09184,1.02819,42.21557,6.842202807998494,2.5489005751702187,0.0
19.69943,17.28492,52.21351,3268.03949,1.00449,42.23015,6.742234876034088,2.511659890198884,0.0
19.73177,17.31612,52.29828,3264.04829,0.97807,42.24475,6.646058852682858,2.475831790957078,0.0
19.76408,17.34729,52.38058,3260.11678,0.94903,42.25937,6.5537528196940436,2.4414453649508467,0.0
19.79633,17.37845,52.4602,3256.24343,0.91746,42.27402,6.465381164433772,2.408524598168205,0.0
19.82854,17.40958,52.53693,3252.42664,0.88346,42.28868,6.380995943608516,2.3770888831020107,0.0
19.86071,17.44069,52.61058,3248.66478,0.84713,42.30336,6.300638194945847,2.347153507385549,0.0
19.89283,17.47178,52.68096,3244.95616,0.80859,42.31807,6.224339189802667,2.3187301204220665,0.0
19.92491,17.50285,52.7479,3241.29906,0.76793,42.3328,6.152121621416552,2.291827176039655,0.0
19.95694,17.5339,52.81124,3237.69171,0.72526,42.34755,6.084000725053466,2.2664503497757496,0.0
19.98893,17.56493,52.8708,3234.13232,0.68069,42.36232,6.0199853276450614,2.2426029298946424,0.0
20.02088,17.59595,52.92645,3230.61905,0.63432,42.37712,5.960078825632288,2.2202861816599517,0.0
20.05278,17.62694,52.97805,3227.15005,0.58626,42.39194,5.9042800906477995,2.199499684725153,0.0
20.08465,17.65792,53.02547,3223.72344,0.53662,42.40679,5.852584303465019,2.180241643801544,0.0
20.11647,17.68888,53.06859,3220.33731,0.4855,42.42166,5.804983717200182,2.162509172971091,0.0
20.14825,17.71982,53.1073,3216.98975,0.43302,42.43655,5.761468351256883,2.146298554199025,0.0
20.17999,17.75074,53.1415,3213.67879,0.37928,42.45147,5.7220266177932535,2.131605470709358,0.0
20.2117,17.78165,53.17109,3210.40247,0.32439,42.46642,5.686645882741677,2.1184252159794803,0.0
20.24336,17.81254,53.196,3207.15881,0.26846,42.48139,5.6553129635084485,2.1067528791463803,0.0
20.27498,17.84342,53.21615,3203.94579,0.21159,42.49638,5.628014565536649,2.0965835076378063,0.0
20.30657,17.87428,53.23147,3200.76138,0.15389,42.5114,5.604737659870915,2.0879122478250727,0.0
20.33811,17.90512,53.24192,3197.60355,0.09547,42.52645,5.585469803773523,2.0807344644609884,0.0
20.36962,17.93595,53.24744,3194.47021,0.03644,42.54152,5.570199406295198,2.075045839611974,0.0
20.40108,17.96677,53.24801,3191.35928,-0.02309,42.55662,5.558915940529942,2.0708424517285637,0.0
20.43251,17.99757,53.24358,3188.26866,-0.08303,42.57174,5.551610104056909,2.0681208354142324,0.0
20.46391,18.02835,53.23414,3185.1962,-0.14325,42.5869,5.548273928849723,2.0668780223695027,0.0
20.49526,18.05912,53.21968,3182.13974,-0.20366,42.60207,5.548900841676881,2.0671115638926882,0.0
20.52658,18.08988,53.20021,3179.09712,-0.26415,42.61728,5.55348567575778,2.068819535222068,0.0
20.55785,18.12062,53.17572,3176.06613,-0.3246,42.63251,5.56202463416981,2.0720005219040667,0.0
20.5891,18.15135,53.14624,3173.04452,-0.38492,42.64776,5.57451520526158,2.076653588282456,0.0
20.6203,18.18206,53.11178,3170.03006,-0.44499,42.66304,5.5909560300678125,2.082778228106913,0.0
20.65147,18.21276,53.07239,3167.02046,-0.5047,42.67835,5.611346721486199,2.0903742971716426,0.0
20.68259,18.24345,53.02811,3164.0134,-0.56396,42.69369,5.6356876347808385,2.0994419278218692,0.0
20.71369,18.27412,52.97898,3161.00655,-0.62264,42.70905,5.663979588791279,2.10998142509687,0.0
20.74474,18.30478,52.92508,3157.99755,-0.68065,42.72443,5.696223537074781,2.121993144221813,0.0
20.77576,18.33542,52.86646,3154.98399,-0.73786,42.73984,5.732420188129283,2.135477349130823,0.0
20.80674,18.36605,52.80322,3151.96347,-0.79418,42.75528,5.772569573763068,2.1504340516733227,0.0
20.83768,18.39666,52.73543,3148.93353,-0.8495,42.77074,5.816670564729802,2.166862831175339,0.0
20.86858,18.42726,52.66319,3145.89169,-0.9037,42.78623,5.8647203327721,2.1847626340365807,0.0
20.89945,18.45785,52.58661,3142.83546,-0.95668,42.80174,5.916713758416952,2.2041315531186507,0.0
20.93028,18.48842,52.50581,3139.76231,-1.00833,42.81728,5.972642784073594,2.224966586756981,0.0
20.96107,18.51898,52.4209,3136.6697,-1.05853,42.83283,6.032495712335589,2.247263377359896,0.0
20.99182,18.54952,52.33201,3133.55506,-1.10718,42.84842,6.09625644981434,2.271015929716701,0.0
21.02253,18.58005,52.2393,3130.4158,-1.15417,42.86402,6.163903697406035,2.2962163093508137,0.0
21.05321,18.61056,52.1429,3127.24934,-1.1994,42.87965,6.235410088541951,2.322854321495327,0.0
21.08385,18.64105,52.04298,3124.05305,-1.24274,42.8953,6.310741277814883,2.3509171715823736,0.0
21.11444,18.67153,51.93969,3120.82434,-1.2841,42.91098,6.389854983281822,2.3803891084756787,0.0
21.145,18.70199,51.83322,3117.56058,-1.32338,42.92667,6.472699986859808,2.411251052091711,0.0
21.17552,18.73244,51.72375,3114.25917,-1.36046,42.94238,6.559215098446434,2.443480207507315,0.0
21.20599,18.76287,51.61147,3110.9175,-1.39524,42.95812,6.649328090753802,2.477049668157335,0.0
21.23643,18.79328,51.49657,3107.533,-1.42762,42.97388,6.742954613373052,2.5119280112950775,0.0
21.26683,18.82367,51.37927,3104.10312,-1.45751,42.98965,6.839997096173343,2.5480788894795787,0.0
21.29718,18.85405,51.25978,3100.62532,-1.4848,43.00544,6.940343653888214,2.5854606225052046,0.0
21.32749,18.8844,51.13832,3097.09714,-1.5094,43.02126,7.043867005532164,2.624025794855891,0.0
21.35776,18.91474,51.01512,3093.51614,-1.53123,43.03708,7.150423424132888,2.66372086445277,0.0
21.38799,18.94505,50.89041,3089.87997,-1.55019,43.05293,7.259851734124954,2.7044857891569345,0.0
21.41817,18.97535,50.76443,3086.18632,-1.5662,43.06879,7.371972375532843,2.7462536781529967,0.0
21.44831,19.00563,50.63744,3082.433,-1.5792,43.08467,7.486586555806251,2.78895047598542,0.0
21.47841,19.03588,50.50967,3078.6179,-1.58909,43.10056,7.603475511644329,2.8324946875686305,0.0
21.50846,19.06611,50.3814,3074.73903,-1.59583,43.11647,7.722399904489624,2.8767971529926,0.0
21.53846,19.09632,50.25288,3070.79451,-1.59934,43.13239,7.843099374273529,2.9217608812812874,0.0
21.56842,19.12651,50.12437,3066.7826,-1.59959,43.14832,7.965292276581031,2.9672809524795887,0.0
21.59834,19.15667,49.99614,3062.70173,-1.59652,43.16426,8.08867562840757,3.013244497446343,0.0
21.6282,19.1868,49.86847,3058.55047,-1.5901,43.18022,8.212925287203488,3.0595307645531005,0.0
21.65802,19.21692,49.74162,3054.32758,-1.5803,43.19618,8.337696386612029,3.1060112820079873,0.0
21.68779,19.247,49.61586,3050.03201,-1.56711,43.21215,8.462624050463468,3.1525501238373117,0.0
21.71751,19.27706,49.49148,3045.66293,-1.55051,43.22813,8.587324403766704,3.1990042865065313,0.0
21.74718,19.30709,49.36872,3041.21971,-1.53052,43.24412,8.7113958959361,3.2452241818570613,0.0
21.7768,19.33709,49.24788,3036.70196,-1.50715,43.26012,8.834420947071717,3.2910542503889895,0.0
21.80636,19.36707,49.1292,3032.10953,-1.48042,43.27612,8.95596792285753,3.3363336969626127,0.0
21.83588,19.39701,49.01296,3027.44253,-1.45038,43.29213,9.075593437673438,3.3808973487682645,0.0
21.86534,19.42693,48.8994,3022.70132,-1.41707,43.30814,9.192844978807761,3.42457663291452,0.0
21.89475,19.45681,48.78879,3017.88653,-1.38057,43.32415,9.30726383740247,3.4672006682824055,0.0
21.92411,19.48666,48.68135,3012.99909,-1.34095,43.34017,9.418388324120649,3.508597463446142,0.0
21.95341,19.51648,48.57733,3008.04017,-1.2983,43.35619,9.52575723972118,3.5485952095535325,0.0
21.98265,19.54626,48.47696,3003.01126,-1.25273,43.3722,9.628913562860347,3.5870236541290867,0.0
22.01184,19.57601,48.38044,2997.91409,-1.20435,43.38822,9.727408310014564,3.6237155389968003,0.0
22.04098,19.60573,48.28799,2992.75072,-1.15329,43.40424,9.820804515435018,3.6585080829179812,0.0
22.07005,19.6354,48.1998,2987.52344,-1.09971,43.42026,9.908681273000953,3.69124448728794,0.0
22.09907,19.66505,48.11604,2982.23483,-1.04375,43.43627,9.990637776880186,3.7217754413883526,0.0
22.12803,19.69465,48.03688,2976.88771,-0.98559,43.45229,10.06629729431328,3.7499606023538936,0.0
22.15693,19.72422,47.96247,2971.48518,-0.92539,43.4683,10.135311001870743,3.775670024278979,0.0
22.18577,19.75375,47.89295,2966.03054,-0.86336,43.4843,10.197361616273364,3.79878551079388,0.0
22.21455,19.78324,47.82843,2960.52733,-0.79969,43.5003,10.252166752501413,3.8192018660487483,0.0
22.24327,19.81269,47.76902,2954.97927,-0.73459,43.5163,10.299481945405848,3.836828020343302,0.0
22.27193,19.8421,47.7148,2949.39027,-0.66827,43.53229,10.339103276466822,3.8515880086634775,0.0
22.30053,19.87147,47.66584,2943.76439,-0.60095,43.54827,10.370869554402072,3.8634217830154336,0.0
22.32906,19.9008,47.62219,2938.10583,-0.53287,43.56425,10.394664007051453,3.8722858426970572,0.0
22.35754,19.93009,47.58387,2932.41892,-0.46425,43.58023,10.410415451911732,3.878153670352967,0.0
22.38595,19.95934,47.55091,2926.70803,-0.39532,43.59619,10.418098923667927,3.8810159657464594,0.0
22.4143,19.98854,47.52329,2920.97763,-0.32633,43.61215,10.417735748696906,3.8808806735140458,0.0
22.44258,20.0177,47.50099,2915.2322,-0.2575,43.6281,10.409393068287953,3.8777728055525778,0.0
22.47081,20.04682,47.48397,2909.47626,-0.18907,43.64404,10.393182824111069,3.871734063079495,0.0
22.49897,20.0759,47.47216,2903.71428,-0.12127,43.65998,10.369260230604262,3.8628222675568917,0.0
22.52706,20.10493,47.4655,2897.95071,-0.05433,43.67591,10.337821769219584,3.851110613495396,0.0
22.5551,20.13392,47.46389,2892.18993,0.01154,43.69183,10.299102748654011,3.8366867595759766,0.0
22.58307,20.16286,47.46721,2886.43623,0.07611,43.70774,10.253374482783208,3.819651777356014,0.0
22.61097,20.19176,47.47534,2880.6938,0.13917,43.72365,10.200941144100836,3.8001189790926597,0.0
22.63882,20.22062,47.48815,2874.96671,0.20054,43.73955,10.142136354720822,3.778212647801476,0.0
22.6666,20.24944,47.50548,2869.25887,0.26,43.75544,10.077319579482912,3.7540666935933587,0.0
22.69432,20.27821,47.52715,2863.57404,0.31739,43.77132,10.006872386441957,3.727823260608397,0.0
22.72197,20.30694,47.553,2857.91579,0.37254,43.7872,9.931194638994176,3.699631308482725,0.0
22.74957,20.33563,47.58284,2852.28754,0.42528,43.80307,9.850700681451213,3.6696451913744825,0.0
22.7771,20.36427,47.61645,2846.69248,0.47547,43.81894,9.76581557595204,3.6380232561144967,0.0
22.80457,20.39287,47.65363,2841.1336,0.52297,43.8348,9.676971443662037,3.6049264792066618,0.0
22.83198,20.42143,47.69417,2835.61369,0.56766,43.85066,9.584603957283397,3.5705171601957835,0.0
22.85933,20.44995,47.73784,2830.13534,0.60943,43.86651,9.489149025491708,3.534957686532968,0.0
22.88662,20.47842,47.7844,2824.70089,0.64818,43.88236,9.391039702910389,3.4984093824597893,0.0
22.91385,20.50686,47.83362,2819.31248,0.68383,43.89821,9.290703352285494,3.4610314518437435,0.0
22.94101,20.53525,47.88526,2813.97204,0.71631,43.91405,9.1885590785399,3.422980022295919,0.0
22.96812,20.5636,47.93908,2808.68127,0.74555,43.92989,9.085015447618362,3.384407295380751,0.0
22.99518,20.59192,47.99482,2803.44167,0.77151,43.94573,8.980468496787639,3.3454608054004753,0.0
23.02217,20.62019,48.05224,2798.25454,0.79415,43.96157,8.875300037235753,3.306282787068689,0.0
23.04911,20.64843,48.11109,2793.12095,0.81345,43.9774,8.769876244667678,3.267009650470156,0.0
23.07599,20.67663,48.17112,2788.0418,0.8294,43.99324,8.66454652913565,3.227771560042866,0.0
23.10281,20.70479,48.23208,2783.01779,0.84198,44.00908,8.559642671564458,3.1886921129109846,0.0
23.12958,20.73291,48.29372,2778.04945,0.85122,44.02492,8.455478211371299,3.149888110757136,0.0
23.15629,20.761,48.35581,2773.13713,0.85712,44.04076,8.352348067245387,3.111469418552832,0.0
23.18295,20.78905,48.41809,2768.28102,0.85971,44.0566,8.250528371447551,3.073538902830706,0.0
23.20956,20.81706,48.48034,2763.48113,0.85904,44.07245,8.150276496876218,3.036192441767312,0.0
23.23611,20.84504,48.54231,2758.73736,0.85513,44.0883,8.051831255624869,2.999518999150995,0.0
23.26261,20.87299,48.60378,2754.04944,0.84804,44.10416,7.955413247694805,2.963600754286576,0.0
23.28905,20.9009,48.66452,2749.41697,0.83783,44.12002,7.861225338811058,2.9285132799943465,0.0
23.31545,20.92878,48.72432,2744.83945,0.82456,44.13588,7.76945324705204,2.8943257611450535,0.0
23.34179,20.95662,48.78295,2740.31624,0.80831,44.15176,7.680266218875502,2.8611012464973506,0.0
23.36809,20.98443,48.84022,2735.84659,0.78914,44.16764,7.5938177763376515,2.8288969270565842,0.0
23.39433,21.01221,48.89593,2731.42967,0.76714,44.18352,7.510246518571756,2.7977644346466577,0.0
23.42053,21.03996,48.94987,2727.06453,0.74239,44.19942,7.429676962017498,2.7677501549175787,0.0
23.44667,21.06768,49.00187,2722.75016,0.71499,44.21532,7.352220405334264,2.738895549548411,0.0
23.47277,21.09537,49.05174,2718.48544,0.68502,44.23123,7.2779758063962765,2.7112374829510437,0.0
23.49882,21.12303,49.09932,2714.2692,0.65259,44.24716,7.207030660207829,2.684808549316706,0.0
23.52482,21.15066,49.14443,2710.10017,0.61779,44.26309,7.139461867975816,2.65963739636836,0.0
23.55078,21.17826,49.18693,2705.97704,0.58073,44.27903,7.075336588900731,2.635749042675254,0.0
23.57669,21.20583,49.22666,2701.89843,0.54151,44.29498,7.014713067476172,2.613165185843757,0.0
23.60255,21.23337,49.26349,2697.8629,0.50023,44.31094,6.957641430225295,2.5919044993226543,0.0
23.62837,21.26089,49.29728,2693.86895,0.45702,44.32692,6.9041644469060355,2.5719829159721153,0.0
23.65414,21.28838,49.32791,2689.91504,0.41198,44.34291,6.854318252050324,2.553413896856043,0.0
23.67987,21.31584,49.35527,2685.99959,0.36522,44.35891,6.8081330236354605,2.5362086840650107,0.0
23.70556,21.34328,49.37924,2682.12096,0.31686,44.37492,6.76563361635767,2.520376536627329,0.0
23.7312,21.37069,49.39973,2678.27748,0.26701,44.39094,6.726840147639845,2.5059249488123463,0.0
23.75679,21.39807,49.41666,2674.46743,0.21579,44.40698,6.691768535022048,2.492859850322552,0.0
23.78235,21.42543,49.42993,2670.68906,0.16332,44.42303,6.660430984059047,2.481185788048244,0.0
23.80786,21.45276,49.43947,2666.94059,0.10971,44.4391,6.6328364262004635,2.4709060891894064,0.0
23.83333,21.48007,49.44523,2663.22019,0.05509,44.45518,6.6089909064511785,2.4620230056694132,0.0
23.85875,21.50735,49.44714,2659.52601,-0.00042,44.47127,6.588897920834783,2.4545378398490363,0.0
23.88413,21.53461,49.44515,2655.85616,-0.05671,44.48738,6.572558703865257,2.4484510516172153,0.0
23.90948,21.56184,49.43924,2652.20873,-0.11365,44.5035,6.559972466375464,2.443762346988428,0.0
23.93478,21.58905,49.42936,2648.58177,-0.17113,44.51964,6.551136584147723,2.4404707483725416,0.0
23.96003,21.61624,49.4155,2644.9733,-0.22902,44.53579,6.546046737841738,2.438574646701646,0.0
23.98525,21.6434,49.39764,2641.38133,-0.2872,44.55195,6.54469700477642,2.438071835621201,0.0
24.01043,21.67053,49.37578,2637.80382,-0.34555,44.56813,6.547079903130516,2.43895952795593,0.0
24.03556,21.69765,49.34992,2634.23872,-0.40395,44.58433,6.553186389156046,2.4412343546717574,0.0
24.06065,21.72474,49.32007,2630.68394,-0.46227,44.60053,6.56300580800352,2.444892346556901,0.0
24.08571,21.7518,49.28625,2627.13738,-0.52039,44.61676,6.576525798777265,2.4499288988524883,0.0
24.11072,21.77885,49.2485,2623.59692,-0.57819,44.633,6.5937321544731065,2.456338719075654,0.0
24.13569,21.80587,49.20684,2620.0604,-0.63556,44.64925,6.614608637497085,2.464115758295413,0.0
24.16062,21.83286,49.16133,2616.52564,-0.69236,44.66551,6.639136751537387,2.4732531261489474,0.0
24.18551,21.85984,49.11201,2612.99046,-0.74848,44.68179,6.667295470655266,2.4837429899208483,0.0
24.21036,21.88678,49.05895,2609.45265,-0.80379,44.69809,6.69906092660882,2.495576458062995,0.0
24.23516,21.91371,49.00221,2605.90998,-0.85819,44.71439,6.734406055603638,2.508743448599878,0.0
24.25993,21.94061,48.94188,2602.3602,-0.91153,44.73072,6.773300205874049,2.523232542942291,0.0
24.28466,21.96749,48.87804,2598.80108,-0.96371,44.74705,6.815708707796614,2.5390308257432874,0.0
24.30934,21.99434,48.81079,2595.23034,-1.01461,44.7634,6.861592408546273,2.5561237115453603,0.0
24.33399,22.02117,48.74021,2591.64571,-1.06412,44.77976,6.910907173729099,2.5744947591255265,0.0
24.35859,22.04798,48.66643,2588.04493,-1.1121,44.79613,6.9636033588215085,2.5941254745925266,0.0
24.38315,22.07476,48.58956,2584.42573,-1.15846,44.81251,7.019625253814386,2.614995104502143,0.0
24.40767,22.10151,48.50973,2580.78582,-1.20307,44.82891,7.0789105050103815,2.6370804204614906,0.0
24.43215,22.12824,48.42705,2577.12297,-1.24583,44.84531,7.141389518525088,2.6603554969175023,0.0
24.45658,22.15495,48.34168,2573.43491,-1.28662,44.86173,7.206984850797418,2.6847914841060105,0.0
24.48098,22.18163,48.25375,2569.71942,-1.32535,44.87815,7.275610592083718,2.710356378387082,0.0
24.50533,22.20828,48.16342,2565.97431,-1.3619,44.89459,7.347171749743605,2.7370147925027686,0.0
24.52964,22.23491,48.07084,2562.19738,-1.39617,44.91104,7.421563638889988,2.7647277285782015,0.0
24.5539,22.26151,47.97619,2558.38651,-1.42807,44.92749,7.498671288836925,2.7934523570078085,0.0
24.57813,22.28808,47.87962,2554.5396,-1.4575,44.94395,7.57836887457129,2.8231418046635444,0.0
24.60231,22.31463,47.78132,2550.6546,-1.48437,44.96042,7.660519183320991,2.853744956177519,0.0
24.62644,22.34115,47.68146,2546.72953,-1.50859,44.9769,7.744973126967104,2.8852062723026903,0.0
24.65053,22.36764,47.58024,2542.76247,-1.53009,44.99338,7.831569311827446,2.9174656296459203,0.0
24.67458,22.3941,47.47784,2538.75155,-1.54878,45.00987,7.920133677839258,2.950458186254035,0.0
24.69858,22.42053,47.37445,2534.69502,-1.5646,45.02636,8.010479219652073,2.9841142777135787,0.0
24.72254,22.44694,47.27028,2530.59121,-1.57748,45.04286,8.102405802414898,3.018359348526693,0.0
24.74645,22.47331,47.16553,2526.43853,-1.58736,45.05936,8.195700085097396,3.053113923546236,0.0
24.77031,22.49965,47.06039,2522.23552,-1.5942,45.07587,8.290135564033084,3.0882936241967736,0.0
24.79413,22.52596,46.95509,2517.98084,-1.59795,45.09237,8.385472748927288,3.123809234042169,0.0
24.8179,22.55224,46.84982,2513.67325,-1.59857,45.10888,8.48145948284124,3.1595668179880843,0.0
24.84163,22.57849,46.74479,2509.31168,-1.59605,45.12539,8.57783141658526,3.1954678990059175,0.0
24.8653,22.60471,46.64021,2504.89518,-1.59035,45.1419,8.674312646535137,3.2314096957361884,0.0
24.88893,22.63089,46.5363,2500.42298,-1.58148,45.15841,8.770616523130728,3.2672854236755406,0.0
24.91251,22.65703,46.43326,2495.89444,-1.56943,45.17492,8.866446635148286,3.302984661844078,0.0
24.93604,22.68315,46.33129,2491.30912,-1.55421,45.19142,8.96149797238903,3.3383937859174564,0.0
24.95952,22.70922,46.23061,2486.66673,-1.53586,45.20792,9.055458266545887,3.373396467735015,0.0
24.98295,22.73527,46.13141,2481.96719,-1.51439,45.22442,9.148009506964112,3.4078742399604973,0.0
25.00633,22.76127,46.0339,2477.21059,-1.48986,45.24092,9.238829624579946,3.441707123393507,0.0
25.02965,22.78724,45.93826,2472.3972,-1.46232,45.25741,9.327594333871996,3.4747743131448603,0.0
25.05293,22.81317,45.84468,2467.52753,-1.43184,45.27389,9.413979118898284,3.50695491848764,0.0
25.07615,22.83906,45.75334,2462.60225,-1.39848,45.29036,9.497661345951316,3.538128749876802,0.0
25.09932,22.86491,45.66443,2457.62224,-1.36236,45.30683,9.578322481717862,3.568177145272052,0.0
25.12244,22.89073,45.5781,2452.5886,-1.32355,45.32329,9.655650392506443,3.596983826660583,0.0
25.14551,22.9165,45.49453,2447.50259,-1.28218,45.33974,9.729341697009124,3.624435776522747,0.0
25.16852,22.94223,45.41385,2442.3657,-1.23837,45.35619,9.799104142437585,3.65042412300526,0.0
25.19147,22.96792,45.33622,2437.17961,-1.19225,45.37262,9.864658971760372,3.6748450217793662,0.0
25.21437,22.99357,45.26176,2431.94616,-1.14397,45.38904,9.925743248237499,3.69760052199114,0.0
25.23722,23.01917,45.1906,2426.6674,-1.09367,45.40545,9.982112102665845,3.7185994034195198,0.0
25.26001,23.04474,45.12284,2421.34554,-1.04152,45.42185,10.033540868734963,3.7377579719525413,0.0
25.28274,23.07026,45.05859,2415.98293,-0.9877,45.43824,10.079827072625296,3.7550008007650115,0.0
25.30541,23.09573,44.99793,2410.58211,-0.93237,45.45461,10.120792244577103,3.7702614051756034,0.0
25.32803,23.12116,44.94094,2405.14573,-0.87573,45.47097,10.15628352255773,3.783482840055113,0.0
25.3506,23.14654,44.88767,2399.67658,-0.81796,45.48731,10.186175021322567,3.7946182098376813,0.0
25.3731,23.17188,44.83818,2394.17756,-0.75926,45.50365,10.210368943968897,3.803631082603856,0.0
25.39555,23.19718,44.79251,2388.65165,-0.69984,45.51996,10.228796417567798,3.8104958013754575,0.0
25.41794,23.22242,44.75066,2383.10193,-0.6399,45.53627,10.241418039362474,3.815197687588831,0.0
25.44027,23.24762,44.71266,2377.53155,-0.57964,45.55255,10.248224125283787,3.817733133673418,0.0
25.46254,23.27278,44.6785,2371.9437,-0.51927,45.56883,10.249234658034199,3.8181095837116636,0.0
25.48475,23.29788,44.64816,2366.3416,-0.45901,45.58508,10.24449893742078,3.816345403178856,0.0
25.50691,23.32294,44.62162,2360.72849,-0.39905,45.60132,10.234094941094677,3.812469640801765,0.0
25.529,23.34795,44.59882,2355.10761,-0.3396,45.61755,10.218128408887162,3.8065216874497194,0.0
25.55104,23.37292,44.57972,2349.4822,-0.28087,45.63376,10.19673166873375,3.798550838760457,0.0
25.57302,23.39783,44.56425,2343.85544,-0.22305,45.64995,10.170062226287262,3.7886157697338785,0.0
25.59494,23.4227,44.55232,2338.2305,-0.16634,45.66613,10.138301143957518,3.776783930881676,0.0
25.6168,23.44752,44.54385,2332.61046,-0.11092,45.68229,10.101651237939015,3.7631308765727205,0.0
25.6386,23.47229,44.53874,2326.99835,-0.05697,45.69844,10.060335123932806,3.7477395370130226,0.0
25.66034,23.49701,44.53687,2321.39711,-0.00468,45.71457,10.014593143576347,3.730699445786304,0.0
25.68203,23.52168,44.53813,2315.80957,0.04579,45.73068,9.96468120424952,3.7121059351248995,0.0
25.70365,23.54631,44.54238,2310.23848,0.0943,45.74679,9.910868564655573,3.692059310980392,0.0
25.72522,23.57088,44.54949,2304.68645,0.14067,45.76287,9.85343559785428,3.6706640196946063,0.0
25.74673,23.59541,44.5593,2299.15599,0.18479,45.77894,9.79267156181789,3.648027817473041,0.0
25.76818,23.6199,44.57168,2293.64945,0.22652,45.795,9.728872405715874,3.6242609531682146,0.0
25.78957,23.64433,44.58645,2288.16908,0.26574,45.81104,9.662338637543971,3.5994753739153817,0.0
25.81091,23.66872,44.60346,2282.71698,0.30234,45.82707,9.593373276018994,3.5737839621594563,0.0
25.83219,23.69306,44.62253,2277.29508,0.33622,45.84309,9.5222799065437,3.5472998114507788,0.0
25.85341,23.71735,44.64349,2271.90519,0.36731,45.8591,9.449360857884155,3.520135547209458,0.0
25.87458,23.74159,44.66617,2266.54898,0.39551,45.87509,9.374915512935853,3.492402697441303,0.0
25.89569,23.76579,44.69037,2261.22794,0.42078,45.89107,9.299238763696186,3.4642111171744174,0.0
25.91675,23.78995,44.71592,2255.94344,0.44305,45.90704,9.222619617500145,3.4356684692453254,0.0
25.93775,23.81406,44.74264,2250.69669,0.46228,45.923,9.14533995853381,3.4068797629301644,0.0
25.95869,23.83812,44.77034,2245.48876,0.47843,45.93895,9.067673465954925,3.3779469509161215,0.0
25.97958,23.86214,44.79883,2240.32058,0.4915,45.95489,8.98988468741581,3.3489685841643553,0.0
26.00042,23.88611,44.82793,2235.19292,0.50145,45.97082,8.912228264615194,3.3200395234076705,0.0
26.0212,23.91004,44.85745,2230.10643,0.5083,45.98674,8.834948305541229,3.2912507052945195,0.0
26.04193,23.93392,44.88722,2225.06162,0.51203,46.00265,8.758277896517658,3.2626889606133673,0.0
26.06261,23.95776,44.91705,2220.05888,0.51268,46.01856,8.682438745815123,3.234436881528523,0.0
26.08323,23.98156,44.94676,2215.09847,0.51027,46.03446,8.607640949607267,3.206572734392634,0.0
26.1038,24.00532,44.97617,2210.18051,0.50481,46.05035,8.534082870283024,3.1791704144148047,0.0
26.12432,24.02903,45.00512,2205.30502,0.49637,46.06624,8.461951116669832,3.1522994382932286,0.0
26.14479,24.0527,45.03343,2200.47192,0.48498,46.08212,8.391420615442797,3.126024970816984,0.0
26.16521,24.07634,45.06094,2195.68101,0.47069,46.09799,8.322654762958166,3.100407881427986,0.0
26.18558,24.09993,45.08749,2190.93197,0.45358,46.11387,8.255805646849279,3.0755048267713216,0.0
26.2059,24.12348,45.11292,2186.2244,0.4337,46.12973,8.191014327038022,3.0513683553794055,0.0
26.22617,24.14698,45.13709,2181.55782,0.41113,46.1456,8.128411166139307,3.0280470307563356,0.0
26.24639,24.17045,45.15984,2176.93164,0.38595,46.16146,8.068116199788586,3.0055855693346483,0.0
26.26656,24.19388,45.18103,2172.34518,0.35824,46.17732,8.010239537943292,2.9840249899706532,0.0
26.28669,24.21728,45.20054,2167.7977,0.3281,46.19318,7.9548817888308125,2.9634027718762144,0.0
26.30676,24.24063,45.21823,2163.28837,0.29561,46.20903,7.902134497864671,2.9437530181265736,0.0
26.32679,24.26394,45.23398,2158.81628,0.26087,46.22489,7.852080594496789,2.925106622124578,0.0
26.34677,24.28722,45.24768,2154.38047,0.22398,46.24074,7.804794840657648,2.9074914346564356,0.0
26.36671,24.31046,45.25921,2149.97991,0.18506,46.2566,7.7603442750443765,2.890932429400721,0.0
26.3866,24.33366,45.26848,2145.6135,0.1442,46.27245,7.718788648204441,2.875451865008498,0.0
26.40644,24.35683,45.27538,2141.28007,0.10151,46.28831,7.680180843913153,2.8610694420775253,0.0
26.42624,24.37996,45.27983,2136.97842,0.05712,46.30416,7.64456728294414,2.847802453567383,0.0
26.44599,24.40305,45.28175,2132.70728,0.01114,46.32002,7.611988305872338,2.83566592740366,0.0
26.4657,24.4261,45.28105,2128.46534,-0.03631,46.33588,7.5824785320199375,2.8246727601947614,0.0
26.48536,24.44913,45.27768,2124.25122,-0.08512,46.35174,7.556067192144133,2.8148338411668483,0.0
26.50497,24.47211,45.27156,2120.06352,-0.13516,46.3676,7.532778432877751,2.8061581655759857,0.0
26.52455,24.49506,45.26266,2115.90078,-0.18631,46.38346,7.512631591304775,2.7986529369947473,0.0
26.54408,24.51798,45.25091,2111.76151,-0.23844,46.39932,7.495641438424727,2.792323658009103,0.0
26.56356,24.54086,45.23628,2107.64418,-0.29143,46.41519,7.481818390572788,2.787174208977977,0.0
26.583,24.5637,45.21874,2103.54721,-0.34514,46.43106,7.471168688146142,2.7832069146135163,0.0
26.6024,24.58651,45.19826,2099.469,-0.39945,46.44693,7.4636945412461815,2.780422598236641,0.0
26.62175,24.60929,45.17482,2095.4079,-0.45424,46.46281,7.459394242126932,2.7788206236670407,0.0
26.64107,24.63203,45.14842,2091.36226,-0.50936,46.47869,7.458262244515494,2.7783989247721306,0.0
26.66034,24.65474,45.11905,2087.33037,-0.5647,46.49457,7.460289210132726,2.779154022797224,0.0
26.67956,24.67741,45.08671,2083.31051,-0.62012,46.51045,7.4654620229169195,2.7810810316642325,0.0
26.69874,24.70005,45.05141,2079.30092,-0.67549,46.52633,7.4737637716735446,2.784173651508231,0.0
26.71788,24.72266,45.01317,2075.29985,-0.73068,46.54222,7.485173702062284,2.7884241507913727,0.0
26.73698,24.74523,44.97202,2071.30549,-0.78556,46.55811,7.499667139048363,2.793823337413965,0.0
26.75604,24.76777,44.92799,2067.31604,-0.84001,46.57401,7.517215381136117,2.800360519313691,0.0
26.77505,24.79027,44.88111,2063.32968,-0.89389,46.5899,7.5377855679426045,2.8080234551332968,0.0
26.79402,24.81274,44.83144,2059.34455,-0.94707,46.6058,7.561340522872564,2.816798295612871,0.0
26.81295,24.83518,44.77902,2055.35883,-0.99944,46.6217,7.58783857292335,2.8266695164624465,0.0
26.83184,24.85758,44.72391,2051.37065,-1.05086,46.6376,7.6172333478772964,2.8376198435558684,0.0
26.85068,24.87995,44.66617,2047.37814,-1.10121,46.65351,7.649473561433818,2.8496301713967447,0.0
26.86948,24.90228,44.60589,2043.37946,-1.15037,46.66941,7.684502777097465,2.8626794759055874,0.0
26.88824,24.92458,44.54313,2039.37275,-1.19821,46.68532,7.72225916195494,2.876744722695272,0.0
26.90695,24.94685,44.47798,2035.35614,-1.24463,46.70122,7.762675231775483,2.891800772114221,0.0
26.92563,24.96908,44.41053,2031.3278,-1.2895,46.71713,7.805677591183425,2.9078202824538515,0.0
26.94426,24.99127,44.34087,2027.2859,-1.3327,46.73304,7.851186673001841,2.9247736128472193,0.0
26.96285,25.01343,44.26911,2023.22863,-1.37414,46.74894,7.8991164811571215,2.942628727494213,0.0
26.98139,25.03556,44.19535,2019.15419,-1.4137,46.76485,7.949374341906672,2.961351102987322,0.0
26.99989,25.05765,44.11971,2015.06084,-1.45128,46.78076,8.001860668390693,2.9809036406009835,0.0
27.01835,25.0797,44.04229,2010.94682,-1.48678,46.79666,8.056468743884128,3.001246585547228,0.0
27.03677,25.10172,43.96322,2006.81046,-1.5201,46.81256,8.113084529304803,3.0223374552673983,0.0
27.05514,25.1237,43.88262,2002.6501,-1.55115,46.82846,8.17158650080622,3.044130978931186,0.0
27.07347,25.14565,43.80063,1998.46414,-1.57986,46.84436,8.231845523440292,3.066579050372686,0.0
27.09175,25.16756,43.71737,1994.25103,-1.60612,46.86025,8.293724766960528,3.0896306967248592,0.0
27.10999,25.18943,43.63299,1990.00927,-1.62987,46.87614,8.357079669903356,3.113232065038884,0.0
27.12819,25.21127,43.54761,1985.73744,-1.65105,46.89203,8.42175795800987,3.137326429146741,0.0
27.14634,25.23306,43.46139,1981.43418,-1.66958,46.90791,8.487599722897471,3.1618542189684695,0.0
27.16445,25.25482,43.37447,1977.09821,-1.68541,46.92378,8.554437566637377,3.1867530743710937,0.0
27.18251,25.27654,43.28699,1972.72833,-1.69849,46.93965,8.622096817524314,3.21195792554851,0.0
27.20053,25.29822,43.19911,1968.32343,-1.70878,46.95551,8.690395821780674,3.23740110168896,0.0
27.2185,25.31986,43.11096,1963.88249,-1.71624,46.97136,8.75914631534061,3.263012469474391,0.0
27.23642,25.34147,43.0227,1959.4046,-1.72084,46.98721,8.828153879040936,3.2887196026510397,0.0
27.2543,25.36303,42.93449,1954.88893,-1.72258,47.00305,8.89721847967637,3.3144479835867484,0.0
27.27213,25.38455,42.84646,1950.3348,-1.72143,47.01888,8.96613509826021,3.3401212373145954,0.0
27.28992,25.40603,42.75877,1945.74159,-1.7174,47.0347,9.034694445732237,3.3656613981529246,0.0
27.30766,25.42747,42.67157,1941.10885,-1.71049,47.0505,9.102683765002231,3.3909892084876505,0.0
27.32535,25.44886,42.585,1936.43623,-1.70072,47.0663,9.169887716880005,3.416024448804516,0.0
27.34299,25.47021,42.4992,1931.7235,-1.68813,47.08208,9.236089345938394,3.440686297498459,0.0
27.36059,25.49153,42.41433,1926.97057,-1.67274,47.09786,9.30107112086511,3.4648937184320605,0.0
27.37813,25.51279,42.3305,1922.17748,-1.65461,47.11362,9.364616042330512,3.4885658736454324,0.0
27.39563,25.53402,42.24787,1917.3444,-1.63378,47.12936,9.426508809852784,3.511622558044202,0.0
27.41308,25.55519,42.16655,1912.47164,-1.61033,47.14509,9.486537037689349,3.5339846523510534,0.0
27.43048,25.57633,42.08667,1907.55965,-1.58434,47.16081,9.544492508395923,3.555574590089461,0.0
27.44783,25.59742,42.00836,1902.609,-1.55588,47.17651,9.60017245141316,3.5763168338908544,0.0
27.46513,25.61846,41.93173,1897.62041,-1.52505,47.1922,9.653380833001792,3.596138356029398,0.0
27.48238,25.63946,41.85689,1892.59472,-1.49196,47.20786,9.70392964287662,3.614969117727004,0.0
27.49958,25.66041,41.78394,1887.53291,-1.45672,47.22352,9.751640162315237,3.6327425415572074,0.0
27.51673,25.68131,41.71297,1882.43608,-1.41945,47.23915,9.796344198070885,3.649395971110158,0.0
27.53383,25.70216,41.64407,1877.30546,-1.38028,47.25476,9.837885266329796,3.6648711120478894,0.0
27.55088,25.72297,41.57733,1872.14239,-1.33935,47.27036,9.876119711178632,3.6791144487628715,0.0
27.56787,25.74373,41.51282,1866.94832,-1.2968,47.28594,9.9109177425348,3.692077631034352,0.0
27.58481,25.76444,41.4506,1861.72482,-1.25279,47.30149,9.942164379306021,3.703717825380126,0.0
27.6017,25.7851,41.39072,1856.47355,-1.20748,47.31703,9.96976028472186,3.713998026239497,0.0
27.61854,25.80571,41.33325,1851.19625,-1.16102,47.33255,9.99362248213851,3.7228873226293993,0.0
27.63533,25.82627,41.27821,1845.89477,-1.11359,47.34804,10.013684941300717,3.7303611165423924,0.0
27.65206,25.84678,41.22563,1840.57102,-1.06536,47.36352,10.02989902695447,3.736401290066684,0.0
27.66874,25.86724,41.17555,1835.22697,-1.01649,47.37897,10.042233803697874,3.7409963189511104,0.0
27.68537,25.88765,41.12796,1829.86466,-0.96718,47.3944,10.05067619324436,3.744141331189815,0.0
27.70194,25.90801,41.08288,1824.48618,-0.9176,47.40981,10.055230982440312,3.7458381100090237,0.0
27.71846,25.92831,41.04031,1819.09363,-0.86792,47.4252,10.055920682744192,3.7460950415193257,0.0
27.73493,25.94857,41.00021,1813.68917,-0.81834,47.44057,10.052785244077326,3.7449270081175614,0.0
27.75135,25.96877,40.96259,1808.27498,-0.76903,47.45591,10.045881628187175,3.742355229553414,0.0
27.76771,25.98892,40.92739,1802.85321,-0.72016,47.47123,10.03528324862015,3.7384070543045484,0.0
27.78401,26.00902,40.89459,1797.42606,-0.67192,47.48653,10.021079286340887,3.7331157046267824,0.0
27.80026,26.02906,40.86414,1791.99568,-0.62448,47.5018,10.003373891617926,3.7265199792355075,0.0
27.81646,26.04906,40.83598,1786.56423,-0.57801,47.51706,9.982285284194605,3.7186639180956638,0.0
27.83261,26.069,40.81005,1781.13382,-0.53266,47.53229,9.95794476489697,3.7095964342196885,0.0
27.8487,26.08888,40.78628,1775.70655,-0.4886,47.5475,9.9304956526105,3.699370917663367,0.0
27.86474,26.10872,40.76459,1770.28444,-0.44599,47.56268,9.900092161153577,3.6880448171316575,0.0
27.88072,26.1285,40.74491,1764.86949,-0.40497,47.57784,9.866898230752128,3.675679204672245,0.0
27.89665,26.14823,40.72714,1759.46364,-0.36569,47.59299,9.831086328806808,3.662338328929764,0.0
27.91253,26.16791,40.71119,1754.06875,-0.32826,47.60811,9.79283623434179,3.6480891623209883,0.0
27.92836,26.18753,40.69696,1748.68662,-0.29283,47.6232,9.75233381994649,3.6330009472760794,0.0
27.94413,26.2071,40.68434,1743.31898,-0.25951,47.63828,9.709769844295925,3.6171447464206428,0.0
27.95985,26.22662,40.67323,1737.96748,-0.2284,47.65334,9.665338767348553,3.600593001205754,0.0
27.97551,26.24609,40.66352,1732.63368,-0.19961,47.66837,9.619237599248994,3.5834191030939326,0.0
27.99113,26.2655,40.65509,1727.31906,-0.17323,47.68339,9.571664792753278,3.5656969809584065,0.0
28.00669,26.28487,40.64781,1722.025,-0.14934,47.69838,9.522819187688821,3.5475007078666776,0.0
28.0222,26.30418,40.64158,1716.75281,-0.12802,47.71336,9.472899014643186,3.528904129928375,0.0
28.03766,26.32343,40.63626,1711.50368,-0.10932,47.72832,9.422100963696161,3.509980519373448,0.0
28.05306,26.34264,40.63174,1706.27874,-0.0933,47.74325,9.370619322718333,3.490802253545709,0.0
28.06842,26.3618,40.62789,1701.07898,-0.08001,47.75817,9.318645188425515,3.471440520999858,0.0
28.08372,26.3809,40.62457,1695.90534,-0.06948,47.77307,9.266365752124118,3.451965055422832,0.0
28.09897,26.39996,40.62168,1690.75864,-0.06174,47.78795,9.2139636610283,3.432443897707642,0.0
28.11417,26.41896,40.61907,1685.6396,-0.05681,47.80282,9.161616454799175,3.4129431860494033,0.0
28.12933,26.43791,40.61662,1680.54886,-0.05469,47.81767,9.109496076188977,3.3935269736474085,0.0
28.14443,26.45682,40.61421,1675.48696,-0.05538,47.8325,9.057768453675983,3.3742570732256567,0.0
28.15948,26.47567,40.61172,1670.45435,-0.05888,47.84732,9.006593153312512,3.3551929273370735,0.0
28.17448,26.49448,40.60902,1665.4514,-0.06517,47.86212,8.956123096412204,3.336391503194591,0.0
28.18943,26.51323,40.606,1660.47836,-0.07422,47.8769,8.906504339142677,3.317907210563614,0.0
28.20434,26.53194,40.60253,1655.53542,-0.08601,47.89168,8.857875909736924,3.2997918411189895,0.0
28.21919,26.55059,40.5985,1650.62268,-0.10048,47.90643,8.81036969874428,3.2820945275605897,0.0
28.234,26.5692,40.59381,1645.74015,-0.1176,47.92118,8.76411039752184,3.264861720699762,0.0
28.24876,26.58776,40.58834,1640.88778,-0.13731,47.93591,8.719215480104634,3.248137182705483,0.0
28.26347,26.60628,40.58198,1636.0654,-0.15954,47.95062,8.675795223506823,3.2319619946670897,0.0
28.27814,26.62474,40.57464,1631.27282,-0.18424,47.96533,8.633952761602075,3.216374576666139,0.0
28.29276,26.64316,40.56621,1626.50972,-0.21133,47.98002,8.593784167797718,3.2014107185747047,0.0
28.30733,26.66153,40.55661,1621.77576,-0.24073,47.9947,8.555378561886045,3.1871036198602978,0.0
28.32185,26.67985,40.54574,1617.07048,-0.27235,48.00937,8.51881823661746,3.1734839367376977,0.0
28.33633,26.69813,40.53352,1612.39341,-0.30611,48.02403,8.4841787998397,3.1605798351195475,0.0
28.35076,26.71637,40.51987,1607.74397,-0.34191,48.03868,8.451529328199909,3.1484170478744247,0.0
28.36515,26.73455,40.50471,1603.12154,-0.37965,48.05332,8.420932528777225,3.137018935039231,0.0
28.37949,26.75269,40.48798,1598.52544,-0.41924,48.06794,8.392444905232852,3.126406545714465,0.0
28.39379,26.77079,40.4696,1593.95492,-0.46056,48.08256,8.366116925411141,3.116598680500037,0.0
28.40804,26.78884,40.44952,1589.40921,-0.50351,48.09717,8.341993187573607,3.107611953421813,0.0
28.42224,26.80684,40.42768,1584.88744,-0.54797,48.11177,8.32011258280768,3.0994608524331437,0.0
28.43641,26.8248,40.40404,1580.38874,-0.59383,48.12636,8.300508451403001,3.0921577976691603,0.0
28.45052,26.84272,40.37853,1575.91215,-0.64096,48.14095,8.283208731303596,3.085713196749101,0.0
28.4646,26.86059,40.35114,1571.4567,-0.68925,48.15552,8.268236097044566,3.0801354965338956,0.0
28.47863,26.87842,40.32181,1567.02135,-0.73858,48.17008,8.255608087824884,3.0754312308366445,0.0
28.49261,26.8962,40.29053,1562.60504,-0.78882,48.18464,8.245337223690786,3.071605063703993,0.0
28.50656,26.91394,40.25727,1558.20667,-0.83983,48.19919,8.237431109014024,3.068659827964502,0.0
28.52046,26.93164,40.22201,1553.82509,-0.89151,48.21373,8.231892522752032,3.066596558852935,0.0
28.53431,26.94929,40.18473,1549.45913,-0.9437,48.22827,8.228719495179064,3.065414522594625,0.0
28.54813,26.9669,40.14545,1545.10759,-0.99629,48.24279,8.227905371065427,3.0651112399414004,0.0
28.5619,26.98446,40.10414,1540.76925,-1.04915,48.25731,8.22943885945598,3.0656825047153897,0.0
28.57563,27.00198,40.06081,1536.44283,-1.10214,48.27182,8.233304070459285,3.0671223975139426,0.0
28.58931,27.01946,40.01548,1532.12706,-1.15514,48.28633,8.23948053966332,3.0694232948051314,0.0
28.60295,27.0369,39.96816,1527.82065,-1.20801,48.30082,8.24794324100785,3.0725758737230415,0.0
28.61655,27.05429,39.91886,1523.52227,-1.26063,48.31531,8.258662589119682,3.076569112937723,0.0
28.63011,27.07164,39.86761,1519.23059,-1.31286,48.32979,8.271604432351287,3.081390290061885,0.0
28.64363,27.08895,39.81445,1514.94427,-1.36458,48.34426,8.286730037924508,3.0870249761165445,0.0
28.6571,27.10621,39.75939,1510.66195,-1.41566,48.35873,8.303996070771932,3.0934570276488755,0.0
28.67053,27.12343,39.70249,1506.38228,-1.46597,48.37318,8.323354567839235,3.1006685771591584,0.0
28.68392,27.14061,39.64379,1502.10388,-1.5154,48.38763,8.34475290978496,3.108640022558203,0.0
28.69727,27.15775,39.58334,1497.8254,-1.56382,48.40207,8.368133792165075,3.117350016432836,0.0
28.71058,27.17484,39.52118,1493.54547,-1.61112,48.4165,8.393435198319915,3.1267754559455754,0.0
28.72384,27.19189,39.45738,1489.26275,-1.65718,48.43092,8.420590376343569,3.1368914742551217,0.0
28.73706,27.20889,39.392,1484.97587,-1.70189,48.44534,8.449527822592604,3.1476714343729215,0.0
28.75024,27.22585,39.3251,1480.68352,-1.74514,48.45974,8.480171274310274,3.1590869264154935,0.0
28.76338,27.24277,39.25675,1476.38438,-1.78682,48.47414,8.512439714003696,3.1711077692350402,0.0
28.77647,27.25965,39.18702,1472.07716,-1.82683,48.48852,8.546247388272443,3.183702017433593,0.0
28.78953,27.27648,39.11599,1467.76058,-1.86508,48.50289,8.58150384378694,3.196835974765918,0.0
28.80254,27.29326,39.04373,1463.4334,-1.90148,48.51726,8.618113983130112,3.2104742149419896,0.0
28.81551,27.31001,38.97034,1459.09441,-1.93594,48.53161,8.65597814314717,3.2245796108143536,0.0
28.82843,27.32671,38.89589,1454.74244,-1.96837,48.54595,8.694992198382977,3.239113372911265,0.0
28.84132,27.34336,38.82047,1450.37636,-1.9987,48.56028,8.735047692059869,3.2540350982293758,0.0
28.85416,27.35997,38.74417,1445.99506,-2.02687,48.5746,8.776031996858157,3.269302830128697,0.0
28.86696,27.37654,38.66707,1441.59751,-2.0528,48.5889,8.817828507608677,3.2848731301156504,0.0
28.87971,27.39306,38.58928,1437.18271,-2.07644,48.60319,8.860316867664062,3.300701162172316,0.0
28.89243,27.40953,38.51088,1432.74972,-2.09775,48.61747,8.903373230498078,3.3167407902090744,0.0
28.9051,27.42596,38.43198,1428.29767,-2.11667,48.63174,8.94687055766853,3.332944689063626,0.0
28.91772,27.44235,38.35266,1423.82572,-2.13317,48.64599,8.990678953901366,3.349264469328635,0.0
28.93031,27.45869,38.27302,1419.33313,-2.14722,48.66022,9.034666039610995,3.3656508161253513,0.0
28.94285,27.47498,38.19315,1414.81921,-2.1588,48.67444,9.07869736070877,3.3820536417680565,0.0
28.95535,27.49123,38.11316,1410.28334,-2.1679,48.68864,9.122636834994545,3.3984222520566556,0.0
28.9678,27.50742,38.03314,1405.72498,-2.17451,48.70283,9.16634723392694,3.4147055257487864,0.0
28.98021,27.52358,37.95318,1401.14368,-2.17864,48.717,9.209690697962484,3.4308521065372015,0.0
28.99257,27.53968,37.87338,1396.53903,-2.1803,48.73116,9.252529283117509,3.44681060665846,0.0
29.0049,27.55574,37.79382,1391.91075,-2.17951,48.74529,9.294725535775017,3.462529821023608,0.0
29.01717,27.57175,37.7146,1387.2586,-2.17629,48.75941,9.336143092238398,3.4779589505677144,0.0
29.02941,27.58771,37.63581,1382.58245,-2.17069,48.77351,9.376647298935472,3.4930478332921933,0.0
29.04159,27.60362,37.55753,1377.88224,-2.16275,48.78759,9.416105848680079,3.507747181288987,0.0
29.05374,27.61949,37.47984,1373.15802,-2.15252,48.80165,9.454389427909483,3.5220088218535337,0.0
29.06584,27.6353,37.40283,1368.4099,-2.14008,48.81569,9.491372369391923,3.535785940635497,0.0
29.07789,27.65107,37.32656,1363.63807,-2.12548,48.82971,9.52693330454247,3.5490333246435912,0.0
29.0899,27.66678,37.25113,1358.84285,-2.10881,48.84371,9.560955809196903,3.561707602813341,0.0
29.10186,27.68245,37.17658,1354.02459,-2.09016,48.85769,9.593329036515858,3.5737674817805267,0.0
29.11378,27.69807,37.10299,1349.18377,-2.06962,48.87164,9.623948330571176,3.5851739744582463,0.0
29.12565,27.71363,37.03043,1344.32091,-2.04729,48.88558,9.652715814198121,3.5958906190273314,0.0
29.13747,27.72915,36.95894,1339.43664,-2.02328,48.89949,9.679540944760102,3.605883685973334,0.0
29.14925,27.74461,36.88858,1334.53166,-1.9977,48.91337,9.704341031743692,3.6151223709042806,0.0
29.16099,27.76002,36.81939,1329.60673,-1.97069,48.92724,9.727041710356474,3.6235789709783446,0.0
29.17267,27.77538,36.75142,1324.6627,-1.94236,48.94108,9.747577365789262,3.6312290429526706,0.0
29.18431,27.79069,36.68471,1319.70047,-1.91284,48.95489,9.765891503259004,3.638051541034108,0.0
29.19591,27.80595,36.61928,1314.72102,-1.88228,48.96869,9.781937059597706,3.6440289329542708,0.0
29.20745,27.82115,36.55516,1309.72537,-1.85082,48.98245,9.795676652831943,3.6491472929444795,0.0
29.21895,27.8363,36.49238,1304.71462,-1.8186,48.99619,9.807082766917638,3.6533963705543244,0.0
29.2304,27.8514,36.43095,1299.68989,-1.78577,49.00991,9.81613786962064,3.6567696345652836,0.0
29.24181,27.86644,36.37088,1294.65237,-1.75248,49.0236,9.82283446236374,3.6592642915600475,0.0
29.25317,27.88144,36.31217,1289.60328,-1.71889,49.03727,9.827175061699377,3.660881279020615,0.0
29.26448,27.89637,36.25483,1284.54386,-1.68514,49.05091,9.829172112917744,3.661625233145036,0.0
29.27574,27.91126,36.19885,1279.47541,-1.65139,49.06452,9.828847837169329,3.661504431896542,0.0
29.28696,27.92609,36.14421,1274.39922,-1.6178,49.07811,9.826234014228152,3.660530714077134,0.0
29.29813,27.94086,36.0909,1269.31664,-1.58451,49.09167,9.821371703831016,3.6587193755191145,0.0
29.30925,27.95559,36.03891,1264.229,-1.55169,49.10521,9.814310909205735,3.65608904374051,0.0
29.32033,27.97026,35.98819,1259.13764,-1.51948,49.11872,9.805110187010353,3.6526615326371603,0.0
29.33135,27.98487,35.93873,1254.04392,-1.48803,49.13221,9.793836208458346,3.6484616789903086,0.0
29.34233,27.99943,35.89048,1248.94919,-1.45748,49.14566,9.780563276863443,3.643517162739358,0.0
29.35326,28.01393,35.84342,1243.85478,-1.42798,49.1591,9.765372807164018,3.6378583130910105,0.0
29.36415,28.02839,35.79748,1238.76204,-1.39966,49.1725,9.748352773266443,3.63151790264012,0.0
29.37499,28.04278,35.75262,1233.67226,-1.37265,49.18588,9.729597129180572,3.6245309317274366,0.0
29.38578,28.05712,35.7088,1228.58675,-1.34709,49.19924,9.709205209986447,3.616934405283939,0.0
29.39652,28.07141,35.66596,1223.50678,-1.32309,49.21257,9.687281118627396,3.6087671043951324,0.0
29.40721,28.08564,35.62403,1218.43357,-1.30077,49.22587,9.66393310441106,3.60006935477632,0.0
29.41786,28.09982,35.58296,1213.36834,-1.28024,49.23915,9.639272938856514,3.590882794259246,0.0
29.42846,28.11394,35.54268,1208.31225,-1.2616,49.2524,9.6134152942869,3.58125014130149,0.0
29.43902,28.12801,35.50312,1203.26644,-1.24495,49.26563,9.586477130207218,3.5712149663960533,0.0
29.44953,28.14203,35.46422,1198.23198,-1.23037,49.27884,9.55857709207971,3.5608214680993724,0.0
29.45999,28.15599,35.42591,1193.20993,-1.21795,49.29202,9.529834926737694,3.5501142552575873,0.0
29.4704,28.16989,35.38811,1188.20127,-1.20776,49.30517,9.500370918127862,3.5391381368056996,0.0
29.48077,28.18374,35.35075,1183.20696,-1.19986,49.31831,9.47030534666997,3.527937920364841,0.0
29.49109,28.19754,35.31376,1178.22788,-1.19432,49.33142,9.439757974933315,3.5165582206432133,0.0
29.50137,28.21129,35.27705,1173.26487,-1.19117,49.3445,9.4088475619043,3.5050432784879906,0.0
29.5116,28.22498,35.24056,1168.31872,-1.19047,49.35757,9.377691407579604,3.4934367912342847,0.0
29.52178,28.23861,35.20421,1163.39017,-1.19224,49.37061,9.346404929143885,3.481781754820188,0.0
29.53192,28.25219,35.16792,1158.47987,-1.19651,49.38363,9.315101269588595,3.470120317986989,0.0
29.54201,28.26572,35.13161,1153.58846,-1.20329,49.39662,9.283890939107941,3.458493648689727,0.0
29.55206,28.2792,35.09522,1148.71648,-1.2126,49.4096,9.252881489293035,3.446941812725946,0.0
29.56206,28.29262,35.05866,1143.86444,-1.22443,49.42256,9.22217721976093,3.4355036644472836,0.0
29.57202,28.30599,35.02186,1139.03278,-1.23878,49.43549,9.19187891650182,3.424216749286927,0.0
29.58193,28.31931,34.98476,1134.22189,-1.25563,49.44841,9.162083620993656,3.4131172177487294,0.0
29.5918,28.33258,34.94728,1129.43208,-1.27496,49.4613,9.13288442885332,3.402239750399471,0.0
29.60162,28.34579,34.90935,1124.66364,-1.29673,49.47418,9.104370316613274,3.391617493338608,0.0
29.6114,28.35895,34.8709,1119.91676,-1.32092,49.48703,9.076625995047737,3.3812820035584106,0.0
29.62114,28.37206,34.83188,1115.19161,-1.34748,49.49987,9.049731787316292,3.371263203549254,0.0
29.63083,28.38512,34.79221,1110.48828,-1.37635,49.51269,9.023763530153929,3.361589344490306,0.0
29.64048,28.39813,34.75184,1105.80682,-1.40748,49.52549,8.998792496246692,3.3522869773324158,0.0
29.65009,28.41108,34.7107,1101.14722,-1.4408,49.53827,8.974885335899351,3.3433809310677853,0.0
29.65965,28.42399,34.66876,1096.50941,-1.47625,49.55104,8.952104036152932,3.3348942975001714,0.0
29.66917,28.43684,34.62594,1091.89329,-1.51375,49.56379,8.930505895460142,3.3268484218108245,0.0
29.67865,28.44965,34.58221,1087.29868,-1.55322,49.57652,8.910143512180486,3.319262898272604,0.0
29.68808,28.4624,34.53751,1082.72538,-1.59457,49.58924,8.891064785136608,3.3121555704572394,0.0
29.69747,28.4751,34.49181,1078.17311,-1.63771,49.60194,8.873312924596883,3.3055425353266297,0.0
29.70682,28.48775,34.44506,1073.64158,-1.68255,49.61462,8.8569264722092,3.2994381506587067,0.0
29.71613,28.50036,34.39722,1069.13042,-1.72898,49.62729,8.841939328412122,3.29385504525881,0.0
29.7254,28.51291,34.34827,1064.63924,-1.77691,49.63995,8.828380786086901,3.288804131495945,0.0
29.73463,28.52541,34.29818,1060.1676,-1.82623,49.65258,8.816275569281911,3.284294619728664,0.0
29.74381,28.53787,34.24691,1055.71503,-1.87682,49.66521,8.805643876014443,3.2803340342498464,0.0
29.75295,28.55027,34.19444,1051.281,-1.92858,49.67782,8.796501424279112,3.2769282304260523,0.0
29.76205,28.56263,34.14076,1046.86496,-1.98138,49.69041,8.788859500551895,3.2740814127665496,0.0
29.77112,28.57493,34.08585,1042.46633,-2.03511,49.70299,8.782725010206567,3.2717961537047597,0.0
29.78014,28.58719,34.0297,1038.08447,-2.08966,49.71556,8.778100529448972,3.270073412945144,0.0
29.78912,28.5994,33.97229,1033.71874,-2.14489,49.72811,8.77498435845757,3.2689125572594526,0.0
29.79806,28.61157,33.91363,1029.36845,-2.20069,49.74064,8.77337057561274,3.268311380688572,0.0
29.80696,28.62368,33.85371,1025.0329,-2.25694,49.75317,8.773249092803795,3.2682661251458343,0.0
29.81582,28.63574,33.79253,1020.71136,-2.31351,49.76568,8.774605711946496,3.2687715014712886,0.0
29.82464,28.64776,33.7301,1016.40307,-2.37027,49.77817,8.777422182952067,3.269820711026677,0.0
29.83342,28.65973,33.66643,1012.10725,-2.42711,49.79066,8.781676263540298,3.2714054679773885,0.0
29.84216,28.67165,33.60152,1007.82312,-2.4839,49.80313,8.787341781345516,3.273516022428578,0.0
29.85086,28.68353,33.5354,1003.54985,-2.54051,49.81558,8.794388698910737,3.2761411846371824,0.0
29.85952,28.69535,33.46808,999.28665,-2.59684,49.82802,8.802783182229401,3.2792683505455344,0.0
