0.04499,0.04499,56.76325,4757.20562,-0.47512,45.0001,7.034878806246998,2.62067745412841,0.0
0.08995,0.08995,56.70569,4753.37844,-0.44947,45.00024,7.080655486141379,2.637730471846004,0.0
0.13487,0.13487,56.65141,4749.51998,-0.42312,45.00042,7.123338861256142,2.6536311521434435,0.0
0.17976,0.17976,56.60049,4745.63183,-0.39611,45.00064,7.162793885106478,2.6683291866518495,0.0
0.22461,0.22461,56.55301,4741.71566,-0.36851,45.0009,7.198895984298883,2.681778168504419,0.0
0.26942,0.26942,56.50902,4737.77325,-0.34038,45.0012,7.2315319761994425,2.6939359341920057,0.0
0.31419,0.3142,56.46858,4733.80643,-0.31179,45.00154,7.2606009137647955,2.7047648782848785,0.0
0.35893,0.35894,56.43175,4729.81711,-0.28279,45.00193,7.286014846344075,2.7142322368514704,0.0
0.40363,0.40365,56.39856,4725.80726,-0.25345,45.00235,7.307699486240154,2.7223103357699734,0.0
0.44829,0.44831,56.36905,4721.7789,-0.22384,45.00281,7.3255947719992704,2.728976800568551,0.0
0.49291,0.49294,56.34323,4717.73411,-0.19404,45.00331,7.339655320784127,2.7342147249462143,0.0
0.5375,0.53753,56.32112,4713.67499,-0.16411,45.00385,7.349850763685,2.7380127956850364,0.0
0.58204,0.58209,56.30273,4709.6037,-0.13411,45.00444,7.356165959550081,2.7403653723075827,0.0
0.62653,0.62663,56.28739,4705.5236,-0.1148,45.05754,7.359285557407189,2.7415275045909153,22.999999607662296
0.67094,0.67117,56.27444,4701.43758,-0.09555,45.11075,7.359904287093154,2.741757997678695,22.999999607662296
0.71527,0.71571,56.26386,4697.34707,-0.07641,45.16404,7.358041053157286,2.7410638940129486,22.999999607662296
0.75951,0.76026,56.25564,4693.25347,-0.05741,45.2174,7.353722138499217,2.7394549846653335,22.999999607662296
0.80368,0.80481,56.24975,4689.15818,-0.03859,45.2708,7.346981469636602,2.7369439081563383,22.999999607662296
0.84777,0.84936,56.24615,4685.0626,-0.02,45.32424,7.33786039865707,2.7335460692266422,22.999999607662296
0.89177,0.89391,56.24483,4680.9681,-0.00168,45.37768,7.3264074428396135,2.7292795418392353,22.999999607662296
0.9357,0.93847,56.24573,4676.87606,0.01633,45.43113,7.312677984892746,2.7241649575102476,22.999999607662296
0.97955,0.98303,56.24881,4672.7878,0.034,45.48455,7.296733937140693,2.718225380209463,22.999999607662296
1.02332,1.02759,56.25403,4668.70464,0.05129,45.53794,7.278643373302667,2.7114861691884165,22.999999607662296
1.067,1.07216,56.26133,4664.62786,0.06816,45.59128,7.258480131764407,2.7039748311886007,22.999999607662296
1.11061,1.11672,56.27066,4660.55869,0.08458,45.64455,7.2363233944443195,2.695720863558024,22.999999607662296
1.15414,1.16129,56.28195,4656.49836,0.10051,45.69774,7.212257245491088,2.686755589854456,22.999999607662296
1.19759,1.20586,56.29514,4652.44804,0.11592,45.75084,7.186370214111334,2.6771119895367086,22.999999607662296
1.24096,1.25044,56.31016,4648.40884,0.13079,45.80383,7.158754805846628,2.6668245233529846,22.999999607662296
1.28425,1.29501,56.32695,4644.38185,0.14507,45.8567,7.129507026571803,2.6559289560177244,22.999999607662296
1.32746,1.33959,56.34542,4640.3681,0.15875,45.90944,7.0987259033684165,2.6444621777243684,22.999999607662296
1.3706,1.38417,56.36549,4636.36858,0.1718,45.96204,7.066513006287599,2.632462025989432,22.999999607662296
1.41365,1.42875,56.3871,4632.38423,0.18419,46.01448,7.032971974820533,2.6199671092502976,22.999999607662296
1.45663,1.47333,56.41014,4628.41592,0.19591,46.06676,6.998208052635912,2.6070166335426834,22.999999607662296
1.49953,1.51791,56.43454,4624.46448,0.20692,46.11887,6.962327633897672,2.5936502334920544,22.999999607662296
1.54235,1.5625,56.46022,4620.53069,0.21722,46.1708,6.92543782415069,2.5799078087319924,22.999999607662296
1.5851,1.60709,56.48707,4616.61526,0.22678,46.22254,6.88764601847988,2.565829366757363,22.999999607662296
1.62777,1.65167,56.515,4612.71885,0.23559,46.27409,6.849059499266433,2.551454873077931,22.999999607662296
1.67036,1.69626,56.54394,4608.84208,0.24364,46.32544,6.809785055568208,2.5368241094275352,22.999999607662296
1.71288,1.74086,56.57377,4604.98548,0.25092,46.37658,6.76992862577645,2.521976540644324,22.999999607662296
1.75532,1.78545,56.6044,4601.14955,0.25741,46.42751,6.729594964896661,2.5069511907241147,22.999999607662296
1.79769,1.83004,56.63575,4597.33474,0.2631,46.47823,6.6888873374088496,2.491786528402763,22.999999607662296
1.83998,1.87464,56.6677,4593.54141,0.268,46.52874,6.6479072364175105,2.476520362532139,22.999999607662296
1.8822,1.91923,56.70017,4589.7699,0.2721,46.57902,6.606754129443075,2.46118974738075,22.999999607662296
1.92435,1.96383,56.73306,4586.02048,0.27539,46.62908,6.565525230933785,2.445830897888432,22.999999607662296
1.96642,2.00843,56.76627,4582.29337,0.27787,46.67893,6.524315301336405,2.430479114814902,22.999999607662296
2.00842,2.05303,56.7997,4578.58873,0.27954,46.72855,6.483216472300313,2.415168719623684,22.999999607662296
2.05034,2.09763,56.83325,4574.90669,0.28041,46.77795,6.442318097365693,2.3999329988595295,22.999999607662296
2.0922,2.14224,56.86684,4571.24731,0.28048,46.82713,6.401706627341472,2.3848041577234214,22.999999607662296
2.13398,2.18684,56.90035,4567.61061,0.27975,46.87609,6.361465509365,2.3698132824696483,22.999999607662296
2.17569,2.23145,56.93371,4563.99656,0.27823,46.92484,6.321675108514384,2.3549903112043373,22.999999607662296
2.21733,2.27605,56.96681,4560.40508,0.27593,46.97338,6.2824126507436215,2.340364012627291,22.999999607662296
2.2589,2.32066,56.99957,4556.83605,0.27286,47.02171,6.243752185801664,2.3259619722183587,22.999999607662296
2.3004,2.36527,57.03188,4553.28931,0.26903,47.06983,6.205764568723757,2.3118105853424775,22.999999607662296
2.34183,2.40988,57.06367,4549.76466,0.26444,47.11775,6.168517458457579,2.297935056737874,22.999999607662296
2.38319,2.45449,57.09485,4546.26186,0.25912,47.16548,6.132075332136934,2.2843594058333823,22.999999607662296
2.42448,2.4991,57.12533,4542.78061,0.25308,47.21302,6.0964995135100315,2.2711064773387375,22.999999607662296
2.4657,2.54372,57.15502,4539.32061,0.24632,47.26037,6.061848214046558,2.2581979565580323,22.999999607662296
2.50685,2.58833,57.18385,4535.88149,0.23888,47.30755,6.0281765852364675,2.2456543888723997,22.999999607662296
2.54794,2.63295,57.21173,4532.46286,0.23076,47.35456,5.99553678065965,2.2334952028625907,22.999999607662296
2.58896,2.67757,57.23858,4529.06431,0.22198,47.40141,5.963978026411364,2.221738736544305,22.999999607662296
2.62991,2.72218,57.26434,4525.68538,0.21257,47.44811,5.933546698553088,2.2104022662206715,22.999999607662296
2.67079,2.7668,57.28893,4522.32559,0.20253,47.49465,5.904286406273347,2.1995020374618437,22.999999607662296
2.71161,2.81143,57.31228,4518.98442,0.1919,47.54106,5.8762380795366305,2.1890532977565247,22.999999607662296
2.75236,2.85605,57.33431,4515.66133,0.18069,47.58734,5.849440060052253,2.179070330400266,22.999999607662296
2.79305,2.90068,57.35498,4512.35576,0.16893,47.6335,5.823928194463558,2.1695664892108937,22.999999607662296
2.83367,2.9453,57.37421,4509.06711,0.15664,47.67955,5.799735928720922,2.160554233684941,22.999999607662296
2.87422,2.98993,57.39194,4505.79478,0.14383,47.72549,5.776894402674804,2.1520451642360414,22.999999607662296
2.91471,3.03456,57.40812,4502.53812,0.13055,47.77135,5.755432544014741,2.1440500571896806,22.999999607662296
2.95514,3.07919,57.4227,4499.29648,0.1168,47.81712,5.735377160708211,2.136578899219105,22.999999607662296
2.9955,3.12383,57.43562,4496.06917,0.10261,47.86283,5.71675303120644,2.1296409209493565,22.999999607662296
3.03579,3.16846,57.44684,4492.8555,0.08801,47.90847,5.699582991701839,2.123244629462963,22.999999607662296
3.07603,3.2131,57.45631,4489.65475,0.07303,47.95406,5.68388801983793,2.117397839484094,22.999999607662296
3.11619,3.25774,57.46399,4486.46618,0.05769,47.99961,5.669687314275264,2.11210770301895,22.999999607662296
3.1563,3.30238,57.46985,4483.28904,0.04201,48.04514,5.656998369624933,2.107380737270475,22.999999607662296
3.19634,3.34702,57.47384,4480.12257,0.02603,48.09065,5.645837046281293,2.103222850652877,22.999999607662296
3.23631,3.39167,57.47595,4476.96597,0.00977,48.13615,5.636217634740414,2.09963936675195,22.999999607662296
3.27622,3.43631,57.47613,4473.81845,-0.00674,48.18165,5.62815291406687,2.0966350461054826,22.999999607662296
3.31607,3.48096,57.47436,4470.6792,-0.02348,48.22718,5.621654204178208,2.094214105680608,22.999999607662296
3.35586,3.52561,57.47062,4467.54739,-0.04042,48.27273,5.616731411674507,2.092380235946513,22.999999607662296
3.39558,3.57027,57.4649,4464.42219,-0.05752,48.31833,5.613393069000937,2.091136615463526,22.999999607662296
3.43524,3.61492,57.45717,4461.30275,-0.07477,48.36398,5.61164636672388,2.090485922906819,22.999999607662296
3.47483,3.65958,57.44743,4458.18821,-0.09213,48.40969,5.611497178791467,2.090430346476625,22.999999607662296
3.51437,3.70424,57.43566,4455.0777,-0.10957,48.45548,5.612950080624789,2.0909715906376856,22.999999607662296
3.55384,3.74891,57.42187,4451.97034,-0.12707,48.50135,5.616008359979029,2.092110880165312,22.999999607662296
3.59324,3.79357,57.40604,4448.86524,-0.1446,48.54733,5.620674020498229,2.093848961469631,22.999999607662296
3.63259,3.83824,57.38819,4445.76152,-0.16212,48.59342,5.626947777941349,2.0961861011896863,22.999999607662296
3.67187,3.88291,57.36831,4442.65826,-0.17962,48.63964,5.634829049091375,2.0991220820617955,22.999999607662296
3.71108,3.92758,57.34641,4439.55457,-0.19706,48.68599,5.644315933376433,2.1026561960729273,22.999999607662296
3.75024,3.97226,57.3225,4436.44951,-0.21441,48.73249,5.655405187286263,2.10678723493017,22.999999607662296
3.78933,4.01694,57.29661,4433.34219,-0.23165,48.77915,5.668092191668945,2.111513477877895,22.999999607662296
3.82835,4.06162,57.26874,4430.23166,-0.24874,48.82599,5.682370912065389,2.1168326769213146,22.999999607662296
3.86731,4.10631,57.23892,4427.11701,-0.26566,48.87301,5.6982338522525255,2.1227420395200984,22.999999607662296
3.90621,4.15099,57.20717,4423.9973,-0.28238,48.92024,5.715672001203099,2.1292382088295008,22.999999607662296
3.94505,4.19568,57.17352,4420.8716,-0.29887,48.96767,5.7346747737293455,2.1363172415885643,22.999999607662296
3.98381,4.24038,57.138,4417.73898,-0.3151,49.01532,5.755229945099056,2.14397458376289,22.999999607662296
4.02252,4.28507,57.10064,4414.59851,-0.33105,49.06321,5.777323579992576,2.152205044079246,22.999999607662296
4.06116,4.32977,57.06149,4411.44926,-0.34668,49.11135,5.800939956165826,2.161002765588037,22.999999607662296
4.09974,4.37447,57.02058,4408.2903,-0.36198,49.15974,5.826061483295369,2.1703611954309507,22.999999607662296
4.13825,4.41918,56.97795,4405.12071,-0.37691,49.2084,5.8526686175094556,2.1802730530015326,22.999999607662296
4.17669,4.46388,56.93366,4401.93955,-0.39145,49.25734,5.88073977214737,2.1907302967006865,22.999999607662296
4.21507,4.5086,56.88775,4398.74593,-0.40556,49.30658,5.910251225399782,2.2017240895302774,22.999999607662296
4.25338,4.55331,56.84027,4395.53894,-0.41923,49.35612,5.941177025505312,2.2132447637763604,22.999999607662296
4.29163,4.59803,56.79128,4392.31766,-0.43244,49.40598,5.973488894267884,2.2252817850668527,22.999999607662296
4.32981,4.64275,56.74084,4389.08123,-0.44514,49.45616,6.007156129713862,2.237823716108758,22.999999607662296
4.36792,4.68747,56.689,4385.82876,-0.45733,49.50668,6.042145508792742,2.2508581804416106,22.999999607662296
4.40597,4.7322,56.63584,4382.55938,-0.46897,49.55754,6.0784211910826595,2.26437182656525,22.999999607662296
4.44394,4.77693,56.58141,4379.27226,-0.48004,49.60876,6.115944624551185,2.27835029283323,22.999999607662296
4.48185,4.82166,56.52579,4375.96655,-0.49052,49.66035,6.154674454454043,2.2927781735152,22.999999607662296
4.51969,4.86639,56.46905,4372.64145,-0.5004,49.71232,6.194566436576567,2.307638986477061,22.999999607662296
4.55746,4.91113,56.41125,4369.29616,-0.50964,49.76467,6.235573356032524,2.3229151429313917,22.999999607662296
4.59516,4.95587,56.35248,4365.92991,-0.51822,49.81742,6.277644952939428,2.33858791974955,22.999999607662296
4.63279,5.00062,56.29282,4362.54196,-0.52614,49.87057,6.320727856304562,2.354637434832473,22.999999607662296
4.67035,5.04537,56.23233,4359.13157,-0.53337,49.92414,6.364765527537119,2.371042626067466,22.999999607662296
4.70784,5.09012,56.17111,4355.69806,-0.53989,49.97812,6.409698215010293,2.3877812344013836,22.999999607662296
4.74526,5.13487,56.10923,4352.24077,-0.54568,50.03253,6.455462921139151,2.4048297915762715,22.999999607662296
4.78261,5.17963,56.04679,4348.75906,-0.55074,50.08738,6.501993383459185,2.4221636130806314,22.999999607662296
4.81988,5.22439,55.98386,4345.25234,-0.55504,50.14266,6.549220071153154,2.439756796855573,22.999999607662296
4.85708,5.26915,55.92054,4341.72005,-0.55858,50.19839,6.5970701985093845,2.457582228308392,22.999999607662296
4.89421,5.31391,55.85691,4338.16166,-0.56135,50.25458,6.645467756722434,2.4756115921591486,22.999999607662296
4.93126,5.35868,55.79306,4334.57669,-0.56333,50.31122,6.694333565390925,2.4938153916249695,22.999999607662296
4.96824,5.40345,55.72909,4330.96471,-0.56451,50.36832,6.743585345019229,2.512162975428826,22.999999607662296
5.00514,5.44823,55.66508,4327.32532,-0.5649,50.42588,6.793137811703797,2.5306225730726952,22.999999607662296
5.04197,5.493,55.60113,4323.65817,-0.56447,50.48391,6.842902795078875,2.549161338775429,22.999999607662296
5.07872,5.53778,55.53732,4319.96297,-0.56324,50.54241,6.892789380439158,2.5677454044171926,22.999999607662296
5.1154,5.58256,55.47376,4316.23947,-0.56119,50.60138,6.9427040758039515,2.586339941775255,22.999999607662296
5.15199,5.62734,55.41053,4312.48748,-0.55834,50.66082,6.992551004478955,2.604909234258322,22.999999607662296
5.18851,5.67213,55.34772,4308.70686,-0.55467,50.72074,7.042232123457036,2.6234167582665693,22.999999607662296
5.22495,5.71691,55.28542,4304.89751,-0.55019,50.78112,7.091647467767614,2.641825274218219,22.999999607662296
5.26131,5.7617,55.22373,4301.05942,-0.54491,50.84197,7.140695420612397,2.66009692718221,22.999999607662296
5.29759,5.80649,55.16274,4297.19262,-0.53884,50.90329,7.189273008859569,2.678193356957553,22.999999607662296
5.33379,5.85128,55.10253,4293.2972,-0.53197,50.96507,7.2372762231507854,2.696075817321614,22.999999607662296
5.36991,5.89608,55.04318,4289.3733,-0.52433,51.02731,7.284600361601538,2.713705304067542,22.999999607662296
5.40595,5.94087,54.9848,4285.42116,-0.51593,51.09001,7.331140395714645,2.7310426913166697,22.999999607662296
5.44191,5.98567,54.92745,4281.44103,-0.50678,51.15315,7.3767913568507,2.7480488754889274,22.999999607662296
5.47779,6.03047,54.87122,4277.43326,-0.49689,51.21674,7.421448741240769,2.764684926180728,22.999999607662296
5.51358,6.07527,54.81619,4273.39826,-0.4863,51.28076,7.465008931232194,2.780912243090112,22.999999607662296
5.54928,6.12007,54.76243,4269.33648,-0.475,51.34521,7.507369630159116,2.7966927180174594,22.999999607662296
5.58491,6.16487,54.71003,4265.24845,-0.46304,51.41008,7.5484303079105155,2.811988900851308,22.999999607662296
5.62045,6.20967,54.65905,4261.13476,-0.45043,51.47536,7.588092654059283,2.8267641683708584,22.999999607662296
5.6559,6.25447,54.60955,4256.99606,-0.4372,51.54103,7.626261035112542,2.840982894583744,22.999999607662296
5.69127,6.29928,54.56162,4252.83305,-0.42338,51.6071,7.662842952305299,2.854610621266216,22.999999607662296
5.72655,6.34408,54.5153,4248.6465,-0.40899,51.67353,7.697749496162133,2.867614227299332,22.999999607662296
5.76175,6.38888,54.47065,4244.43723,-0.39407,51.74033,7.730895793936239,2.879962095351769,22.999999607662296
5.79686,6.43368,54.42774,4240.20611,-0.37866,51.80748,7.76220144598742,2.891624274442113,22.999999607662296
5.83188,6.47849,54.3866,4235.95408,-0.36277,51.87496,7.791590947113892,2.902572636896038,22.999999607662296
5.86682,6.52329,54.34729,4231.68211,-0.34646,51.94276,7.818994088921143,2.912781028239294,22.999999607662296
5.90167,6.56809,54.30985,4227.39122,-0.32976,52.01087,7.844346339371122,2.9222254085897665,22.999999607662296
5.93643,6.61289,54.27431,4223.08249,-0.3127,52.07927,7.867589195834099,2.930883984178585,22.999999607662296
5.9711,6.65769,54.24072,4218.75703,-0.29533,52.14793,7.888670508150335,2.9387373276990942,22.999999607662296
6.00568,6.70249,54.20909,4214.41597,-0.27769,52.21685,7.907544768468704,2.945768486279363,22.999999607662296
6.04017,6.74729,54.17945,4210.0605,-0.25981,52.28602,7.92417336493864,2.951963075989119,22.999999607662296
6.07457,6.79208,54.15182,4205.69183,-0.24175,52.3554,7.938524796691195,2.9573093619258417,22.999999607662296
6.10889,6.83688,54.12622,4201.3112,-0.22354,52.42498,7.950574847923473,2.961798323065795,22.999999607662296
6.14311,6.88167,54.10265,4196.91987,-0.20522,52.49475,7.9603067193524994,2.965423701234055,22.999999607662296
6.17725,6.92646,54.08112,4192.51911,-0.18685,52.56468,7.967711115731948,2.9681820337067935,22.999999607662296
6.21129,6.97125,54.06163,4188.11022,-0.16845,52.63477,7.972786288615386,2.9700726691417096,22.999999607662296
6.24524,7.01604,54.04418,4183.6945,-0.15009,52.70498,7.975538034060851,2.971097766722926,22.999999607662296
6.27911,7.06082,54.02875,4179.27325,-0.1318,52.77531,7.975979645413475,2.9712622785712717,22.999999607662296
6.31288,7.1056,54.01533,4174.84778,-0.11362,52.84572,7.974131821841167,2.9705739156714235,22.999999607662296
6.34656,7.15038,54.0039,4170.4194,-0.0956,52.91622,7.9700225337408765,2.9690430977321878,22.999999607662296
6.38016,7.19516,53.99445,4165.98942,-0.07778,52.98677,7.963686846597881,2.9666828875694606,22.999999607662296
6.41366,7.23993,53.98693,4161.55911,-0.06021,53.05735,7.955166705303329,2.9635089107588306,22.999999607662296
6.44707,7.2847,53.98131,4157.12976,-0.04292,53.12796,7.944510681349869,2.959539261459302,22.999999607662296
6.48039,7.32946,53.97757,4152.70261,-0.02596,53.19858,7.931773685626754,2.9547943954219145,22.999999607662296
6.51362,7.37423,53.97566,4148.27891,-0.00936,53.26918,7.917016649894759,2.9492970113307675,22.999999607662296
6.54676,7.41899,53.97552,4143.85985,0.00684,53.33975,7.900306180248363,2.9430719217085675,22.999999607662296
6.57981,7.46374,53.97712,4139.44663,0.0226,53.41028,7.881714186084087,2.936145914697567,22.999999607662296
6.61277,7.50849,53.9804,4135.04037,0.03788,53.48075,7.861317488241225,2.9285476080816815,22.999999607662296
6.64564,7.55324,53.9853,4130.6422,0.05264,53.55114,7.8391974100991,2.920307296959456,22.999999607662296
6.67843,7.59799,53.99177,4126.25319,0.06687,53.62145,7.8154393554167125,2.9114567964782267,22.999999607662296
6.71112,7.64273,53.99973,4121.87437,0.08052,53.69165,7.790132376750233,2.902029281058279,22.999999607662296
6.74372,7.68746,54.00912,4117.50672,0.09357,53.76174,7.7633687381618675,2.8920591214904006,22.999999607662296
6.77624,7.73219,54.01988,4113.1512,0.10598,53.83171,7.735243475891682,2.8815817212745687,22.999999607662296
6.80866,7.77692,54.03192,4108.80869,0.11774,53.90153,7.705853960471663,2.870633353495921,22.999999607662296
6.841,7.82164,54.04518,4104.48006,0.12881,53.97121,7.675299463603499,2.859250999475333,22.999999607662296
6.87325,7.86636,54.05958,4100.16608,0.13918,54.04073,7.643680732886064,2.8474721903442135,22.999999607662296
6.90541,7.91107,54.07503,4095.86752,0.14882,54.11008,7.611099577278667,2.835334852618661,22.999999607662296
6.93748,7.95578,54.09147,4091.58507,0.15772,54.17925,7.577658465842015,2.8228771587199115,22.999999607662296
6.96947,8.00048,54.10879,4087.31937,0.16585,54.24825,7.543460142113404,2.8101373833189522,22.999999607662296
7.00137,8.04518,54.12693,4083.07101,0.17321,54.31705,7.508607256098058,2.7971537662436137,22.999999607662296
7.03319,8.08987,54.1458,4078.84052,0.17979,54.38566,7.473202015607361,2.783964382592886,22.999999607662296
7.06491,8.13456,54.1653,4074.62838,0.18556,54.45407,7.437345858369956,2.770607020589676,22.999999607662296
7.09656,8.17924,54.18536,4070.43503,0.19052,54.52228,7.401139146024512,2.7571190675850614,22.999999607662296
7.12811,8.22392,54.20588,4066.26083,0.19467,54.59028,7.364680880822134,2.743537404522485,22.999999607662296
7.15959,8.26859,54.22677,4062.1061,0.198,54.65807,7.328068445627695,2.729898309081409,22.999999607662296
7.19097,8.31326,54.24796,4057.97112,0.20051,54.72565,7.291397367465149,2.7162373675917246,22.999999607662296
7.22228,8.35792,54.26935,4053.8561,0.20219,54.79301,7.254761104690597,2.702589395750115,22.999999607662296
7.2535,8.40257,54.29085,4049.76119,0.20305,54.86017,7.218250857578854,2.688988368058574,22.999999607662296
7.28463,8.44723,54.31238,4045.68652,0.20309,54.92711,7.181955401959866,2.6754673558495883,22.999999607662296
7.31569,8.49187,54.33384,4041.63214,0.20231,54.99385,7.145960945297429,2.6620584736716766,22.999999607662296
7.34666,8.53651,54.35516,4037.59808,0.20072,55.06037,7.110351004479943,2.648792833763231,22.999999607662296
7.37755,8.58115,54.37625,4033.58428,0.19832,55.1267,7.075206304429247,2.6357005082816354,22.999999607662296
7.40835,8.62578,54.39702,4029.59069,0.19513,55.19281,7.040604696503682,2.6228104989062646,22.999999607662296
7.43908,8.6704,54.41739,4025.61717,0.19116,55.25874,7.00662109559714,2.610150713406224,22.999999607662296
7.46972,8.71502,54.43728,4021.66355,0.18641,55.32447,6.973327434724545,2.5977479487222426,22.999999607662296
7.50029,8.75963,54.45662,4017.72962,0.1809,55.39001,6.940792635835994,2.5856278800941785,22.999999607662296
7.53077,8.80424,54.47531,4013.81514,0.17464,55.45537,6.909082595567556,2.5738150557528114,22.999999607662296
7.56117,8.84884,54.4933,4009.9198,0.16766,55.52055,6.878260184576542,2.5623328966722174,22.999999607662296
7.59149,8.89344,54.51049,4006.04328,0.15997,55.58557,6.848385259138671,2.551203700890014,22.999999607662296
7.62176,8.93802,54.52744,4002.18384,0.16323,55.59311,6.8189242504431595,2.5402286999851444,0.0
7.65199,8.98256,54.54467,3998.34017,0.16575,55.60067,6.789356863579951,2.52921407041383,0.0
7.68219,9.02706,54.56211,3994.51248,0.16753,55.60826,6.759761164861223,2.5181888939314043,0.0
7.71235,9.07153,54.57968,3990.70098,0.16856,55.61588,6.730213508914066,2.5071816146454697,0.0
7.74247,9.11597,54.59731,3986.90578,0.16885,55.62352,6.700788561478324,2.496220047508694,0.0
7.77257,9.16037,54.61491,3983.127,0.16839,55.63118,6.671559161896466,2.485331327092663,0.0
7.80262,9.20473,54.6324,3979.36469,0.1672,55.63887,6.6425962020605684,2.474541862492454,0.0
7.83265,9.24906,54.64972,3975.61886,0.16527,55.64658,6.613968521291833,2.4638772981664854,0.0
7.86263,9.29336,54.66678,3971.88951,0.16262,55.65432,6.585742816600431,2.4533624805059513,0.0
7.89259,9.33762,54.68351,3968.17656,0.15925,55.66209,6.557983567634956,2.443021429876514,0.0
7.92251,9.38184,54.69984,3964.47991,0.15518,55.66988,6.530752975582965,2.43287731785715,0.0
7.9524,9.42604,54.7157,3960.79944,0.15041,55.67769,6.504110915171456,2.422952449359064,0.0
7.98225,9.4702,54.73101,3957.13497,0.14495,55.68553,6.478114898931452,2.4132682493133095,0.0
8.01207,9.51432,54.74571,3953.4863,0.13883,55.6934,6.452820052784164,2.4038452535759873,0.0
8.04186,9.55841,54.75973,3949.85318,0.13206,55.70129,6.428279102027595,2.39470310370789,0.0
8.07161,9.60247,54.773,3946.23535,0.12465,55.7092,6.40454236675786,2.38586054526882,0.0
8.10133,9.6465,54.78546,3942.6325,0.11661,55.71715,6.381657765769997,2.3773354292707505,0.0
8.13101,9.69049,54.79705,3939.04429,0.10798,55.72511,6.359670827967915,2.369144716428324,0.0
8.16067,9.73445,54.80772,3935.47036,0.09876,55.73311,6.338624710350058,2.3613044838589907,0.0
8.19029,9.77838,54.81739,3931.91033,0.08899,55.74112,6.318560221622928,2.3538299338796635,0.0
8.21987,9.82228,54.82602,3928.36376,0.07867,55.74917,6.29951585055775,2.3467354045703246,0.0
8.24943,9.86614,54.83355,3924.83021,0.06783,55.75724,6.281527798183667,2.3400343817668365,0.0
8.27895,9.90997,54.83994,3921.30921,0.0565,55.76533,6.264630013011789,2.333739512182825,0.0
8.30844,9.95377,54.84514,3917.80026,0.0447,55.77345,6.248854228453273,2.327862617348905,0.0
8.3379,9.99754,54.8491,3914.30285,0.03246,55.78159,6.234230001698322,2.3224147080961215,0.0
8.36732,10.04128,54.85178,3910.81643,0.01979,55.78977,6.2207847533087035,2.3174059993052123,0.0
8.39671,10.08498,54.85314,3907.34045,0.00672,55.79796,6.20854380687843,2.3128459246812505,0.0
8.42607,10.12866,54.85314,3903.87431,-0.00671,55.80618,6.197530428112118,2.3087431513113637,0.0
8.4554,10.1723,54.85175,3900.41741,-0.02049,55.81443,6.187765862763827,2.3051055937979488,0.0
8.48469,10.21591,54.84894,3896.96914,-0.03458,55.82271,6.179269372891449,2.301940427764385,0.0
8.51396,10.2595,54.84469,3893.52885,-0.04896,55.831,6.172058270953736,2.2992541025570756,0.0
8.54319,10.30305,54.83896,3890.0959,-0.0636,55.83933,6.166147951312564,2.2970523529808697,0.0
8.57239,10.34657,54.83173,3886.66962,-0.07846,55.84768,6.1615519187582635,2.2953402099254987,0.0
8.60155,10.39006,54.82298,3883.24932,-0.09353,55.85605,6.1582818137213975,2.2941220097576243,0.0
8.63069,10.43351,54.8127,3879.8343,-0.10877,55.86445,6.15634743388962,2.2934014023736906,0.0
8.65979,10.47694,54.80088,3876.42385,-0.12415,55.87288,6.155756751974611,2.2931813578185736,0.0
8.68886,10.52034,54.7875,3873.01727,-0.13965,55.88133,6.156515929443831,2.2934641714010193,0.0
8.7179,10.56371,54.77256,3869.6138,-0.15522,55.88981,6.158629326077815,2.2942514672539898,0.0
8.74691,10.60704,54.75605,3866.21272,-0.17085,55.89831,6.162099505234444,2.2955442002957436,0.0
8.77589,10.65035,54.73797,3862.81328,-0.1865,55.90684,6.16692723477975,2.2973426565765784,0.0
8.80483,10.69363,54.71833,3859.41471,-0.20215,55.91539,6.173111483666898,2.299646452004423,0.0
8.83374,10.73687,54.69713,3856.01626,-0.21775,55.92397,6.180649414211995,2.3024545294673606,0.0
8.86262,10.78009,54.67437,3852.61716,-0.23329,55.93257,6.189536370139579,2.305765154380269,0.0
8.89147,10.82328,54.65007,3849.21663,-0.24872,55.9412,6.199765860531577,2.309575908705379,0.0
8.92029,10.86643,54.62425,3845.81389,-0.26403,55.94985,6.211329539851588,2.313883683510798,0.0
8.94907,10.90956,54.59691,3842.40818,-0.27918,55.95853,6.224217184276879,2.3186846701535515,0.0
8.97783,10.95265,54.56809,3838.9987,-0.29415,55.96723,6.238416664599439,2.3239743501845185,0.0
9.00655,10.99572,54.53779,3835.58468,-0.30889,55.97596,6.253913916008425,2.32974748409159,0.0
9.03524,11.03875,54.50606,3832.16534,-0.32339,55.98471,6.270692905134257,2.3359980990227367,0.0
9.0639,11.08175,54.47292,3828.7399,-0.33761,55.99348,6.28873559475031,2.342719475636452,0.0
9.09252,11.12473,54.43839,3825.30758,-0.35153,56.00228,6.308021906601165,2.349904134254301,0.0
9.12111,11.16767,54.40252,3821.86763,-0.36512,56.01111,6.328529682868997,2.357543820506137,0.0
9.14967,11.21058,54.36534,3818.41927,-0.37834,56.01996,6.350234646813513,2.3656294906674407,0.0
9.1782,11.25346,54.32689,3814.96175,-0.39118,56.02883,6.373110363219808,2.374151296925109,0.0
9.2067,11.29632,54.28722,3811.49431,-0.40361,56.03772,6.397128199264095,2.3830985727989056,0.0
9.23516,11.33914,54.24636,3808.01624,-0.4156,56.04664,6.422257286524002,2.3924598189892996,0.0
9.2636,11.38192,54.20437,3804.52679,-0.42712,56.05559,6.448464484841375,2.402222689915409,0.0
9.29199,11.42468,54.16129,3801.02526,-0.43816,56.06455,6.475714348819284,2.412373981234252,0.0
9.32036,11.46741,54.11718,3797.51095,-0.44868,56.07354,6.503969097774346,2.4228996186472007,0.0
9.34869,11.5101,54.0721,3793.98317,-0.45867,56.08255,6.5331885899653335,2.4337846482994534,0.0
9.37695,11.5528,54.02316,3790.44821,-0.52717,56.21014,6.566061409857607,2.4460306386452717,52.999999095917474
9.40509,11.59552,53.96749,3786.91037,-0.59534,56.33853,6.605327281974797,2.4606582091561995,52.999999095917474
9.4331,11.63827,53.90513,3783.36598,-0.66308,56.46784,6.6510411661347595,2.4776878338104678,52.999999095917474
9.461,11.68104,53.83616,3779.81129,-0.73031,56.59819,6.703264165055852,2.497142274978373,52.999999095917474
9.48877,11.72384,53.76063,3776.24251,-0.79693,56.72971,6.762065762202605,2.5190474170786743,52.999999095917474
9.51641,11.76667,53.67862,3772.65577,-0.86285,56.86252,6.827523305810377,2.5434320743641967,52.999999095917474
9.54394,11.80953,53.59022,3769.04716,-0.92799,56.99673,6.899721416042303,2.570327770072198,52.999999095917474
9.57133,11.85242,53.49552,3765.41265,-0.99225,57.13248,6.978751306690299,2.599768483740146,52.999999095917474
9.5986,11.89533,53.39464,3761.74818,-1.05553,57.2699,7.0647100120627275,2.6317903632010333,52.999999095917474
9.62574,11.93827,53.28767,3758.0496,-1.11774,57.40912,7.157699508943741,2.6664313974901264,52.999999095917474
9.65275,11.98124,53.17475,3754.31265,-1.17878,57.55027,7.257825722905576,2.7037310466701534,52.999999095917474
9.67963,12.02424,53.05602,3750.53301,-1.23854,57.69349,7.3651974076788855,2.7437298243672648,52.999999095917474
9.70637,12.06726,52.9316,3746.70628,-1.29694,57.83893,7.479924885875812,2.7864688286572465,52.999999095917474
9.73298,12.11032,52.80166,3742.82795,-1.35386,57.98671,7.602118639152957,2.8319892168641307,52.999999095917474
9.75945,12.1534,52.66636,3738.89343,-1.40921,58.13698,7.731887735812941,2.880331619800402,52.999999095917474
9.78577,12.19651,52.52587,3734.89805,-1.46287,58.2899,7.869338084151929,2.931535491092998,52.999999095917474
9.81196,12.23965,52.38038,3730.83706,-1.51473,58.44562,8.014570500318987,2.985638387410078,52.999999095917474
9.838,12.28282,52.23007,3726.70561,-1.56469,58.60428,8.167678580444433,3.0426751757728474,52.999999095917474
9.86389,12.32602,52.07517,3722.49878,-1.61264,58.76603,8.328746368116162,3.1026771646291174,52.999999095917474
9.88963,12.36924,51.91587,3718.21158,-1.65847,58.93105,8.49784581014921,3.1656711560605233,52.999999095917474
9.91522,12.4125,51.75241,3713.83896,-1.70205,59.09949,8.675033996026947,3.2316784174017354,52.999999095917474
9.94065,12.45578,51.58503,3709.3758,-1.74328,59.2715,8.860350179526089,3.300713571717409,52.999999095917474
9.96592,12.49909,51.41396,3704.81696,-1.78203,59.44725,9.053812584783818,3.372783407978152,52.999999095917474
9.99103,12.54243,51.23948,3700.15723,-1.8182,59.62692,9.25541500368827,3.4478856134989466,52.999999095917474
10.01597,12.5858,51.06186,3695.39141,-1.85167,59.81065,9.465123196889646,3.5260074332211033,52.999999095917474
10.04074,12.6292,50.88136,3690.5143,-1.88232,59.99862,9.68287111697023,3.607124262743711,52.999999095917474
10.06533,12.67263,50.69829,3685.5207,-1.91004,60.19098,9.908556979525294,3.6911981846978974,52.999999095917474
10.08975,12.71609,50.51294,3680.40545,-1.93471,60.38792,10.142039215841612,3.7781764610130923,52.999999095917474
10.11398,12.75958,50.32564,3675.16347,-1.95622,60.58958,10.383132349707541,3.8679899969202833,52.999999095917474
10.13803,12.80309,50.13669,3669.78976,-1.97446,60.79612,10.63160285039272,3.9605517960778487,52.999999095917474
10.16188,12.84663,49.94643,3664.27942,-1.98932,61.00771,10.887165023860518,4.055755429940081,52.999999095917474
10.18554,12.8902,49.75521,3658.62772,-2.0007,61.2245,11.149477014647594,4.153473548352125,52.999999095917474
10.209,12.9338,49.56336,3652.83011,-2.00851,61.44662,11.41813700131169,4.253556462254184,52.999999095917474
10.23226,12.97743,49.37126,3646.88225,-2.01264,61.67422,11.692679678393995,4.355830833119926,52.999999095917474
10.2553,13.02108,49.17925,3640.78006,-2.013,61.90744,11.97257312731203,4.460098507281757,52.999999095917474
10.27813,13.06476,48.98772,3634.51974,-2.00953,62.14639,12.257216186720475,4.56613553632104,52.999999095917474
10.30073,13.10847,48.79704,3628.09786,-2.00215,62.39118,12.545936439365594,4.673691427118394,52.999999095917474
10.32311,13.1522,48.60758,3621.51133,-1.99079,62.64193,12.837988936490147,4.782488666660966,52.999999095917474
10.34527,13.19595,48.41974,3614.75751,-1.9754,62.8987,13.132555782012894,4.892222567138354,52.999999095917474
10.36718,13.23973,48.2339,3607.83421,-1.95595,63.16158,13.428746696256038,5.0025614759459085,52.999999095917474
10.38885,13.28353,48.05045,3600.73976,-1.9324,63.43062,13.725600672426529,5.11314739276761,52.999999095917474
10.41028,13.32736,47.86978,3593.47303,-1.90474,63.70586,14.022088827871611,5.223597031743773,52.999999095917474
10.43146,13.3712,47.69226,3586.03348,-1.87297,63.98732,14.317118535947637,5.333503360700903,52.999999095917474
10.45237,13.41506,47.51829,3578.42121,-1.8371,64.27499,14.609538903004724,5.442437641472584,52.999999095917474
10.47303,13.45894,47.34824,3570.63698,-1.79717,64.56886,14.898147628458746,5.549951985456799,52.999999095917474
10.49341,13.50284,47.18247,3562.68223,-1.75323,64.86887,15.181699254480188,5.655582426842082,52.999999095917474
10.51353,13.54675,47.02136,3554.55915,-1.70534,65.17496,15.458914776196835,5.758852502660891,52.999999095917474
10.53336,13.59068,46.86524,3546.27063,-1.65359,65.48703,15.728492544025059,5.859277314194863,52.999999095917474
10.55292,13.63461,46.71447,3537.82035,-1.59808,65.80496,15.989120348298368,5.9563680288169145,52.999999095917474
10.57218,13.67856,46.56936,3529.21274,-1.53893,66.1286,16.23948853399299,6.049636765571597,52.999999095917474
10.59115,13.72251,46.43022,3520.45299,-1.47631,66.45779,16.478303951901527,6.138601792354345,52.999999095917474
10.60983,13.76647,46.29736,3511.54704,-1.41035,66.79232,16.704304513730783,6.222792948068403,52.999999095917474
10.62821,13.81044,46.17103,3502.50158,-1.34125,67.13196,16.91627408432492,6.301757190369787,52.999999095917474
10.64628,13.8544,46.05149,3493.32399,-1.26921,67.47648,17.113057416529195,6.3750641592969615,52.999999095917474
10.66404,13.89836,45.93897,3484.02235,-1.19444,67.8256,17.29357481454844,6.442311639757729,52.999999095917474
10.68149,13.94232,45.83367,3474.60536,-1.11718,68.17903,17.456836201882055,6.503130802205132,52.999999095917474
10.69863,13.98627,45.73579,3465.08232,-1.03768,68.53644,17.60195427055637,6.557191101072503,52.999999095917474
10.71545,14.03022,45.64546,3455.46305,-0.9562,68.89749,17.728156400739742,6.604204715143698,52.999999095917474
10.73195,14.07415,45.56283,3445.75784,-0.87302,69.26185,17.834795063101158,6.643930422705401,52.999999095917474
10.74813,14.11807,45.48799,3435.97738,-0.78844,69.62913,17.921356450667023,6.676176817140865,52.999999095917474
10.76399,14.16197,45.42101,3426.13266,-0.70273,69.99896,17.987467130850867,6.700804784986032,52.999999095917474
10.77952,14.20585,45.36194,3416.23495,-0.61622,70.37094,18.03289856016611,6.717729187778808,52.999999095917474
10.79473,14.24971,45.31079,3406.29567,-0.5292,70.74468,18.057569362086365,6.726919710621968,52.999999095917474
10.80961,14.29354,45.26754,3396.3263,-0.442,71.11976,18.06154532970202,6.728400863172804,52.999999095917474
10.82417,14.33735,45.23217,3386.33836,-0.35491,71.49579,18.045037177043998,6.722251141952053,52.999999095917474
10.8384,14.38113,45.20459,3376.34326,-0.26825,71.87235,18.008396123362257,6.708601385371458,52.999999095917474
10.85231,14.42487,45.18471,3366.35228,-0.18234,72.24905,17.952107450889425,6.687632373831222,52.999999095917474
10.8659,14.46858,45.1724,3356.37646,-0.09746,72.6255,17.87678222640073,6.659571745783246,52.999999095917474
10.87916,14.51225,45.16753,3346.42653,-0.01391,73.0013,17.78314741847765,6.624690316151828,52.999999095917474
10.89211,14.55588,45.1699,3336.51286,0.06802,73.37608,17.672034674519153,6.5832978954750425,52.999999095917474
10.90474,14.59947,45.17934,3326.64543,0.14806,73.74947,17.544368043261237,6.535738716220234,52.999999095917474
10.91705,14.64301,45.19562,3316.83371,0.22595,74.12115,17.401150939874928,6.482386576940054,52.999999095917474
10.92905,14.68651,45.2185,3307.08667,0.30145,74.49077,17.24345265170789,6.42363981530615,52.999999095917474
10.94074,14.72996,45.24773,3297.41273,0.37432,74.85802,17.072394674216515,6.359916217884347,52.999999095917474
10.95212,14.77335,45.28303,3287.81972,0.44435,75.22263,16.88913714982491,6.291647968252813,52.999999095917474
10.9632,14.8167,45.32412,3278.31489,0.51134,75.58432,16.694865658435404,6.219276726119647,52.999999095917474
10.97399,14.85999,45.3707,3268.90483,0.57511,75.94284,16.49077857920132,6.1432489192507145,52.999999095917474
10.98447,14.90322,45.42245,3259.59555,0.63551,76.29798,16.27807520990464,6.064011317625233,52.999999095917474
10.99467,14.9464,45.47905,3250.39239,0.69237,76.64954,16.057944795134357,5.982006946143503,52.999999095917474
11.00458,14.98952,45.54017,3241.3001,0.74558,76.99733,15.831556578579944,5.897671378844513,52.999999095917474
11.01421,15.03258,45.60547,3232.32278,0.79503,77.3412,15.600050959435338,5.811429444433709,52.999999095917474
11.02356,15.07558,45.6746,3223.46396,0.84062,77.68103,15.364531799665572,5.723692360537424,52.999999095917474
11.03263,15.11852,45.74723,3214.72657,0.88228,78.01671,15.126059898125233,5.634855302640286,52.999999095917474
11.04143,15.16139,45.82299,3206.11297,0.91995,78.34814,14.885647620401041,5.5452954035602975,52.999999095917474
11.04997,15.20421,45.90154,3197.625,0.95359,78.67525,14.644254649727147,5.455370170552958,52.999999095917474
11.05825,15.24695,45.98252,3189.26397,0.98317,78.99801,14.40278480502943,5.365416299949068,52.999999095917474
11.06628,15.28964,46.06559,3181.03073,1.00867,79.31639,14.16208385679769,5.275748863509636,52.999999095917474
11.07405,15.33226,46.1504,3172.92565,1.03011,79.63037,13.922938260110891,5.1866608364444575,52.999999095917474
11.08157,15.37481,46.2366,3164.94868,1.04749,79.93995,13.686074716397473,5.098422934156291,52.999999095917474
11.08886,15.4173,46.32386,3157.09939,1.06083,80.24517,13.452160471121587,5.011283723136819,52.999999095917474
11.0959,15.45972,46.41184,3149.37697,1.07018,80.54606,13.221804253067015,4.925469970874614,52.999999095917474
11.10271,15.50208,46.50022,3141.78029,1.07558,80.84267,12.995557761871394,4.8411872000007925,52.999999095917474
11.10929,15.54437,46.58866,3134.3079,1.07709,81.13506,12.773917613433687,4.758620413004465,52.999999095917474
11.11565,15.58659,46.67687,3126.95809,1.07477,81.4233,12.557327657450147,4.677934955575876,52.999999095917474
11.12178,15.62875,46.76452,3119.72887,1.06869,81.70749,12.346181587093778,4.599277488780659,52.999999095917474
11.1277,15.67084,46.85133,3112.61804,1.05894,81.98771,12.140825767457343,4.522777042729284,52.999999095917474
11.1334,15.71287,46.937,3105.62321,1.04559,82.26407,11.941562216494152,4.448546127055927,52.999999095917474
11.13889,15.75483,47.02125,3098.74179,1.02875,82.53667,11.74865167956044,4.376681876266412,52.999999095917474
11.14418,15.79672,47.10382,3091.97105,1.0085,82.80564,11.562316745944912,4.3072672107274546,52.999999095917474
11.14926,15.83855,47.18443,3085.30811,0.98495,83.0711,11.382744962952257,4.240371996744721,52.999999095917474
11.15415,15.88031,47.26284,3078.74995,0.9582,83.33318,11.21009190991609,4.17605419171352,52.999999095917474
11.15883,15.92201,47.33881,3072.29349,0.92836,83.592,11.04448420086276,4.114360962690084,52.999999095917474
11.16333,15.96364,47.4121,3065.93551,0.89554,83.84771,10.886022390462186,4.055329768934708,52.999999095917474
11.16763,16.00521,47.48249,3059.67275,0.85985,84.10044,10.734783763171679,3.9989894009412175,52.999999095917474
11.17175,16.04671,47.54978,3053.50186,0.82141,84.35034,10.590824990258735,3.9453609702478665,52.999999095917474
11.17568,16.08815,47.61375,3047.41945,0.78033,84.59756,10.454184643535385,3.894458845869521,52.999999095917474
11.17943,16.12952,47.67422,3041.42206,0.73674,84.84223,10.324885558275119,3.846291534546388,52.999999095917474
11.18301,16.17083,47.73101,3035.50623,0.69074,85.08452,10.202937040855186,3.8008625031488594,52.999999095917474
11.1864,16.21207,47.78395,3029.66843,0.64246,85.32457,10.088336919263677,3.7581709425453487,52.999999095917474
11.18962,16.25325,47.83287,3023.90512,0.59202,85.56254,9.98107343673443,3.7182124730311226,52.999999095917474
11.19267,16.29436,47.87764,3018.21274,0.53954,85.79857,9.881126990467141,3.6809797920472884,52.999999095917474
11.19554,16.33541,47.91809,3012.58771,0.48514,86.03282,9.78847171876563,3.6464632654315534,52.999999095917474
11.19825,16.3764,47.95412,3007.02643,0.42894,86.26545,9.70307694087934,3.614651463797078,52.999999095917474
11.20079,16.41732,47.98559,3001.5253,0.37106,86.49661,9.6249084545729,3.585531645911271,52.999999095917474
11.20316,16.45818,48.0124,2996.0807,0.31162,86.72645,9.553929696885863,3.559090191109337,52.999999095917474
11.20537,16.49897,48.03444,2990.68899,0.25075,86.95514,9.490102773806157,3.535312982874728,52.999999095917474
11.20741,16.5397,48.05163,2985.34655,0.18856,87.18282,9.433389364605341,3.51418574572782,52.999999095917474
11.2093,16.58037,48.06389,2980.04972,0.12518,87.40966,9.38375150648614,3.4956943375277674,52.999999095917474
11.21102,16.62097,48.07114,2974.79485,0.06072,87.6358,9.341152265002616,3.479824999221654,52.999999095917474
11.21258,16.66151,48.07333,2969.57827,-0.00469,87.86142,9.3055562953227,3.466564563929555,52.999999095917474
11.21399,16.70198,48.0704,2964.39631,-0.07093,88.08665,9.276930299055936,3.455900627124893,52.999999095917474
11.21523,16.74239,48.06231,2959.24527,-0.13789,88.31167,9.255243380840149,3.447821679472352,52.999999095917474
11.21632,16.78273,48.04903,2954.12145,-0.20543,88.53663,9.240467308424103,3.4423172037155116,52.999999095917474
11.21725,16.823,48.03053,2949.02114,-0.27346,88.76168,9.232576679384184,3.439377736783196,52.999999095917474
11.21803,16.86321,48.0068,2943.94059,-0.34183,88.98699,9.2315489971105,3.4389948980963005,52.999999095917474
11.21865,16.90336,47.97784,2938.87605,-0.41044,89.21272,9.237364658082528,3.4411613848276312,52.999999095917474
11.21911,16.94343,47.94364,2933.82374,-0.47916,89.43902,9.25000685197475,3.4458709346886236,52.999999095917474
11.21942,16.98344,47.90424,2928.77987,-0.54787,89.66606,9.269461375529037,3.453118256591917,52.999999095917474
11.21957,17.02339,47.85964,2923.74062,-0.61645,89.894,9.295716360719132,3.4628989293854646,52.999999095917474
11.21956,17.06326,47.80988,2918.70215,-0.68479,90.123,9.328761917195704,3.475209268653907,52.999999095917474
11.2194,17.10306,47.75501,2913.66057,-0.75275,90.35323,9.368589688687013,3.490046161466157,52.999999095917474
11.21908,17.14279,47.69506,2908.612,-0.82022,90.58484,9.415192322645686,3.507406868804859,52.999999095917474
11.2186,17.18246,47.63012,2903.55252,-0.88707,90.81801,9.468562852219044,3.5272887953340826,52.999999095917474
11.21797,17.22205,47.56023,2898.47817,-0.95319,91.0529,9.528693989409103,3.5496892260828186,52.999999095917474
11.21718,17.26156,47.48549,2893.38497,-1.01845,91.28968,9.595577328332224,3.574605029638241,52.999999095917474
11.21623,17.30101,47.40598,2888.26893,-1.08273,91.52851,9.669202457435546,3.602032327422963,52.999999095917474
11.21511,17.34038,47.32179,2883.12602,-1.14591,91.76957,9.749555979843562,3.6319661287483664,52.999999095917474
11.21384,17.37967,47.23304,2877.95219,-1.20786,92.01303,9.836620441261685,3.664399931430468,52.999999095917474
11.21241,17.41888,47.13984,2872.74336,-1.26846,92.25906,9.930373165485028,3.699325287986298,52.999999095917474
11.21081,17.45802,47.0423,2867.49546,-1.32759,92.50782,10.030784998179696,3.7367313376593865,52.999999095917474
11.20905,17.49708,46.94057,2862.20438,-1.38512,92.7595,10.137818960561276,3.7766043048795686,52.999999095917474
11.20712,17.53606,46.83479,2856.86603,-1.44094,93.01426,10.251428815684442,3.8189269651681412,52.999999095917474
11.20503,17.57495,46.7251,2851.47628,-1.49491,93.27228,10.371557551439732,3.8636780800142536,52.999999095917474
11.20276,17.61376,46.61167,2846.03103,-1.54693,93.53373,10.49813578587663,3.9108318028157876,52.999999095917474
11.20033,17.65248,46.49467,2840.5262,-1.59686,93.79878,10.63108010235455,3.960357058679302,52.999999095917474
11.19772,17.69111,46.37427,2834.95771,-1.64458,94.06761,10.770291324053488,4.012216901629846,52.999999095917474
11.19494,17.72966,46.25065,2829.32151,-1.68999,94.34038,10.915652739690163,4.066367853643538,52.999999095917474
11.19199,17.76811,46.12401,2823.61362,-1.73295,94.61727,11.067028294814424,4.12275923085789,52.999999095917474
11.18895,17.80648,45.99952,2817.81447,-1.63824,94.62712,11.21626709395563,4.17835461024712,0.0
11.1859,17.84477,45.88243,2811.91035,-1.53914,94.63695,11.354776235957061,4.229952910037514,0.0
11.18286,17.88298,45.77303,2805.90642,-1.43597,94.64677,11.481661618805724,4.277221053703992,0.0
11.17982,17.92111,45.67157,2799.80842,-1.32909,94.65657,11.596118545909688,4.319859270593216,0.0
11.17677,17.95916,45.57828,2793.62261,-1.21887,94.66636,11.697419617801216,4.357596585264427,0.0
11.17373,17.99712,45.49335,2787.35572,-1.10571,94.67612,11.784925559651318,4.39019485102349,0.0
11.17069,18.035,45.41696,2781.01492,-0.99002,94.68587,11.858094853830634,4.417452338305282,0.0
11.16764,18.0728,45.34924,2774.60776,-0.87225,94.6956,11.916491918105477,4.439206781266895,0.0
11.1646,18.1105,45.29028,2768.14212,-0.75284,94.70532,11.959793607212617,4.455337799795315,0.0
11.16156,18.14812,45.24014,2761.62612,-0.63225,94.71502,11.987793861947594,4.465768631415136,0.0
11.15852,18.18565,45.19886,2755.06813,-0.51097,94.7247,12.000406383851475,4.470467127679755,0.0
11.15548,18.22309,45.16642,2748.4766,-0.38945,94.73436,11.99766527256748,4.4694459916034885,0.0
11.15244,18.26044,45.14279,2741.86008,-0.26818,94.744,11.979723624162524,4.462762255499461,0.0
11.14941,18.2977,45.12789,2735.22712,-0.14763,94.75363,11.946850149516289,4.450516021240565,0.0
11.14637,18.33487,45.12161,2728.5862,-0.02826,94.76324,11.89942392928708,4.432848506346229,0.0
11.14334,18.37195,45.1238,2721.94567,0.08948,94.77283,11.837927473641397,4.409939458549082,0.0
11.1403,18.40893,45.1343,2715.31372,0.20514,94.7824,11.762938298564697,4.382004017749066,0.0
11.13727,18.44583,45.1529,2708.69829,0.31829,94.79195,11.675119264693278,4.349289116974116,0.0
11.13424,18.48263,45.17936,2702.10702,0.42853,94.80149,11.575207948150403,4.3120695227369445,0.0
11.13121,18.51935,45.21343,2695.54724,0.53548,94.81101,11.464005325332886,4.270643619820319,0.0
11.12819,18.55597,45.25484,2689.02591,0.63877,94.8205,11.342364055468972,4.225329046221577,0.0
11.12516,18.5925,45.30327,2682.54959,0.73807,94.82999,11.211176636466242,4.176458280894325,0.0
11.12214,18.62894,45.35839,2676.12439,0.83307,94.83945,11.071363692463791,4.1243742805534565,0.0
11.11911,18.66529,45.41988,2669.75602,0.92349,94.84889,10.9238626272016,4.0694262527566885,0.0
11.11609,18.70156,45.48736,2663.4497,1.00906,94.85832,10.769616847281714,4.011965641285808,0.0
11.11307,18.73774,45.56046,2657.21019,1.08958,94.86773,10.609565725709597,3.9523423873017385,0.0
11.11005,18.77383,45.63881,2651.04179,1.16484,94.87712,10.44463544036458,3.890901516433739,0.0
11.10703,18.80983,45.72201,2644.94833,1.23468,94.8865,10.275730785944088,3.8279800885131796,0.0
11.10402,18.84575,45.80965,2638.93316,1.29895,94.89585,10.103728022964988,3.7639045336383985,0.0
11.101,18.88159,45.90134,2632.99922,1.35755,94.90519,9.929468794703887,3.6989883860748964,0.0
11.09799,18.91734,45.99666,2627.14899,1.41039,94.91451,9.753755113406488,3.633530416486411,0.0
11.09498,18.95302,46.09519,2621.38453,1.45741,94.92382,9.57734539148211,3.5678131534504436,0.0
11.09196,18.98861,46.19653,2615.70752,1.49858,94.9331,9.400951471914604,3.5021017772081975,0.0
11.08895,19.02412,46.30027,2610.11924,1.53388,94.94238,9.225236594978115,3.4366433622126924,0.0
11.08594,19.05956,46.406,2604.62063,1.56332,94.95163,9.050814225491662,3.3716664402502423,0.0
11.08293,19.09492,46.51331,2599.21228,1.58693,94.96087,8.878247655996855,3.3073808526137167,0.0
11.07993,19.13021,46.62181,2593.89449,1.60476,94.97009,8.70805029605488,3.2439778578732765,0.0
11.07692,19.16542,46.73111,2588.66725,1.61688,94.97929,8.540686555866497,3.181630461048073,0.0
11.07391,19.20056,46.84081,2583.5303,1.62336,94.98848,8.376573233224576,3.1204939302825587,0.0
11.0709,19.23563,46.95055,2578.48314,1.6243,94.99765,8.216081315767896,3.0607064682334517,0.0
11.0679,19.27064,47.05996,2573.52504,1.6198,95.00681,8.05953811527311,3.002390007149646,0.0
11.06489,19.30557,47.16867,2568.65507,1.60998,95.01595,7.907229656724566,2.945651098863582,0.0
11.06188,19.34044,47.27635,2563.87213,1.59498,95.02508,7.759403251836543,2.890581873495992,0.0
11.05888,19.37524,47.38265,2559.17494,1.57492,95.03419,7.616270194071612,2.8372610434211487,0.0
11.05587,19.40997,47.48725,2554.56209,1.54996,95.04329,7.478008519811646,2.7857549318757187,0.0
11.05287,19.44465,47.58984,2550.03205,1.52025,95.05237,7.344765787885299,2.7361185084058826,0.0
11.04986,19.47926,47.69011,2545.58315,1.48593,95.06143,7.2166618369657005,2.688396416070526,0.0
11.04685,19.51381,47.78778,2541.21364,1.44719,95.07048,7.093791487170624,2.6426239778583867,0.0
11.04385,19.5483,47.88256,2536.92167,1.40417,95.07952,6.976227158669687,2.5988281721881368,0.0
11.04084,19.58273,47.9742,2532.70532,1.35706,95.08854,6.864021385805294,2.557028569484584,0.0
11.03783,19.61711,48.06243,2528.56261,1.30602,95.09755,6.757209210469161,2.5172382237743998,0.0
11.03483,19.65143,48.14701,2524.49148,1.25122,95.10654,6.655810443004627,2.4794645149317205,0.0
11.03182,19.68569,48.22773,2520.48983,1.19285,95.11552,6.559831782854018,2.4437099386750836,0.0
11.02881,19.7199,48.30436,2516.55552,1.13109,95.12449,6.4692687944987455,2.409972842657111,0.0
11.0258,19.75406,48.37669,2512.68637,1.0661,95.13344,6.384107737050192,2.3782481080352476,0.0
11.02279,19.78816,48.44455,2508.88014,0.99806,95.14238,6.304327248123443,2.348527776759034,0.0
11.01978,19.82221,48.50774,2505.1346,0.92717,95.1513,6.2298998844262705,2.3208016254800397,0.0
11.01677,19.85621,48.5661,2501.44745,0.85358,95.16021,6.1607935229252595,2.295057687523109,0.0
11.01376,19.89016,48.61948,2497.8164,0.77749,95.16911,6.096972627462741,2.271282724734499,0.0
11.01074,19.92406,48.66774,2494.2391,0.69906,95.178,6.038399386428591,2.2494626512945533,0.0
11.00773,19.95792,48.71073,2490.71322,0.61848,95.18687,5.9850347275313105,2.2295829117466353,0.0
11.00472,19.99172,48.74836,2487.23637,0.53592,95.19572,5.9368392159200845,2.211628815571224,0.0
11.0017,20.02548,48.78049,2483.80615,0.45156,95.20457,5.8937738419230605,2.195585830639147,0.0
10.99868,20.05919,48.80705,2480.42014,0.36557,95.2134,5.855800704547336,2.181439837833313,0.0
10.99567,20.09285,48.82794,2477.0759,0.27813,95.22222,5.822883596557841,2.16917734900599,0.0
10.99265,20.12647,48.8431,2473.77095,0.18941,95.23103,5.794988496621072,2.1587856903152907,0.0
10.98963,20.16004,48.85246,2470.50279,0.09958,95.23982,5.772083973514086,2.1502531528036646,0.0
10.98661,20.19357,48.85597,2467.26892,0.00883,95.2486,5.754141506859825,2.1435691118802422,0.0
10.98358,20.22705,48.85359,2464.06677,-0.08269,95.25737,5.74113572830755,2.138724117166891,0.0
10.98056,20.26049,48.84529,2460.89376,-0.1748,95.26612,5.733044586443581,2.135709953931808,0.0
10.97754,20.29389,48.83106,2457.74728,-0.26732,95.27487,5.729849438131245,2.134519677116051,0.0
10.97451,20.32724,48.81089,2454.62468,-0.36009,95.2836,5.731535068321889,2.1351476187136647,0.0
10.97148,20.36055,48.78479,2451.52328,-0.45292,95.29232,5.738089639775019,2.137589369041111,0.0
10.96846,20.39381,48.75276,2448.44036,-0.54566,95.30102,5.749504573531826,2.141841732210505,0.0
10.96543,20.42703,48.71484,2445.37315,-0.63812,95.30971,5.765774360364219,2.1479026558894265,0.0
10.9624,20.46021,48.67107,2442.31885,-0.73014,95.31839,5.786896302912127,2.155771135240278,0.0
10.95937,20.49335,48.62149,2439.27463,-0.82154,95.32706,5.812870187681266,2.165447090730821,0.0
10.95634,20.52645,48.56617,2436.23757,-0.91214,95.33572,5.843697885639044,2.176931219345643,0.0
10.9533,20.5595,48.50517,2433.20476,-1.00178,95.34436,5.879382879735156,2.1902248185751483,0.0
10.95027,20.59251,48.43858,2430.17322,-1.09028,95.35299,5.919929717352356,2.205329582439061,0.0
10.94723,20.62547,48.36648,2427.1399,-1.17747,95.36161,5.965343385478613,2.222247368721615,0.0
10.9442,20.6584,48.28899,2424.10174,-1.26316,95.37022,6.015628606239449,2.2409799365388126,0.0
10.94116,20.69128,48.20621,2421.05561,-1.34718,95.37882,6.070789050433622,2.2615286533597776,0.0
10.93812,20.72412,48.11827,2417.99835,-1.42936,95.3874,6.130826466830853,2.2838941706472426,0.0
10.93508,20.75691,48.02531,2414.92675,-1.50952,95.39597,6.195739725280971,2.3080760673905347,0.0
10.93204,20.78967,47.92747,2411.83754,-1.58747,95.40453,6.265523772131112,2.3340724609709906,0.0
10.929,20.82237,47.82491,2408.72742,-1.66305,95.41307,6.3401684971032495,2.361879585044029,0.0
10.92596,20.85504,47.71781,2405.59307,-1.73608,95.42161,6.419657511658917,2.3914913344478617,0.0
10.92292,20.88766,47.60634,2402.43112,-1.80637,95.43013,6.50396683998382,2.4228987775608237,0.0
10.91988,20.92024,47.49069,2399.23816,-1.87375,95.43864,6.593063525088538,2.4560896370372047,0.0
10.91683,20.95277,47.37106,2396.01077,-1.93805,95.44713,6.686904154172665,2.491047740466593,0.0
10.91379,20.98525,47.24767,2392.74553,-1.99909,95.45562,6.78543330931895,2.527752443216681,0.0
10.91074,21.01769,47.12074,2389.43897,-2.05669,95.46409,6.8885819518191855,2.566178026552143,0.0
10.9077,21.05008,46.99049,2386.08765,-2.11068,95.47255,6.996265750943727,2.6062930750573114,0.0
10.90465,21.08243,46.85718,2382.68813,-2.1609,95.481,7.108383370776133,2.648059838437003,0.0
10.90161,21.11473,46.72105,2379.23699,-2.20718,95.48943,7.224814731823545,2.691433583920647,0.0
10.89856,21.14698,46.58237,2375.73084,-2.24936,95.49786,7.345419267383006,2.736361946712859,0.0
10.89552,21.17918,46.44141,2372.16634,-2.28728,95.50627,7.470034198178601,2.78278428725038,0.0
10.89247,21.21133,46.29845,2368.5402,-2.3208,95.51467,7.598472852332908,2.830631065347238,0.0
10.88942,21.24343,46.15377,2364.84921,-2.34976,95.52305,7.730523061413454,2.879823242679849,0.0
10.88638,21.27548,46.00768,2361.09024,-2.37403,95.53142,7.865945666802063,2.9302717263703006,0.0
10.88333,21.30748,45.86046,2357.26029,-2.39347,95.53978,8.004473173987876,2.981876867675094,0.0
10.88029,21.33943,45.71245,2353.35645,-2.40798,95.54813,8.145808595367049,3.034528030897582,0.0
10.87724,21.37132,45.56394,2349.37599,-2.41744,95.55646,8.289624524559166,3.088103248546482,0.0
10.8742,21.40316,45.41527,2345.31634,-2.42175,95.56479,8.435562486990742,3.1424689794111336,0.0
10.87116,21.43494,45.26675,2341.17509,-2.42084,95.57309,8.583232612363256,3.1974799865472354,0.0
10.86811,21.46666,45.11871,2336.95006,-2.41461,95.58139,8.732213674293368,3.2529793520438584,0.0
10.86507,21.49833,44.97149,2332.6393,-2.40304,95.58967,8.88205354094093,3.3087986448942446,0.0
10.86203,21.52994,44.82541,2328.24109,-2.38606,95.59794,9.0322700773712,3.3647582571494676,0.0
10.85899,21.56148,44.68081,2323.754,-2.36366,95.6062,9.182352535828675,3.4206679218320204,0.0
10.85596,21.59297,44.53801,2319.17687,-2.33584,95.61444,9.331763463744572,3.476327423718803,0.0
10.85292,21.6244,44.39735,2314.50886,-2.30262,95.62267,9.479941151315767,3.531527511128679,0.0
10.84988,21.65576,44.25914,2309.74946,-2.26403,95.63089,9.62630263061608,3.586051013170335,0.0
10.84685,21.68706,44.12372,2304.89849,-2.22012,95.63909,9.770247226846033,3.6396741626762608,0.0
10.84382,21.71829,43.99138,2299.95614,-2.17099,95.64728,9.911160649470514,3.692168120259171,0.0
10.84079,21.74945,43.86244,2294.92297,-2.11673,95.65545,10.048419596927848,3.743300689687292,0.0
10.83777,21.78055,43.73718,2289.79989,-2.05747,95.66361,10.181396833860354,3.7928382092863275,0.0
10.83474,21.81158,43.61591,2284.58824,-1.99336,95.67176,10.309466684643375,3.840547598423582,0.0
10.83172,21.84254,43.49887,2279.28971,-1.92458,95.67989,10.432010872043675,3.8861985325618176,0.0
10.8287,21.87342,43.38635,2273.9064,-1.85133,95.68801,10.548424615721745,3.9295657151118406,0.0
10.82568,21.90424,43.27857,2268.44079,-1.77382,95.69611,10.658122892517548,3.970431209553652,0.0
10.82267,21.93498,43.17577,2262.89575,-1.6923,95.7042,10.760546749737472,4.008586791301949,0.0
10.81966,21.96564,43.07815,2257.2745,-1.60704,95.71228,10.855169554499751,4.0438362757517305,0.0
10.81665,21.99623,42.98592,2251.58061,-1.51832,95.72034,10.941503057180809,4.075997777071591,0.0
10.81365,22.02675,42.89923,2245.81802,-1.42645,95.72839,11.01910314546273,4.104905851737813,0.0
10.81064,22.05718,42.81824,2239.99094,-1.33176,95.73642,11.08757516773774,4.130413481642589,0.0
10.80765,22.08754,42.74309,2234.1039,-1.23457,95.74443,11.146578710797764,4.1523938539091,0.0
10.80465,22.11782,42.67387,2228.16169,-1.13526,95.75243,11.195831726697739,4.170741898256683,0.0
10.80166,22.14801,42.61067,2222.16932,-1.03418,95.76042,11.235113917274699,4.18537554782324,0.0
10.79868,22.17813,42.55356,2216.13201,-0.93172,95.76839,11.264269301545578,4.196236695588472,0.0
10.79569,22.20817,42.50257,2210.05514,-0.82825,95.77635,11.283207910552624,4.203291825748388,0.0
10.79272,22.23812,42.45772,2203.94422,-0.72417,95.78429,11.291906575455947,4.206532307300524,0.0
10.78974,22.26799,42.419,2197.80485,-0.61987,95.79221,11.290408796995612,4.205974345415127,0.0
10.78677,22.29777,42.38638,2191.64271,-0.51575,95.80012,11.278823706981012,4.201658594562624,0.0
10.78381,22.32747,42.35979,2185.46347,-0.4122,95.80801,11.257324154458757,4.193649445560812,0.0
10.78084,22.35709,42.33918,2179.2728,-0.30959,95.81589,11.226143969691721,4.182034006335055,0.0
10.77789,22.38662,42.32443,2173.07633,-0.20832,95.82375,11.185574477429933,4.166920803019955,0.0
10.77494,22.41607,42.31543,2166.87959,-0.10876,95.8316,11.135960346603387,4.148438233860718,0.0
10.77199,22.44543,42.31204,2160.688,-0.01125,95.83943,11.077694875921258,4.126732812974825,0.0
10.76904,22.47471,42.3141,2154.50685,0.08385,95.84725,11.011214823696212,4.101967244325548,0.0
10.7661,22.50391,42.32144,2148.34125,0.17621,95.85504,10.936994895475827,4.074318368219613,0.0
10.76317,22.53302,42.33386,2142.19612,0.26551,95.86283,10.855542004630497,4.043975023225185,0.0
10.76024,22.56204,42.35115,2136.07616,0.35147,95.87059,10.767389419289826,4.011135865751672,0.0
10.75731,22.59099,42.37309,2129.98585,0.4338,95.87835,10.673090904040427,3.9760071876780088,0.0
10.75439,22.61985,42.39945,2123.92942,0.51225,95.88608,10.573214957307865,3.938800769625814,0.0
10.75148,22.64862,42.42997,2117.91084,0.58659,95.8938,10.468339235525043,3.8997318038153983,0.0
10.74856,22.67731,42.46441,2111.93382,0.65659,95.9015,10.359045243773117,3.8590169161898107,0.0
10.74566,22.70592,42.50249,2106.00178,0.72207,95.90919,10.24591336013566,3.81687231285585,0.0
10.74275,22.73445,42.54394,2100.11787,0.78286,95.91686,10.129518247783572,3.7735120709649754,0.0
10.73986,22.7629,42.58848,2094.28499,0.83882,95.92452,10.010424695763511,3.7291465892975606,0.0
10.73696,22.79127,42.63582,2088.50571,0.88981,95.93216,9.889183916485988,3.68398120897979,0.0
10.73407,22.81956,42.68568,2082.78236,0.93573,95.93979,9.766330315839673,3.6382150102662614,0.0
10.73119,22.84777,42.73776,2077.11701,0.9765,95.94739,9.642378740673362,3.5920397871545853,0.0
10.7283,22.87591,42.79178,2071.51143,1.01205,95.95499,9.517822198457603,3.5456391978993493,0.0
10.72543,22.90396,42.84743,2065.96716,1.04236,95.96257,9.393130035314572,3.499188086280303,0.0
10.72255,22.93194,42.90443,2060.48549,1.06738,95.97013,9.268746551454704,3.4528519658160755,0.0
10.71968,22.95985,42.96248,2055.06747,1.08712,95.97768,9.14509002723563,3.406786656945503,0.0
10.71682,22.98768,43.0213,2049.71391,1.10159,95.98521,9.022552128760347,3.3611380655973075,0.0
10.71396,23.01544,43.08061,2044.42544,1.11081,95.99272,8.901497658797313,3.3160420904012784,0.0
10.7111,23.04312,43.14011,2039.20244,1.11484,96.00022,8.78226461694985,3.271624645102957,0.0
10.70825,23.07074,43.19954,2034.04512,1.11372,96.00771,8.665164532163555,3.2280017824313987,0.0
10.7054,23.09828,43.25863,2028.9535,1.10754,96.01518,8.55048303077773,3.1852799057132755,0.0
10.70255,23.12576,43.31711,2023.92744,1.09638,96.02264,8.438480604145145,3.143556054831432,0.0
10.69971,23.15317,43.37472,2018.96662,1.08032,96.03008,8.32939354133375,3.1029182536808215,0.0
10.69687,23.1805,43.43122,2014.07057,1.05949,96.0375,8.22343499439516,3.063445907009036,0.0
10.69403,23.20778,43.48637,2009.23869,1.034,96.04492,8.120796145943194,3.0252102353700434,0.0
10.6912,23.23498,43.53992,2004.47024,1.00396,96.05231,8.021647451362895,2.9882747378797228,0.0
10.68837,23.26213,43.59166,1999.76437,0.96953,96.0597,7.926139930587762,2.9526956734368732,0.0
10.68554,23.2892,43.64136,1995.1201,0.93083,96.06706,7.834406487142917,2.918522552101508,0.0
10.68272,23.31622,43.68883,1990.53634,0.88802,96.07442,7.746563234774325,2.8857986292991353,0.0
10.6799,23.34317,43.73385,1986.01192,0.84126,96.08175,7.662710814627799,2.8545613965045957,0.0
10.67708,23.37006,43.77624,1981.54557,0.79069,96.08908,7.5829356883751595,2.8248430629655887,0.0
10.67427,23.39689,43.81582,1977.13593,0.73649,96.09639,7.507311394987629,2.7966710238838206,0.0
10.67146,23.42367,43.85243,1972.78155,0.67883,96.10368,7.435899760993761,2.7700683112679316,0.0
10.66865,23.45038,43.88589,1968.48094,0.61787,96.11096,7.368752055954009,2.745054024378173,0.0
10.66584,23.47703,43.91606,1964.23251,0.5538,96.11823,7.305910086596887,2.7216437373209184,0.0
10.66304,23.50363,43.9428,1960.0346,0.48679,96.12549,7.247407224605536,2.6998498819261996,0.0
10.66024,23.53017,43.96598,1955.88551,0.41703,96.13272,7.193269364298061,2.679682104508831,0.0
10.65744,23.55665,43.98547,1951.78346,0.3447,96.13995,7.143515807656539,2.6611475955650015,0.0
10.65464,23.58308,44.00117,1947.72664,0.26999,96.14716,7.0981600749866045,2.644251391764303,0.0
10.65185,23.60945,44.01297,1943.71316,0.19308,96.15436,7.057210640411308,2.628996649940536,0.0
10.64906,23.63576,44.02079,1939.74109,0.11417,96.16154,7.020671591909898,2.6153848929735335,0.0
10.64627,23.66203,44.02454,1935.80845,0.03344,96.16871,6.988543216221838,2.60341622768129,0.0
10.64349,23.68824,44.02416,1931.91321,-0.04892,96.17587,6.96082250924647,2.5930895349572682,0.0
10.6407,23.71439,44.01958,1928.05329,-0.1327,96.18301,6.937503612909404,2.5844026325146214,0.0
10.63792,23.7405,44.01075,1924.22659,-0.21772,96.19014,6.918578179612875,2.5773524106535457,0.0
10.63514,23.76655,43.99763,1920.43093,-0.30378,96.19726,6.904035665599,2.571934941546805,0.0
10.63237,23.79255,43.98019,1916.66411,-0.39069,96.20436,6.893863554530118,2.5681455625292964,0.0
10.62959,23.81849,43.95842,1912.92388,-0.47825,96.21145,6.888047512707458,2.5659789339210852,0.0
10.62682,23.84439,43.93229,1909.20795,-0.56627,96.21853,6.886571477318395,2.5654290719018307,0.0
10.62405,23.87023,43.90181,1905.514,-0.65455,96.22559,6.889417679072303,2.5664893569432365,0.0
10.62129,23.89603,43.86699,1901.83965,-0.74289,96.23264,6.896566600612849,2.5691525183165367,0.0
10.61852,23.92177,43.82784,1898.1825,-0.8311,96.23967,6.907996872034744,2.573410595169734,0.0
10.61576,23.94746,43.7844,1894.5401,-0.91899,96.2467,6.923685104886848,2.5792548746893917,0.0
10.613,23.97311,43.7367,1890.90998,-1.00635,96.2537,6.94360566601815,2.58667580785231,0.0
10.61024,23.9987,43.68479,1887.28962,-1.09299,96.2607,6.9677303927628715,2.5956629033244822,0.0
10.60748,24.02424,43.62872,1883.67648,-1.17872,96.26768,6.996028251017432,2.6062046000857673,0.0
10.60473,24.04973,43.56856,1880.06796,-1.26335,96.27466,7.028464937964238,2.6182881194340504,0.0
10.60198,24.07518,43.50439,1876.46148,-1.34667,96.28161,7.065002431432084,2.631899297110135,0.0
10.59923,24.10057,43.43629,1872.85439,-1.4285,96.28856,7.105598488172918,2.6470223963926345,0.0
10.59648,24.12591,43.36436,1869.24404,-1.50865,96.29549,7.150206093745016,2.6636399031649813,0.0
10.59374,24.1512,43.28869,1865.62775,-1.58692,96.30241,7.198772867118626,2.681732304115366,0.0
10.591,24.17645,43.2094,1862.00283,-1.66313,96.30931,7.251240423720045,2.701277849453893,0.0
10.58826,24.20164,43.12661,1858.36656,-1.73709,96.31621,7.307543701235996,2.722252301756975,0.0
10.58552,24.22678,43.04044,1854.71623,-1.80862,96.32309,7.367610253248353,2.744628672827679,0.0
10.58279,24.25187,42.95104,1851.04913,-1.87754,96.32995,7.431359516598637,2.768376950769728,0.0
10.58005,24.27691,42.85855,1847.36253,-1.94366,96.33681,7.498702059252193,2.7934638197971142,0.0
10.57733,24.3019,42.76313,1843.65373,-2.00682,96.34365,7.569538816464293,2.8198523756858767,0.0
10.5746,24.32683,42.66492,1839.92002,-2.06685,96.35048,7.64376032404144,2.847501840143761,0.0
10.57187,24.35172,42.56411,1836.15875,-2.12357,96.35729,7.721245958604154,2.876367277788119,0.0
10.56915,24.37655,42.46087,1832.36725,-2.17683,96.3641,7.801863195898636,2.906399319847488,0.0
10.56644,24.40133,42.35537,1828.54293,-2.22648,96.37089,7.885466899273269,2.9375438991003637,0.0
10.56372,24.42606,42.24782,1824.68322,-2.27236,96.37767,7.971898651584872,2.969742000992707,0.0
10.56101,24.45073,42.13839,1820.78563,-2.31432,96.38443,8.060986144787188,3.0029294362435897,0.0
10.5583,24.47535,42.02731,1816.8477,-2.35225,96.39118,8.152542642417162,3.0370366406071914,0.0
10.55559,24.49992,41.91476,1812.86708,-2.386,96.39793,8.246366530950413,3.071988507740908,0.0
10.55289,24.52443,41.80096,1808.84148,-2.41547,96.40465,8.34224097659229,3.1077042613509933,0.0
10.55019,24.54889,41.68613,1804.76873,-2.44054,96.41137,8.439933704448698,3.1440973729278756,0.0
10.54749,24.57329,41.57048,1800.64675,-2.46112,96.41807,8.539196916987358,3.1810755313708357,0.0
10.5448,24.59763,41.45423,1796.47358,-2.47712,96.42476,8.639767368515663,3.218540670732966,0.0
10.54211,24.62191,41.33762,1792.24741,-2.48846,96.43144,8.74136661158559,3.256389062013486,0.0
10.53942,24.64614,41.22086,1787.96655,-2.4951,96.4381,8.843701430220952,3.2945114745462876,0.0
10.53674,24.67031,41.10418,1783.62947,-2.49697,96.44476,8.946464473138331,3.3327934118913998,0.0
10.53406,24.69442,40.98782,1779.23482,-2.49405,96.4514,9.049335098130049,3.371115426389858,0.0
10.53138,24.71847,40.87199,1774.7814,-2.48632,96.45802,9.151980436094346,3.4093535155429437,0.0
10.52871,24.74246,40.75692,1770.26822,-2.47378,96.46464,9.254056680073298,3.447379602212724,0.0
10.52605,24.76639,40.64283,1765.69447,-2.45644,96.47124,9.355210601090283,3.4850620993113934,0.0
10.52338,24.79026,40.52996,1761.05956,-2.43433,96.47783,9.45508128844904,3.5222665581084645,0.0
10.52072,24.81406,40.41851,1756.3631,-2.4075,96.48441,9.553302107774197,3.5588563976523777,0.0
10.51807,24.8378,40.30869,1751.60494,-2.37602,96.49097,9.649502865321647,3.5946937110330723,0.0
10.51542,24.86148,40.20072,1746.78512,-2.33998,96.49752,9.743312162130993,3.6296401423657043,0.0
10.51277,24.88509,40.0948,1741.90394,-2.29947,96.50406,9.834359916664978,3.663557826540213,0.0
10.51013,24.90863,39.99112,1736.96193,-2.25462,96.51059,9.922280029624073,3.6963103819348726,0.0
10.5075,24.93211,39.88986,1731.95986,-2.20557,96.5171,10.006713159986226,3.727763944564138,0.0
10.50487,24.95552,39.79121,1726.89871,-2.15247,96.5236,10.087309577061347,3.757788230543981,0.0
10.50224,24.97886,39.69534,1721.77974,-2.09551,96.53009,10.16373204961575,3.786257612366767,0.0
10.49962,25.00214,39.60239,1716.60439,-2.03487,96.53657,10.235658730162063,3.8130521933751327,0.0
10.49701,25.02534,39.51252,1711.37436,-1.97077,96.54303,10.302785990382757,3.8380588640318565,0.0
10.4944,25.04847,39.42587,1706.09156,-1.90344,96.54948,10.364831162491276,3.8611723231490083,0.0
10.49179,25.07154,39.34256,1700.7581,-1.83311,96.55592,10.421535141283774,3.8822960472206898,0.0
10.48919,25.09453,39.26269,1695.37632,-1.76004,96.56234,10.472664802696976,3.9013431913994636,0.0
10.4866,25.11744,39.18638,1689.94872,-1.6845,96.56875,10.518015196869513,3.9182374064694194,0.0
10.48401,25.14029,39.11369,1684.47798,-1.60677,96.57515,10.55741147707704,3.9329135574252407,0.0
10.48143,25.16306,39.0447,1678.96696,-1.52715,96.58153,10.590710530268213,3.9453183308897724,0.0
10.47885,25.18576,38.97947,1673.41865,-1.44594,96.58791,10.617802280294018,3.955410720601229,0.0
10.47628,25.20838,38.91803,1667.83617,-1.36344,96.59426,10.638610641083629,3.9631623824962827,0.0
10.47372,25.23093,38.86042,1662.22276,-1.27997,96.60061,10.653094103763154,3.968557853427244,0.0
10.47116,25.2534,38.80664,1656.58175,-1.19585,96.60694,10.661245948926554,3.971594630238566,0.0
10.46861,25.27579,38.7567,1650.91654,-1.11139,96.61326,10.663094082691131,3.9722831086931967,0.0
10.46606,25.29811,38.71057,1645.2306,-1.02693,96.61956,10.65870050251385,3.970646384475107,0.0
10.46352,25.32035,38.66822,1639.52742,-0.94278,96.62586,10.648160405865461,3.9667199211469493,0.0
10.46099,25.34252,38.62962,1633.81053,-0.85927,96.63214,10.63160096159637,3.9605510924515115,0.0
10.45846,25.3646,38.5947,1628.08345,-0.7767,96.6384,10.609179769763657,3.9521986085567637,0.0
10.45594,25.38661,38.56339,1622.34967,-0.69539,96.64465,10.581083040975336,3.9417318378136876,0.0
10.45343,25.40854,38.5356,1616.61267,-0.61564,96.65089,10.54752353055907,3.9292300371797664,0.0
10.45092,25.4304,38.51124,1610.87587,-0.53775,96.65711,10.508738266137957,3.914781505681176,0.0
10.44842,25.45217,38.49021,1605.14263,-0.46199,96.66332,10.464986109400572,3.898482676107974,0.0
10.44593,25.47387,38.47237,1599.41622,-0.38864,96.66952,10.416545193977049,3.880437160555519,0.0
10.44344,25.49549,38.45762,1593.69982,-0.31795,96.6757,10.363710281443272,3.860754765466472,0.0
10.44096,25.51704,38.44579,1587.99651,-0.25019,96.68187,10.306790076555618,3.8395504914850958,0.0
10.43848,25.5385,38.43676,1582.30926,-0.18557,96.68803,10.246104541080152,3.8169435327879473,0.0
10.43602,25.55989,38.43037,1576.6409,-0.12432,96.69417,10.181982243011936,3.7930562895983346,0.0
10.43355,25.5812,38.42645,1570.99415,-0.06663,96.7003,10.114757774854434,3.768013406427455,0.0
10.4311,25.60244,38.42483,1565.37156,-0.01269,96.70641,10.044769270889836,3.7419408471922733,0.0
10.42865,25.6236,38.42535,1559.77558,0.03733,96.71251,9.97235604939946,3.714965016880582,0.0
10.42621,25.64468,38.42782,1554.20846,0.08327,96.7186,9.897856401538684,3.6872119378487342,0.0
10.42378,25.66569,38.43206,1548.67234,0.12502,96.72467,9.821605544223672,3.658806487218091,0.0
10.42135,25.68662,38.43789,1543.16918,0.16244,96.73073,9.74393375013999,3.6298717002540193,0.0
10.41893,25.70747,38.44512,1537.7008,0.19544,96.73677,9.665164663818876,3.6005281430600102,0.0
10.41651,25.72826,38.45357,1532.26886,0.22393,96.7428,9.585613808850319,3.570893356475256,0.0
10.4141,25.74897,38.46303,1526.87486,0.24786,96.74882,9.505587287634892,3.541081371698011,0.0
10.4117,25.7696,38.47332,1521.52014,0.26717,96.75482,9.425380671918107,3.5112022969804397,0.0
10.4093,25.79016,38.48425,1516.20592,0.28182,96.76081,9.345278079419593,3.481361973648688,0.0
10.40691,25.81065,38.49563,1510.93323,0.2918,96.76678,9.265551429461253,3.451661698804796,0.0
10.40453,25.83107,38.50727,1505.70299,0.29711,96.77274,9.186459868469424,3.422198011311125,0.0
10.40215,25.85142,38.51899,1500.51595,0.29776,96.77868,9.108249354592903,3.393062537049651,0.0
10.39978,25.8717,38.5306,1495.37274,0.29378,96.78461,9.031152389457816,3.3643418889935925,0.0
10.39741,25.89191,38.54193,1490.27384,0.28521,96.79053,8.95538788421656,3.336117617307116,0.0
10.39505,25.91205,38.5528,1485.21962,0.27209,96.79643,8.881161146512422,3.308466204489314,0.0
10.3927,25.93212,38.56304,1480.2103,0.2545,96.80232,8.808663974770823,3.2814591005001787,0.0
10.39035,25.95212,38.57247,1475.24599,0.23252,96.8082,8.738074846216184,3.255162792801822,0.0
10.38801,25.97206,38.58094,1470.32668,0.20623,96.81406,8.669559185302624,3.2296389063559854,0.0
10.38567,25.99192,38.5883,1465.45226,0.17573,96.81991,8.603269699668926,3.2049443287760937,0.0
10.38334,26.01173,38.59438,1460.6225,0.14114,96.82574,8.5393467712861,3.1811313560400203,0.0
10.38102,26.03146,38.59904,1455.83706,0.10257,96.83156,8.477918891194008,3.158247854440917,0.0
10.3787,26.05114,38.60215,1451.09551,0.06014,96.83736,8.419103126972047,3.136337434732343,0.0
10.37638,26.07074,38.60357,1446.39732,0.01401,96.84315,8.363005612938304,3.1154396347403472,0.0
10.37408,26.09029,38.60317,1441.74187,-0.0357,96.84893,8.309722053910845,3.0955901070278045,0.0
10.37177,26.10977,38.60084,1437.12845,-0.08882,96.85469,8.259338234260275,3.0768208085298876,0.0
10.36948,26.12919,38.59645,1432.55626,-0.14521,96.86044,8.211930524813136,3.0591601893889204,0.0
10.36718,26.14855,38.58991,1428.02444,-0.20469,96.86618,8.167566381042537,3.042633378543497,0.0
10.3649,26.16784,38.58111,1423.53203,-0.2671,96.8719,8.126304826763187,3.0272623639176075,0.0
10.36262,26.18707,38.56997,1419.07801,-0.33227,96.87761,8.088196918333002,3.013066165347947,0.0
10.36034,26.20625,38.5564,1414.66126,-0.40001,96.8833,8.053286185084753,3.0000609986563,0.0
10.35807,26.22536,38.54032,1410.28064,-0.47014,96.88898,8.02160904237916,2.9882604295226796,0.0
10.3558,26.24442,38.52166,1405.93491,-0.54248,96.89465,7.993195174316214,2.977675516055369,0.0
10.35354,26.26341,38.50036,1401.62277,-0.61683,96.9003,7.968067883700014,2.968314939162029,0.0
10.35129,26.28235,38.47638,1397.34287,-0.69299,96.90594,7.946244407397306,2.96018512002905,0.0
10.34904,26.30123,38.44965,1393.0938,-0.77078,96.91156,7.927736195715654,2.953290324197276,0.0
10.34679,26.32005,38.42014,1388.87408,-0.84999,96.91717,7.9125491548534725,2.9476327518810197,0.0
10.34455,26.33881,38.38783,1384.6822,-0.93043,96.92277,7.900683851920077,2.9432126143434205,0.0
10.34232,26.35751,38.35268,1380.51659,-1.01188,96.92835,7.892135682369375,2.9400281962699064,0.0
10.34009,26.37616,38.31469,1376.37564,-1.09415,96.93392,7.886895000046595,2.93807590421402,0.0
10.33786,26.39475,38.27383,1372.25767,-1.17703,96.93948,7.8849472103979785,2.9373503013204805,0.0
10.33564,26.41329,38.23012,1368.16098,-1.26032,96.94502,7.886272827673681,2.937844128634769,0.0
10.33343,26.43177,38.18356,1364.08382,-1.3438,96.95055,7.890847497279593,2.939548313429773,0.0
10.33122,26.45019,38.13416,1360.02443,-1.42728,96.95607,7.89864198470164,2.942451965079793,0.0
10.32901,26.46856,38.08194,1355.98096,-1.51054,96.96157,7.909622132732456,2.946542359126354,0.0
10.32681,26.48687,38.02693,1351.95159,-1.59339,96.96706,7.923748789016643,2.951804910286911,0.0
10.32461,26.50513,37.96918,1347.93442,-1.67562,96.97254,7.9409777061875975,2.958223135253184,0.0
10.32242,26.52333,37.90871,1343.92756,-1.75703,96.978,7.9612594172220135,2.9657786062574387,0.0
10.32024,26.54148,37.84557,1339.92908,-1.83741,96.98345,7.984539088865879,2.974450896469804,0.0
10.31806,26.55957,37.77984,1335.93704,-1.91658,96.98889,8.010756356368452,2.9842175184323367,0.0
10.31588,26.57761,37.71156,1331.94948,-1.99432,96.99431,8.039845143009742,2.995053856828257,0.0
10.31371,26.59559,37.6408,1327.96443,-2.07046,96.99972,8.071733468252246,3.0069330970134236,0.0
10.31154,26.61352,37.56765,1323.97992,-2.1448,97.00512,8.106343248686526,3.0198261508633215,0.0
10.30938,26.63139,37.49218,1319.99396,-2.21715,97.01051,8.14359009620958,3.0337015815891992,0.0
10.30722,26.64921,37.41448,1316.00459,-2.28734,97.01588,8.183383118257813,3.0485255293195896,0.0
10.30507,26.66697,37.33464,1312.00984,-2.3552,97.02124,8.2256247251337,3.064261639324427,0.0
10.30293,26.68468,37.25277,1308.00775,-2.42054,97.02658,8.27021044981984,3.0808709948910336,0.0
10.30079,26.70233,37.16895,1303.99639,-2.4832,97.03192,8.317028785902647,3.09831205694644,0.0
10.29865,26.71993,37.08331,1299.97384,-2.54303,97.03724,8.36596104942436,3.1165406125936173,0.0
10.29652,26.73747,36.99595,1295.93821,-2.59988,97.04255,8.416881270680573,3.135509734803212,0.0
10.29439,26.75495,36.907,1291.88766,-2.65359,97.04784,8.46965612209744,3.1551697555459066,0.0
10.29227,26.77239,36.81656,1287.82038,-2.70404,97.05313,8.524144888319016,3.1754682546491684,0.0
10.29015,26.78976,36.72477,1283.73461,-2.7511,97.0584,8.58019948467202,3.196350066675857,0.0
10.28804,26.80708,36.63176,1279.62863,-2.79464,97.06366,8.637664529951127,3.2177573080386637,0.0
10.28594,26.82434,36.53765,1275.5008,-2.83456,97.0689,8.696377479333856,3.2396294265144028,0.0
10.28384,26.84155,36.44257,1271.34954,-2.87075,97.07414,8.756168822780863,3.2619032751533403,0.0
10.28174,26.8587,36.34667,1267.17333,-2.90314,97.07936,8.81686235388767,3.2845132124335406,0.0
10.27965,26.87579,36.25008,1262.97076,-2.93164,97.08457,8.878275513509294,3.307391230270076,0.0
10.27757,26.89282,36.15294,1258.74046,-2.95619,97.08977,8.940219811752952,3.330467111218416,0.0
10.27549,26.9098,36.05538,1254.4812,-2.97674,97.09495,9.002501331057585,3.35366861588479,0.0
10.27342,26.92672,35.95754,1250.19181,-2.99324,97.10013,9.064921312101104,3.3769217011920465,0.0
10.27135,26.94358,35.85957,1245.87125,-3.00567,97.10529,9.127276823105154,3.400150769713292,0.0
10.26929,26.96038,35.76161,1241.51857,-3.01402,97.11044,9.189361511929848,3.423278949846968,0.0
10.26723,26.97712,35.66378,1237.13295,-3.01828,97.11558,9.25096643892632,3.446228406076336,0.0
10.26518,26.99381,35.56623,1232.71368,-3.01848,97.1207,9.31188098718583,3.468920678061229,0.0
10.26314,27.01043,35.46909,1228.26016,-3.01463,97.12582,9.371893845290819,3.4912770467386665,0.0
10.2611,27.02699,35.37249,1223.77196,-3.00679,97.13092,9.430794056176932,3.513218925051563,0.0
10.25907,27.04349,35.27656,1219.24873,-2.99502,97.13601,9.488372124242925,3.5346682703762937,0.0
10.25704,27.05993,35.18141,1214.69029,-2.97938,97.14109,9.544421171406446,3.5555480151838927,0.0
10.25502,27.07631,35.08719,1210.09657,-2.95998,97.14616,9.59873813136701,3.5757825119344324,0.0
10.25301,27.09263,34.99399,1205.46766,-2.9369,97.15122,9.651124970157476,3.595297987764565,0.0
10.251,27.10889,34.90193,1200.80376,-2.91028,97.15626,9.701389919931293,3.6140230041057375,0.0
10.249,27.12508,34.81112,1196.10524,-2.88023,97.1613,9.749348712000135,3.6318889160231453,0.0
10.24701,27.14121,34.72166,1191.37257,-2.84692,97.16632,9.794825794523913,3.648830325837309,0.0
10.24502,27.15727,34.63363,1186.60639,-2.8105,97.17133,9.837655519777552,3.664785525412183,0.0
10.24304,27.17327,34.54714,1181.80744,-2.77115,97.17633,9.877683285762924,3.679696921435643,0.0
10.24106,27.18921,34.46225,1176.97661,-2.72904,97.18132,9.914766617152162,3.693511438099306,0.0
10.23909,27.20508,34.37904,1172.11491,-2.68439,97.1863,9.948776170932302,3.7061808917276235,0.0
10.23713,27.22088,34.29759,1167.22345,-2.63739,97.19126,9.979596652908988,3.717662332199626,0.0
10.23518,27.23662,34.21793,1162.30349,-2.58827,97.19622,10.007127632307464,3.7279183464092216,0.0
10.23323,27.2523,34.14014,1157.35638,-2.53725,97.20116,10.03128424298816,3.736917319486461,0.0
10.23129,27.2679,34.06424,1152.38356,-2.48458,97.20609,10.051997761438061,3.74463365011452,0.0
10.22935,27.28344,33.99028,1147.38659,-2.43049,97.21101,10.069216053467727,3.7510479169360997,0.0
10.22742,27.29892,33.91828,1142.3671,-2.37524,97.21592,10.082903883528967,3.756146993782396,0.0
10.2255,27.31432,33.84825,1137.3268,-2.31908,97.22081,10.093043082694816,3.759924112250061,0.0
10.22359,27.32966,33.78021,1132.26748,-2.26228,97.2257,10.099632573514107,3.7623788709601853,0.0
10.22168,27.34493,33.71417,1127.19098,-2.20509,97.23057,10.102688252172229,3.763517191660079,0.0
10.21979,27.36013,33.6501,1122.09921,-2.14777,97.23544,10.102242730590598,3.7633512231485433,0.0
10.21789,27.37527,33.588,1116.99411,-2.0906,97.24029,10.098344943161397,3.7618991947742066,0.0
10.21601,27.39033,33.52785,1111.87765,-2.03383,97.24513,10.091059624834552,3.7591852220091946,0.0
10.21413,27.40533,33.46961,1106.75186,-1.97772,97.24995,10.080466669055014,3.755239067263876,0.0
10.21226,27.42025,33.41325,1101.61873,-1.92254,97.25477,10.0666603756274,3.750095859696647,0.0
10.2104,27.43511,33.35872,1096.48032,-1.86853,97.25957,10.049748599955405,3.743795778283231,0.0
10.20855,27.4499,33.30597,1091.33865,-1.81595,97.26437,10.029851816159713,3.736383702803446,0.0
10.2067,27.46462,33.25495,1086.19575,-1.76503,97.26915,10.007102107412212,3.72790883771414,0.0
10.20486,27.47927,33.20559,1081.05361,-1.71602,97.27392,9.981642097295325,3.7184243140524162,0.0
10.20303,27.49385,33.15781,1075.91424,-1.66913,97.27868,9.95362383628151,3.7079867746199557,0.0
10.2012,27.50836,33.11154,1070.77957,-1.62458,97.28342,9.923207657349305,3.6966559476698753,0.0
10.19939,27.52281,33.06671,1065.65152,-1.58258,97.28815,9.890561014484007,3.684494214217682,0.0
10.19758,27.53718,33.02322,1060.53197,-1.54332,97.29288,9.855857317242453,3.671566173885973,0.0
10.19577,27.55148,32.98099,1055.42273,-1.507,97.29759,9.819274773893302,3.6579382139437695,0.0
10.19398,27.56572,32.93992,1050.32557,-1.47377,97.30228,9.780995254672412,3.64367808583922,0.0
10.19219,27.57989,32.89991,1045.2422,-1.4438,97.30697,9.741203185644553,3.6288544931339937,0.0
10.19041,27.59398,32.86088,1040.17425,-1.41724,97.31164,9.700084482572672,3.6135366943415277,0.0
10.18864,27.60801,32.8227,1035.12331,-1.39421,97.3163,9.657825532843418,3.5977941236674944,0.0
10.18687,27.62197,32.78528,1030.09086,-1.37485,97.32095,9.614612232322239,3.5816960322129883,0.0
10.18512,27.63587,32.74852,1025.07834,-1.35924,97.32559,9.57062908265585,3.5653111516959415,0.0
10.18337,27.64969,32.7123,1020.08709,-1.3475,97.33021,9.526058353298428,3.548707382283832,0.0
10.18163,27.66345,32.67652,1015.11838,-1.33968,97.33482,9.481079311258418,3.5319515056541064,0.0
10.17989,27.67714,32.64106,1010.1734,-1.33586,97.33942,9.435867520464383,3.515108923989518,0.0
10.17816,27.69077,32.60583,1005.25326,-1.33608,97.34401,9.390594211443446,3.498243425166767,0.0
10.17644,27.70433,32.57071,1000.35897,-1.34038,97.34858,9.345425721105997,3.4814169740615606,0.0
10.17473,27.71782,32.53559,995.49147,-1.34878,97.35314,9.300523001452218,3.464689529528868,0.0
