0.04622,0.04622,51.03354,4879.85549,-0.30467,45.00009,16.571024436423553,6.173142612461574,0.0
0.09235,0.09235,51.00715,4870.64563,-0.10874,45.00019,16.569941183681845,6.172739072313192,0.0
0.1384,0.1384,51.00576,4861.40322,0.08676,45.00031,16.51037744589742,6.15055001277223,0.0
0.18436,0.18436,51.02914,4852.16085,0.28081,45.00044,16.393676231330105,6.10707573975215,0.0
0.23023,0.23023,51.07696,4842.95037,0.4724,45.0006,16.222046360917123,6.043139097169641,0.0
0.27601,0.27602,51.14875,4833.80241,0.66059,45.00077,15.998481234131892,5.9598552050896325,0.0
0.32171,0.32171,51.24394,4824.74598,0.84446,45.00096,15.72665487449465,5.858592733942791,0.0
0.36731,0.36732,51.36183,4815.80809,1.02318,45.00116,15.410801195974749,5.740928928083679,0.0
0.41283,0.41284,51.50165,4807.01347,1.19599,45.00138,15.05558295304433,5.6086007862376235,0.0
0.45826,0.45827,51.66253,4798.38431,1.3622,45.00163,14.665956861140396,5.46345481532394,0.0
0.5036,0.50362,51.84354,4789.94019,1.52122,45.00189,14.247040950854243,5.30739761640138,0.0
0.54887,0.54889,52.04367,4781.69791,1.67255,45.00217,13.803989436158155,5.142349269790145,0.0
0.59405,0.59408,52.26188,4773.67155,1.81578,45.00248,13.341879345830785,4.970201102294954,0.0
0.6391,0.63923,52.49496,4765.87603,1.91687,45.1245,12.869438020646212,4.794204277984305,30.999999471197007
0.68398,0.68441,52.73981,4758.32079,2.01061,45.24235,12.394404878140827,4.617241933526837,30.999999471197007
0.7287,0.7296,52.99548,4751.00826,2.09696,45.35599,11.919911707926152,4.440480742955183,30.999999471197007
0.77325,0.7748,53.26103,4743.93921,2.17593,45.46543,11.44878525636939,4.2649737436673005,30.999999471197007
0.81765,0.82002,53.53553,4737.1129,2.24757,45.5707,10.983522882463479,4.09165126759753,30.999999471197007
0.86191,0.86525,53.81806,4730.5273,2.31198,45.67183,10.52629475508366,3.9213217597524777,30.999999471197007
0.90602,0.91049,54.10773,4724.17918,2.36926,45.7689,10.078952852854195,3.75467513089817,30.999999471197007
0.94999,0.95574,54.40366,4718.06437,2.41959,45.862,9.643045367932125,3.592288123348493,30.999999471197007
0.99384,1.001,54.705,4712.17786,2.46312,45.95122,9.21983518604069,3.4346311952638784,30.999999471197007
1.03755,1.04626,55.01093,4706.51394,2.50006,46.03667,8.810321229148782,3.2820764713609543,30.999999471197007
1.08115,1.09154,55.32064,4701.06638,2.53062,46.11847,8.415261588525768,3.134906360584145,30.999999471197007
1.12463,1.13682,55.63338,4695.82854,2.555,46.19675,8.035197530741398,2.9933224989722604,30.999999471197007
1.168,1.18211,55.9484,4690.79346,2.57345,46.27164,7.6704776169241855,2.857454734716867,30.999999471197007
1.21126,1.22741,56.265,4685.95398,2.58619,46.34328,7.32128132777473,2.7273699291013616,30.999999471197007
1.25442,1.27271,56.5825,4681.30282,2.59346,46.41181,6.987641727872783,2.6030803995516814,30.999999471197007
1.29749,1.31801,56.90026,4676.83266,2.59551,46.47736,6.66946682891426,2.484551878004197,30.999999471197007
1.34046,1.36332,57.21767,4672.5362,2.59256,46.54007,6.366559420930887,2.3717108985568203,30.999999471197007
1.38334,1.40863,57.53413,4668.4062,2.58485,46.60007,6.0786352327372075,2.264451562713344,30.999999471197007
1.42614,1.45395,57.84911,4664.43557,2.57262,46.65751,5.805339358233246,2.162641658613386,30.999999471197007
1.46886,1.49927,58.16206,4660.61736,2.55607,46.71252,5.546260945088648,2.0661281329537124,30.999999471197007
1.51149,1.54459,58.47249,4656.94481,2.53544,46.76521,5.300946188205172,1.9747419313948977,30.999999471197007
1.55405,1.58991,58.77994,4653.41136,2.51093,46.81572,5.068909704090413,1.888302235814814,30.999999471197007
1.59654,1.63524,59.08395,4650.01068,2.48276,46.86416,4.849644385696804,1.8066201354954519,30.999999471197007
1.63896,1.68057,59.3841,4646.73668,2.4511,46.91065,4.642629852150882,1.7295017748694028,30.999999471197007
1.68132,1.72591,59.68,4643.58351,2.41616,46.95531,4.447339615847839,1.6567510234511522,30.999999471197007
1.72361,1.77124,59.97126,4640.54558,2.37812,46.99822,4.2632470920522,1.588171714571458,30.999999471197007
1.76584,1.81658,60.25755,4637.61752,2.33714,47.03951,4.089830574701058,1.523569498994974,30.999999471197007
1.80801,1.86192,60.53852,4634.79424,2.2934,47.07926,3.926577297707141,1.4627533578625043,30.999999471197007
1.85013,1.90726,60.81385,4632.07087,2.24705,47.11757,3.772986694585564,1.405536816987732,30.999999471197007
1.89219,1.9526,61.08327,4629.44278,2.19823,47.15452,3.628572961361439,1.3517389016077392,30.999999471197007
1.93419,1.99795,61.34648,4626.90557,2.14711,47.19021,3.492867019152206,1.3011848674965647,30.999999471197007
1.97615,2.04329,61.60323,4624.45508,2.0938,47.2247,3.365417963893115,1.2537067410260887,30.999999471197007
2.01806,2.08864,61.85327,4622.08733,2.03844,47.25807,3.2457940817881754,1.2091436974482317,30.999999471197007
2.05992,2.134,62.09638,4619.79858,1.98114,47.2904,3.133583500459176,1.1673423034650945,30.999999471197007
2.10173,2.17935,62.33233,4617.58525,1.92204,47.32175,3.028394537572366,1.1281566471015732,30.999999471197007
2.1435,2.22471,62.56093,4615.44398,1.86123,47.35219,2.929855801105982,1.0914483750576487,30.999999471197007
2.18523,2.27007,62.78198,4613.37155,1.79882,47.38177,2.8376160883760604,1.0570866550928457,30.999999471197007
2.22692,2.31543,62.99531,4611.36492,1.7349,47.41057,2.7513441245644255,1.0249480786210288,30.999999471197007
2.26857,2.36079,63.20076,4609.42122,1.66958,47.43862,2.6707281757404857,0.9949165165508393,30.999999471197007
2.31017,2.40616,63.39816,4607.53771,1.60295,47.46599,2.595475566232438,0.9668829394937697,30.999999471197007
2.35174,2.45153,63.58737,4605.71179,1.53508,47.49272,2.525312125671767,0.9407452117736923,30.999999471197007
2.39327,2.4969,63.76826,4603.94098,1.46605,47.51886,2.4599815870453834,0.9164078671854394,30.999999471197007
2.43477,2.54228,63.9407,4602.22293,1.39595,47.54446,2.399244953607368,0.893781873152774,30.999999471197007
2.47623,2.58766,64.10457,4600.55539,1.32484,47.56955,2.3428798494904592,0.8727843888140797,30.999999471197007
2.51766,2.63304,64.25977,4598.93623,1.25281,47.59418,2.290679866252948,0.8533385215938871,30.999999471197007
2.55905,2.67842,64.40619,4597.36339,1.1799,47.61839,2.2424539153797953,0.8353730859925025,30.999999471197007
2.60041,2.72381,64.54374,4595.83491,1.10619,47.64221,2.198025594847618,0.8188223676147993,30.999999471197007
2.64174,2.76921,64.67234,4594.34891,1.03173,47.66568,2.157232576272094,0.8036258948665006,30.999999471197007
2.68304,2.81461,64.7919,4592.90357,0.95659,47.68883,2.1199260178046515,0.7897282202427486,30.999999471197007
2.7243,2.86001,64.90235,4591.49716,0.88082,47.7117,2.0859700068148963,0.777078712712645,30.999999471197007
2.76554,2.90541,65.00362,4590.12799,0.80447,47.73431,2.0552410354720494,0.7656313623595378,30.999999471197007
2.80675,2.95082,65.09567,4588.79441,0.7276,47.7567,2.0276275115629554,0.7553445981478591,30.999999471197007
2.84792,2.99624,65.17842,4587.49485,0.65025,47.7789,2.003029306266536,0.7461811194572091,30.999999471197007
2.88907,3.04166,65.25184,4586.22776,0.57248,47.80094,1.9813573401027662,0.7381077418374569,30.999999471197007
2.93019,3.08709,65.31588,4584.99161,0.49433,47.82284,1.962533207869635,0.7310952572878876,30.999999471197007
2.97128,3.13252,65.3705,4583.78494,0.41585,47.84462,1.9464888430729308,0.7251183092484708,30.999999471197007
3.01234,3.17795,65.41567,4582.60628,0.33708,47.86633,1.9331662221176615,0.7201552824033787,30.999999471197007
3.05338,3.2234,65.45137,4581.45418,0.25807,47.88797,1.9225171083387684,0.7161882073256942,30.999999471197007
3.09439,3.26885,65.47757,4580.32723,0.17886,47.90959,1.9145028358347176,0.7132026799497346,30.999999471197007
3.13537,3.3143,65.49426,4579.22399,0.0995,47.93119,1.9090941329548567,0.7111877958154489,30.999999471197007
3.17632,3.35976,65.50143,4578.14307,0.02002,47.95282,1.906270985251869,0.7101360990145994,30.999999471197007
3.21725,3.40523,65.49906,4577.08303,-0.05953,47.97448,1.9060225376538165,0.7100435457472748,30.999999471197007
3.25815,3.4507,65.48716,4576.04245,-0.13911,47.99622,1.9083470355972278,0.7109094823924176,30.999999471197007
3.29903,3.49619,65.46573,4575.01989,-0.21867,48.01805,1.9132518048438456,0.7127366379890284,30.999999471197007
3.33988,3.54167,65.43478,4574.01391,-0.29818,48.03999,1.9207532696916414,0.7155311310202513,30.999999471197007
3.3807,3.58717,65.39433,4573.02302,-0.37759,48.06208,1.9308770092721226,0.7193024903856002,30.999999471197007
3.42149,3.63268,65.34438,4572.04573,-0.45687,48.08433,1.9436578516016962,0.7240636904375671,30.999999471197007
3.46226,3.67819,65.28497,4571.08048,-0.53595,48.10679,1.9591400050082588,0.7298311999414845,30.999999471197007
3.50301,3.72371,65.21612,4570.12571,-0.61481,48.12946,1.9773772264820073,0.7366250447906321,30.999999471197007
3.54372,3.76924,65.13786,4569.1798,-0.69339,48.15237,1.9984330264148018,0.7444688842770371,30.999999471197007
3.58441,3.81478,65.05024,4568.24109,-0.77166,48.17557,2.0223809090296667,0.7533901006577881,30.999999471197007
3.62507,3.86033,64.95331,4567.30783,-0.84955,48.19907,2.049304647638246,0.7634199016956816,30.999999471197007
3.66571,3.90588,64.84711,4566.37826,-0.92703,48.2229,2.079298593611223,0.7745934357588307,30.999999471197007
3.70631,3.95145,64.73169,4565.45051,-1.00404,48.24709,2.112468017623333,0.7869499189434124,30.999999471197007
3.74689,3.99703,64.60713,4564.52266,-1.08053,48.27168,2.148929481353408,0.8005327735417145,30.999999471197007
3.78744,4.04261,64.47348,4563.59269,-1.15645,48.2967,2.188811237325332,0.81538977699341,30.999999471197007
3.82797,4.08821,64.33084,4562.65851,-1.23174,48.32218,2.2322536539631006,0.8315732202297536,30.999999471197007
3.86846,4.13382,64.17927,4561.71791,-1.30634,48.34815,2.279409662218001,0.8491400740539543,30.999999471197007
3.90893,4.17944,64.01888,4560.76861,-1.38018,48.37466,2.3304452192338094,0.8681521618686648,30.999999471197007
3.94936,4.22507,63.84975,4559.80819,-1.45322,48.40175,2.3855397834760357,0.8886763366741239,30.999999471197007
3.98976,4.27071,63.67199,4558.83411,-1.52537,48.42944,2.4448867945025543,0.9107846597953406,30.999999471197007
4.03014,4.31636,63.48573,4557.84371,-1.59658,48.45779,2.508694149100089,0.9345545782554633,30.999999471197007
4.07048,4.36203,63.29107,4556.8342,-1.66676,48.48684,2.577184663803194,0.9600690970762692,30.999999471197007
4.11078,4.40771,63.08815,4555.80262,-1.73584,48.51664,2.6505965118329473,0.9874169420493244,30.999999471197007
4.15106,4.4534,62.87711,4554.74587,-1.80374,48.54724,2.729183620220318,1.0166927076748875,30.999999471197007
4.1913,4.49911,62.6581,4553.66069,-1.87037,48.57869,2.8132160102619688,1.047996983990653,30.999999471197007
4.2315,4.54483,62.43129,4552.54361,-1.93565,48.61103,2.9029800614971877,1.081436454910105,30.999999471197007
4.27167,4.59056,62.19685,4551.391,-1.99948,48.64435,2.998778676039189,1.1171239594402498,30.999999471197007
4.31181,4.63631,61.95495,4550.19904,-2.06176,48.67868,3.100931316358401,1.1551785057568864,30.999999471197007
4.3519,4.68207,61.70581,4548.96366,-2.12238,48.7141,3.2097738854483606,1.1957252265632454,30.999999471197007
4.39195,4.72785,61.44963,4547.68061,-2.18124,48.75067,3.3256584137458853,1.2388952624595206,30.999999471197007
4.43196,4.77364,61.18663,4546.3454,-2.23822,48.78847,3.448952512224395,1.2848255582057375,30.999999471197007
4.47193,4.81945,60.91705,4544.95329,-2.2932,48.82757,3.5800385457605564,1.33365855477908,30.999999471197007
4.51186,4.86527,60.64114,4543.4993,-2.34605,48.86804,3.7193124753083526,1.3855417580532663,30.999999471197007
4.55174,4.91111,60.35918,4541.97819,-2.39663,48.90998,3.867182311619792,1.4406271627688285,30.999999471197007
4.59157,4.95697,60.07144,4540.38447,-2.44481,48.95347,4.024066117467073,1.4990705083083045,30.999999471197007
4.63136,5.00284,59.77824,4538.71233,-2.49043,48.9986,4.190389489684726,1.561030340690683,30.999999471197007
4.67109,5.04874,59.4799,4536.95575,-2.53335,49.04546,4.366582447157255,1.6266668532649198,30.999999471197007
4.71077,5.09465,59.17675,4535.10837,-2.57339,49.09416,4.553075646462036,1.6961404769373436,30.999999471197007
4.75039,5.14058,58.86915,4533.16358,-2.61039,49.1448,4.750295843696639,1.7696101895829284,30.999999471197007
4.78996,5.18653,58.5575,4531.11448,-2.64418,49.19749,4.958660519527659,1.847231513734558,30.999999471197007
4.82946,5.2325,58.24219,4528.9539,-2.67456,49.25235,5.178571585444706,1.9291541719970404,30.999999471197007
4.8689,5.27849,57.92364,4526.67439,-2.70136,49.30948,5.410408093196453,2.0155193711202077,30.999999471197007
4.90828,5.3245,57.60231,4524.26828,-2.72436,49.36902,5.654517877361224,2.106456688636564,30.999999471197007
4.94759,5.37053,57.27867,4521.72763,-2.74338,49.43109,5.911208073856787,2.20208054075671,30.999999471197007
4.98682,5.41658,56.95322,4519.04431,-2.7582,49.49582,6.180734475906963,2.302486217186844,30.999999471197007
5.02598,5.46265,56.62647,4516.21001,-2.76861,49.56333,6.463289714615574,2.4077454780815697,30.999999471197007
5.06506,5.50875,56.29897,4513.21626,-2.7744,49.63376,6.7589902847819605,2.517901720818803,30.999999471197007
5.10406,5.55487,55.97129,4510.05452,-2.77536,49.70725,7.067862478852503,2.632964740026618,30.999999471197007
5.14298,5.60101,55.64404,4506.7162,-2.77126,49.78392,7.389827343522439,2.7529051235216033,30.999999471197007
5.1818,5.64718,55.31782,4503.19273,-2.76189,49.86393,7.724684834796211,2.8776483496519383,30.999999471197007
5.22053,5.69336,54.99329,4499.47564,-2.74704,49.94739,8.072097417997705,3.0070686778697007,30.999999471197007
5.25915,5.73958,54.67112,4495.55662,-2.7265,50.03443,8.43157343843634,3.1409829538664344,30.999999471197007
5.29768,5.78582,54.35199,4491.42765,-2.70008,50.12519,8.802450674220497,3.2791444825634053,30.999999471197007
5.3361,5.83208,54.03661,4487.08108,-2.66759,50.21978,9.183880572430496,3.4212371556712617,30.999999471197007
5.3744,5.87837,53.72573,4482.50973,-2.62886,50.3183,9.5748137591967,3.566870053812875,30.999999471197007
5.41259,5.92469,53.42008,4477.70704,-2.58373,50.42086,9.973987498122469,3.715572774455902,30.999999471197007
5.45066,5.97103,53.12043,4472.66718,-2.53206,50.52755,10.37991584316781,3.8667917636028535,30.999999471197007
5.48859,6.0174,52.82755,4467.38516,-2.47376,50.63843,10.7908832841256,4.0198879485637855,30.999999471197007
5.5264,6.06379,52.54223,4461.85701,-2.40874,50.75356,11.204942706548922,4.174135977975557,30.999999471197007
5.56406,6.11021,52.26524,4456.07989,-2.33695,50.87297,11.619918474963953,4.328725370379752,30.999999471197007
5.60158,6.15665,51.99738,4450.05224,-2.25839,50.99668,12.033415390058668,4.482763851011159,30.999999471197007
5.63895,6.20313,51.73942,4443.77387,-2.17308,51.12468,12.442834160556895,4.6352831154779315,30.999999471197007
5.67616,6.24962,51.49213,4437.24615,-2.08109,51.25692,12.845393864070056,4.785247197019852,30.999999471197007
5.71322,6.29614,51.25627,4430.47202,-1.98255,51.39335,13.23816164750179,4.93156353069052,30.999999471197007
5.75011,6.34269,51.03255,4423.45617,-1.87763,51.53387,13.618089639889641,5.073096704362103,30.999999471197007
5.78683,6.38926,50.82169,4416.20504,-1.76654,51.67835,13.982058727538789,5.208684766114467,30.999999471197007
5.82337,6.43586,50.62436,4408.72691,-1.64955,51.82663,14.326928486950564,5.337157825564838,30.999999471197007
5.85973,6.48248,50.44117,4401.03185,-1.52699,51.97853,14.649592205039273,5.457358550346258,30.999999471197007
5.8959,6.52912,50.27271,4393.13175,-1.39924,52.13383,14.947035561795378,5.568164026943634,30.999999471197007
5.93189,6.57578,50.11951,4385.04024,-1.26672,52.29228,15.216397234955764,5.668508337528046,30.999999471197007
5.96768,6.62246,49.98204,4376.77262,-1.12992,52.45359,15.455029436197975,5.757405111281867,30.999999471197007
6.00327,6.66916,49.86071,4368.34571,-0.98934,52.61746,15.660556229187538,5.833969249405863,30.999999471197007
6.03867,6.71588,49.75587,4359.77771,-0.84555,52.78355,15.830927431584142,5.897437005034722,30.999999471197007
6.07386,6.76262,49.66778,4351.08801,-0.69914,52.95152,15.964465978616794,5.947183627415021,30.999999471197007
6.10884,6.80937,49.59664,4342.29697,-0.55074,53.121,16.05990682825844,5.982737855106421,30.999999471197007
6.14362,6.85613,49.54259,4333.4257,-0.40098,53.29159,16.116425809986033,6.003792662903861,30.999999471197007
6.17818,6.90291,49.50567,4324.49583,-0.25053,53.46292,16.133657242587276,6.010211824934101,30.999999471197007
6.21254,6.94969,49.48584,4315.52919,-0.10006,53.63457,16.11169964455232,6.002032041926905,30.999999471197007
6.24669,6.99649,49.48301,4306.54764,0.04978,53.80617,16.051109399204574,5.979460581309568,30.999999471197007
6.28063,7.04329,49.49699,4297.57274,0.19834,53.9773,15.952882778552238,5.942868580618638,30.999999471197007
6.31435,7.0901,49.52754,4288.62556,0.34496,54.1476,15.818427237726665,5.892780353922917,30.999999471197007
6.34787,7.13692,49.57434,4279.72643,0.48905,54.31669,15.649523332375061,5.829859205050229,30.999999471197007
6.38118,7.18374,49.63699,4270.89475,0.63001,54.48421,15.44827895788312,5.754890380493809,30.999999471197007
6.41429,7.23056,49.71506,4262.14878,0.76729,54.64985,15.217077844176575,5.668761882370703,30.999999471197007
6.44719,7.27738,49.80804,4253.50556,0.90039,54.81328,14.958524355657888,5.57244390494578,30.999999471197007
6.4799,7.3242,49.91539,4244.98072,1.02883,54.97423,14.675386644637015,5.466967657788969,30.999999471197007
6.5124,7.37102,50.0365,4236.58844,1.15221,55.13244,14.370540099580182,5.35340429875996,30.999999471197007
6.54472,7.41783,50.17075,4228.34136,1.27014,55.28769,14.046912834321494,5.232844627305274,30.999999471197007
6.57685,7.46465,50.31745,4220.25059,1.38231,55.43977,13.707434703253162,5.106380091275116,30.999999471197007
6.60879,7.51146,50.47593,4212.32566,1.48844,55.58851,13.354991024327395,4.975085547523966,30.999999471197007
6.64055,7.55826,50.64546,4204.57461,1.58831,55.73379,12.992381870290464,4.84000409682416,30.999999471197007
6.67213,7.60506,50.82531,4197.00396,1.68174,55.87548,12.622287470016222,4.702134194952274,30.999999471197007
6.70354,7.65185,51.01473,4189.61883,1.7686,56.0135,12.247239963880588,4.562419130822962,30.999999471197007
6.73479,7.69863,51.21297,4182.423,1.8488,56.14779,11.869601493043149,4.421738864169843,30.999999471197007
6.76587,7.74541,51.41928,4175.419,1.92231,56.27832,11.49154838100963,4.280904132761317,30.999999471197007
6.79679,7.79218,51.6329,4168.6082,1.9891,56.40508,11.115060991196566,4.140652674076541,30.999999471197007
6.82756,7.83894,51.8531,4161.99091,2.0492,56.52808,10.741918716944523,4.001647358953535,30.999999471197007
6.85818,7.88569,52.07913,4155.5665,2.10267,56.64733,10.373699478202571,3.864476004090895,30.999999471197007
6.88866,7.93244,52.31027,4149.33349,2.14959,56.76289,10.011783057093995,3.7296526146338027,30.999999471197007
6.919,7.97917,52.5458,4143.28967,2.19006,56.87482,9.657357596908586,3.597619805219633,30.999999471197007
6.94921,8.0259,52.78504,4137.43219,2.22421,56.98317,9.311428609026754,3.4687521552941867,30.999999471197007
6.97928,8.07262,53.0273,4131.75763,2.25218,57.08804,8.974829873224074,3.343360269761933,30.999999471197007
7.00923,8.11933,53.27193,4126.26212,2.27415,57.18952,8.648235672296066,3.2216953367056487,30.999999471197007
7.03906,8.16604,53.51829,4120.94143,2.29026,57.28769,8.332173866545807,3.103953997977071,30.999999471197007
7.06877,8.21273,53.76577,4115.79099,2.30071,57.38267,8.027039382448836,2.99028337407948,30.999999471197007
7.09837,8.25942,54.01377,4110.80605,2.30569,57.47456,7.733107758980813,2.8807861105311763,30.999999471197007
7.12785,8.3061,54.26173,4105.98163,2.30539,57.56348,7.450548461879707,2.7755253377784634,30.999999471197007
7.15723,8.35277,54.50909,4101.31267,2.29999,57.64953,7.179437738068013,2.6745294598061493,30.999999471197007
7.18651,8.39943,54.75534,4096.79404,2.28971,57.73283,6.919770838715583,2.577796707550054,30.999999471197007
7.21569,8.44609,54.99996,4092.42056,2.27474,57.81349,6.671473488737301,2.485299411586677,30.999999471197007
7.24478,8.49274,55.24248,4088.18707,2.25528,57.89164,6.434412523015455,2.3969879644058865,30.999999471197007
7.27377,8.53939,55.48244,4084.08845,2.23152,57.96738,6.208405645247449,2.312794455838459,30.999999471197007
7.30268,8.58603,55.71941,4080.11964,2.20366,58.04083,5.993230294337688,2.232635976020352,30.999999471197007
7.33149,8.63266,55.95297,4076.27568,2.17188,58.11209,5.788631626505438,2.156417588937898,30.999999471197007
7.36023,8.67929,56.18272,4072.55169,2.13637,58.18127,5.594329639028883,2.084034986209906,30.999999471197007
7.38888,8.72592,56.4083,4068.94292,2.09731,58.24848,5.4100254748513015,2.0153768357193442,30.999999471197007
7.41745,8.77253,56.62934,4065.44474,2.05489,58.31383,5.235406956513605,1.9503268431488194,30.999999471197007
7.44595,8.81915,56.84551,4062.05265,2.00925,58.3774,5.070153403905516,1.8887655467196511,30.999999471197007
7.47437,8.86576,57.0565,4058.7623,1.96058,58.4393,4.913939793681997,1.8305718666839348,30.999999471197007
7.50272,8.91236,57.26199,4055.56948,1.90904,58.49961,4.766440319372722,1.7756244315589897,30.999999471197007
7.531,8.95897,57.46171,4052.4701,1.85477,58.55844,4.62733141077782,1.7238027029317187,30.999999471197007
7.55921,9.00557,57.65539,4049.46024,1.79792,58.61586,4.496294269558514,1.6749879200328397,30.999999471197007
7.58736,9.05216,57.84278,4046.5361,1.73865,58.67196,4.373016975312594,1.6290638843054084,30.999999471197007
7.61544,9.09876,58.02364,4043.69403,1.67708,58.72683,4.257196213251487,1.5859176030099895,30.999999471197007
7.64346,9.14535,58.19774,4040.93049,1.61335,58.78053,4.14853867097981,1.545439809561789,30.999999471197007
7.67143,9.19193,58.36554,4038.2406,1.56004,58.78822,4.046384824230231,1.507384813818098,0.0
7.69938,9.23849,58.52748,4035.61988,1.50451,58.79595,3.9501315674750397,1.4715279431011832,0.0
7.72731,9.28502,58.68334,4033.06565,1.44688,58.80372,3.8595902157335846,1.4377989072911515,0.0
7.75521,9.33153,58.83292,4030.57526,1.38727,58.81151,3.7745750524573425,1.4061285220871804,0.0
7.78309,9.37802,58.97602,4028.14618,1.32581,58.81934,3.6949060088232186,1.376449707114772,0.0
7.81095,9.42449,59.11247,4025.7759,1.2626,58.8272,3.620409497778137,1.3486977966293054,0.0
7.83878,9.47093,59.24209,4023.46202,1.19774,58.83509,3.5509190965043795,1.3228107937523326,0.0
7.8666,9.51736,59.36473,4021.20218,1.13136,58.84301,3.486276097309867,1.2987295756927026,0.0
7.89439,9.56377,59.48023,4018.99408,1.06354,58.85097,3.426329945163389,1.2763980567399495,0.0
7.92215,9.61017,59.58848,4016.8355,0.9944,58.85896,3.370938578385919,1.2557633151807677,0.0
7.9499,9.65654,59.68933,4014.72423,0.92402,58.86699,3.319968687303002,1.236775689653834,0.0
7.97763,9.7029,59.78267,4012.65815,0.85249,58.87505,3.273295904129615,1.2193888498869137,0.0
8.00534,9.74924,59.8684,4010.63517,0.77992,58.88314,3.2308049358541298,1.203559846199634,0.0
8.03302,9.79557,59.94641,4008.65322,0.70639,58.89127,3.1923896505285896,1.1892491416488813,0.0
8.06069,9.84188,60.01663,4006.71029,0.63199,58.89944,3.1579531260954203,1.1764206302180364,0.0
8.08834,9.88818,60.07897,4004.80438,0.5568,58.90763,3.127407669722103,1.1650416440196483,0.0
8.11596,9.93446,60.13336,4002.93354,0.4809,58.91586,3.1006748145396457,1.1550829520804307,0.0
8.14357,9.98073,60.17975,4001.09582,0.40439,58.92413,3.0776852997080595,1.1465187529151248,0.0
8.17116,10.02698,60.21806,3999.28929,0.32733,58.93243,3.058379038836664,1.1393266627622343,0.0
8.19873,10.07322,60.24827,3997.51204,0.24981,58.94077,3.042705080973773,1.1334877010516557,0.0
8.22628,10.11945,60.27034,3995.76214,0.1719,58.94914,3.0306215676288843,1.1289862743943138,0.0
8.25382,10.16566,60.28423,3994.0377,0.09369,58.95754,3.0220956886010515,1.1258101601270678,0.0
8.28133,10.21186,60.28993,3992.3368,0.01525,58.96598,3.0171036387484573,1.1239504902082398,0.0
8.30883,10.25805,60.28742,3990.65751,-0.06334,58.97446,3.015630577223661,1.123401736031672,0.0
8.3363,10.30423,60.27669,3988.99791,-0.14201,58.98297,3.0176705901416696,1.1241616945196005,0.0
8.36376,10.3504,60.25776,3987.35603,-0.22067,58.99151,3.0232266570869424,1.126231475645634,0.0
8.3912,10.39655,60.23063,3985.7299,-0.29926,59.00009,3.032310621336333,1.1296154913420162,0.0
8.41863,10.4427,60.19531,3984.11751,-0.3777,59.0087,3.0449431631277806,1.1343214455415092,0.0
8.44603,10.48883,60.15185,3982.51683,-0.4559,59.01735,3.0611537747936945,1.1403603249139251,0.0
8.47342,10.53495,60.10026,3980.92578,-0.53379,59.02604,3.08098073598533,1.147746389636555,0.0
8.50079,10.58106,60.0406,3979.34224,-0.6113,59.03476,3.1044710866798795,1.1564971633385994,0.0
8.52814,10.62716,59.97291,3977.76403,-0.68833,59.04351,3.131680595025392,1.1666334211225544,0.0
8.55547,10.67325,59.89726,3976.18894,-0.76482,59.0523,3.162673716455538,1.1781791743333878,0.0
8.58279,10.71932,59.81371,3974.61468,-0.84067,59.06112,3.1975235398062734,1.191161650485575,0.0
8.61008,10.76539,59.72234,3973.0389,-0.9158,59.06998,3.2363117154342587,1.2056112664853231,0.0
8.63736,10.81144,59.62324,3971.45919,-0.99013,59.07887,3.279128359529761,1.2215615929846058,0.0
8.66463,10.85749,59.51649,3969.87306,-1.06357,59.08779,3.326071927963959,1.239049307385967,0.0
8.69187,10.90352,59.40221,3968.27793,-1.13602,59.09675,3.3772490520795886,1.2581141326702152,0.0
8.71909,10.94954,59.28051,3966.67116,-1.2074,59.10575,3.432774327835483,1.2787987588472178,0.0
8.7463,10.99555,59.1515,3965.04999,-1.2776,59.11477,3.492770048657914,1.3011487434359936,0.0
8.77349,11.04155,59.01533,3963.41159,-1.34654,59.12383,3.5573658712234444,1.3252123869600356,0.0
8.80066,11.08754,58.87214,3961.75301,-1.4141,59.13293,3.6266984022119613,1.3510405790019393,0.0
8.82781,11.13351,58.72208,3960.07121,-1.48018,59.14205,3.7009106928478968,1.3786866099067099,0.0
8.85494,11.17948,58.56532,3958.36304,-1.54469,59.15121,3.780151626777626,1.408205942749987,0.0
8.88205,11.22543,58.40203,3956.62523,-1.6075,59.1604,3.864575185588345,1.4396559397245001,0.0
8.90914,11.27136,58.2324,3954.85441,-1.6685,59.16962,3.954339575024354,1.473095536632645,0.0
8.93621,11.31729,58.05664,3953.04708,-1.72757,59.17888,4.049606193800092,1.508584858742206,0.0
8.96327,11.3632,57.87496,3951.19961,-1.7846,59.18817,4.150538425860029,1.5461847708713883,0.0
8.9903,11.4091,57.68757,3949.30827,-1.83946,59.19748,4.257300236076937,1.5859563542494746,0.0
9.01731,11.45498,57.49473,3947.36919,-1.89201,59.20683,4.3700545487515665,1.6279603024652918,0.0
9.0443,11.50085,57.29668,3945.37838,-1.94214,59.21621,4.488961388051862,1.6722562287318874,0.0
9.07127,11.5467,57.09369,3943.33173,-1.98969,59.22562,4.614175759695804,1.7189018767576556,0.0
9.09822,11.59254,56.88604,3941.225,-2.03455,59.23506,4.745845253970813,1.767952227807995,0.0
9.12515,11.63836,56.67403,3939.05387,-2.07655,59.24453,4.884107351658628,1.8194584970914398,0.0
9.15205,11.68416,56.45796,3936.81386,-2.11555,59.25403,5.029086416782438,1.8734670134788425,0.0
9.17894,11.72994,56.23816,3934.50043,-2.15142,59.26355,5.18089036347372,1.9300179778235704,0.0
9.20579,11.77571,56.01496,3932.10892,-2.18399,59.2731,5.339606988805203,1.9891440968452938,0.0
9.23263,11.82145,55.78874,3929.63461,-2.21312,59.28268,5.505299969397558,2.050869091760647,0.0
9.25944,11.86718,55.55984,3927.07269,-2.23865,59.29229,5.678004527027986,2.1152060836083773,0.0
9.28623,11.91288,55.32867,3924.41832,-2.26042,59.30192,5.857722777659737,2.1821558606404703,0.0
9.31296,11.95858,55.09495,3921.66817,-2.29147,59.36878,6.044998809086741,2.2519211098759744,25.999999556487815
9.33963,12.00428,54.8584,3918.81852,-2.31886,59.43754,6.240420604332679,2.3247208704619777,25.999999556487815
9.36622,12.04998,54.61941,3915.86387,-2.34243,59.5083,6.444016075517086,2.4005655403974173,25.999999556487815
9.39274,12.09568,54.3784,3912.79866,-2.36201,59.58114,6.655767166413369,2.479448393262801,25.999999556487815
9.41917,12.14139,54.13578,3909.61733,-2.37743,59.65614,6.875606599720451,2.561344366493304,25.999999556487815
9.44553,12.1871,53.89201,3906.31433,-2.38855,59.73338,7.103411397670627,2.646207647634716,25.999999556487815
9.4718,12.23281,53.64754,3902.88414,-2.3952,59.81294,7.338996203082259,2.7339691862598374,25.999999556487815
9.49798,12.27853,53.40284,3899.32133,-2.39722,59.89491,7.582106501153764,2.8245341689083903,25.999999556487815
9.52408,12.32424,53.15841,3895.6206,-2.39447,59.97936,7.832411866095421,2.9177795032796774,25.999999556487815
9.55009,12.36996,52.91474,3891.77682,-2.3868,60.06636,8.08949938174063,3.0135513672371634,25.999999556487815
9.576,12.41567,52.67236,3887.78507,-2.37407,60.15598,8.352867410678225,3.1116628876463124,25.999999556487815
9.60181,12.46139,52.43178,3883.64072,-2.35617,60.2483,8.621919911135887,3.2118920232641335,25.999999556487815
9.62753,12.5071,52.19355,3879.33944,-2.33297,60.34336,8.895961523643093,3.313979734391849,25.999999556487815
9.65313,12.55282,51.95822,3874.87732,-2.30438,60.44123,9.174193668748327,3.4176285291718784,25.999999556487815
9.67864,12.59853,51.72634,3870.25088,-2.27031,60.54195,9.455711911116412,3.5225014816447415,25.999999556487815
9.70403,12.64423,51.49846,3865.45719,-2.2307,60.64555,9.73950485226387,3.6282218192638487,25.999999556487815
9.72931,12.68993,51.27516,3860.49385,-2.18551,60.75206,10.024454812128566,3.7343731767981208,25.999999556487815
9.75448,12.73563,51.05699,3855.35915,-2.1347,60.8615,10.309340546681629,3.8405006087139415,25.999999556487815
9.77952,12.78132,50.84452,3850.05205,-2.07829,60.97387,10.592842223343998,3.9461124426487237,25.999999556487815
9.80444,12.82701,50.63831,3844.57232,-2.0163,61.08916,10.873548836778733,4.050683041988672,25.999999556487815
9.82924,12.87268,50.4389,3838.92051,-1.94879,61.20735,11.149968194002595,4.1536565255855695,25.999999556487815
9.85391,12.91835,50.24684,3833.09807,-1.87584,61.3284,11.420539529985925,4.2544514673996705,25.999999556487815
9.87844,12.96401,50.06266,3827.10734,-1.79758,61.45226,11.683648733810289,4.352466568644043,25.999999556487815
9.90284,13.00965,49.88686,3820.95163,-1.71415,61.57886,11.937646073250145,4.447087260657604,25.999999556487815
9.9271,13.05528,49.71993,3814.63521,-1.62575,61.70811,12.18086620557474,4.537693159455346,25.999999556487815
9.95122,13.1009,49.56233,3808.16332,-1.53258,61.83992,12.4116501584402,4.623666254188986,25.999999556487815
9.9752,13.14651,49.41452,3801.54219,-1.43491,61.97415,12.628368862368129,4.704399673614423,25.999999556487815
9.99903,13.19209,49.27688,3794.77902,-1.33302,62.11069,12.829447720980054,4.779306839150551,25.999999556487815
10.02271,13.23766,49.1498,3787.88194,-1.22722,62.24937,13.013391623216048,4.847830782588809,25.999999556487815
10.04624,13.28321,49.0336,3780.85996,-1.11787,62.39003,13.178809738949393,4.9094533831120515,25.999999556487815
10.06961,13.32874,48.9286,3773.72294,-1.00534,62.53249,13.324439401152187,4.963704264029615,25.999999556487815
10.09283,13.37425,48.83505,3766.4815,-0.89003,62.67655,13.4491683681373,5.010169086048203,25.999999556487815
10.11589,13.41973,48.75315,3759.14695,-0.77238,62.82202,13.55205478117699,5.048496982009941,25.999999556487815
10.1388,13.46519,48.68307,3751.73115,-0.65283,62.96868,13.632344186500132,5.078406898034207,25.999999556487815
10.16154,13.51062,48.62494,3744.24648,-0.53184,63.1163,13.68948307517829,5.0996926374814615,25.999999556487815
10.18413,13.55603,48.57882,3736.70567,-0.40988,63.26466,13.723128505954438,5.112226445710141,25.999999556487815
10.20655,13.60141,48.54475,3729.12172,-0.28745,63.41352,13.733153509476926,5.115961023295985,25.999999556487815
10.22882,13.64676,48.52268,3721.50774,-0.16501,63.56265,13.719648120655938,5.110929910612002,25.999999556487815
10.25092,13.69207,48.51256,3713.87687,-0.04307,63.71181,13.682916040773543,5.09724624437662,25.999999556487815
10.27286,13.73736,48.51426,3706.24214,0.07791,63.86078,13.623467084420367,5.0750999439388815,25.999999556487815
10.29464,13.78261,48.52762,3698.61635,0.19746,64.00931,13.542005709710928,5.04475343848185,25.999999556487815
10.31626,13.82783,48.55242,3691.012,0.31511,64.1572,13.43941605654595,5.006536093381665,25.999999556487815
10.33772,13.87302,48.58842,3683.44113,0.43044,64.30423,13.316744020571013,4.960837532285479,25.999999556487815
10.35902,13.91817,48.63533,3675.9153,0.54302,64.45018,13.175176966062663,4.908100079627738,25.999999556487815
10.38017,13.96328,48.69282,3668.44543,0.65245,64.59488,13.016021726467166,4.848810565252031,25.999999556487815
10.40116,14.00836,48.76053,3661.04182,0.75839,64.73814,12.840681557125919,4.783491738694903,25.999999556487815
10.42199,14.05341,48.83806,3653.71404,0.86047,64.87979,12.65063269166455,4.712693535823944,25.999999556487815
10.44268,14.09841,48.92499,3646.47089,0.9584,65.01968,12.447401115311392,4.6369844262877935,25.999999556487815
10.46322,14.14338,49.02088,3639.3204,1.05189,65.15767,12.232540109044479,4.556943048120052,25.999999556487815
10.48361,14.18831,49.12526,3632.26979,1.14071,65.29364,12.007609043180206,4.473150307793079,25.999999556487815
10.50386,14.23321,49.23765,3625.32547,1.22463,65.42748,11.774153813098057,4.386182092010691,25.999999556487815
10.52396,14.27807,49.35754,3618.49304,1.30346,65.5591,11.533689218634372,4.296602703568703,25.999999556487815
10.54393,14.32289,49.48442,3611.77731,1.37707,65.68842,11.28768349705001,4.204959099478432,25.999999556487815
10.56376,14.36767,49.61776,3605.18232,1.44533,65.81538,11.037545131738673,4.1117759768634645,25.999999556487815
10.58346,14.41242,49.75704,3598.71138,1.50814,65.93993,10.784611978203415,4.017551722099781,25.999999556487815
10.60303,14.45713,49.90172,3592.36709,1.56545,66.06203,10.530142677844143,3.922755212225698,25.999999556487815
10.62247,14.50181,50.05128,3586.15136,1.61721,66.18166,10.275310270333343,3.8278234353837455,25.999999556487815
10.64178,14.54645,50.20517,3580.0655,1.66341,66.29882,10.02119786751538,3.733159879234339,25.999999556487815
10.66097,14.59106,50.36287,3574.11023,1.70406,66.41349,9.768796215789186,3.6391336228791866,25.999999556487815
10.68005,14.63563,50.52385,3568.28576,1.73919,66.5257,9.519002949477763,3.546079058721788,25.999999556487815
10.699,14.68017,50.68759,3562.59177,1.76885,66.63546,9.27262332339915,3.454296165369391,25.999999556487815
10.71785,14.72468,50.85358,3557.02754,1.79311,66.74281,9.030372207798461,3.3640512507976683,25.999999556487815
10.73658,14.76915,51.02133,3551.59194,1.81205,66.84777,8.792877131194714,3.2755780858912242,25.999999556487815
10.7552,14.81359,51.19034,3546.28348,1.82577,66.95039,8.560682165343078,3.1890793516942484,25.999999556487815
10.77372,14.85801,51.36013,3541.10039,1.83437,67.05073,8.334252459582348,3.1047283285742577,25.999999556487815
10.79214,14.90239,51.53024,3536.0406,1.83797,67.14882,8.113979248402766,3.022670761672865,25.999999556487815
10.81046,14.94674,51.70021,3531.10184,1.8367,67.24474,7.900185174467337,2.9430268438712814,25.999999556487815
10.82867,14.99106,51.86962,3526.28161,1.83069,67.33854,7.693129788876213,2.8658932647835127,25.999999556487815
10.8468,15.03536,52.03803,3521.57728,1.82009,67.43029,7.493015110112268,2.7913452816098556,25.999999556487815
10.86483,15.07962,52.20503,3516.98606,1.80504,67.52005,7.299991142234493,2.7194387748091278,25.999999556487815
10.88277,15.12387,52.37024,3512.50507,1.78568,67.6079,7.11416127101431,2.6502122583014285,25.999999556487815
10.90062,15.16808,52.53327,3508.13134,1.76217,67.6939,6.935587473459877,2.58368882015301,25.999999556487815
10.91838,15.21227,52.69376,3503.86184,1.73466,67.77813,6.764295291274792,2.519877975320504,25.999999556487815
10.93606,15.25643,52.85135,3499.69347,1.70331,67.86066,6.600278532239081,2.4587774170390446,25.999999556487815
10.95366,15.30057,53.00572,3495.62315,1.66827,67.94156,6.443503675161686,2.400374657782966,25.999999556487815
10.97117,15.34469,53.15655,3491.64775,1.6297,68.0209,6.293913963987157,2.344648554428272,25.999999556487815
10.98861,15.38878,53.30353,3487.76415,1.58774,68.09876,6.151433184986057,2.291570715355443,25.999999556487815
11.00597,15.43286,53.44637,3483.96923,1.54255,68.1752,6.015969127768586,2.2411067897680765,25.999999556487815
11.02325,15.47691,53.5848,3480.2599,1.49428,68.2503,5.887416736321073,2.1932176415368914,25.999999556487815
11.04046,15.52094,53.71855,3476.63309,1.44309,68.32413,5.765660960483393,2.147860411450088,25.999999556487815
11.05759,15.56495,53.84738,3473.08575,1.38911,68.39676,5.6505793214820335,2.1049894729419236,25.999999556487815
11.07466,15.60894,53.97106,3469.61487,1.33249,68.46825,5.542044207378256,2.064557287207544,25.999999556487815
11.09165,15.65291,54.08936,3466.21749,1.27337,68.53867,5.439924915783241,2.026515164168129,25.999999556487815
11.10858,15.69686,54.20208,3462.89065,1.2119,68.60809,5.344089462014571,1.9908139360567523,25.999999556487815
11.12544,15.74079,54.30902,3459.63147,1.14821,68.67658,5.254406171226247,1.9574045505287037,25.999999556487815
11.14223,15.78471,54.41,3456.43709,1.08243,68.74419,5.170745072876791,1.926238590137553,25.999999556487815
11.15895,15.8286,54.50485,3453.30468,1.0147,68.81098,5.09297911552118,1.897268724877104,25.999999556487815
11.17561,15.87249,54.59341,3450.23147,0.94515,68.87703,5.02098521916412,1.8704491042106812,25.999999556487815
11.19221,15.91635,54.67554,3447.2147,0.8739,68.94239,4.954645181590939,1.8457356947032306,25.999999556487815
11.20874,15.9602,54.7511,3444.25166,0.80108,69.00712,4.8938464540185365,1.823086568971711,25.999999556487815
11.22521,16.00403,54.81996,3441.33966,0.72681,69.07128,4.838482800366701,1.8024621512810042,25.999999556487815
11.24162,16.04785,54.88202,3438.47604,0.65122,69.13492,4.788454853251802,1.7838254246661944,25.999999556487815
11.25797,16.09165,54.93717,3435.65817,0.57441,69.19811,4.743670578658635,1.7671421040350572,25.999999556487815
11.27426,16.13544,54.98532,3432.88343,0.49652,69.26089,4.704045660052175,1.7523807792597947,25.999999556487815
11.29048,16.17921,55.02639,3430.14922,0.41765,69.32333,4.6695038115441045,1.7395130318398062,25.999999556487815
11.30665,16.22297,55.06031,3427.45295,0.33792,69.38547,4.639977028564692,1.728513528283558,25.999999556487815
11.32276,16.26672,55.08702,3424.79203,0.25745,69.44737,4.615405783404585,1.7193600929530484,25.999999556487815
11.33881,16.31045,55.10646,3422.1639,0.17633,69.50909,4.595739171911312,1.7120337627121132,25.999999556487815
11.35481,16.35417,55.1186,3419.56595,0.09469,69.57068,4.580935016591808,1.706518825334828,25.999999556487815
11.37074,16.39788,55.12341,3416.99562,0.01264,69.63218,4.570959930359577,1.7028028432530071,25.999999556487815
11.38662,16.44157,55.12086,3414.45029,-0.06972,69.69366,4.56578934423021,1.7008766638735098,25.999999556487815
11.40243,16.48525,55.11094,3411.92735,-0.15228,69.75517,4.565407501288234,1.7007344173307304,25.999999556487815
11.4182,16.52892,55.09365,3409.42417,-0.23492,69.81675,4.569807418391087,1.70237350222033,25.999999556487815
11.4339,16.57258,55.069,3406.93807,-0.31755,69.87847,4.578990816136504,1.7057945595102346,25.999999556487815
11.44955,16.61622,55.03701,3404.46637,-0.40004,69.94037,4.592968016780896,1.7110014345125533,25.999999556487815
11.46513,16.65985,54.99771,3402.00633,-0.48229,70.0025,4.6117578089230555,1.7180011264746935,25.999999556487815
11.48066,16.70347,54.95112,3399.55519,-0.56419,70.06493,4.635387276908531,1.726803725028004,25.999999556487815
11.49614,16.74708,54.8973,3397.11013,-0.64562,70.1277,4.663891592070164,1.7374223324193816,25.999999556487815
11.51155,16.79067,54.8363,3394.66827,-0.72648,70.19087,4.697313762061057,1.7498729701312077,25.999999556487815
11.52691,16.83426,54.7682,3392.22671,-0.80665,70.2545,4.735704333691013,1.7641744681800982,25.999999556487815
11.5422,16.87783,54.69306,3389.78246,-0.88602,70.31864,4.779121043833807,1.7803483350706852,25.999999556487815
11.55744,16.92139,54.61098,3387.33247,-0.96447,70.38334,4.827628412108841,1.7984186060588079,25.999999556487815
11.57262,16.96494,54.52204,3384.87365,-1.04188,70.44868,4.881297268228898,1.8184116670761206,25.999999556487815
11.58774,17.00847,54.42637,3382.4028,-1.11814,70.51469,4.940204206053451,1.8403560513505823,25.999999556487815
11.6028,17.05199,54.32407,3379.91667,-1.19311,70.58145,5.004430955619367,1.8642822054713728,25.999999556487815
11.61779,17.09551,54.21528,3377.41193,-1.26669,70.64902,5.074063663640424,1.8902222213560305,25.999999556487815
11.63273,17.139,54.10014,3374.88516,-1.33874,70.71746,5.149192072293292,1.918209530326624,25.999999556487815
11.6476,17.18249,53.97879,3372.33287,-1.40913,70.78682,5.229908585499944,1.9482785552753819,25.999999556487815
11.66241,17.22596,53.8514,3369.75147,-1.47774,70.85719,5.316307211404029,1.980464316709317,25.999999556487815
11.67715,17.26942,53.71815,3367.1373,-1.54443,70.92861,5.408482369438792,2.0148019883516373,25.999999556487815
11.69183,17.31287,53.57921,3364.48659,-1.60907,71.00116,5.506527550194516,2.051326397907109,25.999999556487815
11.70645,17.35631,53.43479,3361.79552,-1.67152,71.07492,5.6105338164397,2.0900714686530026,25.999999556487815
11.72099,17.39973,53.2851,3359.06016,-1.73164,71.14994,5.720588134014528,2.1310695976529965,25.999999556487815
11.73547,17.44313,53.13035,3356.27649,-1.78929,71.22629,5.83677152209923,2.17435096668347,25.999999556487815
11.74988,17.48652,52.97079,3353.44044,-1.84433,71.30406,5.9591570135485314,2.2199427824044164,25.999999556487815
11.76422,17.5299,52.80666,3350.54784,-1.89661,71.38332,6.087807417692837,2.2678684429440277,25.999999556487815
11.77848,17.57326,52.63821,3347.59446,-1.94598,71.46413,6.2227728802892095,2.31814662891622,25.999999556487815
11.79268,17.61661,52.46572,3344.57601,-1.9923,71.54657,6.364088238249002,2.370790317987089,25.999999556487815
11.80679,17.65993,52.28948,3341.48816,-2.03542,71.63072,6.511770170490943,2.4258057234927097,25.999999556487815
11.82084,17.70325,52.10978,3338.32651,-2.07519,71.71666,6.665814150716065,2.4831911592676215,25.999999556487815
11.8348,17.74654,51.92694,3335.08664,-2.11145,71.80446,6.826191213347693,2.5429358348723845,25.999999556487815
11.84869,17.78982,51.74126,3331.76415,-2.14406,71.8942,6.992844550084577,2.605018587720066,25.999999556487815
11.86249,17.83308,51.5531,3328.35459,-2.17288,71.98595,7.165685961813244,2.669406561320238,25.999999556487815
11.87621,17.87632,51.3628,3324.85357,-2.19775,72.07978,7.3445921987086065,2.736053841870158,25.999999556487815
11.88985,17.91953,51.17072,3321.25673,-2.21852,72.17579,7.529401230373459,2.804900068783591,25.999999556487815
11.9034,17.96273,50.97722,3317.55977,-2.23507,72.27402,7.719908497581938,2.8758690383666257,25.999999556487815
11.91687,18.00591,50.7827,3313.75849,-2.24726,72.37456,7.915863207582362,2.9488673237205063,25.999999556487815
11.93024,18.04906,50.58753,3309.8488,-2.25495,72.47747,8.116964745500168,3.0237829378948042,25.999999556487815
11.94352,18.09219,50.39214,3305.82679,-2.25803,72.58282,8.322859285165684,3.1004840713315893,25.999999556487815
11.9567,18.13529,50.19693,3301.68869,-2.25637,72.69067,8.533136692948936,3.1788179384624318,25.999999556487815
11.96979,18.17837,50.00231,3297.43098,-2.24988,72.80107,8.74732782770029,3.2586097718652476,25.999999556487815
11.98278,18.22142,49.80872,3293.05039,-2.23846,72.91407,8.964902347986929,3.339662005402186,25.999999556487815
11.99567,18.26445,49.61659,3288.54391,-2.22202,73.02973,9.185267143834338,3.4217536900020815,25.999999556487815
12.00846,18.30744,49.42636,3283.90891,-2.2005,73.14807,9.407765513612288,3.5046401870288117,25.999999556487815
12.02114,18.35041,49.23847,3279.14308,-2.17385,73.26914,9.631677206610426,3.5880531841418346,25.999999556487815
12.03371,18.39334,49.05336,3274.24456,-2.14203,73.39294,9.856219447927417,3.6717010770943546,25.999999556487815
12.04618,18.43624,48.87147,3269.21191,-2.10503,73.5195,10.080549053466063,3.755269757624656,25.999999556487815
12.05853,18.47911,48.69325,3264.04418,-2.06284,73.64883,10.303765729033458,3.838423842457718,25.999999556487815
12.07081,18.52192,48.52032,3258.73778,-1.98773,73.66052,10.523143078263672,3.9201476772114234,0.0
12.08306,18.56468,48.35432,3253.29092,-1.90698,73.6722,10.73575288839973,3.999350425587885,0.0
12.09528,18.60737,48.19569,3247.70634,-1.82076,73.68388,10.940302302510498,4.075550464363143,0.0
12.10748,18.64999,48.04489,3241.98755,-1.72929,73.69555,11.135505014826215,4.148268610793221,0.0
12.11965,18.69255,47.90233,3236.13881,-1.63281,73.70721,11.32009026309256,4.217031472502615,0.0
12.13178,18.73503,47.76839,3230.16517,-1.53161,73.71887,11.492820265303797,4.2813779431261825,0.0
12.14389,18.77744,47.64343,3224.07243,-1.42599,73.73051,11.652508153241282,4.340865883024101,0.0
12.15596,18.81978,47.52779,3217.86712,-1.3163,73.74214,11.798035975799664,4.395078825994558,0.0
12.16801,18.86205,47.42176,3211.55644,-1.20291,73.75376,11.928372312085946,4.4436325406165995,0.0
12.18002,18.90423,47.32561,3205.14827,-1.08624,73.76537,12.042589018135937,4.486181268842622,0.0
12.192,18.94634,47.23955,3198.65105,-0.9667,73.77696,12.139876634190811,4.522423465614302,0.0
12.20395,18.98837,47.16377,3192.07378,-0.84475,73.78855,12.219558002571505,4.552106871879091,0.0
12.21586,19.03032,47.09841,3185.4259,-0.72085,73.80012,12.281099689624986,4.575032769565753,0.0
12.22775,19.07219,47.04357,3178.71721,-0.5955,73.81167,12.324120867214075,4.591059290172997,0.0
12.2396,19.11397,46.99931,3171.95783,-0.46918,73.82321,12.348399387440786,4.600103677763759,0.0
12.25141,19.15567,46.96564,3165.15807,-0.34241,73.83474,12.353874875041395,4.602143440963736,0.0
12.2632,19.19728,46.94254,3158.32837,-0.21567,73.84625,12.340648760564568,4.5972163653211,0.0
12.27495,19.23881,46.92995,3151.47919,-0.08949,73.85775,12.308981279052563,4.585419395236294,0.0
12.28666,19.28026,46.92773,3144.62092,0.03564,73.86923,12.259285558384315,4.566906431714266,0.0
12.29834,19.32161,46.93576,3137.76381,0.15924,73.8807,12.192119013575953,4.5418851265149955,0.0
12.30999,19.36288,46.95382,3130.9179,0.28082,73.89215,12.108172343878348,4.510612783282825,0.0
12.32161,19.40407,46.98171,3124.09289,0.39994,73.90359,12.008256494943113,4.473391500610245,0.0
12.33319,19.44517,47.01915,3117.29816,0.51616,73.91502,11.893287996050304,4.43056270976941,0.0
12.34474,19.48618,47.06585,3110.54262,0.62906,73.92642,11.764273111209015,4.382501270580109,0.0
12.35625,19.52711,47.12149,3103.83471,0.73825,73.93782,11.622291252760002,4.329609292540322,0.0
12.36774,19.56795,47.18571,3097.18235,0.84339,73.9492,11.46847809782276,4.2723098452585235,0.0
12.37919,19.60871,47.25813,3090.5929,0.94413,73.96057,11.30400882351804,4.211040713132966,0.0
12.3906,19.64938,47.33834,3084.07313,1.04019,73.97192,11.130081839041877,4.1462483351212125,0.0
12.40199,19.68997,47.42594,3077.6292,1.13129,73.98326,10.94790334429335,4.078382052422702,0.0
12.41334,19.73048,47.52049,3071.2667,1.21721,73.99459,10.758672989407806,4.007888766277546,0.0
12.42466,19.7709,47.62152,3064.99055,1.29774,74.0059,10.563570850238479,3.9352080859907392,0.0
12.43595,19.81125,47.72858,3058.80512,1.37272,74.01721,10.363745874895185,3.8607680249638294,0.0
12.44721,19.85152,47.84119,3052.71416,1.44199,74.0285,10.160305898155944,3.784981280800519,0.0
12.45844,19.89171,47.95888,3046.72084,1.50547,74.03978,9.954309266694974,3.70824211548373,0.0
12.46963,19.93182,48.08116,3040.8278,1.56306,74.05105,9.746758069565834,3.6309238335524636,0.0
12.4808,19.97186,48.20755,3035.03714,1.61472,74.06232,9.538592926982364,3.5533768407855812,0.0
12.49194,20.01183,48.33757,3029.35045,1.66041,74.07357,9.330689256376742,3.47592725321019,0.0
12.50305,20.05172,48.47073,3023.76888,1.70015,74.08482,9.123854908237348,3.398876016389035,0.0
12.51413,20.09154,48.60654,3018.29313,1.73394,74.09606,8.918829045169138,3.322498487841004,0.0
12.52519,20.1313,48.74455,3012.92349,1.76183,74.10729,8.716282125394176,3.24704443089463,0.0
12.53621,20.17099,48.88429,3007.6599,1.78388,74.11852,8.516816845779019,3.1727383659906154,0.0
12.54721,20.21061,49.02529,3002.50195,1.80018,74.12974,8.320969898663359,3.099780225146722,0.0
12.55819,20.25016,49.1671,2997.44894,1.8108,74.14095,8.129214400247932,3.02834625659616,0.0
12.56913,20.28966,49.30929,2992.49986,1.81586,74.15217,7.941962855248447,2.958590129199183,0.0
12.58005,20.32909,49.45143,2987.65352,1.81547,74.16337,7.759570532039782,2.890644189773106,0.0
12.59095,20.36846,49.59311,2982.90845,1.80978,74.17458,7.582339133740714,2.8246208306679605,0.0
12.60182,20.40777,49.73391,2978.26303,1.7989,74.18578,7.410520663024952,2.760613929510294,0.0
12.61267,20.44703,49.87346,2973.71548,1.783,74.19698,7.244321391183209,2.698700327783219,0.0
12.62349,20.48623,50.01136,2969.26384,1.76222,74.20818,7.083905854728475,2.638941319667042,0.0
12.63429,20.52537,50.14727,2964.90608,1.73672,74.21937,6.929400815123718,2.5813841271420137,0.0
12.64506,20.56446,50.28082,2960.64002,1.70666,74.23057,6.780899128829089,2.526063341682739,0.0
12.65582,20.6035,50.41168,2956.46343,1.67222,74.24177,6.638463485608329,2.47300231687568,0.0
12.66655,20.64249,50.53954,2952.374,1.63355,74.25297,6.502129982661579,2.4222144998776636,0.0
12.67725,20.68143,50.66407,2948.36935,1.59082,74.26416,6.371911510811978,2.373704692859487,0.0
12.68794,20.72032,50.78499,2944.44708,1.54421,74.27536,6.247800936420126,2.327470238352776,0.0
12.69861,20.75916,50.90202,2940.60474,1.49389,74.28656,6.129774069141996,2.283502124817894,0.0
12.70925,20.79796,51.01489,2936.83985,1.44002,74.29777,6.017792411024933,2.2417860107545358,0.0
12.71987,20.83671,51.12335,2933.14992,1.38279,74.30897,5.911805686885553,2.2023031673340703,0.0
12.73048,20.87542,51.22716,2929.53245,1.32235,74.32018,5.811754159482173,2.16503134086219,0.0
12.74106,20.91408,51.3261,2925.98493,1.25889,74.3314,5.7175707357911145,2.1299455374222496,0.0
12.75162,20.9527,51.41995,2922.50485,1.19255,74.34261,5.629182872814695,2.0970187328388934,0.0
12.76216,20.99128,51.50851,2919.08968,1.12352,74.35383,5.546514292864166,2.0662225116660737,0.0
12.77269,21.02982,51.5916,2915.73693,1.05195,74.36506,5.4694865192926905,2.037527639288,0.0
12.78319,21.06832,51.66904,2912.44406,0.97801,74.37629,5.398020244205919,2.010904571427311,0.0
12.79368,21.10678,51.74068,2909.20859,0.90186,74.38752,5.3320365399567216,1.9863239054587374,0.0
12.80414,21.14521,51.80637,2906.028,0.82366,74.39876,5.271457926136754,1.9637567778915412,0.0
12.81459,21.18359,51.86596,2902.8998,0.74356,74.41,5.2162093035028265,1.9431752122816535,0.0
12.82502,21.22194,51.91934,2899.82149,0.66172,74.42125,5.166218765812091,1.9245524216616459,0.0
12.83543,21.26025,51.9664,2896.79056,0.5783,74.43251,5.121418299902544,1.9078630693391383,0.0
12.84582,21.29853,52.00702,2893.80452,0.49344,74.44377,5.081744383654574,1.8930834916532076,0.0
12.8562,21.33677,52.04113,2890.86086,0.4073,74.45504,5.047138490669141,1.8801918859802897,0.0
12.86655,21.37498,52.06865,2887.95706,0.32003,74.46631,5.01754750961802,1.8691684669531772,0.0
12.87689,21.41315,52.08951,2885.09062,0.23178,74.47759,4.992924085380634,1.8599955935434664,0.0
12.88722,21.45129,52.10365,2882.25898,0.14269,74.48888,4.973226888138348,1.8526578693062647,0.0
12.89752,21.48939,52.11103,2879.45961,0.05291,74.50017,4.9584208156903955,1.84714221774819,0.0
12.90781,21.52746,52.11161,2876.68993,-0.03741,74.51147,4.948477133351994,1.8434379344431069,0.0
12.91808,21.5655,52.10539,2873.94736,-0.12813,74.52278,4.943373554874821,1.8415367171771284,0.0
12.92833,21.60351,52.09233,2871.22926,-0.21909,74.53409,4.943094266924372,1.8414326750670782,0.0
12.93857,21.64148,52.07245,2868.53301,-0.31016,74.54541,4.947629898799198,1.8431223172801081,0.0
12.94879,21.67942,52.04575,2865.8559,-0.4012,74.55674,4.956977438155606,1.8466045216389324,0.0
12.95899,21.71733,52.01226,2863.19524,-0.49204,74.56807,4.971140092710726,1.8518804831025835,0.0
12.96918,21.75521,51.972,2860.54825,-0.58256,74.57941,4.990127097029404,1.8589536417894408,0.0
12.97934,21.79306,51.92502,2857.91214,-0.67259,74.59075,5.013953462706982,1.8678295899137494,0.0
12.9895,21.83087,51.87138,2855.28406,-0.762,74.60211,5.042639669503327,1.8785159567249148,0.0
12.99963,21.86865,51.81113,2852.66111,-0.85063,74.61347,5.076211294211635,1.8910222702513677,0.0
13.00975,21.90641,51.74435,2850.04034,-0.93834,74.62483,5.114698573349484,1.9053597943914768,0.0
13.01985,21.94413,51.67114,2847.41873,-1.02498,74.63621,5.158135895110329,1.9215413396521117,0.0
13.02994,21.98181,51.59158,2844.79323,-1.11039,74.64759,5.2065612154040535,1.9395810456083846,0.0
13.04001,22.01947,51.50579,2842.16071,-1.19442,74.65897,5.260015392260037,1.959494132951278,0.0
13.05006,22.05709,51.41389,2839.51797,-1.27691,74.67036,5.31854143246458,1.9812966228402669,0.0
13.06009,22.09469,51.316,2836.86176,-1.35772,74.68176,5.382183643925259,2.005005021136733,0.0
13.07011,22.13225,51.21228,2834.18877,-1.43667,74.69316,5.450986687049575,2.0306359650175576,0.0
13.08011,22.16977,51.10288,2831.49561,-1.51362,74.70457,5.5249945183933695,2.058205829456358,0.0
13.09009,22.20727,50.98796,2828.77884,-1.5884,74.71598,5.604249219930895,2.087730291095787,0.0
13.10006,22.24473,50.86771,2826.03494,-1.66084,74.7274,5.688789707671155,2.1192238471731395,0.0
13.11001,22.28215,50.74231,2823.26034,-1.73079,74.73883,5.778650313952795,2.152699287387899,0.0
13.11994,22.31955,50.61196,2820.45142,-1.79808,74.75025,5.873859238654067,2.188167116936699,0.0
13.12986,22.35691,50.47689,2817.60447,-1.86254,74.76169,5.974436865825389,2.2256349294146562,0.0
13.13976,22.39423,50.33731,2814.71577,-1.92401,74.77312,6.080393943870712,2.2651067288850495,0.0
13.14964,22.43152,50.19346,2811.78153,-1.98231,74.78456,6.191729629511457,2.306582201204421,0.0
13.1595,22.46877,50.04561,2808.79793,-2.03729,74.796,6.308429398294458,2.3500559356318047,0.0
13.16934,22.50599,49.894,2805.76112,-2.08876,74.80745,6.430462827469659,2.3955165988923333,0.0
13.17917,22.54316,49.73891,2802.66722,-2.13657,74.8189,6.557781260690874,2.4429460652168276,0.0
13.18898,22.5803,49.58063,2799.51235,-2.18055,74.83035,6.690315368127893,2.4923185074193563,0.0
13.19877,22.6174,49.41946,2796.29264,-2.22053,74.8418,6.827972620296277,2.54359945583237,0.0
13.20854,22.65447,49.2557,2793.00422,-2.25636,74.85325,6.970634699216032,2.5967448338951864,0.0
13.21829,22.69149,49.08968,2789.64327,-2.28788,74.86471,7.118154876187574,2.6516999813065456,0.0
13.22802,22.72847,48.92172,2786.20601,-2.31492,74.87616,7.270355391745346,2.7083986779883955,0.0
13.23774,22.7654,48.75217,2782.68873,-2.33735,74.88761,7.42702487974681,2.7667621844912635,0.0
13.24743,22.8023,48.58138,2779.08783,-2.35503,74.89907,7.587915884254113,2.826698316967339,0.0
13.2571,22.83915,48.4097,2775.39979,-2.36781,74.91052,7.752742524465459,2.8881005772959787,0.0
13.26676,22.87595,48.23751,2771.62125,-2.37557,74.92197,7.921178369252029,2.950847361292778,0.0
13.27639,22.91271,48.06518,2767.74902,-2.3782,74.93342,8.092854588695099,3.01480127010851,0.0
13.28601,22.94942,47.89309,2763.78009,-2.37559,74.94486,8.267358454810688,3.0798085517096188,0.0
13.2956,22.98608,47.72164,2759.71165,-2.36764,74.9563,8.444232267395114,3.1456987007274133,0.0
13.30517,23.02269,47.5512,2755.54118,-2.35429,74.96774,8.622972782825185,3.2122842456711194,0.0
13.31472,23.05925,47.38219,2751.26639,-2.33546,74.97917,8.803031223661119,3.279360752505212,0.0
13.32425,23.09576,47.21499,2746.88532,-2.31112,74.9906,8.983813944448576,3.3467070726782007,0.0
13.33376,23.13221,47.05001,2742.39634,-2.28123,75.00202,9.164683823827,3.4140858617196046,0.0
13.34325,23.16861,46.88765,2737.79819,-2.24578,75.01343,9.344962444789545,3.4812443914441475,0.0
13.35271,23.20495,46.72829,2733.08998,-2.2048,75.02484,9.523933113299067,3.547915674465641,0.0
13.36215,23.24123,46.57234,2728.27126,-2.15831,75.03623,9.700844750491518,3.6138199141451506,0.0
13.37156,23.27746,46.42017,2723.34201,-2.10638,75.04762,9.874916675429697,3.678666286292617,0.0
13.38095,23.31362,46.27217,2718.30266,-2.04908,75.059,10.045344273967865,3.7421550509680803,0.0
13.39032,23.34972,46.12871,2713.15413,-1.98654,75.07037,10.2113055253253,3.8039799838020545,0.0
13.39967,23.38576,45.99014,2707.89784,-1.91888,75.08173,10.371968331845242,3.863831106523588,0.0
13.40898,23.42173,45.8568,2702.5357,-1.84627,75.09308,10.526498570239003,3.921397686260541,0.0
13.41828,23.45764,45.72903,2697.07013,-1.76889,75.10442,10.674068755136148,3.9763714629399765,0.0
13.42755,23.49348,45.60714,2691.50408,-1.68697,75.11574,10.813867179240143,4.02845005423663,0.0
13.43679,23.52925,45.49142,2685.84097,-1.60073,75.12705,10.94510737009304,4.077340478466579,0.0
13.44601,23.56495,45.38215,2680.08475,-1.51046,75.13835,11.067037682491332,4.122762728014543,0.0
13.4552,23.60057,45.27957,2674.23981,-1.41644,75.14963,11.178950829428997,4.164453319860938,0.0
13.46436,23.63613,45.18391,2668.31104,-1.31898,75.1609,11.280193143860638,4.2021687458323385,0.0
13.4735,23.6716,45.09537,2662.30373,-1.21843,75.17215,11.370173359778196,4.235688743783596,0.0
13.48261,23.70701,45.01413,2656.22358,-1.11514,75.18339,11.448370704418622,4.264819312158121,0.0
13.4917,23.74234,44.94033,2650.07666,-1.00948,75.19461,11.514342104301578,4.2893953944265215,0.0
13.50075,23.77758,44.8741,2643.86934,-0.90184,75.20581,11.567728326081582,4.309283166715606,0.0
13.50978,23.81276,44.81552,2637.60828,-0.79263,75.217,11.608258898326593,4.324381871300412,0.0
13.51878,23.84785,44.76465,2631.30038,-0.68226,75.22817,11.635755691521384,4.334625150249644,0.0
13.52775,23.88286,44.72152,2624.9527,-0.57115,75.23932,11.650135069600124,4.339981846928181,0.0
13.5367,23.91779,44.68614,2618.57244,-0.45972,75.25045,11.651408565527834,4.340456257668946,0.0
13.54561,23.95264,44.65848,2612.16686,-0.3484,75.26157,11.6396820744397,4.336087831196067,0.0
13.5545,23.98741,44.63847,2605.74326,-0.23761,75.27267,11.615153598649195,4.326950328581064,0.0
13.56336,24.02209,44.62603,2599.30891,-0.12777,75.28375,11.578109617801372,4.313150471029453,0.0
13.57219,24.0567,44.62104,2592.87099,-0.01929,75.29481,11.528920193005023,4.294826116041153,0.0
13.581,24.09122,44.62335,2586.43656,0.08743,75.30586,11.468032944551888,4.2721440139524365,0.0
13.58977,24.12565,44.63282,2580.01251,0.19201,75.31688,11.395966067617554,4.245297206100744,0.0
13.59852,24.16001,44.64922,2573.60552,0.29406,75.32789,11.313300568624838,4.214502132665775,0.0
13.60723,24.19428,44.67237,2567.22202,0.39324,75.33888,11.220671916117638,4.179995522400314,0.0
13.61592,24.22847,44.702,2560.86817,0.4892,75.34985,11.118761304148617,4.142031138012274,0.0
13.62459,24.26258,44.73787,2554.54981,0.58165,75.36081,11.008286723772104,4.1008764500608725,0.0
13.63322,24.2966,44.7797,2548.27244,0.67027,75.37174,10.88999402956461,4.056809309000474,0.0
13.64183,24.33055,44.8272,2542.04124,0.75481,75.38266,10.764648174377133,4.010114679895199,0.0
13.65041,24.36441,44.88006,2535.86098,0.83503,75.39357,10.633024767436678,3.9610814975896127,0.0
13.65896,24.39819,44.93796,2529.73608,0.91069,75.40445,10.495902089836836,3.909999692268884,0.0
13.66748,24.43189,45.00057,2523.67059,0.98161,75.41533,10.354053678285421,3.8571574267096516,0.0
13.67598,24.46552,45.06755,2517.66816,1.04761,75.42618,10.208241563903753,3.8028385775548523,0.0
13.68445,24.49907,45.13855,2511.73205,1.10856,75.43702,10.059210228873823,3.747320484005782,0.0
13.6929,24.53254,45.21321,2505.86517,1.16432,75.44785,9.907681320564311,3.6908719786949593,0.0
13.70132,24.56593,45.29118,2500.07003,1.21481,75.45866,9.754349141293112,3.633751707503992,0.0
13.70971,24.59925,45.3721,2494.34882,1.25995,75.46946,9.599876912449847,3.576206737850922,0.0
13.71808,24.6325,45.4556,2488.70334,1.29969,75.48024,9.444893794851382,3.5184714486942483,0.0
13.72642,24.66567,45.54133,2483.1351,1.33399,75.49102,9.289992632992428,3.4607666902069276,0.0
13.73474,24.69877,45.62891,2477.64527,1.36286,75.50178,9.135728379482822,3.4032991968378057,0.0
13.74303,24.7318,45.71799,2472.23472,1.38628,75.51252,8.982617147294865,3.346261234248815,0.0
13.7513,24.76476,45.80822,2466.90406,1.4043,75.52326,8.831135831356141,3.2898304583483418,0.0
13.75955,24.79765,45.89925,2461.65361,1.41695,75.53399,8.681722237332412,3.2341699632662406,0.0
13.76777,24.83047,45.99072,2456.48346,1.4243,75.5447,8.534775653803399,3.179428494504376,0.0
13.77597,24.86323,46.08231,2451.39346,1.42641,75.55541,8.390657804295143,3.125740803593713,0.0
13.78414,24.89593,46.17368,2446.38325,1.42337,75.56611,8.249694117235697,3.0732281211862404,0.0
13.79229,24.92855,46.26451,2441.45229,1.41528,75.5768,8.112175254853259,3.021998726609747,0.0
13.80042,24.96112,46.35448,2436.59983,1.40225,75.58748,7.9783588457621635,2.9721485933016876,0.0
13.80853,24.99362,46.44329,2431.82498,1.38439,75.59815,7.8484713704578235,2.923762091205664,0.0
13.81662,25.02607,46.53064,2427.1267,1.36182,75.60881,7.722710153705005,2.8769127289884775,0.0
13.82469,25.05845,46.61625,2422.50381,1.3347,75.61947,7.601245422870423,2.831663920823183,0.0
13.83273,25.09077,46.69983,2417.955,1.30314,75.63013,7.484222396275293,2.7880697643553574,0.0
13.84075,25.12304,46.78113,2413.47886,1.26731,75.64077,7.371763370608903,2.746175818319579,0.0
13.84876,25.15525,46.85988,2409.07386,1.22734,75.65141,7.263969781137234,2.7060198700213474,0.0
13.85674,25.18741,46.93585,2404.73842,1.18341,75.66205,7.160924212921683,2.6676326845689773,0.0
13.8647,25.21951,47.0088,2400.47083,1.13566,75.67268,7.062692345304393,2.6310387292455464,0.0
13.87265,25.25155,47.07851,2396.26935,1.08426,75.68331,6.9693248156407215,2.5962568677982722,0.0
13.88057,25.28355,47.14477,2392.13213,1.02938,75.69393,6.8808589915514915,2.5633010206491127,0.0
13.88847,25.31549,47.20737,2388.05731,0.97118,75.70455,6.797320643888605,2.532180788118474,0.0
13.89636,25.34738,47.26614,2384.04293,0.90984,75.71517,6.718725515061454,2.502902034668062,0.0
13.90423,25.37922,47.32088,2380.087,0.84552,75.72578,6.645080779571994,2.475467432988628,0.0
13.91207,25.41101,47.37145,2376.1875,0.7784,75.7364,6.576386395336387,2.4498769674028353,0.0
13.9199,25.44275,47.41768,2372.34234,0.70865,75.74701,6.512636345825737,2.426128396595365,0.0
13.92772,25.47445,47.45943,2368.54941,0.63645,75.75761,6.453819774238689,2.404217676122053,0.0
13.93551,25.50609,47.49656,2364.80656,0.56196,75.76822,6.399922011795471,2.384139341476475,0.0
13.94328,25.53769,47.52897,2361.11159,0.48536,75.77882,6.350925502892393,2.3658868527343406,0.0
13.95104,25.56924,47.55653,2357.46228,0.40684,75.78943,6.306810630323115,2.34945290197013,0.0
13.95878,25.60075,47.57916,2353.85638,0.32655,75.80003,6.267556444020592,2.334829684732638,0.0
13.9665,25.63221,47.59675,2350.2916,0.24469,75.81063,6.233141296928346,2.3220091369237585,0.0
13.97421,25.66363,47.60924,2346.76562,0.16141,75.82123,6.2035433915565275,2.310983138404996,0.0
13.9819,25.695,47.61657,2343.2761,0.07691,75.83183,6.178741240715802,2.301743684632963,0.0
13.98957,25.72633,47.61866,2339.82064,-0.00866,75.84243,6.158714045681441,2.2942830275354478,0.0
13.99722,25.75761,47.61549,2336.39683,-0.09511,75.85303,6.14344199480271,2.288593786751278,0.0
14.00486,25.78885,47.60702,2333.00222,-0.18227,75.86362,6.132906485238601,2.2846690322327072,0.0
14.01248,25.82005,47.59322,2329.63433,-0.26996,75.87422,6.127090270175272,2.2825023390877894,0.0
14.02009,25.85121,47.57409,2326.29063,-0.35801,75.88482,6.1259775334684665,2.282087815386639,0.0
14.02767,25.88232,47.54962,2322.96857,-0.44625,75.89542,6.129553893311324,2.283420103527794,0.0
14.03525,25.9134,47.51982,2319.66557,-0.5345,75.90602,6.13780633612446,2.2864943556105257,0.0
14.0428,25.94443,47.48471,2316.37898,-0.62259,75.91661,6.150723081495444,2.2913061831212422,0.0
14.05034,25.97541,47.44432,2313.10615,-0.71034,75.92721,6.168293378680438,2.297851581124995,0.0
14.05786,26.00636,47.39869,2309.84438,-0.79758,75.93781,6.19050723481975,2.3061268270186197,0.0
14.06537,26.03727,47.34788,2306.5909,-0.88412,75.94841,6.217355074824075,2.3161283538294164,0.0
14.07286,26.06813,47.29194,2303.34296,-0.96981,75.959,6.248827332604876,2.3278525979377043,0.0
14.08033,26.09895,47.23095,2300.09771,-1.05445,75.9696,6.284913973261718,2.3412958210790387,0.0
14.08779,26.12973,47.16498,2296.85231,-1.13788,75.9802,6.325603945714106,2.356453906435162,0.0
14.09523,26.16047,47.09414,2293.60385,-1.21992,75.99079,6.3708845653324575,2.373322128647804,0.0
14.10266,26.19117,47.01853,2290.3494,-1.3004,76.00139,6.420740826259578,2.3918948976403307,0.0
14.11007,26.22182,46.93825,2287.08599,-1.37913,76.01198,6.475154643352182,2.41216547622102,0.0
14.11746,26.25243,46.85343,2283.81062,-1.45595,76.02258,6.534104024073279,2.434125671591184,0.0
14.12484,26.28301,46.76421,2280.52025,-1.53067,76.03317,6.597562171184781,2.4577655010745576,0.0
14.1322,26.31353,46.67073,2277.21181,-1.60313,76.04376,6.665496517787467,2.483072832644294,0.0
14.13954,26.34402,46.57314,2273.88224,-1.67315,76.05435,6.737867697117226,2.51003300114496,0.0
14.14687,26.37446,46.47161,2270.52841,-1.74056,76.06494,6.814628450501742,2.5386284014776668,0.0
14.15418,26.40486,46.36631,2267.14722,-1.80518,76.07553,6.8957224781691355,2.5688380604960552,0.0
14.16147,26.43522,46.25742,2263.73553,-1.86686,76.08611,6.9810832389617,2.6006371898680736,0.0
14.16875,26.46553,46.14514,2260.2902,-1.92541,76.09669,7.070632706631792,2.6339967227634826,0.0
14.17601,26.4958,46.02966,2256.80813,-1.98068,76.10727,7.164280092186559,2.6688828378936416,0.0
14.18326,26.52602,45.91121,2253.28618,-2.0325,76.11785,7.261920543731418,2.705256475168999,0.0
14.19048,26.5562,45.78999,2249.72128,-2.08072,76.12842,7.363433837361203,2.7430728480216002,0.0
14.19769,26.58633,45.66624,2246.11036,-2.12518,76.13899,7.468683074915658,2.782280958284741,0.0
14.20489,26.61641,45.54019,2242.45041,-2.16574,76.14956,7.577513406741034,2.822823120388061,0.0
14.21206,26.64645,45.41209,2238.73847,-2.20224,76.16012,7.68975080001579,2.864634502526457,0.0
14.21922,26.67644,45.28219,2234.97165,-2.23456,76.17067,7.80520087549443,2.9076426933165562,0.0
14.22637,26.70638,45.15075,2231.14713,-2.26256,76.18122,7.923647837847837,2.951767303320345,0.0
14.23349,26.73627,45.01803,2227.26219,-2.28612,76.19176,8.04485352680007,2.9969196115686625,0.0
14.2406,26.76611,44.88431,2223.31424,-2.30512,76.2023,8.16855661811175,3.0430022679064845,0.0
14.24768,26.7959,44.74985,2219.30078,-2.31947,76.21283,8.2944720048068,3.0899090624836067,0.0
14.25475,26.82564,44.61495,2215.21947,-2.32907,76.22336,8.42229039001764,3.1375247740787646,0.0
14.26181,26.85532,44.47988,2211.06812,-2.33384,76.23387,8.551678123045853,3.1857251090279215,0.0
14.26884,26.88496,44.34493,2206.84474,-2.3337,76.24438,8.682277309808976,3.234376742368596,0.0
14.27585,26.91454,44.21039,2202.54749,-2.32861,76.25488,8.813706227564007,3.2833374723352944,0.0
14.28285,26.94406,44.07655,2198.17476,-2.31852,76.26537,8.9455600714561,3.332456498468528,0.0
14.28983,26.97353,43.94371,2193.72516,-2.30341,76.27585,9.077412057250056,3.3815748324113155,0.0
14.29678,27.00294,43.81214,2189.19756,-2.28327,76.28632,9.208814900122423,3.4305258487981503,0.0
14.30372,27.03229,43.68215,2184.59104,-2.25811,76.29678,9.3393026839294,3.4791359816064737,0.0
14.31064,27.06158,43.55401,2179.90498,-2.22795,76.30723,9.468393128773055,3.5272255688847585,0.0
14.31754,27.09081,43.42801,2175.13905,-2.19284,76.31767,9.595590257023614,3.5746098459159588,0.0
14.32442,27.11999,43.30442,2170.29319,-2.15285,76.3281,9.72038744945559,3.6211000837086234,0.0
14.33127,27.1491,43.18351,2165.36767,-2.10805,76.33851,9.842270873802079,3.666504866223592,0.0
14.33811,27.17814,43.06555,2160.36303,-2.05857,76.34891,9.960723258305158,3.7106314961208,0.0
14.34493,27.20713,42.95079,2155.28018,-2.00451,76.35929,10.075227972726351,3.7532875150430534,0.0
14.35173,27.23604,42.83947,2150.12032,-1.94603,76.36966,10.185273369334057,3.79428232074807,0.0
14.3585,27.2649,42.73182,2144.88497,-1.88329,76.38002,10.290357326867609,3.8334288598546453,0.0
14.36525,27.29368,42.62807,2139.576,-1.81649,76.39036,10.389991931676374,3.8705453716901377,0.0
14.37199,27.3224,42.52842,2134.19557,-1.74583,76.40069,10.483708222781463,3.9054571559508067,0.0
14.3787,27.35104,42.43307,2128.74616,-1.67154,76.411,10.571060921506145,3.9379983346135807,0.0
14.38539,27.37962,42.3422,2123.23055,-1.59387,76.42129,10.651633062272307,3.968013577029588,0.0
14.39205,27.40813,42.25595,2117.65181,-1.51307,76.43157,10.725040439113732,3.9953597563673475,0.0
14.3987,27.43656,42.17449,2112.0133,-1.42943,76.44182,10.790935782917638,4.019907505745144,0.0
14.40532,27.46492,42.09794,2106.3186,-1.34325,76.45206,10.84901258714263,4.041542643411641,0.0
14.41192,27.49321,42.0264,2100.57155,-1.25484,76.46229,10.899008505214907,4.060167438365339,0.0
14.41849,27.52142,41.95996,2094.7762,-1.16451,76.47249,10.94070825037292,4.075701690623027,0.0
14.42505,27.54956,41.8987,2088.93679,-1.07259,76.48268,10.973945938752083,4.08808360408048,0.0
14.43158,27.57763,41.84266,2083.05773,-0.97944,76.49284,10.998606828243537,4.0972704342831,0.0
14.43809,27.60561,41.79188,2077.14354,-0.88538,76.50299,11.014628418996294,4.103238898391926,0.0
14.44457,27.63352,41.74637,2071.19889,-0.79079,76.51312,11.022000895783565,4.105985339976724,0.0
14.45103,27.66135,41.70612,2065.22849,-0.696,76.52323,11.020766907398643,4.105525646835153,0.0
14.45747,27.68911,41.6711,2059.23714,-0.60137,76.53331,11.011020693206017,4.101894925610069,0.0
14.46389,27.71679,41.64126,2053.22962,-0.50726,76.54338,10.99290658145568,4.0951469423721045,0.0
14.47028,27.74438,41.61654,2047.21074,-0.414,76.55343,10.96661689741705,4.085353343344496,0.0
14.47665,27.7719,41.59686,2041.18526,-0.32195,76.56346,10.932389331558413,4.072602674480696,0.0
14.48299,27.79934,41.5821,2035.1579,-0.23143,76.57347,10.890503828196936,4.056999222404626,0.0
14.48931,27.82671,41.57215,2029.13326,-0.14277,76.58346,10.841279063341132,4.038661702314325,0.0
14.49561,27.85399,41.56688,2023.11588,-0.05629,76.59343,10.78506858644836,4.01772182068511,0.0
14.50189,27.88119,41.56614,2017.11013,0.02772,76.60338,10.722256704411876,3.9943227419464375,0.0
14.50814,27.90832,41.56975,2011.12025,0.10897,76.61331,10.65325418758631,3.9686174888634276,0.0
14.51437,27.93536,41.57755,2005.15032,0.18719,76.62322,10.57849387666421,3.9407673059827792,0.0
14.52057,27.96233,41.58934,1999.20423,0.26213,76.63311,10.498426266484941,3.910940014485388,0.0
14.52676,27.98922,41.60492,1993.28568,0.33355,76.64298,10.413515138165799,3.8793083850402614,0.0
14.53292,28.01603,41.62408,1987.39817,0.40122,76.65283,10.324233304832424,3.846048552977163,0.0
14.53905,28.04276,41.6466,1981.54499,0.46496,76.66267,10.231058528980276,3.8113384973963393,0.0
14.54517,28.06942,41.67224,1975.72919,0.52458,76.67248,10.13446966138791,3.775356602812124,0.0
14.55126,28.096,41.70078,1969.95362,0.57992,76.68228,10.034943042934659,3.7382803187353524,0.0
14.55733,28.1225,41.73198,1964.2209,0.63083,76.69206,9.932949201869269,3.7002849293190248,0.0
14.56338,28.14893,41.76558,1958.53341,0.6772,76.70182,9.828949870410154,3.661542441963406,0.0
14.56941,28.17528,41.80134,1952.89331,0.71892,76.71157,9.72339533623104,3.622220600674743,0.0
14.57541,28.20156,41.839,1947.30254,0.7559,76.7213,9.616722136525487,3.5824820270436186,0.0
14.58139,28.22777,41.87832,1941.76282,0.78808,76.73101,9.509351095298019,3.542483489084266,0.0
14.58736,28.2539,41.91904,1936.27565,0.81542,76.74071,9.401685698160742,3.5023752958035392,0.0
14.5933,28.27996,41.96091,1930.84233,0.83787,76.75039,9.294110793550635,3.462300813370185,0.0
14.59922,28.30595,42.00366,1925.46393,0.85543,76.76006,9.18699160469559,3.422396097046194,0.0
14.60511,28.33187,42.04706,1920.14134,0.8681,76.76971,9.080673033091058,3.3827896317135266,0.0
14.61099,28.35771,42.09085,1914.87528,0.8759,76.77935,8.975479231484185,3.3436021727994687,0.0
14.61685,28.38349,42.1348,1909.66624,0.87885,76.78897,8.871713422420902,3.3049466786806416,0.0
14.62269,28.4092,42.17865,1904.51459,0.87701,76.79859,8.769657937275683,3.266928325222625,0.0
14.62851,28.43485,42.22217,1899.42051,0.87043,76.80818,8.669574450117908,3.22964459290132,0.0
14.63431,28.46042,42.26513,1894.384,0.85918,76.81777,8.571704380863165,3.1931854169874256,0.0
14.64008,28.48593,42.30731,1889.40495,0.84336,76.82734,8.476269442716509,3.157633391483448,0.0
14.64584,28.51138,42.34849,1884.48309,0.82304,76.8369,8.383472309813458,3.1230640178375464,0.0
14.65159,28.53676,42.38845,1879.61802,0.79834,76.84645,8.293497382273065,3.089545989945928,0.0
14.65731,28.56208,42.42699,1874.80921,0.76937,76.85599,8.206511627323163,3.0571415074941313,0.0
14.66301,28.58733,42.46391,1870.05601,0.73624,76.86552,8.122665476823078,3.0259066103078567,0.0
14.6687,28.61253,42.49902,1865.35768,0.69909,76.87503,8.042093763236332,2.9958915270274202,0.0
14.67436,28.63766,42.53213,1860.71335,0.65806,76.88454,7.964916677883743,2.9671410320822527,0.0
14.68001,28.66273,42.56307,1856.12205,0.61329,76.89404,7.891240737088862,2.939694805605488,0.0
14.68564,28.68774,42.59168,1851.58275,0.56492,76.90353,7.82115974354631,2.9135877915689714,0.0
14.69125,28.71269,42.61779,1847.09429,0.51311,76.91301,7.754755731911702,2.8888505500403805,0.0
14.69685,28.73758,42.64125,1842.65546,0.45802,76.92248,7.692099889144262,2.8655096000350677,0.0
14.70243,28.76242,42.66193,1838.26495,0.39982,76.93194,7.633253441623988,2.8435877499905455,0.0
14.70799,28.7872,42.67969,1833.92139,0.33866,76.94139,7.578268502361931,2.823104413374607,0.0
14.71353,28.81192,42.69441,1829.62333,0.27473,76.95084,7.527188872838153,2.8040759073910597,0.0
14.71906,28.83658,42.70597,1825.36927,0.2082,76.96028,7.480050795068177,2.786515733144272,0.0
14.72457,28.86119,42.71428,1821.15763,0.13925,76.96971,7.436883650469738,2.770434835985423,0.0
14.73006,28.88575,42.71922,1816.98678,0.06805,76.97913,7.397710602895559,2.7558418450591278,0.0
14.73554,28.91025,42.72072,1812.85502,-0.00521,76.98855,7.362549183966558,2.7427432913554637,0.0
14.741,28.9347,42.7187,1808.76061,-0.08035,76.99796,7.331411819395628,2.7311438037794225,0.0
14.74645,28.95909,42.71309,1804.70175,-0.15718,77.00736,7.304306295554207,2.721046282959238,0.0
14.75188,28.98343,42.70383,1800.6766,-0.23551,77.01676,7.281236165944418,2.712452052667949,0.0
14.75729,29.00772,42.69087,1796.68325,-0.31515,77.02615,7.262201097603938,2.7053609888683297,0.0
14.76269,29.03195,42.67417,1792.71976,-0.39592,77.03554,7.24719715775909,2.6997716264987073,0.0
14.76807,29.05613,42.6537,1788.78415,-0.47762,77.04491,7.236217041291743,2.6956812442103684,0.0
14.77343,29.08027,42.62943,1784.87437,-0.56006,77.05429,7.2292502397899,2.6930859273433523,0.0
14.77878,29.10435,42.60136,1780.98835,-0.64304,77.06365,7.226283153095247,2.691980609480845,0.0
14.78412,29.12837,42.56947,1777.12397,-0.72638,77.07301,7.227299144457197,2.692359092995513,0.0
14.78944,29.15235,42.53377,1773.27909,-0.80988,77.08237,7.232278540464447,2.694214049024007,0.0
14.79474,29.17628,42.49428,1769.45151,-0.89335,77.09172,7.241198577143622,2.69753699738729,0.0
14.80003,29.20016,42.45102,1765.63899,-0.97659,77.10106,7.254033293697858,2.70231826700546,0.0
14.8053,29.22398,42.40401,1761.83929,-1.05942,77.1104,7.270753375510838,2.708546937412624,0.0
14.81056,29.24776,42.35331,1758.05011,-1.14163,77.11973,7.291325948260435,2.716210762058816,0.0
14.81581,29.27148,42.29895,1754.26912,-1.22305,77.12906,7.315714325150926,2.7252960741473404,0.0
14.82103,29.29516,42.24099,1750.49399,-1.30347,77.13838,7.343877709537668,2.7357876758546418,0.0
14.82625,29.31878,42.17951,1746.72233,-1.38271,77.14769,7.375770855495222,2.7476687118830054,0.0
14.83144,29.34236,42.11457,1742.95176,-1.46058,77.157,7.411343689190616,2.7609205284121257,0.0
14.83663,29.36589,42.04626,1739.17986,-1.53689,77.1663,7.450540894343475,2.7755225186721035,0.0
14.84179,29.38936,41.97467,1735.4042,-1.61147,77.1756,7.493301465445251,2.791451956505853,0.0
14.84695,29.41279,41.89989,1731.62235,-1.68412,77.18489,7.539558232906151,2.8086838194738397,0.0
14.85208,29.43616,41.82203,1727.83187,-1.75466,77.19417,7.58923736484692,2.827190603258406,0.0
14.85721,29.45949,41.74121,1724.03031,-1.82293,77.20345,7.642257850797137,2.8469421293278074,0.0
14.86231,29.48276,41.65754,1720.21523,-1.88874,77.21272,7.6985309732546225,2.8679053480781835,0.0
14.86741,29.50598,41.57116,1716.38419,-1.95193,77.22198,7.757959773659103,2.890044139894699,0.0
14.87248,29.52915,41.4822,1712.53477,-2.01233,77.23124,7.820438520071057,2.913319116847908,0.0
14.87755,29.55228,41.39081,1708.66458,-2.06978,77.24049,7.885852184538917,2.9376874279992835,0.0
14.88259,29.57534,41.29712,1704.77124,-2.12412,77.24973,7.954075938867147,2.9631025715615595,0.0
14.88763,29.59836,41.2013,1700.85241,-2.17521,77.25896,8.024974678159351,2.989514217406008,0.0
14.89264,29.62133,41.10351,1696.90579,-2.22289,77.26819,8.098402582211543,3.0168680436698816,0.0
14.89764,29.64424,41.0039,1692.92914,-2.26704,77.2774,8.174202725381068,3.0451055914223284,0.0
14.90263,29.6671,40.90266,1688.92026,-2.30752,77.28661,8.252206746092913,3.074164141546798,0.0
14.9076,29.6899,40.79996,1684.87702,-2.3442,77.29581,8.332234587528689,3.10397661814086,0.0
14.91255,29.71266,40.69598,1680.79737,-2.37698,77.305,8.414094321271133,3.1344715228191435,0.0
14.91749,29.73536,40.59089,1676.67934,-2.40575,77.31418,8.497582065753207,3.1655729043334797,0.0
14.92242,29.758,40.4849,1672.52105,-2.43042,77.32335,8.58248201124165,3.197200367879933,0.0
14.92732,29.78059,40.37818,1668.32073,-2.4509,77.33251,8.6685665626232,3.229269128290425,0.0
14.93222,29.80312,40.27093,1664.0767,-2.46711,77.34165,8.755596610715674,3.261690111103252,0.0
14.93709,29.8256,40.16335,1659.78742,-2.47901,77.35079,8.843321941792064,3.2943701051215855,0.0
14.94195,29.84802,40.05563,1655.45148,-2.48653,77.35992,8.931481793818383,3.3272119696267013,0.0
14.94679,29.87038,39.94795,1651.06758,-2.48965,77.36903,9.01980556629424,3.3601148988122747,0.0
14.95162,29.89268,39.84053,1646.6346,-2.48834,77.37813,9.108013688719732,3.3929747453111525,0.0
14.95643,29.91493,39.73355,1642.15155,-2.4826,77.38722,9.19581865050207,3.42568440386266,0.0
14.96123,29.93712,39.6272,1637.61763,-2.47243,77.3963,9.282926192567322,3.4581342552193375,0.0
14.966,29.95924,39.52168,1633.03217,-2.45785,77.40536,9.369036658236052,3.49021266938365,0.0
14.97077,29.98131,39.41717,1628.39471,-2.4389,77.41441,9.45384649785941,3.5218065661245315,0.0
14.97551,30.00331,39.31385,1623.70496,-2.41565,77.42345,9.537049918574384,3.5528020295546145,0.0
14.98024,30.02526,39.21191,1618.96282,-2.38815,77.43247,9.618340667280696,3.583084972336041,0.0
14.98495,30.04714,39.11153,1614.16837,-2.35649,77.44148,9.697413931609718,3.6125418438414028,0.0
14.98964,30.06895,39.01286,1609.32189,-2.32078,77.45047,9.773968340478495,3.641060375412746,0.0
14.99432,30.09071,38.91608,1604.42387,-2.28114,77.45944,9.847708042725566,3.6685303547081163,0.0
14.99898,30.1124,38.82133,1599.47496,-2.2377,77.4684,9.918344839546844,3.6948444200900217,0.0
15.00362,30.13402,38.72877,1594.47605,-2.19061,77.47734,9.98560034399747,3.719898865096704,0.0
15.00824,30.15558,38.63853,1589.42817,-2.14004,77.48627,10.049208138820125,3.7435944422899503,0.0
15.01285,30.17707,38.55075,1584.33259,-2.08618,77.49518,10.108915902475097,3.76583715525724,0.0
15.01743,30.1985,38.46555,1579.19074,-2.02922,77.50407,10.16448747231342,3.786539027198017,0.0
15.022,30.21985,38.38303,1574.00422,-1.96937,77.51295,10.2157048137818,3.8056188345043473,0.0
15.02655,30.24114,38.30331,1568.77482,-1.90685,77.5218,10.262369865021503,3.8230027939225297,0.0
15.03109,30.26236,38.22646,1563.50448,-1.8419,77.53064,10.30430622753626,3.838625192371383,0.0
15.0356,30.28351,38.15257,1558.19531,-1.77477,77.53946,10.341360675609076,3.8524289492397124,0.0
15.0401,30.30459,38.08171,1552.84954,-1.70572,77.54826,10.373404459805396,3.864366101975547,0.0
15.04458,30.3256,38.01392,1547.46955,-1.63501,77.55704,10.400334383232758,3.874398207021169,0.0
15.04904,30.34654,37.94926,1542.05783,-1.56291,77.56581,10.422073633079835,3.8824966495832944,0.0
15.05348,30.36741,37.88775,1536.61698,-1.48971,77.57455,10.438572354276916,3.888642857336688,0.0
15.0579,30.38821,37.82942,1531.14968,-1.41568,77.58327,10.449807956704294,3.892828414867378,0.0
15.06231,30.40893,37.77427,1525.65871,-1.34113,77.59198,10.455785152290098,3.8950550774925707,0.0
15.06669,30.42958,37.72229,1520.14689,-1.26632,77.60066,10.456535723143933,3.895334684884332,0.0
15.07106,30.45016,37.67348,1514.6171,-1.19157,77.60933,10.452118026760544,3.893688976744932,0.0
15.07541,30.47066,37.62779,1509.07226,-1.11715,77.61797,10.442616248890845,3.8901493144816466,0.0
15.07974,30.49109,37.58519,1503.5153,-1.04336,77.62659,10.42813941899286,3.8847563144363284,0.0
15.08405,30.51145,37.54564,1497.94915,-0.97047,77.6352,10.408820206969764,3.877559399638664,0.0
15.08834,30.53173,37.50906,1492.37675,-0.89877,77.64378,10.384813523248503,3.8686162782986298,0.0
15.09261,30.55194,37.47539,1486.801,-0.82853,77.65235,10.356294946910277,3.857992358243738,0.0
15.09687,30.57208,37.44453,1481.22477,-0.76001,77.66089,10.323459008648738,3.845760107275781,0.0
15.1011,30.59214,37.41641,1475.65089,-0.69347,77.66941,10.286517356712132,3.831998369936035,0.0
15.10532,30.61212,37.39092,1470.08211,-0.62916,77.67792,10.245696834635062,3.81679165140975,0.0
15.10952,30.63204,37.36795,1464.52114,-0.5673,77.6864,10.201237499636365,3.800229379327228,0.0
15.1137,30.65187,37.34738,1458.9706,-0.50813,77.69486,10.153390609990812,3.782405154006825,0.0
15.11786,30.67164,37.32909,1453.43301,-0.45185,77.70331,10.102416608458778,3.7634159972294423,0.0
15.122,30.69133,37.31295,1447.9108,-0.39867,77.71173,10.048583127325141,3.7433616090630273,0.0
15.12612,30.71095,37.29882,1442.40631,-0.34876,77.72014,9.992163038458639,3.7223436414583735,0.0
15.13023,30.73049,37.28656,1436.92175,-0.3023,77.72852,9.933432569477139,3.7004649964711236,0.0
15.13431,30.74996,37.27602,1431.45925,-0.25944,77.73689,9.872669504498392,3.6778291559940794,0.0
15.13838,30.76936,37.26706,1426.02078,-0.22032,77.74524,9.810151485101558,3.654539548820669,0.0
15.14243,30.78868,37.25952,1420.60822,-0.18506,77.75357,9.746154424392813,3.6306989598426522,0.0
15.14647,30.80793,37.25324,1415.22332,-0.15378,77.76188,9.680951044125733,3.6064089850889784,0.0
15.15048,30.82711,37.24807,1409.86769,-0.12657,77.77017,9.614809542099204,3.5817695352964405,0.0
15.15448,30.84622,37.24385,1404.54283,-0.10351,77.77845,9.547992394395246,3.556878389711753,0.0
15.15845,30.86526,37.24041,1399.25012,-0.08466,77.78671,9.480755294553374,3.5318308009060853,0.0
15.16242,30.88423,37.23759,1393.99078,-0.07007,77.79495,9.41334622949719,3.50671915053341,0.0
15.16636,30.90312,37.23524,1388.76594,-0.05977,77.80318,9.346004690014778,3.48163265521367,0.0
15.17029,30.92195,37.23319,1383.57659,-0.05378,77.81138,9.278961011807642,3.4566571210561716,0.0
15.1742,30.94071,37.23129,1378.42359,-0.05212,77.81958,9.212435841658769,3.431874744793144,0.0
15.17809,30.9594,37.22938,1373.3077,-0.05476,77.82775,9.146639721948533,3.4073639590009814,0.0
15.18196,30.97802,37.2273,1368.22954,-0.06169,77.83591,9.08177278583885,3.3831993185483165,0.0
15.18582,30.99657,37.22491,1363.18963,-0.07288,77.84406,9.01802455462776,3.3594514251052745,0.0
15.18966,31.01506,37.22205,1358.18836,-0.08827,77.85219,8.955573828315476,3.3361868863764457,0.0
15.19349,31.03347,37.21858,1353.22603,-0.10781,77.8603,8.89458866005868,3.313468306584441,0.0
15.19729,31.05183,37.21437,1348.30281,-0.13143,77.86841,8.835226405119345,3.291354304704608,0.0
15.20109,31.07011,37.20926,1343.41879,-0.15904,77.87649,8.7776338348782,3.2698995569380576,0.0
15.20486,31.08834,37.20314,1338.57393,-0.19056,77.88457,8.72194730673193,3.249154860002835,0.0
15.20862,31.10649,37.19586,1333.76813,-0.22587,77.89263,8.66829298092365,3.2291672119089756,0.0
15.21237,31.12458,37.18732,1329.00116,-0.26489,77.90067,8.616787075784128,3.2099799070425776,0.0
15.21609,31.14261,37.17739,1324.27271,-0.30747,77.9087,8.567536153280953,3.191632642540383,0.0
15.21981,31.16058,37.16597,1319.5824,-0.3535,77.91673,8.520637427334018,3.1741616331454034,0.0
15.2235,31.17848,37.15293,1314.92973,-0.40285,77.92473,8.4761790878552,3.157599731920231,0.0
15.22719,31.19632,37.1382,1310.31415,-0.45536,77.93273,8.434240634089614,3.14197655442542,0.0
15.23085,31.2141,37.12166,1305.73502,-0.51088,77.94071,8.39489321140698,3.1273186041831402,0.0
15.2345,31.23182,37.10324,1301.19161,-0.56928,77.94869,8.358199946279138,3.1136493974651076,0.0
15.23814,31.24948,37.08285,1296.68313,-0.63037,77.95665,8.324216274759639,3.100989585659883,0.0
15.24176,31.26707,37.06042,1292.20873,-0.694,77.9646,8.292990260361004,3.089357073690504,0.0
15.24537,31.28461,37.03588,1287.76747,-0.75999,77.97253,8.26456289775077,3.078767133149266,0.0
15.24896,31.30209,37.00916,1283.35836,-0.82817,77.98046,8.238968399235171,3.0692325090204196,0.0
15.25253,31.31951,36.98021,1278.98033,-0.89836,77.98838,8.21623446148712,3.0607635190433684,0.0
15.2561,31.33686,36.94898,1274.63228,-0.97037,77.99628,8.1963825104163,3.053368144933219,0.0
15.25964,31.35417,36.91544,1270.31302,-1.04402,78.00418,8.179427922615973,3.047052114875544,0.0
15.26318,31.37141,36.87954,1266.02133,-1.11912,78.01207,8.165380222113091,3.0418189768209754,0.0
15.2667,31.38859,36.84125,1261.75593,-1.19547,78.01994,8.15424325166695,3.0376701622984594,0.0
15.2702,31.40572,36.80056,1257.51548,-1.27289,78.02781,8.146015318148956,3.0346050405730463,0.0
15.27369,31.42279,36.75744,1253.2986,-1.35117,78.03566,8.14068931193536,3.0326209631228247,0.0
15.27717,31.4398,36.7119,1249.10388,-1.43012,78.04351,8.138252800566242,3.0317132985293553,0.0
15.28063,31.45676,36.66392,1244.92984,-1.50955,78.05134,8.138688097236882,3.031875457992514,0.0
15.28408,31.47366,36.61351,1240.77499,-1.58925,78.05917,8.14197230502311,3.0330989118055913,0.0
15.28751,31.49051,36.56069,1236.63778,-1.66903,78.06698,8.14807733799463,3.0353731972205678,0.0
15.29094,31.5073,36.50546,1232.51664,-1.74868,78.07479,8.156969920708931,3.038685918259578,0.0
15.29434,31.52403,36.44786,1228.40998,-1.82802,78.08259,8.168611567800061,3.0430227381111936,0.0
15.29774,31.54071,36.38792,1224.31615,-1.90685,78.09038,8.182958545719016,3.0483673648777123,0.0
15.30112,31.55733,36.32566,1220.23351,-1.98497,78.09815,8.199961818889259,3.054701531516671,0.0
15.30448,31.57389,36.26114,1216.16038,-2.06219,78.10592,8.219566982841434,3.0620049709317643,0.0
15.30784,31.59041,36.19439,1212.09508,-2.13832,78.11368,8.24171418713156,3.070255387257853,0.0
15.31118,31.60686,36.12548,1208.0359,-2.21317,78.12143,8.266338051106748,3.079428424481464,0.0
15.3145,31.62326,36.05446,1203.98112,-2.28657,78.12917,8.293367575820172,3.0894976336268125,0.0
15.31782,31.63961,35.98139,1199.92904,-2.35832,78.1369,8.322726055618817,3.100434439819901,0.0
15.32112,31.6559,35.90635,1195.87794,-2.42826,78.14462,8.3543309931479,3.112208110625439,0.0
15.3244,31.67214,35.82941,1191.8261,-2.49622,78.15233,8.388094021712284,3.124785727124418,0.0
15.32767,31.68832,35.75066,1187.77181,-2.56202,78.16003,8.423920839108808,3.1381321592649223,0.0
15.33093,31.70444,35.67016,1183.71339,-2.62551,78.16772,8.461711157149956,3.1522100470583605,0.0
15.33418,31.72051,35.58802,1179.64916,-2.68654,78.17539,8.501358671254161,3.1669797892510565,0.0
15.33741,31.73653,35.50431,1175.57747,-2.74495,78.18306,8.542751054511307,3.182399541113493,0.0
15.34063,31.75249,35.41915,1171.4967,-2.80061,78.19072,8.585769980631538,3.1984252229893473,0.0
15.34384,31.76839,35.33263,1167.40526,-2.85339,78.19837,8.630291180172915,3.215010541241771,0.0
15.34703,31.78424,35.24485,1163.30158,-2.90315,78.206,8.676184534324712,3.2321070231901374,0.0
15.35021,31.80004,35.15591,1159.18418,-2.94979,78.21363,8.723314210322188,3.2496640675556048,0.0
15.35337,31.81577,35.06592,1155.05158,-2.9932,78.22124,8.77153884236984,3.2676290118597886,0.0
15.35653,31.83146,34.975,1150.90239,-3.03328,78.22884,8.820711761587932,3.2859472180859006,0.0
15.35967,31.84708,34.88326,1146.73526,-3.06994,78.23643,8.870681278054994,3.304562177746988,0.0
15.36279,31.86265,34.7908,1142.54891,-3.10312,78.24401,8.921291017606105,3.3234156373521677,0.0
15.3659,31.87816,34.69775,1138.34213,-3.13274,78.25157,8.97238031535636,3.3424477450044634,0.0
15.369,31.89362,34.60421,1134.1138,-3.15875,78.25913,9.02378466733861,3.361597218647753,0.0
15.37209,31.90902,34.51031,1129.86286,-3.18111,78.26667,9.075336240830715,3.380801536177095,0.0
15.37516,31.92436,34.41615,1125.58835,-3.19979,78.27419,9.126864443161512,3.399997147333917,0.0
15.37822,31.93964,34.32186,1121.28939,-3.21478,78.28171,9.178196547874842,3.4191197069685932,0.0
15.38126,31.95487,34.22755,1116.9652,-3.22607,78.28921,9.229158376203424,3.4381043289073934,0.0
15.38429,31.97003,34.13332,1112.6151,-3.23367,78.29669,9.279575030805763,3.4568858592887834,0.0
15.38731,31.98514,34.0393,1108.23851,-3.23761,78.30417,9.329271677727098,3.4753991678644587,0.0
15.39031,32.00019,33.94559,1103.83496,-3.23792,78.31163,9.378074371551648,3.493579455390259,0.0
15.3933,32.01518,33.8523,1099.40407,-3.23465,78.31907,9.425810917699906,3.5113625748546062,0.0
15.39627,32.03011,33.75952,1094.9456,-3.22787,78.3265,9.472311764902788,3.5286853639486053,0.0
15.39923,32.04498,33.66737,1090.45939,-3.21766,78.33391,9.517410920002263,3.5454859858533476,0.0
15.40218,32.05979,33.57593,1085.9454,-3.2041,78.34131,9.56094687642199,3.561704275119651,0.0
15.40511,32.07454,33.48531,1081.40373,-3.18731,78.34869,9.602763547001384,3.577282085173296,0.0
15.40803,32.08923,33.39558,1076.83457,-3.16739,78.35606,9.64271119131343,3.5921636337653124,0.0
15.41094,32.10386,33.30684,1072.23822,-3.14449,78.36341,9.680647327203875,3.606295842544313,0.0
15.41383,32.11843,33.21916,1067.61511,-3.11874,78.37075,9.716437616097492,3.6196286668563618,0.0
15.41671,32.13293,33.13261,1062.96576,-3.09029,78.37807,9.749956711522893,3.632115411842803,0.0
15.41957,32.14737,33.04727,1058.29081,-3.05933,78.38537,9.781089060520056,3.643713030985648,0.0
15.42242,32.16175,32.96319,1053.59101,-3.02601,78.39266,9.80972964789861,3.6543824033633667,0.0
15.42525,32.17607,32.88043,1048.86719,-2.99053,78.39993,9.835784673905101,3.6640885860997776,0.0
15.42807,32.19032,32.79904,1044.12031,-2.95309,78.40718,9.859172156532514,3.6728010387401917,0.0
15.43087,32.20451,32.71907,1039.3514,-2.91389,78.41441,9.8798224507017,3.680493816660154,0.0
15.43367,32.21864,32.64055,1034.56158,-2.87314,78.42163,9.897678677510045,3.687145730971865,0.0
15.43644,32.2327,32.56351,1029.75207,-2.83106,78.42883,9.912697058048042,3.692740472879643,0.0
15.4392,32.24669,32.48797,1024.92414,-2.78789,78.43601,9.924847147537731,3.6972667009026483,0.0
15.44195,32.26063,32.41396,1020.07916,-2.74385,78.44317,9.93411196699199,3.70071808992143,0.0
15.44468,32.27449,32.34148,1015.21854,-2.69917,78.45032,9.94048803102898,3.703093341539551,0.0
15.4474,32.2883,32.27053,1010.34376,-2.65409,78.45745,9.94398527195104,3.704396155800965,0.0
15.4501,32.30203,32.20112,1005.45636,-2.60886,78.46455,9.944626861681549,3.704635164856821,0.0
15.45279,32.3157,32.13323,1000.55791,-2.56371,78.47165,9.942448934530917,3.703823829688498,0.0
15.45547,32.32931,32.06685,995.65002,-2.51888,78.47872,9.9375002151595,3.701980301514003,0.0
