0.04699,0.04699,56.72862,4967.82831,-0.45867,45.0001,7.709045899021257,2.871822434590603,0.0
0.09393,0.09393,56.67173,4963.61721,-0.41653,45.00024,7.757816262051203,2.889990678044739,0.0
0.14084,0.14084,56.6204,4959.36978,-0.37368,45.00042,7.800657520373066,2.9059501739909797,0.0
0.18771,0.18771,56.57472,4955.08921,-0.33024,45.00065,7.837394412445069,2.919635632893606,0.0
0.23454,0.23454,56.53474,4950.77882,-0.28629,45.00091,7.867880365925485,2.930992452698773,0.0
0.28132,0.28133,56.50052,4946.44201,-0.24196,45.00122,7.891998961061162,2.9399772639852437,0.0
0.32807,0.32808,56.47208,4942.08229,-0.19735,45.00157,7.909665083081008,2.946558359261281,0.0
0.37478,0.37479,56.44945,4937.70323,-0.15258,45.00196,7.9208257432069855,2.950715998812849,0.0
0.42144,0.42146,56.43263,4933.30844,-0.10776,45.00239,7.925460554034647,2.9524425877953653,0.0
0.46806,0.46808,56.42161,4928.90156,-0.063,45.00287,7.923581851599667,2.951742721706699,0.0
0.51464,0.51467,56.41636,4924.48626,-0.01842,45.00338,7.915234463207455,2.9486330998975934,0.0
0.56118,0.56121,56.41684,4920.06618,0.02588,45.00393,7.900495126875457,2.943142309298645,0.0
0.60767,0.60772,56.42301,4915.64496,0.06978,45.00453,7.879471574731815,2.935310482962189,0.0
0.65413,0.65418,56.43477,4911.22621,0.11298,44.99796,7.85231479899929,2.9251938694640502,-2.999999948825517
0.70055,0.70059,56.45203,4906.81347,0.15556,44.99146,7.819203718306246,2.9128591207009262,-2.999999948825517
0.74693,0.74696,56.4747,4902.41019,0.19743,44.98502,7.780329960557704,2.8983776231094693,-2.999999948825517
0.79327,0.79328,56.50267,4898.01971,0.23848,44.97866,7.735909360620748,2.8818297808566276,-2.999999948825517
0.83958,0.83955,56.53582,4893.6453,0.27862,44.97237,7.68617977507214,2.8633042017756263,-2.999999948825517
0.88585,0.88578,56.57402,4889.29008,0.31775,44.96616,7.631398724904389,2.842896819211961,-2.999999948825517
0.93209,0.93196,56.61712,4884.95708,0.35579,44.96005,7.571840923105284,2.8207099709817167,-2.999999948825517
0.97829,0.9781,56.66497,4880.64917,0.39265,44.95402,7.507795726593235,2.7968514501504407,-2.999999948825517
1.02445,1.02419,56.7174,4876.36908,0.42827,44.94809,7.439564551324007,2.771433542092385,-2.999999948825517
1.07058,1.07024,56.77425,4872.11938,0.46255,44.94226,7.367458287903565,2.744572061738297,-2.999999948825517
1.11667,1.11624,56.83534,4867.9025,0.49545,44.93653,7.291794752789423,2.7163854040808535,-2.999999948825517
1.16272,1.16219,56.90047,4863.7207,0.52689,44.93091,7.212896207356018,2.686993619961241,-2.999999948825517
1.20874,1.20811,56.96945,4859.57607,0.55682,44.9254,7.131086973733968,2.6565175279065425,-2.999999948825517
1.25472,1.25398,57.04208,4855.47053,0.58519,44.92001,7.046691172645784,2.625077871414023,-2.999999948825517
1.30067,1.2998,57.11815,4851.40583,0.61196,44.91472,6.960030604522519,2.592794529611329,-2.999999948825517
1.34659,1.34559,57.19746,4847.38357,0.63709,44.90956,6.87142279113358,2.559785787712065,-2.999999948825517
1.39246,1.39133,57.27978,4843.40517,0.66055,44.90451,6.781179190895103,2.5261676721712063,-2.999999948825517
1.43831,1.43703,57.36489,4839.47187,0.6823,44.89959,6.6896035971036225,2.4920533539849927,-2.999999948825517
1.48412,1.4827,57.45259,4835.58478,0.70233,44.89479,6.596990724532555,2.457552622160937,-2.999999948825517
1.5299,1.52832,57.54264,4831.74483,0.72061,44.89011,6.503624986391939,2.422771428103139,-2.999999948825517
1.57564,1.5739,57.63482,4827.9528,0.73714,44.88556,6.409779460400456,2.3878115004469143,-2.999999948825517
1.62135,1.61944,57.7289,4824.20935,0.7519,44.88114,6.315715039969682,2.352770028852595,-2.999999948825517
1.66703,1.66494,57.82466,4820.51496,0.76491,44.87684,6.2216797640050805,2.317739414338761,-2.999999948825517
1.71267,1.71041,57.92188,4816.87,0.77614,44.87266,6.1279083168123405,2.282807082984199,-2.999999948825517
1.75829,1.75584,58.02033,4813.2747,0.78562,44.86862,6.0346216879493975,2.2480553592138244,-2.999999948825517
1.80387,1.80123,58.1198,4809.72918,0.79335,44.86469,5.94202698058271,2.2135613944063555,-2.999999948825517
1.84942,1.84659,58.22005,4806.23344,0.79934,44.8609,5.850317356001592,2.1793971462244404,-2.999999948825517
1.89494,1.89191,58.32087,4802.78737,0.80361,44.85723,5.759672101368371,2.145629403853375,-2.999999948825517
1.94043,1.9372,58.42206,4799.39075,0.80618,44.85369,5.6702568075186885,2.112319854236395,-2.999999948825517
1.98589,1.98245,58.52339,4796.04329,0.80708,44.85027,5.582223643592407,2.079525184381908,-2.999999948825517
2.03132,2.02767,58.62466,4792.7446,0.80632,44.84697,5.4957117155166895,2.0472972149078803,-2.999999948825517
2.07673,2.07286,58.72566,4789.49419,0.80393,44.84379,5.410847495771258,2.0156830601407005,-2.999999948825517
2.1221,2.11801,58.82619,4786.29153,0.79995,44.84074,5.327745312423905,1.9847253102937714,-2.999999948825517
2.16744,2.16313,58.92606,4783.13599,0.7944,44.8378,5.246507886122087,1.9544622315110156,-2.999999948825517
2.21276,2.20822,59.02507,4780.02691,0.78733,44.83498,5.167226904512182,1.9249279798531556,-2.999999948825517
2.25805,2.25329,59.12304,4776.96355,0.77875,44.83228,5.089983624383512,1.8961528256122075,-2.999999948825517
2.30331,2.29832,59.21979,4773.94511,0.76872,44.82969,5.014849492723779,1.8681633846709753,-2.999999948825517
2.34854,2.34332,59.31513,4770.97078,0.75727,44.82722,4.941886778767261,1.8409828539576283,-2.999999948825517
2.39375,2.38829,59.4089,4768.03966,0.74444,44.82485,4.8711492099899605,1.8146312483706342,-2.999999948825517
2.43893,2.43323,59.50093,4765.15085,0.73027,44.8226,4.802682605871307,1.7891256368716617,-2.999999948825517
2.48409,2.47815,59.59105,4762.3034,0.7148,44.82045,4.736525504094525,1.7644803757617,-2.999999948825517
2.52922,2.52304,59.67911,4759.49634,0.69807,44.8184,4.672709774618097,1.7407073374388333,-2.999999948825517
2.57432,2.5679,59.76496,4756.72866,0.68012,44.81646,4.6112612177932375,1.7178161332127369,-2.999999948825517
2.6194,2.61274,59.84845,4753.99933,0.661,44.81463,4.552200143412039,1.6958143290153482,-2.999999948825517
2.66446,2.65755,59.92944,4751.3073,0.64074,44.81289,4.49554192814641,1.6747076530615368,-2.999999948825517
2.70949,2.70234,60.0078,4748.65151,0.6194,44.81124,4.441297549445775,1.6545001947400484,-2.999999948825517
2.7545,2.7471,60.0834,4746.03088,0.59702,44.8097,4.38947409443319,1.6351945941906951,-2.999999948825517
2.79948,2.79183,60.15612,4743.4443,0.57364,44.80824,4.340075242809551,1.6167922221988782,-2.999999948825517
2.84444,2.83654,60.22584,4740.89068,0.5493,44.80688,4.293101723142189,1.5992933501750988,-2.999999948825517
2.88937,2.88123,60.29244,4738.36888,0.52405,44.80561,4.248551742262132,1.582697310116734,-2.999999948825517
2.93429,2.9259,60.35582,4735.87779,0.49793,44.80442,4.206421387782765,1.5670026445568286,-2.999999948825517
2.97918,2.97054,60.41587,4733.41626,0.47098,44.80332,4.166705003964837,1.5522072465836991,-2.999999948825517
3.02404,3.01516,60.47251,4730.98315,0.44326,44.8023,4.129395541388586,1.5383084901030049,-2.999999948825517
3.06889,3.05976,60.52564,4728.5773,0.41479,44.80136,4.094484881004063,1.5253033505550126,-2.999999948825517
3.11371,3.10434,60.57518,4726.19757,0.38564,44.80049,4.0619641332836505,1.5131885163567886,-2.999999948825517
3.15851,3.14889,60.62105,4723.84278,0.35583,44.79971,4.031823913269673,1.5019604913646654,-2.999999948825517
3.20329,3.19343,60.66317,4721.51177,0.32542,44.79899,4.004054592372081,1.4916156886755052,-2.999999948825517
3.24805,3.23794,60.70147,4719.20336,0.29444,44.79835,3.9786465278059975,1.482150516098226,-2.999999948825517
3.29278,3.28244,60.7359,4716.91638,0.26295,44.79778,3.955590270576537,1.4735614536336137,-2.999999948825517
3.3375,3.32691,60.7664,4714.64963,0.23097,44.79728,3.9348767528863493,1.4658451232885679,-2.999999948825517
3.38219,3.37137,60.7929,4712.40192,0.19856,44.79684,3.9164974558510757,1.4589983515545188,-2.999999948825517
3.42686,3.4158,60.81538,4710.17206,0.16576,44.79646,3.9004445583362877,1.4530182248531067,-2.999999948825517
3.47151,3.46022,60.83377,4707.95884,0.1326,44.79614,3.8867110677020213,1.447902138241956,-2.999999948825517
3.51615,3.50461,60.84805,4705.76105,0.09914,44.79589,3.8752909331541656,1.4436478376410555,-2.999999948825517
3.56076,3.54899,60.85819,4703.57747,0.06542,44.79569,3.8661791423623093,1.4402534558254445,-2.999999948825517
3.60534,3.59335,60.86415,4701.40688,0.03147,44.79554,3.8593718018962537,1.4377175423899313,-2.999999948825517
3.64991,3.63769,60.86593,4699.24803,-0.00267,44.79545,3.8548662019679387,1.4360390878671652,-2.999999948825517
3.69446,3.68201,60.86349,4697.09969,-0.03694,44.7954,3.8526608658739416,1.4352175421462663,-2.999999948825517
3.73899,3.72632,60.85684,4694.96059,-0.0713,44.7954,3.852755584431428,1.4352528273011251,-2.999999948825517
3.7835,3.7706,60.84596,4692.82948,-0.10572,44.79545,3.8551514356290784,1.4361453449108892,-2.999999948825517
3.82799,3.81487,60.83086,4690.70507,-0.14016,44.79554,3.859850789592878,1.4378959779098488,-2.999999948825517
3.87246,3.85913,60.81154,4688.58607,-0.17456,44.79568,3.8668572988891747,1.440506086975074,-2.999999948825517
3.9169,3.90336,60.78801,4686.47118,-0.2089,44.79585,3.8761758740767123,1.4439775014189014,-2.999999948825517
3.96133,3.94758,60.76029,4684.35909,-0.24311,44.79605,3.887812644345617,1.4483125045259213,-2.999999948825517
4.00574,3.99178,60.72839,4682.24845,-0.27717,44.79629,3.901774902955003,1.453513813227051,-2.999999948825517
4.05013,4.03596,60.69235,4680.13793,-0.31103,44.79657,3.9180710371197827,1.4595845519805275,-2.999999948825517
4.09449,4.08012,60.65218,4678.02617,-0.34465,44.79687,3.9367104419005887,1.4665282206936336,-2.999999948825517
4.13884,4.12427,60.60794,4675.91177,-0.37798,44.7972,3.957703417553332,1.474348656482713,-2.999999948825517
4.18317,4.1684,60.55966,4673.79336,-0.41098,44.79755,3.9810610497439423,1.483049989050006,-2.999999948825517
4.22747,4.21252,60.50738,4671.66951,-0.44361,44.79793,4.00679507194321,1.492636589422108,-2.999999948825517
4.27176,4.25661,60.45117,4669.53879,-0.47583,44.79832,4.03491770926706,1.5031130117763638,-2.999999948825517
4.31603,4.30069,60.39107,4667.39976,-0.50758,44.79874,4.065441502977089,1.5144839280626976,-2.999999948825517
4.36027,4.34476,60.32715,4665.25095,-0.53882,44.79916,4.098379114811351,1.5267540551116854,-2.999999948825517
4.4045,4.3888,60.25947,4663.09088,-0.56952,44.7996,4.133743110301852,1.539928073914619,-2.999999948825517
4.4487,4.43283,60.18812,4660.91803,-0.59963,44.80005,4.171545720219243,1.554010540755376,-2.999999948825517
4.49289,4.47684,60.11317,4658.7309,-0.62909,44.80051,4.211798579312938,1.5690057898842422,-2.999999948825517
4.53705,4.52083,60.0347,4656.52794,-0.65787,44.80097,4.254512441528217,1.5849178274287874,-2.999999948825517
4.58119,4.56481,59.9528,4654.30759,-0.68592,44.80143,4.29969687096871,1.6017502162692607,-2.999999948825517
4.62531,4.60877,59.86758,4652.06829,-0.71319,44.8019,4.347359907933336,1.619505951628563,-2.999999948825517
4.66941,4.65271,59.77912,4649.80845,-0.73965,44.80236,4.39750770950303,1.6381873271813447,-2.999999948825517
4.71349,4.69663,59.68754,4647.52646,-0.76523,44.80281,4.450144164294149,1.657795791539514,-2.999999948825517
4.75755,4.74053,59.59295,4645.22071,-0.78991,44.80325,4.5052704811856294,1.6783317950422825,-2.999999948825517
4.80158,4.78442,59.49546,4642.88957,-0.81362,44.80369,4.562884752077065,1.699794626872044,-2.999999948825517
4.84559,4.82829,59.39521,4640.5314,-0.83633,44.80411,4.622981489001576,1.7221822426167386,-2.999999948825517
4.88958,4.87214,59.29231,4638.14457,-0.85799,44.80451,4.685551136262818,1.7454910825280519,-2.999999948825517
4.93355,4.91596,59.18689,4635.72742,-0.87855,44.80489,4.750579558622184,1.769715880857683,-2.999999948825517
4.97749,4.95977,59.07911,4633.27831,-0.89797,44.80525,4.818047507024914,1.7948494668262607,-2.999999948825517
5.02141,5.00357,58.96911,4630.79558,-0.91621,44.80559,4.887930063821657,1.8208825579537784,-2.999999948825517
5.06531,5.04734,58.85702,4628.27758,-0.93321,44.8059,4.960196069984074,1.847803546682337,-2.999999948825517
5.10919,5.09109,58.74302,4625.72269,-0.94894,44.80618,5.034807537430194,1.8755982814518757,-2.999999948825517
5.15304,5.13482,58.62725,4623.12928,-0.96335,44.80642,5.111719050194864,1.9042498436204083,-2.999999948825517
5.19686,5.17852,58.50989,4620.49573,-0.9764,44.80663,5.190877158902604,1.933738321889232,-2.999999948825517
5.24066,5.22221,58.3911,4617.82046,-0.98805,44.8068,5.27221977372884,1.9640405861650099,-2.999999948825517
5.28444,5.26588,58.27106,4615.10191,-0.99825,44.80693,5.355675561796029,1.995130063073977,-2.999999948825517
5.32819,5.30952,58.14995,4612.33855,-1.00698,44.80702,5.441163355771459,2.0269765156490576,-2.999999948825517
5.37191,5.35314,58.02795,4609.5289,-1.01418,44.80706,5.528591581216649,2.0595458300024485,-2.999999948825517
5.41561,5.39674,57.90525,4606.67151,-1.01983,44.80705,5.617857711050448,2.092799812098771,-2.999999948825517
5.45929,5.44032,57.78204,4603.76498,-1.0239,44.80699,5.7088477562626485,2.1266959980324915,-2.999999948825517
5.50293,5.48387,57.65852,4600.808,-1.02634,44.80688,5.80143580273728,2.1611874814824117,-2.999999948825517
5.54655,5.5274,57.53488,4597.79928,-1.02714,44.80672,5.89548360470723,2.196222762262816,-2.999999948825517
5.59014,5.5709,57.41132,4594.73763,-1.02626,44.8065,5.990840245919404,2.231745620098582,-2.999999948825517
5.6337,5.61437,57.28806,4591.62194,-1.02368,44.80622,6.087341880033101,2.2676950179167426,-2.999999948825517
5.67723,5.65782,57.16529,4588.4512,-1.01939,44.80588,6.18481156202404,2.304005039040047,-2.999999948825517
5.72074,5.70125,57.04323,4585.22447,-1.01336,44.80548,6.283059182473574,2.3406048627079716,-2.999999948825517
5.76421,5.74465,56.92209,4581.94093,-1.00558,44.80502,6.381881516489051,2.3774187823008344,-2.999999948825517
5.80766,5.78802,56.80207,4578.59989,-0.99604,44.80449,6.481062398589581,2.4143662704893467,-2.999999948825517
5.85107,5.83136,56.68339,4575.20076,-0.98473,44.8039,6.5803730342441655,2.451362095290766,-2.999999948825517
5.89445,5.87467,56.56625,4571.74308,-0.97166,44.80324,6.6795724577922515,2.4883164906563473,-2.999999948825517
5.9378,5.91796,56.45088,4568.22654,-0.95682,44.80252,6.778408145143061,2.5251353847179683,-2.999999948825517
5.98112,5.96121,56.33747,4564.65098,-0.94023,44.80174,6.876616788084841,2.561720688238695,-2.999999948825517
6.02441,6.00444,56.22624,4561.01638,-0.9219,44.80088,6.973925235029716,2.5979706450649918,-2.999999948825517
6.06766,6.04763,56.11738,4557.32287,-0.90184,44.79996,7.0700516007634615,2.633780245537714,-2.999999948825517
6.11088,6.09079,56.01111,4553.57078,-0.88008,44.79898,7.1647065451622565,2.6690417028477422,-2.999999948825517
6.15407,6.13392,55.90762,4549.76057,-0.85666,44.79793,7.257594717990977,2.70364499126136,-2.999999948825517
6.19722,6.17702,55.80711,4545.89291,-0.83159,44.79683,7.348416363746752,2.7374784439667055,-2.999999948825517
6.24033,6.22008,55.70975,4541.96861,-0.80493,44.79566,7.4368690772842685,2.7704294070903916,-2.999999948825517
6.28341,6.26311,55.61575,4537.98869,-0.77671,44.79443,7.522649697535002,2.8023849451577463,-2.999999948825517
6.32646,6.3061,55.52526,4533.95434,-0.747,44.79314,7.605456323226452,2.8332325920012607,-2.999999948825517
6.36946,6.34906,55.43847,4529.86694,-0.71584,44.7918,7.684990431170106,2.8628611398785972,-2.999999948825517
6.41243,6.39199,55.35554,4525.72804,-0.68331,44.79041,7.760959074465724,2.8911614583615197,-2.999999948825517
6.45536,6.43488,55.27661,4521.53936,-0.64947,44.78897,7.833077135093535,2.918027333485756,-2.999999948825517
6.49826,6.47773,55.20183,4517.30282,-0.61439,44.78748,7.901069602746157,2.94335631667585,-2.999999948825517
6.54111,6.52054,55.13133,4513.02049,-0.57815,44.78596,7.964673849714682,2.9670505722000833,-2.999999948825517
6.58393,6.56332,55.06525,4508.69462,-0.54084,44.78439,8.023641870053686,2.9890177113183554,-2.999999948825517
6.62671,6.60606,55.00369,4504.32759,-0.50255,44.78279,8.077742450389255,3.0091716009652947,-2.999999948825517
6.66945,6.64876,54.94676,4499.92196,-0.46337,44.78117,8.126763239486545,3.0274331347186223,-2.999999948825517
6.71214,6.69142,54.89455,4495.4804,-0.42339,44.77952,8.170512684258414,3.0437309540133146,-2.999999948825517
6.7548,6.73404,54.84713,4491.00571,-0.38272,44.77785,8.208821801177816,3.058002108039321,-2.999999948825517
6.79742,6.77663,54.80457,4486.50082,-0.34147,44.77616,8.241545754112456,3.070192641526497,-2.999999948825517
6.83999,6.81917,54.76693,4481.96874,-0.29974,44.77447,8.268565212370724,3.080258100652434,-2.999999948825517
6.88252,6.86167,54.73424,4477.41259,-0.25763,44.77278,8.289787466223538,3.088163948603713,-2.999999948825517
6.92501,6.90413,54.70654,4472.83554,-0.21527,44.77108,8.305147281184734,3.0938858838178134,-2.999999948825517
6.96746,6.94656,54.68383,4468.24082,-0.17276,44.7694,8.314607476883003,3.0974100556281474,-2.999999948825517
7.00987,6.98894,54.66612,4463.63173,-0.13021,44.76773,8.318159221237574,3.098733173852244,-2.999999948825517
7.05224,7.03128,54.65339,4459.01155,-0.08774,44.76608,8.315822035832861,3.097862510793939,-2.999999948825517
7.09456,7.07357,54.64562,4454.3836,-0.04547,44.76445,8.307643513529486,3.0948157960460594,-2.999999948825517
7.13684,7.11583,54.64277,4449.75118,-0.0035,44.76285,8.293698754631082,3.0896210064477145,-2.999999948825517
7.17907,7.15805,54.64479,4445.11759,0.03806,44.76129,8.274089532803771,3.082316055367363,-2.999999948825517
7.22127,7.20022,54.65161,4440.48608,0.07909,44.75978,8.248943206656774,3.0729483872379455,-2.999999948825517
7.26342,7.24236,54.66315,4435.85983,0.1195,44.75831,8.218411397047849,3.0615744848183613,-2.999999948825517
7.30552,7.28445,54.67933,4431.24199,0.15917,44.75689,8.182668453842307,3.0482592980208616,-2.999999948825517
7.34759,7.3265,54.70004,4426.63561,0.19801,44.75554,8.141909738831853,3.033075604253132,-2.999999948825517
7.38961,7.36851,54.72518,4422.04366,0.23592,44.75424,8.096349753856956,3.0161033110946325,-2.999999948825517
7.43159,7.41048,54.75463,4417.469,0.27281,44.75302,8.046220144715804,2.997428712700154,-2.999999948825517
7.47353,7.45241,54.78824,4412.91439,0.30859,44.75187,7.991767612354494,2.9771437116632122,-2.999999948825517
7.51542,7.4943,54.82588,4408.38247,0.34317,44.7508,7.933251762876061,2.955345018087834,-2.999999948825517
7.55727,7.53615,54.8674,4403.87573,0.37649,44.74981,7.870942927441764,2.9321333374444296,-2.999999948825517
7.59908,7.57796,54.91264,4399.39656,0.40846,44.7489,7.8051199818871755,2.907612558319415,-2.999999948825517
7.64084,7.61973,54.96143,4394.94718,0.43903,44.74809,7.736068194193969,2.881888950541815,-2.999999948825517
7.68257,7.66146,55.01361,4390.52968,0.46812,44.74737,7.664077125723279,2.85507038333747,-2.999999948825517
7.72425,7.70315,55.06898,4386.14601,0.49568,44.74675,7.589438609574493,2.827265572214495,-2.999999948825517
7.76589,7.7448,55.12738,4381.79796,0.52166,44.74622,7.512444826527731,2.7985833622012217,-2.999999948825517
7.80749,7.78642,55.1886,4377.48716,0.54601,44.7458,7.433386496026523,2.7691320539396544,-2.999999948825517
7.84905,7.828,55.25246,4373.2151,0.5687,44.74549,7.352551196445728,2.73901877794107,-2.999999948825517
7.89056,7.86954,55.31876,4368.98313,0.58969,44.74528,7.270221825824748,2.7083489211686422,-2.999999948825517
7.93204,7.91104,55.38729,4364.79244,0.60895,44.74518,7.186675211039635,2.6772256089174533,-2.999999948825517
7.97348,7.95251,55.45786,4360.64406,0.62646,44.74519,7.102180870517466,2.6457492438930457,-2.999999948825517
8.01487,7.99394,55.53025,4356.53891,0.6422,44.74531,7.016999932776316,2.6140171033391084,-2.999999948825517
8.05623,8.03534,55.60427,4352.47774,0.65616,44.74554,6.931384210529919,2.582122994117097,-2.999999948825517
8.09755,8.0767,55.67972,4348.46118,0.66832,44.74589,6.845575427851817,2.55015696480455,-2.999999948825517
8.13883,8.11803,55.75637,4344.48973,0.67869,44.74636,6.759804595846722,2.5182050731162406,-2.999999948825517
8.18007,8.15933,55.83403,4340.56375,0.68727,44.74693,6.674291530636451,2.486349206341256,-2.999999948825517
8.22127,8.20059,55.91249,4336.6835,0.69405,44.74762,6.589244506035691,2.4546669519555793,-2.999999948825517
8.26244,8.24182,55.99156,4332.84911,0.69906,44.74843,6.504860032194134,2.423231515160467,-2.999999948825517
8.30356,8.28302,56.07102,4329.06061,0.7023,44.74935,6.421322750671402,2.3921116797950885,-2.999999948825517
8.34466,8.32419,56.15068,4325.31792,0.7038,44.75038,6.338805435809449,2.3613718088477866,-2.999999948825517
8.38571,8.36532,56.23034,4321.62086,0.70356,44.75153,6.257469091987898,2.3310718806862534,-2.999999948825517
8.42673,8.40643,56.30981,4317.96916,0.70162,44.75279,6.177463136203265,2.3012675570730887,-2.999999948825517
8.46771,8.44751,56.3889,4314.36248,0.698,44.75416,6.098925655493603,2.2720102790632546,-2.999999948825517
8.50866,8.48855,56.46742,4310.80036,0.69273,44.75564,6.0219837289678395,2.243347386968481,-2.999999948825517
8.54957,8.52957,56.54519,4307.28231,0.68584,44.75723,5.9467538045699255,2.215322260711817,-2.999999948825517
8.59044,8.57056,56.62204,4303.80774,0.67736,44.75893,5.873342121165181,2.1879744770659095,-2.999999948825517
8.63129,8.61153,56.69778,4300.376,0.66734,44.76073,5.801845167113969,2.161339980483753,-2.999999948825517
8.67209,8.65246,56.77224,4296.98639,0.6558,44.76264,5.732350167096409,2.1354512644537134,-2.999999948825517
8.71287,8.69337,56.84527,4293.63813,0.6428,44.76465,5.664935589612489,2.1103375605566663,-2.999999948825517
8.75361,8.73425,56.9167,4290.33042,0.62836,44.76676,5.599671668265229,2.0860250326576932,-2.999999948825517
8.79431,8.77511,56.98638,4287.06236,0.61269,44.77481,5.5366141817131025,2.062534459774701,0.0
8.83498,8.81595,57.05418,4283.83304,0.59568,44.78289,5.475812094183535,2.0398840823707314,0.0
8.87562,8.85677,57.11994,4280.64153,0.57737,44.79102,5.41731466088817,2.018092249308105,0.0
8.91621,8.89757,57.18354,4277.48683,0.5578,44.79918,5.361164983102999,1.9971750169461904,0.0
8.95677,8.93835,57.24483,4274.36794,0.53703,44.80738,5.307400519821016,1.9771463397454851,0.0
8.9973,8.9791,57.30368,4271.28381,0.5151,44.81561,5.256053582258035,1.9580182544840377,0.0
9.03779,9.01984,57.35998,4268.23338,0.49206,44.82388,5.2071518122541915,1.939801058474599,0.0
9.07824,9.06057,57.41361,4265.21553,0.46796,44.83219,5.160718642401459,1.922503480974229,0.0
9.11866,9.10127,57.46445,4262.22916,0.44284,44.84054,5.1167737361466905,1.9061328471342556,0.0
9.15905,9.14195,57.5124,4259.27311,0.41677,44.84893,5.075333406509669,1.89069523398377,0.0
9.1994,9.18262,57.55737,4256.34621,0.38978,44.85735,5.03641101239539,1.8761956180663764,0.0
9.23972,9.22327,57.59924,4253.44728,0.36193,44.86582,5.000017331746205,1.8626380144491868,0.0
9.28001,9.2639,57.63794,4250.57512,0.33327,44.87432,4.966160911054415,1.8500256069254535,0.0
9.32026,9.30452,57.67339,4247.7285,0.30386,44.88286,4.9348483909576135,1.8383608693074065,0.0
9.36048,9.34512,57.7055,4244.90618,0.27373,44.89144,4.906084807814014,1.8276456777709948,0.0
9.40067,9.3857,57.7342,4242.10691,0.24295,44.90006,4.879873871294152,1.8178814142661002,0.0
9.44082,9.42627,57.75944,4239.32943,0.21157,44.90872,4.8562182181460285,1.80906906105073,0.0
9.48094,9.46682,57.78115,4236.57244,0.17963,44.91741,4.835119642365517,1.8012092864355504,0.0
9.52103,9.50736,57.79927,4233.83466,0.14719,44.92615,4.8165793020649685,1.7943025218478832,0.0
9.56109,9.54788,57.81376,4231.11477,0.1143,44.93492,4.800597903372928,1.7883490303391913,0.0
9.60112,9.58839,57.82458,4228.41145,0.08102,44.94373,4.787175861704479,1.7833489666625235,0.0
9.64111,9.62888,57.83169,4225.72336,0.04739,44.95259,4.776313440765139,1.7793024290551236,0.0
9.68107,9.66935,57.83506,4223.04916,0.01346,44.96148,4.768010869593645,1.7762095028399472,0.0
9.72101,9.70982,57.83466,4220.38748,-0.0207,44.97041,4.7622684379747495,1.7740702959694392,0.0
9.76091,9.75026,57.83048,4217.73695,-0.05505,44.97938,4.759086570470189,1.772884966604018,0.0
9.80077,9.7907,57.8225,4215.09616,-0.08954,44.98839,4.7584658793008625,1.772653742812076,0.0
9.84061,9.83112,57.81071,4212.46373,-0.12411,44.99744,4.760407196248322,1.773376934454128,0.0
9.88042,9.87152,57.79512,4209.83823,-0.15872,45.00652,4.764911583682029,1.7750549372907496,0.0
9.92019,9.91192,57.77573,4207.21824,-0.1933,45.01565,4.771980324793844,1.777688229344673,0.0
9.95994,9.9523,57.75254,4204.6023,-0.22781,45.02482,4.781614893013598,1.7812773595072784,0.0
9.99965,9.99266,57.72558,4201.98896,-0.2622,45.03402,4.793816900570108,1.7858229283762188,0.0
10.03933,10.03301,57.69486,4199.37674,-0.29641,45.04327,4.808588026093353,1.7913255612853307,0.0
10.07898,10.07335,57.66042,4196.76417,-0.33038,45.05255,4.825929921082626,1.797785873461554,0.0
10.1186,10.11367,57.62228,4194.14973,-0.36407,45.06187,4.845844095081087,1.8052044272494339,0.0
10.15819,10.15398,57.58048,4191.5319,-0.39743,45.07123,4.86833177930452,1.8135816813092445,0.0
10.19775,10.19428,57.53507,4188.90917,-0.43039,45.08063,4.893393768505916,1.8229179317073874,0.0
10.23728,10.23456,57.4861,4186.27999,-0.46292,45.09007,4.92103024082015,1.8332132448037888,0.0
10.27677,10.27483,57.43362,4183.64279,-0.49494,45.09954,4.9512405553471455,1.84446738184631,0.0
10.31624,10.31509,57.3777,4180.99602,-0.52642,45.10905,4.9840230272991075,1.8566797152071652,0.0
10.35567,10.35533,57.31841,4178.33808,-0.55729,45.11861,5.01937468051622,1.869849136188516,0.0
10.39507,10.39556,57.25581,4175.6674,-0.58751,45.12819,5.057290977298196,1.8839739543776126,0.0
10.43444,10.43578,57.18998,4172.98235,-0.61703,45.13782,5.097765525555748,1.8990517885530087,0.0
10.47378,10.47598,57.12102,4170.28134,-0.64578,45.14749,5.14078976342278,1.9150794491943064,0.0
10.51308,10.51617,57.04901,4167.56273,-0.67371,45.15719,5.186352621632821,1.9320528127084968,0.0
10.55236,10.55634,56.97405,4164.82491,-0.70078,45.16693,5.23444016414282,1.9499666875528636,0.0
10.5916,10.5965,56.89623,4162.06625,-0.72694,45.1767,5.285035207710734,1.9688146725176272,0.0
10.63081,10.63664,56.81567,4159.2851,-0.75212,45.18652,5.3381169214054225,1.988589007532843,0.0
10.66998,10.67677,56.73248,4156.47984,-0.77628,45.19636,5.393660407312529,2.0092804174703094,0.0
10.70913,10.71689,56.64677,4153.64883,-0.79937,45.20625,5.451636264033339,2.030877949535409,0.0
10.74824,10.75699,56.55867,4150.79045,-0.82133,45.21617,5.51201013497123,2.053368804991922,0.0
10.78731,10.79707,56.46832,4147.90308,-0.84212,45.22613,5.574742243786639,2.0767381661067836,0.0
10.82635,10.83714,56.37583,4144.98511,-0.86169,45.23612,5.639786919874371,2.1009690193778923,0.0
10.86536,10.87719,56.28136,4142.03495,-0.87998,45.24615,5.70709211718802,2.1260419762835485,0.0
10.90433,10.91723,56.18504,4139.05102,-0.89696,45.25621,5.776598930272187,2.1519350929917196,0.0
10.94327,10.95725,56.08703,4136.03178,-0.91258,45.2663,5.848241111881539,2.17862369066045,0.0
10.98218,10.99725,55.98747,4132.9757,-0.92679,45.27643,5.921944597158823,2.206080178181648,0.0
11.02104,11.03724,55.88653,4129.8813,-0.93955,45.2866,5.997627039884358,2.234273879421824,0.0
11.05988,11.07721,55.78436,4126.74711,-0.95082,45.2968,6.075197366907854,2.263170867236216,0.0
11.09867,11.11716,55.68114,4123.57173,-0.96056,45.30703,6.154555357434179,2.2927338067416696,0.0
11.13743,11.1571,55.57704,4120.35381,-0.96873,45.31729,6.235591254352025,2.3229218105263385,0.0
11.17616,11.19701,55.47222,4117.09204,-0.97532,45.3253,6.318186386069243,2.3536906702997107,-0.999999982941839
11.21484,11.2369,55.36686,4113.78517,-0.98027,45.33331,6.402211965429212,2.3849924094573494,-0.999999982941839
11.25349,11.27678,55.26114,4110.43204,-0.98356,45.34131,6.487527867845315,2.4167748279038417,-0.999999982941839
11.29211,11.31663,55.15525,4107.03153,-0.98516,45.34932,6.573983353800049,2.448981771202721,-0.999999982941839
11.33069,11.35646,55.04936,4103.58262,-0.98504,45.35732,6.661416967473885,2.481553092813056,-0.999999982941839
11.36923,11.39627,54.94367,4100.08439,-0.9832,45.36532,6.749656513039723,2.514424645258505,-0.999999982941839
11.40773,11.43605,54.83836,4096.53598,-0.97959,45.37331,6.838519122508744,2.5475283054016886,-0.999999982941839
11.44619,11.47582,54.73363,4092.93666,-0.97423,45.3813,6.9278114235171975,2.580792036949174,-0.999999982941839
11.48462,11.51555,54.62965,4089.28581,-0.96709,45.38928,7.017329814914678,2.6141399931153693,-0.999999982941839
11.52301,11.55527,54.52663,4085.5829,-0.95818,45.39725,7.106860857225938,2.647492662079813,-0.999999982941839
11.56135,11.59496,54.42475,4081.82754,-0.94749,45.40521,7.196181784122123,2.6807670575236715,-0.999999982941839
11.59966,11.63462,54.3242,4078.01946,-0.93503,45.41317,7.2850611397666505,2.7138769560578493,-0.999999982941839
11.63792,11.67426,54.22517,4074.15853,-0.92081,45.42112,7.373259545478301,2.746733182825159,-0.999999982941839
11.67615,11.71388,54.12784,4070.24476,-0.90484,45.42906,7.460530597473133,2.779243945932809,-0.999999982941839
11.71433,11.75346,54.0324,4066.27829,-0.88714,45.437,7.546621895532198,2.811315219658192,-0.999999982941839
11.75247,11.79302,53.93903,4062.25941,-0.86774,45.44492,7.63127620038272,2.8428511756038253,-0.999999982941839
11.79057,11.83255,53.8479,4058.18859,-0.84667,45.45284,7.714232715281911,2.8737546601210457,-0.999999982941839
11.82863,11.87206,53.75918,4054.06643,-0.82397,45.46074,7.7952284849815126,2.903927715461108,-0.999999982941839
11.86664,11.91153,53.67305,4049.89367,-0.79968,45.46864,7.87399990272231,2.9332721411702933,-0.999999982941839
11.90461,11.95097,53.58967,4045.67125,-0.77384,45.47654,7.9502843135000525,2.96169009134865,-0.999999982941839
11.94253,11.99039,53.50919,4041.40024,-0.74651,45.48442,8.023821699366763,2.989084702469072,-0.999999982941839
11.98041,12.02977,53.43176,4037.08189,-0.71774,45.4923,8.094356430192175,3.015360745581999,-0.999999982941839
12.01824,12.06913,53.35752,4032.71757,-0.68761,45.50017,8.16163906118322,3.040425295938729,-0.999999982941839
12.05603,12.10845,53.28661,4028.30884,-0.65618,45.50803,8.225428156495617,3.064188412334708,-0.999999982941839
12.09377,12.14774,53.21916,4023.8574,-0.62353,45.51589,8.285492116699864,3.0865638178886967,-0.999999982941839
12.13146,12.187,53.15528,4019.36509,-0.58973,45.52375,8.34161098660731,3.107469573505554,-0.999999982941839
12.16911,12.22623,53.09509,4014.83389,-0.55488,45.53161,8.393578219137307,3.1268287349631576,-0.999999982941839
12.20671,12.26542,53.03867,4010.26592,-0.51905,45.53946,8.441202370633407,3.1445699844622954,-0.999999982941839
12.24427,12.30458,52.98613,4005.66343,-0.48235,45.54732,8.484308703129335,3.160628227512898,-0.999999982941839
12.28177,12.34371,52.93753,4001.02877,-0.44486,45.55517,8.522740669872121,3.1749451463304887,-0.999999982941839
12.31923,12.3828,52.89295,3996.36441,-0.4067,45.56303,8.556361261561648,3.1874697013458455,-0.999999982941839
12.35663,12.42186,52.85245,3991.67291,-0.36796,45.57089,8.585054192597903,3.1981585731133024,-0.999999982941839
12.39399,12.46088,52.81606,3986.95692,-0.32875,45.57876,8.608724908854407,3.2069765377328783,-0.999999982941839
12.4313,12.49987,52.78383,3982.21917,-0.28918,45.58664,8.627301401208916,3.2138967699118637,-0.999999982941839
12.46856,12.53882,52.75577,3977.46242,-0.24935,45.59453,8.640734812138534,3.2189010689374595,-0.999999982941839
12.50577,12.57774,52.7319,3972.68953,-0.20938,45.60242,8.648999826106198,3.22198000410602,-0.999999982941839
12.54293,12.61662,52.71222,3967.90334,-0.16938,45.61033,8.652094838068512,3.223132977496647,-0.999999982941839
12.58005,12.65546,52.6967,3963.10676,-0.12947,45.61826,8.650041898192873,3.2223682033768726,-0.999999982941839
12.61711,12.69427,52.68534,3958.30269,-0.08974,45.6262,8.642886434647908,3.2197026049347963,-0.999999982941839
12.65412,12.73305,52.67809,3953.49401,-0.05031,45.63416,8.6306967600801,3.2151616304286477,-0.999999982941839
12.69108,12.77178,52.67491,3948.68361,-0.0113,45.64214,8.613563370883389,3.2087789921462706,-0.999999982941839
12.72799,12.81048,52.67573,3943.87434,0.02719,45.65014,8.591598051739501,3.2005963328228435,-0.999999982941839
12.76485,12.84915,52.6805,3939.069,0.06507,45.65816,8.564932800839767,3.190662825257716,-0.999999982941839
12.80166,12.88778,52.68913,3934.27035,0.10221,45.66621,8.533718593786983,3.1790347118353375,-0.999999982941839
12.83842,12.92637,52.70152,3929.48109,0.13854,45.67429,8.498124006286458,3.165774791441429,-0.999999982941839
12.87513,12.96493,52.7176,3924.70383,0.17395,45.6824,8.458333717409005,3.150951861889068,-0.999999982941839
12.91179,13.00344,52.73723,3919.9411,0.20834,45.69053,8.414546916284474,3.1346401263701043,-0.999999982941839
12.9484,13.04193,52.76032,3915.19534,0.24164,45.6987,8.366975635742138,3.1169185726923625,-0.999999982941839
12.98496,13.08038,52.78672,3910.4689,0.27376,45.70691,8.315843036490868,3.0978703340916076,-0.999999982941839
13.02147,13.11879,52.81632,3905.76401,0.30462,45.71515,8.26138166509552,3.0775820402819174,-0.999999982941839
13.05793,13.15717,52.84897,3901.08279,0.33415,45.72342,8.203831708166248,3.056143167095264,-0.999999982941839
13.09434,13.19551,52.88453,3896.42724,0.36229,45.73174,8.143439264003494,3.033645392623798,-0.999999982941839
13.1307,13.23382,52.92283,3891.79925,0.38896,45.74009,8.080454651390552,3.010181967200581,-0.999999982941839
13.16701,13.27209,52.96373,3887.20056,0.41412,45.74848,8.01513077341746,2.985847103880932,-0.999999982941839
13.20328,13.31033,53.00706,3882.63281,0.4377,45.75692,7.947721552188356,2.9607353953297344,-0.999999982941839
13.23949,13.34853,53.05266,3878.09749,0.45968,45.7654,7.878480448103081,2.9349412622148745,-0.999999982941839
13.27566,13.3867,53.10035,3873.59597,0.47999,45.77392,7.807659075143805,2.9085584373650732,-0.999999982941839
13.31178,13.42484,53.14995,3869.12949,0.49862,45.78249,7.735505921299598,2.8816794890943718,-0.999999982941839
13.34786,13.46294,53.2013,3864.69914,0.51552,45.7911,7.662265181029558,2.854395386263925,-0.999999982941839
13.38388,13.50101,53.25421,3860.30592,0.53069,45.79976,7.588175704454498,2.8267951068282633,-0.999999982941839
13.41986,13.53905,53.3085,3855.95068,0.54408,45.80847,7.5134700659404565,2.798965290858134,-0.999999982941839
13.45579,13.57706,53.364,3851.63413,0.5557,45.81722,7.4383737527750435,2.7709899383011005,-0.999999982941839
13.49168,13.61504,53.42051,3847.3569,0.56554,45.82602,7.363104472929339,2.742950151104631,-0.999999982941839
13.52752,13.65298,53.47786,3843.11947,0.57358,45.83488,7.287871579347139,2.7149239187486973,-0.999999982941839
13.56332,13.6909,53.53586,3838.92222,0.57983,45.84377,7.2128756068182005,2.686985945718871,-0.999999982941839
13.59907,13.72878,53.59435,3834.76542,0.58429,45.85272,7.138307916408561,2.6592075190472646,-0.999999982941839
13.63477,13.76663,53.65312,3830.64922,0.58698,45.86172,7.064350441433122,2.6316564136806324,-0.999999982941839
13.67043,13.80446,53.71202,3826.57368,0.5879,45.87077,6.991175528273263,2.6043968331807448,-0.999999982941839
13.70605,13.84226,53.77085,3822.53876,0.58708,45.87986,6.918945864747765,2.5774893830406707,-0.999999982941839
13.74163,13.88002,53.82946,3818.54433,0.58453,45.88901,6.847814488425424,2.5509910737814487,-0.999999982941839
13.77716,13.91776,53.88767,3814.59018,0.58028,45.8982,6.777924867037053,2.524955350907668,-0.999999982941839
13.81264,13.95548,53.9453,3810.67598,0.57435,45.90744,6.709411043078788,2.4994321487760116,-0.999999982941839
13.84809,13.99316,54.00221,3806.80137,0.56678,45.91673,6.642397834801725,2.4744679654691777,-0.999999982941839
13.88349,14.03082,54.05822,3802.96588,0.55759,45.92607,6.577001085898117,2.450105955810562,-0.999999982941839
13.91885,14.06845,54.11318,3799.16898,0.54683,45.93546,6.513327956515429,2.426386039774648,-0.999999982941839
13.95418,14.10606,54.16695,3795.41007,0.53453,45.9449,6.451477248516989,2.403345023655158,-0.999999982941839
13.98945,14.14364,54.21936,3791.6885,0.52074,45.95438,6.391539758347913,2.381016731516898,-0.999999982941839
14.02469,14.18119,54.27028,3788.00353,0.50549,45.96391,6.333598651231308,2.3594321445936823,-0.999999982941839
14.05989,14.21872,54.31957,3784.35441,0.48883,45.97349,6.2777298509548425,2.3386195464940926,-0.999999982941839
14.09505,14.25623,54.3671,3780.74029,0.4708,45.98311,6.224002439923814,2.3186046722317712,-0.999999982941839
14.13017,14.29371,54.41273,3777.16031,0.45146,45.99277,6.172479064667095,2.2994108592870512,-0.999999982941839
14.16525,14.33117,54.45634,3773.61354,0.43085,46.00249,6.1232163424289805,2.2810591990731215,-0.999999982941839
14.20029,14.36861,54.49782,3770.09901,0.40903,46.01224,6.0762652649941975,2.2635686873714684,-0.999999982941839
14.23529,14.40602,54.53705,3766.61574,0.38604,46.02204,6.031671596264738,2.246956372439705,-0.999999982941839
14.27025,14.44341,54.57392,3763.16266,0.36194,46.03188,5.989476260603168,2.231237499679671,-0.999999982941839
14.30518,14.48078,54.60833,3759.73871,0.33679,46.04177,5.949715719284601,2.2164256518756997,-0.999999982941839
14.34006,14.51812,54.64019,3756.34278,0.31063,46.05169,5.912422332831003,2.202532884173682,-0.999999982941839
14.37491,14.55545,54.6694,3752.97372,0.28353,46.06166,5.877624707285616,2.1895698530773937,-0.999999982941839
14.40972,14.59275,54.69587,3749.63037,0.25554,46.07166,5.845348022807591,2.1775459388586493,-0.999999982941839
14.4445,14.63003,54.71954,3746.31152,0.22672,46.0817,5.815614343263338,2.1664693608882217,-0.999999982941839
14.47923,14.66729,54.74032,3743.01595,0.19712,46.09178,5.788442905687983,2.1563472854678527,-0.999999982941839
14.51393,14.70453,54.75815,3739.74242,0.16681,46.1019,5.763850388752632,2.14718592584137,-0.999999982941839
14.5486,14.74175,54.77297,3736.48966,0.13585,46.11205,5.74185115951714,2.138990634116592,-0.999999982941839
14.58322,14.77895,54.78471,3733.25636,0.10428,46.12224,5.722457497934436,2.1317659848990878,-0.999999982941839
14.61781,14.81613,54.79333,3730.04121,0.07218,46.13246,5.7056797987027865,2.125515850487463,-0.999999982941839
14.65237,14.85329,54.79879,3726.84288,0.03961,46.14272,5.691526750154215,2.1202434675140016,-0.999999982941839
14.68689,14.89043,54.80105,3723.66001,0.00661,46.15301,5.680005489989122,2.1159514949599045,-0.999999982941839
14.72137,14.92755,54.80007,3720.49123,-0.02674,46.16333,5.671121737717775,2.112642063493238,-0.999999982941839
14.75582,14.96465,54.79583,3717.33513,-0.06038,46.17367,5.664879903743343,2.110316816105226,-0.999999982941839
14.79023,15.00174,54.78831,3714.19032,-0.09426,46.18405,5.661283175057184,2.1089769400340046,-0.999999982941839
14.8246,15.0388,54.7775,3711.05537,-0.12831,46.19446,5.6603335775657815,2.108623189983043,-0.999999982941839
14.85894,15.07585,54.76338,3707.92883,-0.16248,46.20489,5.662032015080401,2.10925590264582,-0.999999982941839
14.89325,15.11287,54.74596,3704.80924,-0.19669,46.21535,5.666378285033397,2.1108750025605554,-0.999999982941839
14.92752,15.14988,54.72523,3701.69513,-0.23089,46.22583,5.673371071009892,2.1134799993280726,-0.999999982941839
14.96175,15.18687,54.70121,3698.58501,-0.26502,46.23633,5.683007912187677,2.117069976227349,-0.999999982941839
14.99595,15.22384,54.67391,3695.47737,-0.29902,46.24686,5.6952851498144295,2.1216435702768774,-0.999999982941839
15.03011,15.26079,54.64336,3692.37071,-0.33281,46.25741,5.7101978508576625,2.127198943792261,-0.999999982941839
15.06424,15.29772,54.60958,3689.26349,-0.36635,46.26798,5.727739709016859,2.133733747510628,-0.999999982941839
15.09833,15.33464,54.5726,3686.15418,-0.39958,46.27857,5.747902923309272,2.14124507536065,-0.999999982941839
15.13239,15.37153,54.53247,3683.04122,-0.43242,46.28917,5.7706780544913485,2.14972941097574,-0.999999982941839
15.16641,15.40841,54.48923,3679.92305,-0.46482,46.2998,5.79605385965601,2.159182566077194,-0.999999982941839
15.2004,15.44527,54.44293,3676.79811,-0.49672,46.31043,5.824017105412584,2.169599610878794,-0.999999982941839
15.23435,15.48211,54.39363,3673.66481,-0.52805,46.32109,5.854552360147186,2.1809747966983393,-0.999999982941839
15.26827,15.51893,54.34138,3670.52158,-0.55876,46.33175,5.8876417660053,2.1933014710151535,-0.999999982941839
15.30215,15.55573,54.28626,3667.36684,-0.58878,46.34243,5.923264791319878,2.20657198524304,-0.999999982941839
15.33599,15.59251,54.22835,3664.19898,-0.61806,46.35311,5.961397964434755,2.2207775955725015,-0.999999982941839
15.3698,15.62928,54.16771,3661.01642,-0.64654,46.36381,6.002014589996214,2.2359083572818816,-0.999999982941839
15.40357,15.66602,54.10445,3657.81757,-0.67416,46.37451,6.045084449027957,2.2519530130074,-0.999999982941839
15.43731,15.70274,54.03863,3654.60085,-0.70085,46.38522,6.090573484313809,2.2688988755399313,-0.999999982941839
15.47101,15.73945,53.97037,3651.36467,-0.72657,46.39593,6.138443472885765,2.286731705818189,-0.999999982941839
15.50468,15.77613,53.89976,3648.10746,-0.75126,46.40665,6.188651687695329,2.30543558689239,-0.999999982941839
15.5383,15.8128,53.82691,3644.82765,-0.77485,46.41737,6.241150550831066,2.3249927947386753,-0.999999982941839
15.57189,15.84944,53.75193,3641.52371,-0.7973,46.42809,6.295887281000844,2.345383666936966,-0.999999982941839
15.60545,15.88607,53.67493,3638.1941,-0.81856,46.43881,6.352803538319701,2.3665864703450996,-0.999999982941839
15.63897,15.92267,53.59604,3634.83732,-0.83856,46.44953,6.41183506982398,2.388577269043516,-0.999999982941839
15.67244,15.95925,53.51539,3631.45187,-0.85727,46.46025,6.472911359502831,2.411329793962786,-0.999999982941839
15.70589,15.99581,53.43309,3628.0363,-0.87462,46.47096,6.535955286987615,2.4348153157364325,-0.999999982941839
15.73929,16.03235,53.34929,3624.5892,-0.89058,46.48167,6.600882799474273,2.459002522483382,-0.999999982941839
15.77266,16.06886,53.26413,3621.10916,-0.9051,46.49237,6.667602601779182,2.483857404345613,-0.999999982941839
15.80598,16.10536,53.17774,3617.59486,-0.91814,46.50307,6.736015869780235,2.509343146737421,-0.999999982941839
15.83927,16.14183,53.09027,3614.04499,-0.92965,46.51375,6.806015992846169,2.5354200343935673,-0.999999982941839
15.87252,16.17828,53.00188,3610.45831,-0.9396,46.52443,6.877488351111901,2.562045368398478,-0.999999982941839
15.90573,16.2147,52.91271,3606.83362,-0.94796,46.5351,6.950310133711778,2.589173398473348,-0.999999982941839
15.9389,16.2511,52.82291,3603.16981,-0.95468,46.54575,7.024350204235344,2.6167552728548777,-0.999999982941839
15.97203,16.28748,52.73266,3599.46582,-0.95974,46.55639,7.099469019767845,2.6447390081357245,-0.999999982941839
16.00512,16.32383,52.6421,3595.72066,-0.96311,46.56702,7.175518609874192,2.6730694814354825,-0.999999982941839
16.03817,16.36015,52.55139,3591.93342,-0.96478,46.57763,7.252342621783793,2.7016884472332157,-0.999999982941839
16.07118,16.39646,52.46071,3588.10329,-0.96472,46.58823,7.329776437814871,2.7305345811111117,-0.999999982941839
16.10415,16.43273,52.37021,3584.22953,-0.96292,46.59881,7.407647370705789,2.759543552520534,-0.999999982941839
16.13707,16.46898,52.28006,3580.3115,-0.95936,46.60938,7.485774942064226,2.788648128511672,-0.999999982941839
16.16996,16.5052,52.19043,3576.34868,-0.95404,46.61993,7.563971248482095,2.8177783101209783,-0.999999982941839
16.2028,16.54139,52.10148,3572.34062,-0.94696,46.63046,7.642041419082916,2.8468615028195994,-0.999999982941839
16.2356,16.57756,52.01337,3568.28701,-0.93812,46.64097,7.719784167343771,2.8758227220815833,-0.999999982941839
16.26835,16.61369,51.92626,3564.18765,-0.92753,46.65146,7.796992438907938,2.9045848347111227,-0.999999982941839
16.30106,16.6498,51.84033,3560.04246,-0.9152,46.66193,7.873454155916753,2.933068836125761,-0.999999982941839
16.33373,16.68588,51.75573,3555.85146,-0.90114,46.67239,7.948953056977116,2.9611941632663883,-0.999999982941839
16.36635,16.72193,51.67261,3551.61483,-0.88539,46.68282,8.0232696304098,2.9888790422567943,-0.999999982941839
16.39893,16.75795,51.59114,3547.33287,-0.86797,46.69324,8.096182136870075,3.0160408693567504,-0.999999982941839
16.43146,16.79394,51.51145,3543.006,-0.84888,46.70707,8.167466086542142,3.042596016203193,0.0
16.46394,16.8299,51.43371,3538.63477,-0.82819,46.72092,8.236896976000066,3.068460849362918,0.0
16.49638,16.86583,51.35806,3534.21989,-0.80595,46.73479,8.30425317417084,3.0935528054297663,0.0
16.52877,16.90173,51.28462,3529.76219,-0.7822,46.74867,8.36931569180274,3.1177903051455167,0.0
16.5611,16.93759,51.21354,3525.26263,-0.757,46.76256,8.431869527896202,3.1410932549808157,0.0
16.59339,16.97343,51.14494,3520.72233,-0.73042,46.77647,8.491705055131137,3.163383563243302,0.0
16.62563,17.00924,51.07893,3516.14251,-0.70251,46.79039,8.548619421624815,3.1845856622693063,0.0
16.65782,17.04501,51.01564,3511.52452,-0.67335,46.80432,8.602417953106437,3.204627030770766,0.0
16.68996,17.08075,50.95516,3506.86987,-0.64302,46.81827,8.652915538772028,3.2234387101026427,0.0
16.72205,17.11646,50.8976,3502.18015,-0.61159,46.83223,8.69993798358184,3.240955808029282,0.0
16.75409,17.15213,50.84305,3497.45709,-0.57915,46.8462,8.743323309539859,3.2571179834852724,0.0
16.78607,17.18778,50.79157,3492.7025,-0.54579,46.86018,8.782922988649057,3.2718699058837135,0.0
16.81801,17.22338,50.74326,3487.91834,-0.5116,46.87417,8.818603090709741,3.285161682701305,0.0
16.84989,17.25896,50.69816,3483.10662,-0.47668,46.88817,8.850245329927326,3.2969492493672754,0.0
16.88172,17.29449,50.65634,3478.26945,-0.44112,46.90218,8.877747995531832,3.307194715943638,0.0
16.9135,17.33,50.61784,3473.40902,-0.40503,46.91621,8.90102675302951,3.315866665612495,0.0
16.94523,17.36547,50.58269,3468.5276,-0.36852,46.93024,8.920015304587439,3.322940400686684,0.0
16.9769,17.4009,50.55092,3463.62749,-0.33168,46.94428,8.934665898994362,3.328398132583602,0.0
17.00852,17.43629,50.52254,3458.71106,-0.29462,46.95834,8.944949684054459,3.332229113101158,0.0
17.04009,17.47166,50.49756,3453.78072,-0.25746,46.9724,8.950856896517447,3.334429705171735,0.0
17.0716,17.50698,50.47598,3448.83889,-0.22029,46.98647,8.952396887372586,3.335003392284873,0.0
17.10307,17.54227,50.45777,3443.88802,-0.18324,47.00055,8.949597982728967,3.3339607266615103,0.0
17.13447,17.57752,50.44293,3438.93057,-0.1464,47.01464,8.942507183193056,3.3313192172642188,0.0
17.16583,17.61273,50.4314,3433.96898,-0.10989,47.02874,8.93118970704582,3.3271031596186553,0.0
17.19713,17.64791,50.42315,3429.00569,-0.0738,47.04285,8.91572838488516,3.32134341030194,0.0
17.22838,17.68305,50.41813,3424.04311,-0.03825,47.05696,8.896222915548242,3.314077109754152,0.0
17.25957,17.71816,50.41627,3419.08361,-0.00333,47.07109,8.872788994994519,3.305347357764332,0.0
17.29071,17.75322,50.41751,3414.12953,0.03086,47.08522,8.845557331513868,3.2952028466096013,0.0
17.3218,17.78825,50.42176,3409.18314,0.06422,47.09936,8.814672561878206,3.28369745729312,0.0
17.35283,17.82325,50.42894,3404.24667,0.09666,47.11351,8.780292084106787,3.2708898247184535,0.0
17.38381,17.85821,50.43896,3399.32226,0.1281,47.12768,8.742584823140612,3.2568428778708074,0.0
17.41474,17.89313,50.45171,3394.412,0.15844,47.14184,8.701729946074112,3.241623361207024,0.0
17.44561,17.92801,50.46708,3389.51786,0.18761,47.15602,8.65791554355633,3.225301343442838,0.0
17.47643,17.96286,50.48496,3384.64177,0.21553,47.17021,8.611337293719625,3.207949719831154,0.0
17.5072,17.99767,50.50524,3379.78553,0.24214,47.18441,8.562197124345934,3.1896437137837816,0.0
17.53792,18.03244,50.52777,3374.95085,0.26736,47.19862,8.510701888203283,3.170460383399437,0.0
17.56858,18.06718,50.55244,3370.13936,0.29115,47.21284,8.45706206536285,3.150478138042696,0.0
17.5992,18.10188,50.5791,3365.35256,0.31343,47.22706,8.401490505136298,3.129776269682556,0.0
17.62976,18.13655,50.60762,3360.59187,0.33416,47.2413,8.344201218852493,3.108434503169997,0.0
17.66027,18.17118,50.63785,3355.85857,0.3533,47.25555,8.285408233249175,3.086532569096209,0.0
17.69072,18.20578,50.66965,3351.15385,0.37081,47.26981,8.225324512722002,3.064149802302005,0.0
17.72113,18.24034,50.70287,3346.4788,0.38666,47.28408,8.164160957118405,3.041364768529662,0.0
17.75149,18.27487,50.73735,3341.83439,0.4008,47.29836,8.102125480251422,3.018254921145079,0.0
17.78179,18.30936,50.77295,3337.22148,0.41323,47.31265,8.039422172764539,2.9948962892829014,0.0
17.81205,18.34382,50.8095,3332.64082,0.42392,47.32696,7.976250551620731,2.971363198261446,0.0
17.84225,18.37824,50.84687,3328.09307,0.43286,47.34127,7.912804897118569,2.9477280226037523,0.0
17.87241,18.41264,50.88488,3323.57876,0.44005,47.3556,7.849273677098406,2.9240609715392383,0.0
17.90251,18.447,50.92339,3319.09834,0.44547,47.36994,7.7858390569695715,2.9004299064759405,0.0
17.93257,18.48132,50.96225,3314.65215,0.44913,47.38429,7.72267649311796,2.8769001895341404,0.0
17.96258,18.51562,51.00129,3310.24044,0.45103,47.39866,7.659954406514826,2.853534561957051,0.0
17.99254,18.54988,51.04037,3305.86336,0.45119,47.41304,7.59783393256244,2.8303930509217476,0.0
18.02246,18.58411,51.07934,3301.52096,0.44961,47.42743,7.536468742684344,2.807532903076837,0.0
18.05232,18.61831,51.11804,3297.21323,0.44633,47.44184,7.4760049327289915,2.7850085429698814,0.0
18.08214,18.65248,51.15634,3292.94005,0.44135,47.45626,7.416580972873631,2.762871554385275,0.0
18.11191,18.68661,51.19409,3288.70122,0.43471,47.4707,7.358327713585943,2.7411706825651136,0.0
18.14164,18.72072,51.23115,3284.49648,0.42643,47.48515,7.301368442001496,2.719951855211274,0.0
18.17132,18.7548,51.26738,3280.32548,0.41654,47.49962,7.245818983124668,2.699258220185427,0.0
18.20095,18.78885,51.30265,3276.18779,0.40509,47.5141,7.191787840248994,2.6791301978193096,0.0
18.23054,18.82287,51.33683,3272.08295,0.39211,47.52859,7.1393763691791605,2.6596055458169974,0.0
18.26008,18.85685,51.36978,3268.01039,0.37763,47.5431,7.08867898094885,2.640719434772641,0.0
18.28958,18.89082,51.4014,3263.96951,0.36172,47.55763,7.039783368019251,2.6225045324353617,0.0
18.31903,18.92475,51.43156,3259.95964,0.3444,47.57218,6.992770749139523,2.604991094926213,0.0
18.34844,18.95865,51.46015,3255.98004,0.32573,47.58674,6.947716128381073,2.5882070632352727,0.0
18.37781,18.99253,51.48706,3252.02995,0.30576,47.60131,6.904688564135636,2.572178163430496,0.0
18.40713,19.02638,51.51218,3248.10852,0.28454,47.61591,6.863751444183611,2.5569280091279154,0.0
18.43641,19.0602,51.53542,3244.2149,0.26213,47.63052,6.824962763271284,2.542478204896455,0.0
18.46564,19.094,51.55668,3240.34816,0.23858,47.64515,6.788375399927214,2.528848449379323,0.0
18.49483,19.12777,51.57587,3236.50733,0.21395,47.65979,6.754037389569645,2.5160566370337,0.0
18.52398,19.16151,51.59291,3232.6914,0.18829,47.67445,6.721992191278369,2.504118957510288,0.0
18.55309,19.19522,51.60771,3228.89935,0.16168,47.68914,6.692278945825852,2.493049991776685,0.0
18.58215,19.22892,51.62022,3225.1301,0.13416,47.70383,6.664932722921909,2.4828628042225382,0.0
18.61117,19.26258,51.63035,3221.38252,0.1058,47.71855,6.639984755810597,2.4735690300530537,0.0
18.64015,19.29622,51.63804,3217.65548,0.07667,47.73328,6.617462661625402,2.4651789573771055,0.0
18.66909,19.32983,51.64324,3213.9478,0.04682,47.74804,6.597390646126178,2.4577016034771315,0.0
18.69799,19.36342,51.6459,3210.25828,0.01633,47.76281,6.579789691650374,2.451144784825911,0.0
18.72684,19.39699,51.64598,3206.5857,-0.01474,47.7776,6.564677727282372,2.445515180479117,0.0
18.75566,19.43053,51.64342,3202.92878,-0.04633,47.7924,6.552069780415491,2.4408183885361567,0.0
18.78443,19.46404,51.6382,3199.28625,-0.07837,47.80723,6.541978109062936,2.4370589754294767,0.0
18.81316,19.49753,51.63028,3195.65682,-0.11078,47.82207,6.534412314374954,2.434240517840164,0.0
18.84185,19.531,51.61965,3192.03914,-0.14351,47.83694,6.529379432973834,2.4323656370951667,0.0
18.87051,19.56444,51.60629,3188.43188,-0.17649,47.85182,6.526884008847497,2.4314360259495458,0.0
18.89912,19.59786,51.59019,3184.83367,-0.20964,47.86672,6.526928144617279,2.431452467685072,0.0
18.92769,19.63125,51.57133,3181.24313,-0.2429,47.88164,6.5295115321385335,2.432414847509756,0.0
18.95622,19.66462,51.54973,3177.65885,-0.2762,47.89657,6.534631462472243,2.434322156272537,0.0
18.9847,19.69796,51.52538,3174.07944,-0.30947,47.91153,6.542282815368734,2.437172486545691,0.0
19.01315,19.73129,51.4983,3170.50344,-0.34264,47.9265,6.552458028507658,2.4409630211659117,0.0
19.04156,19.76458,51.4685,3166.92943,-0.37565,47.94149,6.565147046820506,2.445690014355612,0.0
19.06993,19.79786,51.43602,3163.35595,-0.40842,47.9565,6.580337252351313,2.4513487655942,0.0
19.09826,19.83111,51.40087,3159.78155,-0.44089,47.97153,6.598013375195322,2.457933586440376,0.0
19.12655,19.86433,51.36309,3156.20475,-0.47299,47.98658,6.618157386175595,2.4654377605513558,0.0
19.15479,19.89753,51.32272,3152.62407,-0.50465,48.00164,6.640748372050807,2.473853497194484,0.0
19.183,19.93071,51.2798,3149.03804,-0.53581,48.01672,6.665762394164939,2.483171878590531,0.0
19.21117,19.96386,51.23439,3145.44517,-0.56639,48.03182,6.693172331597622,2.493382801483064,0.0
19.2393,19.99699,51.18654,3141.84399,-0.59633,48.04694,6.722947710027385,2.5044749133855073,0.0
19.26738,20.03009,51.13631,3138.233,-0.62557,48.06207,6.755054517694656,2.516435544022518,0.0
19.29543,20.06317,51.08377,3134.61073,-0.65404,48.07722,6.789455009996269,2.529250632536296,0.0
19.32343,20.09623,51.02899,3130.97572,-0.68168,48.09239,6.826107504491194,2.542904651120826,0.0
19.3514,20.12926,50.97205,3127.32648,-0.70842,48.10757,6.8649661682250285,2.5573805257946565,0.0
19.37932,20.16226,50.91302,3123.66158,-0.73421,48.12277,6.9059807995607745,2.5726595551271205,0.0
19.4072,20.19525,50.852,3119.97957,-0.75898,48.13799,6.949096606868964,2.588721327794587,0.0
19.43505,20.2282,50.78907,3116.27902,-0.78268,48.15322,6.994253986694344,2.6055436399417125,0.0
19.46285,20.26113,50.72433,3112.55855,-0.80524,48.16847,7.041388304210385,2.6231024133949714,0.0
19.4906,20.29403,50.65788,3108.81677,-0.82661,48.18373,7.090429679044818,2.6413716158770284,0.0
19.51832,20.32691,50.58981,3105.05232,-0.84675,48.19901,7.141302779737523,2.6603231844368995,0.0
19.546,20.35976,50.52025,3101.26389,-0.86559,48.2143,7.193926630350025,2.6799269534068983,0.0
19.57363,20.39258,50.4493,3097.45019,-0.88308,48.2296,7.248214432916841,2.70015058826109,0.0
19.60122,20.42538,50.37708,3093.60996,-0.89919,48.24492,7.304073409643581,2.720959526829933,0.0
19.62877,20.45815,50.3037,3089.74201,-0.91386,48.26026,7.361404668879322,2.7423169293714635,0.0
19.65628,20.4909,50.22928,3085.84516,-0.92706,48.2756,7.420103099041091,2.764183639055371,0.0
19.68374,20.52361,50.15396,3081.91832,-0.93873,48.29096,7.480057294755324,2.786518154448752,0.0
19.71116,20.5563,50.07785,3077.96041,-0.94886,48.30633,7.541149519470083,2.8092766155881734,0.0
19.73854,20.58896,50.00109,3073.97044,-0.9574,48.32172,7.603255708838715,2.8324128052401787,0.0
19.76587,20.62159,49.9238,3069.94748,-0.96432,48.33711,7.666245519037144,2.8558781669007476,0.0
19.79316,20.65419,49.84613,3065.89065,-0.9696,48.35252,7.729982424055087,2.8796218410388312,0.0
19.8204,20.68676,49.76821,3061.79917,-0.97322,48.36793,7.794323865740674,2.9035907209919314,0.0
19.8476,20.7193,49.69016,3057.6723,-0.97516,48.38336,7.859121460111445,2.9277295298223613,0.0
19.87476,20.75181,49.61214,3053.50942,-0.9754,48.3988,7.924221262967604,2.9519809192651816,0.0
19.90187,20.78429,49.53427,3049.30997,-0.97393,48.41424,7.989464097453573,2.976285591753495,0.0
19.92894,20.81674,49.45669,3045.07347,-0.97075,48.4297,8.054685945533189,3.000582446253256,0.0
19.95596,20.84915,49.37954,3040.79956,-0.96587,48.44516,8.119718404745182,3.024808748416707,0.0
19.98293,20.88154,49.30296,3036.48796,-0.95927,48.46063,8.184389210797276,3.0489003252624283,0.0
20.00986,20.91389,49.22708,3032.13848,-0.95097,48.47611,8.248522825777037,3.0727917842993575,0.0
20.03674,20.94621,49.15204,3027.75104,-0.94099,48.4916,8.311941090768567,3.0964167566436793,0.0
20.06357,20.9785,49.07795,3023.32568,-0.92934,48.5071,8.37446394076963,3.1197081633442667,0.0
20.09036,21.01075,49.00497,3018.86252,-0.91605,48.5226,8.435910178743415,3.1425985037373247,0.0
20.1171,21.04297,48.93321,3014.3618,-0.90114,48.5381,8.496098304608116,3.1650201642668274,0.0
20.14379,21.07515,48.86279,3009.82388,-0.88466,48.55361,8.554847393888842,3.1869057458054684,0.0
20.17043,21.1073,48.79383,3005.2492,-0.86663,48.56913,8.611978019762383,3.208188407140598,0.0
20.19703,21.13942,48.72646,3000.63835,-0.84711,48.58465,8.667313211142366,3.2288022218861525,0.0
20.22358,21.17149,48.66078,2995.992,-0.82615,48.60018,8.720679438581284,3.2486825457571014,0.0
20.25007,21.20353,48.5969,2991.31094,-0.80379,48.61571,8.771907618818453,3.2677663907899905,0.0
20.27652,21.23554,48.53493,2986.59606,-0.78011,48.63124,8.820834128116283,3.285992802837369,0.0
20.30292,21.26751,48.47495,2981.84836,-0.75516,48.64678,8.86730181383972,3.3033032384077443,0.0
20.32927,21.29944,48.41706,2977.06896,-0.72902,48.66231,8.911160993316019,3.3196419367671295,0.0
20.35557,21.33133,48.36134,2972.25905,-0.70175,48.67785,8.952270428645898,3.334956283081851,0.0
20.38181,21.36318,48.30787,2967.41994,-0.67344,48.6934,8.990498266104701,3.349197158370196,0.0
20.40801,21.395,48.25673,2962.553,-0.64417,48.70894,9.02572292877243,3.362319272030578,0.0
20.43416,21.42678,48.20797,2957.65973,-0.61402,48.72449,9.057833951403891,3.374281472852652,0.0
20.46025,21.45851,48.16166,2952.74167,-0.58309,48.74003,9.0867327469954,3.3850470345835637,0.0
20.4863,21.49021,48.11784,2947.80047,-0.55146,48.75558,9.112333295242438,3.3945839123965484,0.0
20.51229,21.52187,48.07656,2942.83781,-0.51923,48.77113,9.134562743970921,3.402864966939906,0.0
20.53823,21.55348,48.03785,2937.85546,-0.4865,48.78668,9.153361915706867,3.4098681530475243,0.0
20.56412,21.58506,48.00173,2932.85523,-0.45337,48.80223,9.168685712780539,3.4155766706508337,0.0
20.58996,21.6166,47.96823,2927.83899,-0.41993,48.81778,9.180503415759492,3.419979075952973,0.0
20.61574,21.64809,47.93736,2922.80863,-0.3863,48.83332,9.188798871451604,3.4230693514648594,0.0
20.64148,21.67955,47.90911,2917.7661,-0.35257,48.84887,9.193570568296343,3.424846934090425,0.0
20.66716,21.71096,47.88349,2912.71333,-0.31884,48.86442,9.194831598548026,3.4253167010388794,0.0
20.69278,21.74233,47.86048,2907.65231,-0.28522,48.87996,9.192609508262361,3.4244889139407553,0.0
20.71836,21.77366,47.84006,2902.58501,-0.25182,48.89551,9.186946037636684,3.4223791221178104,0.0
20.74388,21.80495,47.8222,2897.51339,-0.21872,48.91105,9.177896755801314,3.4190080265332,0.0
20.76936,21.83619,47.80686,2892.43943,-0.18604,48.92659,9.165530595538945,3.4144013064622096,0.0
20.79477,21.8674,47.79401,2887.36508,-0.15387,48.94214,9.149929294697127,3.4085894114037014,0.0
20.82014,21.89856,47.78358,2882.29225,-0.12231,48.95768,9.131186752206009,3.4016073211797875,0.0
20.84545,21.92968,47.77553,2877.22284,-0.09145,48.97322,9.10940830756661,3.3934942775262456,0.0
20.87072,21.96076,47.76978,2872.15871,-0.06138,48.98875,9.084709953471652,3.3842934907730657,0.0
20.89593,21.99179,47.76627,2867.10166,-0.0322,49.00429,9.057217491790094,3.374051825426484,0.0
20.92108,22.02278,47.76492,2862.05345,-0.00397,49.01983,9.027065643562919,3.362819468618987,0.0
20.94619,22.05373,47.76565,2857.01578,0.02321,49.03536,8.994397123817434,3.3506495854533083,0.0
20.97124,22.08464,47.76836,2851.99029,0.04926,49.0509,8.959361692047587,3.3375979652813506,0.0
20.99624,22.11551,47.77297,2846.97855,0.07413,49.06643,8.922115188968396,3.3237226628698746,0.0
21.02119,22.14634,47.77938,2841.98207,0.09773,49.08196,8.882818569873779,3.309083638300853,0.0
21.04609,22.17712,47.78748,2837.00227,0.12001,49.0975,8.841636944379013,3.2937423992502737,0.0
21.07094,22.20786,47.79717,2832.0405,0.1409,49.11303,8.798738631667721,3.277761649042778,0.0
21.09573,22.23856,47.80834,2827.09803,0.16036,49.12856,8.754294239719256,3.2612049436396435,0.0
21.12047,22.26922,47.82087,2822.17605,0.17833,49.14409,8.70847577606344,3.2441363603715185,0.0
21.14517,22.29984,47.83465,2817.27566,0.19477,49.15963,8.661455796753533,3.2266201809084643,0.0
21.16981,22.33042,47.84956,2812.39787,0.20965,49.17516,8.61340659932423,3.208720590615577,0.0
21.1944,22.36095,47.86548,2807.54361,0.22292,49.19069,8.564499464530158,3.1905013960806223,0.0
21.21894,22.39145,47.88229,2802.71372,0.23457,49.20623,8.514903950673695,3.172025762232584,0.0
21.24344,22.4219,47.89986,2797.90896,0.24456,49.22177,8.464787243457259,3.1533559701445317,0.0
21.26788,22.45232,47.91808,2793.12999,0.25288,49.2373,8.41431356328382,3.1345531962374733,0.0
21.29227,22.48269,47.93681,2788.3774,0.25952,49.25284,8.363643631197037,3.115677313328996,0.0
21.31662,22.51303,47.95592,2783.65167,0.26447,49.26838,8.312934193699244,3.096786713615467,0.0
21.34091,22.54333,47.97531,2778.95322,0.26771,49.28393,8.262337606076315,3.0779381534495838,0.0
21.36516,22.57358,47.99484,2774.28236,0.26927,49.29947,8.212001473107408,3.059186619495299,0.0
21.38935,22.6038,48.01438,2769.63935,0.26913,49.31502,8.162068345482782,3.0405852156354665,0.0
21.4135,22.63398,48.03383,2765.02434,0.26732,49.33057,8.112675469748961,3.0221850698198423,0.0
21.43761,22.66413,48.05304,2760.43742,0.26384,49.34612,8.063954589137916,3.0040352598687075,0.0
21.46166,22.69423,48.07192,2755.8786,0.25871,49.36168,8.016031792312162,2.9861827571264414,0.0
21.48567,22.7243,48.09034,2751.34781,0.25196,49.37724,7.969027406769535,2.9686723867519964,0.0
21.50963,22.75433,48.10818,2746.84492,0.24361,49.39281,7.923055933435264,2.9515468033527195,0.0
21.53354,22.78432,48.12534,2742.36971,0.23369,49.40838,7.878226018844264,2.934846480621529,0.0
21.55741,22.81427,48.1417,2737.92192,0.22224,49.42395,7.834640461205538,2.9186097135960622,0.0
21.58123,22.84419,48.15716,2733.50121,0.20929,49.43953,7.792396246650891,2.902872632162276,0.0
21.605,22.87407,48.17162,2729.10717,0.19488,49.45511,7.7515846119413645,2.8876692244142417,0.0
21.62873,22.90392,48.18498,2724.73934,0.17905,49.4707,7.712291130037908,2.873031368531472,0.0
21.65242,22.93373,48.19713,2720.39721,0.16185,49.48629,7.674595814944445,2.8589888718357246,0.0
21.67605,22.9635,48.208,2716.08021,0.14334,49.50189,7.638573242458258,2.845569515773695,0.0
21.69965,22.99324,48.21749,2711.7877,0.12355,49.5175,7.604292683534618,2.8327991055988497,0.0
21.7232,23.02294,48.22552,2707.51901,0.10254,49.53311,7.5718182472020175,2.8207015236111115,0.0
21.7467,23.05261,48.232,2703.27341,0.08038,49.54872,7.541209030098637,2.8092987848631292,0.0
21.77016,23.08225,48.23687,2699.05015,0.0571,49.56434,7.51251926994177,2.7986110943316755,0.0
21.79357,23.11185,48.24005,2694.84839,0.03278,49.57997,7.48579850041527,2.7886569046172944,0.0
21.81695,23.14141,48.24147,2690.66729,0.00748,49.59561,7.461091705166693,2.779452973312292,0.0
21.84027,23.17094,48.24108,2686.50594,-0.01874,49.61125,7.438439468817564,2.771014419256033,0.0
21.86356,23.20044,48.23882,2682.36342,-0.04582,49.6269,7.417878123095813,2.763354776973115,0.0
21.8868,23.2299,48.23463,2678.23876,-0.07369,49.64255,7.399439886388248,2.7564860486603413,0.0
21.91,23.25933,48.22847,2674.13095,-0.10229,49.65822,7.383152995219647,2.75041875316614,0.0
21.93315,23.28873,48.22029,2670.03897,-0.13154,49.67389,7.369041826329535,2.7451619714673736,0.0
21.95627,23.31809,48.21007,2665.96173,-0.16137,49.68956,7.357127008238528,2.7407233882307422,0.0
21.97934,23.34742,48.19776,2661.89817,-0.19173,49.70525,7.347425521338395,2.7371093290989594,0.0
22.00236,23.37672,48.18334,2657.84714,-0.22253,49.72094,7.339950785710553,2.7343247934054578,0.0
22.02535,23.40598,48.16678,2653.80752,-0.25371,49.73664,7.334712736080102,2.732373482096734,0.0
22.04829,23.43521,48.14808,2649.77813,-0.28518,49.75234,7.331717883409243,2.731257820677523,0.0
22.07119,23.46441,48.12721,2645.75779,-0.31689,49.76806,7.330969362853935,2.7309789770759094,0.0
22.09405,23.49358,48.10418,2641.7453,-0.34876,49.78378,7.332466967879302,2.731536874352219,0.0
22.11686,23.52271,48.07897,2637.73942,-0.38071,49.7995,7.336207170549062,2.732930198257359,0.0
22.13964,23.55181,48.0516,2633.73893,-0.41267,49.81524,7.342183128097942,2.735156399681223,0.0
22.16237,23.58087,48.02207,2629.74256,-0.44457,49.83098,7.350384676041932,2.738211692086073,0.0
22.18506,23.60991,47.99039,2625.74905,-0.47634,49.84673,7.360798308227741,2.742091044074441,0.0
22.20771,23.63891,47.95659,2621.75713,-0.5079,49.86248,7.373407144373627,2.746788167297229,0.0
22.23031,23.66788,47.92068,2617.76552,-0.53918,49.87825,7.388190885752923,2.7522954999446627,0.0
22.25288,23.69681,47.8827,2613.77293,-0.57011,49.89402,7.405125759842955,2.758604186126554,0.0
22.2754,23.72572,47.84267,2609.77806,-0.60061,49.90979,7.424184454903484,2.765704051501048,0.0
22.29788,23.75459,47.80064,2605.77962,-0.63063,49.92557,7.445336045558746,2.773583575551978,0.0
22.32032,23.78343,47.75665,2601.77631,-0.66007,49.94136,7.468545910630658,2.782229860979569,0.0
22.34272,23.81223,47.71074,2597.76685,-0.68889,49.95716,7.493775644604212,2.791628600718971,0.0
22.36507,23.841,47.66296,2593.74996,-0.71701,49.97296,7.520982964244277,2.801764043152559,0.0
22.38739,23.86974,47.61338,2589.72434,-0.74435,49.98877,7.5501216120276835,2.812618956135843,0.0
22.40966,23.89844,47.56205,2585.68874,-0.77087,50.00458,7.581141258205658,2.82417459051315,0.0
22.43189,23.92711,47.50904,2581.64191,-0.79649,50.0204,7.613987403446248,2.8364106438493644,0.0
22.45407,23.95575,47.45442,2577.58259,-0.82115,50.03622,7.648601284124931,2.849305225148187,0.0
22.47622,23.98436,47.39825,2573.50957,-0.8448,50.05205,7.684919782500454,2.862834821390273,0.0
22.49832,24.01292,47.34061,2569.42166,-0.86736,50.06788,7.722875344076773,2.8769742667483817,0.0
22.52038,24.04146,47.28159,2565.31767,-0.88879,50.08372,7.762395904602223,2.8916967153926416,0.0
22.5424,24.06996,47.22126,2561.19646,-0.90904,50.09956,7.803404829235003,2.906973618828099,0.0
22.56438,24.09843,47.15972,2557.05691,-0.92804,50.1154,7.845820866467503,2.9227747087303118,0.0
22.58631,24.12686,47.09704,2552.89795,-0.94576,50.13125,7.889558119476302,2.9390679862724753,0.0
22.6082,24.15525,47.03334,2548.71852,-0.96213,50.1471,7.934526037560867,2.9558197189361093,0.0
22.63004,24.18361,46.96868,2544.51762,-0.97714,50.16295,7.980629430360985,2.9729944458074242,0.0
22.65185,24.21194,46.90319,2540.29429,-0.99072,50.17881,8.027768507498843,2.990554992345043,0.0
22.67361,24.24023,46.83695,2536.04762,-1.00284,50.19467,8.075838946206419,3.008462495572979,0.0
22.69532,24.26848,46.77007,2531.77674,-1.01348,50.21053,8.124731989405895,3.0266764406181736,0.0
22.717,24.2967,46.70264,2527.48084,-1.02259,50.22639,8.174334576554672,3.045154709453709,0.0
22.73862,24.32487,46.63478,2523.15917,-1.03015,50.24225,8.224529509359868,3.0638536426318126,0.0
22.76021,24.35302,46.56659,2518.81104,-1.03615,50.25811,8.275195654232139,3.082728114703237,0.0
22.78175,24.38112,46.49817,2514.43582,-1.04056,50.27398,8.32620818303263,3.1017316239018333,0.0
22.80324,24.40919,46.42964,2510.03295,-1.04336,50.28984,8.377438853372789,3.120816396563604,0.0
22.82469,24.43721,46.36109,2505.60193,-1.04456,50.3057,8.428756329281685,3.139933506583722,0.0
22.8461,24.4652,46.29264,2501.14234,-1.04413,50.32156,8.480026542653302,3.1590330100651522,0.0
22.86746,24.49316,46.22439,2496.65384,-1.04209,50.33742,8.531113095392678,3.1780640951286694,0.0
22.88878,24.52107,46.15646,2492.13617,-1.03843,50.35328,8.581877701684585,3.1969752466695844,0.0
22.91005,24.54894,46.08893,2487.58912,-1.03316,50.36914,8.632180669239327,3.2157144256344594,0.0
22.93127,24.57677,46.02193,2483.01259,-1.0263,50.38499,8.681881417784899,3.2342292621730815,0.0
22.95245,24.60456,45.95555,2478.40656,-1.01786,50.40084,8.730839032519407,3.252467261814056,0.0
22.97358,24.63231,45.88988,2473.77109,-1.00787,50.41669,8.77891284960602,3.270376023577074,0.0
22.99466,24.66002,45.82504,2469.1063,-0.99635,50.43253,8.825963070209275,3.2879034687175954,0.0
23.0157,24.68769,45.76111,2464.41245,-0.98335,50.44837,8.871851398984136,3.304998078580829,0.0
23.03669,24.71532,45.69819,2459.68983,-0.96889,50.4642,8.91644170237004,3.32160913983357,0.0
23.05764,24.7429,45.63636,2454.93885,-0.95301,50.48003,8.95960068153093,3.3376869951520867,0.0
23.07854,24.77044,45.57572,2450.15999,-0.93577,50.49586,9.001198554305178,3.3531832972663995,0.0
23.09939,24.79794,45.51635,2445.35382,-0.91723,50.51167,9.04110974015246,3.3680512641210125,0.0
23.12019,24.8254,45.45831,2440.521,-0.89742,50.52748,9.079213541694333,3.3822459327667183,0.0
23.14094,24.85281,45.4017,2435.66224,-0.87642,50.54329,9.115394816286361,3.3957244095388774,0.0
23.16165,24.88018,45.34657,2430.77837,-0.85429,50.55909,9.149544630841088,3.4084461139962117,0.0
23.18231,24.9075,45.29299,2425.87027,-0.8311,50.57488,9.181560893100775,3.4203730140865036,0.0
23.20292,24.93478,45.24103,2420.93889,-0.80693,50.59066,9.211348952634154,3.4314698500337046,0.0
23.22348,24.96202,45.19073,2415.98527,-0.78184,50.60644,9.238822164957238,3.441704344487775,0.0
23.24399,24.9892,45.14214,2411.0105,-0.75593,50.62221,9.263902412523032,3.4510473966070614,0.0
23.26445,25.01635,45.09531,2406.01574,-0.72927,50.63797,9.28652057665213,3.459473257864865,0.0
23.28486,25.04345,45.05028,2401.00221,-0.70195,50.65372,9.306616955018695,3.4669596875739486,0.0
23.30523,25.0705,45.00708,2395.97116,-0.67405,50.66946,9.324141619858413,3.4734880863284263,0.0
23.32554,25.0975,44.96573,2390.92392,-0.64568,50.6852,9.339054712782497,3.4790436058297383,0.0
23.34581,25.12446,44.92626,2385.86184,-0.61691,50.70092,9.351326672808218,3.483615233834022,0.0
23.36603,25.15137,44.88867,2380.78632,-0.58785,50.71664,9.360938395036298,3.4871958532636134,0.0
23.38619,25.17824,44.85298,2375.69878,-0.55859,50.73234,9.367881318279654,3.4897822748510685,0.0
23.40631,25.20506,44.81919,2370.60067,-0.52922,50.74804,9.37215744080684,3.491375243004,0.0
23.42638,25.23183,44.78729,2365.49347,-0.49984,50.76372,9.373779264304806,3.4919794149297374,0.0
23.44639,25.25855,44.75727,2360.37866,-0.47055,50.7794,9.372769667026157,3.491603313379337,0.0
23.46636,25.28523,44.72913,2355.25774,-0.44144,50.79506,9.36916170797667,3.490259253702287,0.0
23.48628,25.31186,44.70283,2350.13221,-0.4126,50.81072,9.362998364793755,3.487963246199332,0.0
23.50615,25.33843,44.67835,2345.00356,-0.38414,50.82636,9.354332208812613,3.4847348750760694,0.0
23.52596,25.36497,44.65565,2339.87328,-0.35613,50.842,9.343225021436735,3.4805971555308677,0.0
23.54573,25.39145,44.6347,2334.74284,-0.32868,50.85762,9.329747356601416,3.475576370761007,0.0
23.56545,25.41789,44.61545,2329.61369,-0.30186,50.87324,9.313978054658817,3.469701890872083,0.0
23.58512,25.44427,44.59786,2324.48727,-0.27577,50.88884,9.29600371338986,3.463005975816014,0.0
23.60473,25.47061,44.58187,2319.36497,-0.25048,50.90443,9.275918122263791,3.4555235646378453,0.0
23.6243,25.4969,44.56742,2314.24817,-0.22608,50.92001,9.253821666196556,3.44729205336005,0.0
23.64382,25.52315,44.55446,2309.13818,-0.20264,50.93559,9.229820705263196,3.438351063909085,0.0
23.66329,25.54934,44.5429,2304.03629,-0.18023,50.95115,9.204026936772065,3.4287422064712443,0.0
23.68271,25.57549,44.53269,2298.94376,-0.15893,50.9667,9.176556746076276,3.4185088376528454,0.0
23.70208,25.60159,44.52374,2293.86175,-0.13879,50.98224,9.147530552283772,3.4076958167400146,0.0
23.7214,25.62764,44.51599,2288.79143,-0.11989,50.99778,9.117072154812421,3.396349262273267,0.0
23.74067,25.65364,44.50935,2283.73386,-0.10226,51.0133,9.08530808637153,3.384516311016095,0.0
23.7599,25.67959,44.50374,2278.69007,-0.08597,51.02881,9.052366977594035,3.372244881263743,0.0
23.77907,25.7055,44.49906,2273.66104,-0.07107,51.04432,9.018378938061515,3.359583442258737,0.0
23.7982,25.73136,44.49525,2268.64766,-0.05759,51.05981,8.983474958030897,3.346580791318345,0.0
23.81727,25.75717,44.49219,2263.65078,-0.04557,51.0753,8.94778633460113,3.3332858400665604,0.0
23.8363,25.78293,44.48981,2258.67117,-0.03505,51.09077,8.911444125569794,3.319747410981319,0.0
23.85528,25.80865,44.48802,2253.70955,-0.02605,51.10624,8.874578633676697,3.3060140452616706,0.0
23.87422,25.83432,44.48671,2248.76656,-0.0186,51.1217,8.837318923387102,3.2921338228168158,0.0
23.8931,25.85994,44.48579,2243.84277,-0.01272,51.13715,8.799792371848216,3.2781541949855857,0.0
23.91194,25.88552,44.48518,2238.93872,-0.00842,51.15259,8.762124255138623,3.2641218304034623,0.0
23.93073,25.91105,44.48478,2234.05483,-0.0057,51.16803,8.724437370455544,3.2500824742574004,0.0
23.94947,25.93653,44.48448,2229.19149,-0.00458,51.18346,8.686851694437687,3.236080821002095,0.0
23.96816,25.96197,44.48421,2224.34901,-0.00506,51.19888,8.649484077367223,3.2221604004421693,0.0
23.98681,25.98736,44.48386,2219.52765,-0.00712,51.21429,8.612447972670681,3.208363476964144,0.0
24.00542,26.0127,44.48335,2214.72759,-0.01076,51.22969,8.575853200762477,3.1947309615619397,0.0
24.02397,26.038,44.48259,2209.94896,-0.01596,51.24509,8.539805745994252,3.1813023361951593,0.0
24.04248,26.06326,44.48148,2205.1918,-0.02272,51.26048,8.504407585199422,3.168115589917419,0.0
24.06094,26.08847,44.47993,2200.45613,-0.031,51.27587,8.469756546150329,3.1552071661479237,0.0
24.07936,26.11363,44.47788,2195.74188,-0.04079,51.29125,8.435946194042646,3.142611920383908,0.0
24.09773,26.13875,44.47522,2191.04894,-0.05205,51.30662,8.403065743979518,3.1303630875986843,0.0
24.11606,26.16382,44.47188,2186.37713,-0.06475,51.32199,8.371199997365485,3.1184922585467025,0.0
24.13434,26.18885,44.46778,2181.72622,-0.07885,51.33735,8.340429300055584,3.107029364172992,0.0
24.15258,26.21384,44.46285,2177.09593,-0.09431,51.35271,8.310829520026497,3.096002667295072,0.0
24.17077,26.23878,44.457,2172.48593,-0.1111,51.36806,8.282472042409296,3.0854387607525227,0.0
24.18892,26.26368,44.45019,2167.89582,-0.12916,51.38341,8.25542377968926,3.0753625712066857,0.0
24.20702,26.28853,44.44232,2163.32519,-0.14845,51.39875,8.22974719494942,3.0657973677994907,0.0
24.22508,26.31334,44.43335,2158.77355,-0.16891,51.41409,8.205500336106812,3.056764774907367,0.0
24.24309,26.33811,44.42321,2154.24038,-0.1905,51.42942,8.182736879153298,3.048284788249584,0.0
24.26107,26.36283,44.41184,2149.7251,-0.21314,51.44475,8.161506178527219,3.0403757936530162,0.0
24.27899,26.38751,44.3992,2145.22713,-0.2368,51.46008,8.14185332285334,3.0330545878167423,0.0
24.29688,26.41215,44.38523,2140.7458,-0.2614,51.4754,8.123819194398676,3.0263364004609032,0.0
24.31472,26.43675,44.36989,2136.28044,-0.28688,51.49072,8.107440530704864,3.0202349172863796,0.0
24.33252,26.4613,44.35313,2131.83033,-0.31317,51.50603,8.092749987035205,3.0147623032379647,0.0
24.35027,26.48581,44.33492,2127.39472,-0.34022,51.52134,8.079776198350507,3.00992922559199,0.0
24.36798,26.51028,44.31522,2122.97281,-0.36795,51.53664,8.0685438397243,3.005744876462586,0.0
24.38565,26.5347,44.29401,2118.5638,-0.3963,51.55194,8.059073684197037,3.0022169943538914,0.0
24.40328,26.55908,44.27125,2114.16684,-0.4252,51.56724,8.051382657261954,2.999351884457476,0.0
24.42086,26.58343,44.24693,2109.78107,-0.45456,51.58254,8.04548388724901,2.997154437421674,0.0
24.4384,26.60773,44.22103,2105.4056,-0.48433,51.59783,8.041386751096482,2.9956281464027175,0.0
24.4559,26.63198,44.19354,2101.03949,-0.51443,51.61312,8.039096915054042,2.9947751222276966,0.0
24.47336,26.6562,44.16444,2096.68183,-0.54478,51.6284,8.03861637006841,2.9945961065766498,0.0
24.49077,26.68037,44.13373,2092.33166,-0.57531,51.64368,8.039943461681084,2.9950904831202516,0.0
24.50814,26.7045,44.10141,2087.98799,-0.60596,51.65896,8.04307291443967,2.9962562866136824,0.0
24.52548,26.72859,44.06749,2083.64986,-0.63664,51.67424,8.047995850936651,2.998090209989063,0.0
24.54276,26.75264,44.03196,2079.31625,-0.66727,51.68951,8.054699805703962,3.0005876095315522,0.0
24.56001,26.77665,43.99485,2074.98616,-0.6978,51.70477,8.063168734353727,3.003742508284513,0.0
24.57722,26.80062,43.95616,2070.65856,-0.72813,51.72004,8.073383018427595,3.0075475978560178,0.0
24.59438,26.82454,43.91591,2066.33244,-0.75821,51.7353,8.085319466569603,3.011994238855768,0.0
24.6115,26.84842,43.87413,2062.00677,-0.78795,51.75055,8.098951312736153,3.0170724602282672,0.0
24.62858,26.87226,43.83085,2057.6805,-0.81729,51.76581,8.114248212267261,3.0227709577892545,0.0
24.64562,26.89606,43.78609,2053.35261,-0.84615,51.78105,8.131176236738208,3.029077092307812,0.0
24.66262,26.91981,43.73989,2049.02206,-0.87447,51.7963,8.149697868632789,3.0359768875220086,0.0
24.67957,26.94353,43.69229,2044.68784,-0.90217,51.81154,8.169771996939431,3.043455028498337,0.0
24.69649,26.9672,43.64333,2040.34893,-0.9292,51.82677,8.19135391486715,3.0514948607808488,0.0
24.71336,26.99083,43.59304,2036.0043,-0.95548,51.842,8.21439532097896,3.06007839081338,0.0
24.73019,27.01442,43.54149,2031.65297,-0.98095,51.85723,8.238844325051184,3.069186288122297,0.0
24.74698,27.03796,43.48871,2027.29396,-1.00555,51.87245,8.264645460084875,3.0787978897910664,0.0
24.76373,27.06147,43.43477,2022.92628,-1.02922,51.88766,8.291739701888583,3.088891207755354,0.0
24.78043,27.08493,43.37972,2018.54901,-1.0519,51.90287,8.320064497709035,3.099442939468704,0.0
24.79709,27.10834,43.32362,2014.1612,-1.07354,51.91808,8.349553805400532,3.11042848249417,0.0
24.81372,27.13172,43.26653,2009.76195,-1.09409,51.93328,8.380138144593063,3.121821953565783,0.0
24.8303,27.15505,43.20852,2005.3504,-1.11349,51.94847,8.411744661349646,3.133596212675116,0.0
24.84683,27.17834,43.14965,2000.9257,-1.1317,51.96365,8.444297207717185,3.1457228927060674,0.0
24.86333,27.20158,43.08998,1996.48703,-1.14867,51.97883,8.47771643753893,3.1581724351275255,0.0
24.87978,27.22478,43.0296,1992.0336,-1.16437,51.994,8.511919919819439,3.170914132224796,0.0
24.89619,27.24794,42.96857,1987.56469,-1.17875,52.00916,8.546822270822336,3.1839161763094994,0.0
24.91256,27.27105,42.90696,1983.07958,-1.19179,52.02432,8.582335305940525,3.1971457162952146,0.0
24.92889,27.29412,42.84486,1978.57762,-1.20345,52.03947,8.61836821226575,3.210568921984186,0.0
24.94517,27.31714,42.78232,1974.05818,-1.21371,52.05461,8.654827742569148,3.224151056330179,0.0
24.96141,27.34012,42.71944,1969.52071,-1.22255,52.06974,8.69161843124189,3.2378565558820545,0.0
24.97761,27.36305,42.65628,1964.96466,-1.22994,52.08486,8.728642832500412,3.2516491195214803,0.0
24.99376,27.38594,42.59293,1960.38959,-1.23587,52.09997,8.765801780944576,3.2654918055277076,0.0
25.00988,27.40879,42.52946,1955.79506,-1.24034,52.11507,8.802994674272176,3.2793471368961584,0.0
25.02594,27.43158,42.46595,1951.18071,-1.24333,52.13017,8.840119777705773,3.293177214745435,0.0
25.04197,27.45433,42.40248,1946.54624,-1.24485,52.14525,8.8770745493867,3.306943839535142,0.0
25.05795,27.47704,42.33911,1941.89139,-1.24489,52.16032,8.91375598567544,3.320608639699372,0.0
25.07389,27.49969,42.27593,1937.21598,-1.24348,52.17538,8.95006098503857,3.334133207204162,0.0
25.08978,27.5223,42.21302,1932.51988,-1.24061,52.19043,8.985886728840558,3.3474792394024537,0.0
25.10563,27.54487,42.15043,1927.80301,-1.23631,52.20547,9.021131077100815,3.3606086864640123,0.0
25.12144,27.56738,42.08826,1923.06537,-1.2306,52.22049,9.055692976974697,3.373483903545349,0.0
25.1372,27.58985,42.02656,1918.30701,-1.2235,52.23551,9.08947288139324,3.3860678067440344,0.0
25.15292,27.61227,41.9654,1913.52805,-1.21505,52.25051,9.122373175110578,3.398324031812569,0.0
25.1686,27.63464,41.90485,1908.72867,-1.20528,52.2655,9.154298605118287,3.410217094499059,0.0
25.18422,27.65697,41.84497,1903.9091,-1.19423,52.28047,9.185156712181767,3.421712551305868,0.0
25.19981,27.67924,41.78583,1899.06966,-1.18194,52.29543,9.214858260122831,3.432777159408674,0.0
25.21535,27.70147,41.72747,1894.2107,-1.16847,52.31038,9.243317659305378,3.4433790344160307,0.0
25.23084,27.72364,41.66996,1889.33264,-1.15386,52.32531,9.27045338071061,3.453487804623281,0.0
25.24629,27.74577,41.61335,1884.43597,-1.13818,52.34022,9.296188356947034,3.463074760399327,0.0
25.2617,27.76784,41.55768,1879.52122,-1.12147,52.35513,9.320450366570388,3.4721129973559184,0.0
25.27706,27.78987,41.503,1874.58899,-1.10381,52.37001,9.343172398121038,3.4805775519611664,0.0
25.29237,27.81184,41.44936,1869.63991,-1.08526,52.38489,9.364292990434295,3.488445528314084,0.0
25.30764,27.83377,41.39678,1864.67469,-1.0659,52.39974,9.383756545915107,3.4956962148476527,0.0
25.32287,27.85564,41.34531,1859.69406,-1.04579,52.41458,9.401513613743605,3.5023111898303423,0.0
25.33804,27.87746,41.29497,1854.69881,-1.02501,52.42941,9.417521140173804,3.5082744146089593,0.0
25.35318,27.89923,41.24578,1849.68977,-1.00364,52.44421,9.431742683452796,3.5135723136717085,0.0
25.36826,27.92095,41.19777,1844.6678,-0.98176,52.459,9.444148591230809,3.518193840738098,0.0
25.3833,27.94262,41.15097,1839.63381,-0.95946,52.47378,9.454716138675767,3.5221305302102515,0.0
25.3983,27.96424,41.10537,1834.58873,-0.93681,52.48854,9.463429626001544,3.525376533504753,0.0
25.41324,27.9858,41.06098,1829.53352,-0.9139,52.50328,9.470280434454533,3.5279286399091117,0.0
25.42815,28.00731,41.01782,1824.46917,-0.89082,52.518,9.475267040330259,3.529786281803315,0.0
25.443,28.02877,40.97589,1819.39668,-0.86765,52.5327,9.4783949870016,3.53095152423962,0.0
25.45781,28.05017,40.93517,1814.31709,-0.84448,52.54739,9.479676815409865,3.5314290390486343,0.0
25.47257,28.07153,40.89566,1809.23143,-0.8214,52.56206,9.479131953886542,3.5312260637950272,0.0
25.48729,28.09283,40.85735,1804.14073,-0.7985,52.57671,9.476786568631244,3.5303523460766293,0.0
25.50196,28.11407,40.82023,1799.04607,-0.77585,52.59135,9.472673376535555,3.5288200737963864,0.0
25.51659,28.13527,40.78427,1793.94848,-0.75354,52.60597,9.46683142245111,3.526643792188867,0.0
25.53117,28.15641,40.74944,1788.84902,-0.73166,52.62056,9.45930582327576,3.5238403084856182,0.0
25.5457,28.17749,40.71573,1783.74874,-0.71029,52.63515,9.450147481580295,3.520428585233585,0.0
25.56019,28.19853,40.68309,1778.64868,-0.68951,52.64971,9.439412771710447,3.5164296233598518,0.0
25.57463,28.21951,40.6515,1773.54984,-0.66939,52.66425,9.427163201524928,3.511866336160157,0.0
25.58902,28.24044,40.62092,1768.45325,-0.65001,52.67878,9.413465053024916,3.5067634154239236,0.0
25.60337,28.26131,40.5913,1763.35988,-0.63145,52.69329,9.398389005326177,3.501147190981454,0.0
25.61767,28.28213,40.56261,1758.2707,-0.61376,52.70778,9.382009743371608,3.495045484939058,0.0
25.63193,28.3029,40.53478,1753.18666,-0.59703,52.72226,9.36440555587061,3.4884874619008865,0.0
25.64614,28.32361,40.50778,1748.10866,-0.58131,52.73671,9.345657925855274,3.4815034764403405,0.0
25.6603,28.34427,40.48156,1743.03757,-0.56665,52.75115,9.325851117195777,3.474124919066177,0.0
25.67442,28.36487,40.45605,1737.97426,-0.55313,52.76557,9.305071760263754,3.4663840618712127,0.0
25.68849,28.38543,40.43121,1732.91952,-0.54078,52.77998,9.283408439785111,3.4583139049966514,0.0
25.70252,28.40593,40.40696,1727.87414,-0.52966,52.79436,9.260951287762563,3.4499480249850207,0.0
25.7165,28.42637,40.38327,1722.83884,-0.5198,52.80873,9.237791584077836,3.441320425993983,0.0
25.73044,28.44676,40.36005,1717.81432,-0.51126,52.82309,9.214021367190178,3.4324653947712824,0.0
25.74433,28.4671,40.33726,1712.80124,-0.50406,52.83742,9.189733057086576,3.42341736019379,0.0
25.75818,28.48739,40.31483,1707.8002,-0.49823,52.85174,9.165019092390596,3.41421075808099,0.0
25.77198,28.50762,40.29269,1702.81176,-0.4938,52.86604,9.139971583207526,3.404879901870667,0.0
25.78573,28.5278,40.27078,1697.83645,-0.4908,52.88033,9.11468198112583,3.395458859685758,0.0
25.79945,28.54793,40.24904,1692.87474,-0.48924,52.8946,9.08924076741166,3.385981338178609,0.0
25.81311,28.56801,40.22739,1687.92706,-0.48913,52.90885,9.063737160246388,3.3764805734692547,0.0
25.82674,28.58803,40.20579,1682.99378,-0.49048,52.92309,9.03825884159634,3.366989229397203,0.0
25.84032,28.608,40.18415,1678.07524,-0.49329,52.93731,9.012891704031594,3.357539303204775,0.0
25.85385,28.62792,40.16242,1673.17173,-0.49758,52.95152,8.987719617625203,3.34816203870094,0.0
25.86734,28.64778,40.14054,1668.28348,-0.50332,52.96571,8.962824216860279,3.3388878468785896,0.0
25.88079,28.6676,40.11844,1663.4107,-0.51051,52.97989,8.938284707229776,3.3297462338678687,0.0
25.89419,28.68736,40.09606,1658.55352,-0.51915,52.99405,8.914177691132137,3.32076573607773,0.0
25.90755,28.70707,40.07334,1653.71204,-0.5292,53.0082,8.890577012445627,3.3119738622957775,0.0
25.92087,28.72673,40.05022,1648.88633,-0.54066,53.02233,8.867553619061159,3.303397042478124,0.0
25.93414,28.74633,40.02664,1644.07639,-0.55349,53.03645,8.845175442577132,3.2950605829325634,0.0
25.94738,28.76589,40.00255,1639.28218,-0.56767,53.05055,8.823507294199525,3.286988627538608,0.0
25.96056,28.78539,39.9779,1634.50365,-0.58317,53.06464,8.802610775922124,3.279204124659791,0.0
25.97371,28.80485,39.95263,1629.74066,-0.59995,53.07872,8.782544205902028,3.271728799344072,0.0
25.98681,28.82425,39.92669,1624.99306,-0.61797,53.09278,8.763362557020793,3.2645831304362543,0.0
25.99987,28.8436,39.90003,1620.26064,-0.63719,53.10683,8.74511740751271,3.2577863321857183,0.0
26.01289,28.8629,39.87262,1615.54318,-0.65756,53.12086,8.72785690261853,3.251356339961419,0.0
26.02586,28.88215,39.8444,1610.84039,-0.67904,53.13488,8.711625726182055,3.2453097996708777,0.0
26.0388,28.90135,39.81533,1606.15196,-0.70157,53.14889,8.696465081154495,3.2396620604975332,0.0
26.05169,28.9205,39.78538,1601.47755,-0.72511,53.16289,8.68241267802063,3.23442717058919,0.0
26.06454,28.9396,39.75452,1596.81677,-0.74959,53.17687,8.6695027301778,3.2296178753365643,0.0
26.07735,28.95865,39.7227,1592.16921,-0.77496,53.19084,8.657765955387593,3.225245617914082,0.0
26.09011,28.97765,39.68991,1587.53442,-0.80116,53.2048,8.647229582470393,3.2213205417737685,0.0
26.10284,28.9966,39.6561,1582.91194,-0.82813,53.21875,8.637917362446355,3.2178514947955597,0.0
26.11552,29.0155,39.62127,1578.30125,-0.8558,53.23268,8.629849583495984,3.214846034860507,0.0
26.12817,29.03435,39.58538,1573.70182,-0.88411,53.2466,8.62304308907726,3.2123104365998865,0.0
26.14077,29.05315,39.54841,1569.11311,-0.91298,53.26051,8.6175112986885,3.2102496991299074,0.0
26.15333,29.07191,39.51036,1564.53453,-0.94237,53.2744,8.613264230860693,3.2086675546169694,0.0
26.16585,29.09061,39.47122,1559.96548,-0.97218,53.28829,8.610308527980065,3.2075664775247126,0.0
26.17833,29.10926,39.43096,1555.40534,-1.00236,53.30216,8.6086474826934,3.2069476944506974,0.0
26.19077,29.12786,39.38958,1550.85348,-1.03284,53.31602,8.608281065712553,3.2068111944843216,0.0
26.20317,29.14642,39.34709,1546.30923,-1.06354,53.32986,8.609205954900206,3.207155740042021,0.0
26.21553,29.16492,39.30348,1541.77192,-1.09439,53.3437,8.611415565632177,3.2079788781780367,0.0
26.22785,29.18338,39.25875,1537.24087,-1.12533,53.35752,8.614900082486368,3.2092769523893803,0.0
26.24013,29.20179,39.21291,1532.71538,-1.15627,53.37133,8.619646492395571,3.211045114966119,0.0
26.25236,29.22014,39.16597,1528.19475,-1.18716,53.38513,8.625638619490891,3.2132773399714782,0.0
26.26456,29.23845,39.11793,1523.67825,-1.21791,53.39892,8.632857161897983,3.2159664369494014,0.0
26.27672,29.25671,39.06882,1519.16517,-1.24846,53.41269,8.641279730840761,3.2191040654917127,0.0
26.28884,29.27492,39.01864,1514.65478,-1.27874,53.42645,8.650880892442263,3.222680750810038,0.0
26.30091,29.29308,38.96742,1510.14636,-1.30868,53.4402,8.661632212711625,3.226685900494636,0.0
26.31295,29.3112,38.91518,1505.63917,-1.33822,53.45394,8.673502306180199,3.2311078226326364,0.0
26.32495,29.32926,38.86194,1501.1325,-1.36728,53.46766,8.68645688875333,3.2359337454967094,0.0
26.33691,29.34727,38.80773,1496.6256,-1.39582,53.48137,8.70045883534903,3.2411498390169946,0.0
26.34883,29.36524,38.75258,1492.11778,-1.42375,53.49507,8.715468242908788,3.246741238254286,0.0
26.3607,29.38316,38.69652,1487.60831,-1.45102,53.50876,8.731442499398685,3.2526920691047563,0.0
26.37254,29.40102,38.63958,1483.0965,-1.47758,53.52243,8.748336359416685,3.2589854764656705,0.0
26.38434,29.41884,38.5818,1478.58166,-1.50336,53.53609,8.766102027006788,3.26560365508583,0.0
26.3961,29.43661,38.52322,1474.06311,-1.52831,53.54973,8.784689246282957,3.2725278833253766,0.0
26.40782,29.45432,38.46387,1469.54019,-1.55239,53.56337,8.804045400420526,3.279738560032687,0.0
26.4195,29.47199,38.4038,1465.01225,-1.57554,53.57698,8.82411561955369,3.2872152447390377,0.0
26.43114,29.48961,38.34304,1460.47867,-1.59771,53.59059,8.844842898049887,3.2949367013463924,0.0
26.44274,29.50718,38.28165,1455.93885,-1.61887,53.60418,8.866168221597857,3.302880945471043,0.0
26.4543,29.5247,38.21966,1451.39221,-1.63898,53.61775,8.888030704447578,3.3110252955691073,0.0
26.46582,29.54217,38.15713,1446.8382,-1.65798,53.63131,8.910367737073571,3.31934642794499,0.0
26.4773,29.55959,38.09409,1442.27627,-1.67587,53.64486,8.933115144451904,3.327820435713729,0.0
26.48874,29.57696,38.03061,1437.70594,-1.6926,53.65839,8.95620735501965,3.336422891742841,0.0
26.50014,29.59427,37.96671,1433.12673,-1.70815,53.6719,8.979577580271739,3.3451289155568786,0.0
26.5115,29.61154,37.90247,1428.53821,-1.7225,53.6854,9.003158004877974,3.3539132441610136,0.0
26.52282,29.62876,37.83791,1423.93997,-1.73562,53.69888,9.02687998700539,3.36275030666639,0.0
26.5341,29.64592,37.7731,1419.33163,-1.74752,53.71235,9.05067426846211,3.371614302574242,0.0
26.54534,29.66304,37.70808,1414.71286,-1.75817,53.7258,9.074471194117622,3.3804792835157182,0.0
26.55653,29.6801,37.6429,1410.08337,-1.76756,53.73924,9.098200939900035,3.3893192381868555,0.0
26.56769,29.69712,37.57761,1405.44289,-1.77571,53.75265,9.121793748593623,3.3981081801893738,0.0
26.57881,29.71408,37.51226,1400.7912,-1.78261,53.76605,9.145180172428205,3.4068202384016004,0.0
26.58989,29.73099,37.4469,1396.12812,-1.78827,53.77944,9.168291321428393,3.415429749495098,0.0
26.60093,29.74784,37.38158,1391.45351,-1.7927,53.7928,9.191059116263022,3.4239113521277327,0.0
26.61193,29.76465,37.31633,1386.76726,-1.79591,53.80615,9.21341654429593,3.432240082329327,0.0
26.62288,29.7814,37.25121,1382.06933,-1.79793,53.81948,9.23529791737067,3.4403914695332425,0.0
26.6338,29.7981,37.18626,1377.35969,-1.79877,53.83279,9.256639129815998,3.448341632690221,0.0
26.64468,29.81475,37.12152,1372.63837,-1.79848,53.84608,9.277377915023855,3.456067375850428,0.0
26.65551,29.83135,37.05704,1367.90543,-1.79707,53.85936,9.297454098937417,3.46354628259442,0.0
26.6663,29.84789,36.99284,1363.16099,-1.79458,53.87261,9.31680984869806,3.470756808660686,0.0
26.67706,29.86438,36.92898,1358.40519,-1.79106,53.88585,9.335389914686603,3.477678372112377,0.0
26.68777,29.88082,36.86548,1353.63823,-1.78655,53.89906,9.353141864212338,3.484291440392617,0.0
26.69844,29.8972,36.80239,1348.86033,-1.7811,53.91226,9.370016305048612,3.4905776135973885,0.0
26.70907,29.91353,36.73972,1344.07177,-1.77475,53.92543,9.385967097124004,3.49651970333607,0.0
26.71966,29.92981,36.67752,1339.27285,-1.76756,53.93859,9.400951550699181,3.5021018065575262,0.0
26.73021,29.94603,36.6158,1334.46391,-1.75959,53.95172,9.414930609415753,3.50730937374062,0.0
26.74072,29.9622,36.5546,1329.64535,-1.7509,53.96484,9.42786901676866,3.512129270909564,0.0
26.75118,29.97831,36.49393,1324.81757,-1.74155,53.97793,9.43973546460233,3.516549834952639,0.0
26.76161,29.99437,36.43382,1319.98103,-1.7316,53.991,9.450502722422218,3.5205609217941514,0.0
26.77199,30.01038,36.37428,1315.13619,-1.72114,54.00405,9.460147746444399,3.524153947018268,0.0
26.78233,30.02633,36.31532,1310.28357,-1.71022,54.01708,9.468651767477342,3.5273219186073,0.0
26.79264,30.04223,36.25697,1305.42371,-1.69891,54.03009,9.476000356934431,3.5300594615330905,0.0
26.8029,30.05807,36.19922,1300.55715,-1.6873,54.04308,9.482183470431881,3.5323628339983992,0.0
26.81311,30.07385,36.14208,1295.6845,-1.67545,54.05605,9.487195468669416,3.53422993521549,0.0
26.82329,30.08959,36.08557,1290.80635,-1.66344,54.06899,9.491035115456933,3.5356603046710275,0.0
26.83343,30.10526,36.02967,1285.92332,-1.65135,54.08191,9.493705552985876,3.5366551129139987,0.0
26.84352,30.12088,35.9744,1281.03606,-1.63925,54.09481,9.495214254625907,3.53721714397124,0.0
26.85357,30.13645,35.91973,1276.14522,-1.62723,54.10769,9.495572955736138,3.537350769572794,0.0
26.86358,30.15196,35.86568,1271.25146,-1.61535,54.12055,9.49479756315458,3.5370619154343568,0.0
26.87355,30.16741,35.81222,1266.35547,-1.6037,54.13338,9.49290804426049,3.5363580199300753,0.0
26.88348,30.18281,35.75935,1261.45792,-1.59234,54.14619,9.489928296571689,3.5352479855141166,0.0
26.89337,30.19816,35.70706,1256.5595,-1.58137,54.15898,9.485885999107156,3.53374212334933,0.0
26.90321,30.21344,35.65532,1251.6609,-1.57084,54.17175,9.480812446779323,3.5318520916140175,0.0
26.91302,30.22868,35.60412,1246.76282,-1.56084,54.18449,9.47474236927243,3.529590828029348,0.0
26.92278,30.24385,35.55343,1241.86593,-1.55143,54.19721,9.467713735898725,3.5269724771631688,0.0
26.9325,30.25897,35.50324,1236.97093,-1.54269,54.20991,9.459767548054955,3.524012313114579,0.0
26.94218,30.27404,35.45352,1232.07849,-1.53467,54.22259,9.450947620906769,3.5207266581856294,0.0
26.95182,30.28905,35.40424,1227.18928,-1.52745,54.23525,9.441300355987321,3.5171327981683187,0.0
26.96142,30.304,35.35537,1222.30395,-1.52108,54.24788,9.430874506442574,3.5132488948922886,0.0
26.97098,30.3189,35.30689,1217.42317,-1.51562,54.26049,9.41972093655862,3.509093896642431,0.0
26.98049,30.33374,35.25876,1212.54754,-1.51114,54.27308,9.40789237730564,3.5046874470925706,0.0
26.98997,30.34852,35.21095,1207.6777,-1.50767,54.28565,9.395443179478773,3.500049793343954,0.0
26.9994,30.36325,35.16343,1202.81423,-1.50528,54.2982,9.382429066026258,3.4952016936609596,0.0
27.0088,30.37793,35.11615,1197.95772,-1.50401,54.31072,9.368906885071429,3.4901643254652903,0.0
27.01815,30.39254,35.06909,1193.10872,-1.5039,54.32323,9.354934365019934,3.484959194106981,0.0
27.02746,30.40711,35.0222,1188.26777,-1.50498,54.33571,9.340569873109988,3.479608042917997,0.0
27.03673,30.42161,34.97545,1183.43539,-1.50731,54.34817,9.325872178579328,3.4741327649857086,0.0
27.04596,30.43607,34.9288,1178.61205,-1.51089,54.36061,9.310900221607584,3.468555317077837,0.0
27.05515,30.45046,34.8822,1173.79822,-1.51577,54.37303,9.295712888975654,3.4628976360696724,0.0
27.0643,30.4648,34.83563,1168.99433,-1.52196,54.38543,9.280368797360016,3.4571815582154986,0.0
27.07341,30.47909,34.78905,1164.2008,-1.52949,54.39781,9.264926084996056,3.4514287415377067,0.0
27.08248,30.49332,34.7424,1159.418,-1.53836,54.41016,9.249442212362815,3.4456605915766167,0.0
27.09151,30.50749,34.69565,1154.64629,-1.54859,54.4225,9.233973772410364,3.439898190695178,0.0
27.1005,30.52161,34.64877,1149.88599,-1.56019,54.43482,9.218576310737678,3.434162231090504,0.0
27.10945,30.53568,34.60172,1145.13738,-1.57316,54.44711,9.203304156043558,3.42847295163237,0.0
27.11836,30.54969,34.55445,1140.40074,-1.58749,54.45939,9.188210261037101,3.4228500785981857,0.0
27.12723,30.56364,34.50693,1135.67629,-1.60319,54.47165,9.173346053920996,3.417312770346609,0.0
27.13606,30.57754,34.45912,1130.96424,-1.62023,54.48389,9.158761300487928,3.4118795659448318,0.0
27.14486,30.59139,34.41098,1126.26476,-1.63861,54.4961,9.144503976770947,3.4065683377274927,0.0
27.15361,30.60518,34.36249,1121.57799,-1.65832,54.5083,9.130620152096022,3.4013962477306707,0.0
27.16232,30.61892,34.3136,1116.90405,-1.67932,54.52048,9.11715388238345,3.396379707943857,0.0
27.171,30.6326,34.26428,1112.24302,-1.7016,54.53264,9.10414711345751,3.391534344290257,0.0
27.17963,30.64623,34.21451,1107.59494,-1.72512,54.54479,9.091639594051351,3.386874964218821,0.0
27.18823,30.65981,34.16424,1102.95985,-1.74986,54.55691,9.079668798223961,3.3824155278025243,0.0
27.19679,30.67333,34.11346,1098.33774,-1.77578,54.56902,9.068269856820084,3.3781691222053802,0.0
27.20531,30.6868,34.06212,1093.72857,-1.80285,54.58111,9.057475497618846,3.3741479393862353,0.0
27.21379,30.70021,34.01022,1089.13229,-1.83101,54.59317,9.047315993796056,3.3703632568996134,0.0
27.22224,30.71357,33.95772,1084.5488,-1.86023,54.60523,9.037819120314005,3.366825421649769,0.0
27.23064,30.72688,33.90459,1079.978,-1.89047,54.61726,9.029010117859961,3.363543836456834,0.0
27.23901,30.74013,33.85083,1075.41974,-1.92166,54.62928,9.020911663981606,3.3605269493039995,0.0
27.24734,30.75333,33.7964,1070.87386,-1.95377,54.64128,9.01354385102056,3.357782245117185,0.0
27.25563,30.76648,33.74129,1066.34016,-1.98673,54.65326,9.006924170569004,3.355316239974705,0.0
27.26389,30.77957,33.68549,1061.81845,-2.0205,54.66522,9.001067504061853,3.3531344776026213,0.0
27.2721,30.79262,33.62898,1057.30848,-2.05501,54.67717,8.995986119274992,3.351241528070236,0.0
27.28028,30.80561,33.57175,1052.81,-2.0902,54.6891,8.991689672429791,3.349640988574078,0.0
27.28842,30.81854,33.51378,1048.32275,-2.12602,54.70101,8.988185215685826,3.348335486229145,0.0
27.29653,30.83143,33.45507,1043.84641,-2.16241,54.71291,8.985477209818367,3.347326682791593,0.0
27.3046,30.84426,33.39562,1039.38069,-2.19929,54.72479,8.983567541920953,3.34661528125342,0.0
27.31263,30.85704,33.33541,1034.92526,-2.23661,54.73665,8.982455547981438,3.3462010342526294,0.0
27.32062,30.86976,33.27445,1030.47978,-2.27431,54.74849,8.982138040260441,3.346082754272427,0.0
27.32858,30.88244,33.21273,1026.04389,-2.31231,54.76032,8.98260933935519,3.346258325585846,0.0
27.3365,30.89506,33.15026,1021.61722,-2.35056,54.77214,8.983861310961444,3.346724717950532,0.0
27.34438,30.90763,33.08703,1017.1994,-2.38899,54.78393,8.98588340728409,3.347478002035274,0.0
27.35223,30.92015,33.02306,1012.79003,-2.42753,54.79571,8.988662713120593,3.3485133665873086,0.0
27.36004,30.93262,32.95834,1008.38872,-2.46612,54.80747,8.99218399665625,3.349825137354887,0.0
27.36781,30.94503,32.89289,1003.99506,-2.5047,54.81922,8.996429765026033,3.3514067977855206,0.0
27.37555,30.95739,32.82672,999.60864,-2.5432,54.83095,9.00138032471045,3.3532510115250305,0.0
