0.04694,0.04694,51.98985,4956.76966,-0.3337,45.00009,14.945810033217704,5.567707485302855,0.0
0.0938,0.0938,51.9574,4948.47415,-0.16665,45.0002,14.963972745305897,5.574473573445423,0.0
0.14058,0.14058,51.94664,4940.13909,0.00035,45.00033,14.936213045930215,5.564132355026332,0.0
0.18728,0.18728,51.95743,4931.79008,0.16653,45.00049,14.863209618714182,5.536936657552586,0.0
0.2339,0.2339,51.98955,4923.45238,0.33108,45.00067,14.746255768014256,5.49336827092585,0.0
0.28044,0.28045,52.04266,4915.15056,0.49327,45.00087,14.587216276841975,5.434121875883318,0.0
0.3269,0.32691,52.11634,4906.9082,0.65236,45.0011,14.38846877965647,5.3600832038203405,0.0
0.37329,0.3733,52.21008,4898.74757,0.80768,45.00134,14.152832698951938,5.272302563799482,0.0
0.41959,0.4196,52.32329,4890.68947,0.9586,45.00161,13.883489241517488,5.171965039052267,0.0
0.46581,0.46583,52.45531,4882.75296,1.10453,45.00191,13.583896146294832,5.060358728313075,0.0
0.51196,0.51198,52.6054,4874.95526,1.24497,45.00223,13.257700827882045,4.938842389488942,0.0
0.55803,0.55806,52.77279,4867.31166,1.37946,45.00257,12.908655296312853,4.808813745038754,0.0
0.60402,0.60406,52.95664,4859.83541,1.50762,45.00294,12.540535798426358,4.671679546269114,0.0
0.64992,0.65001,53.15567,4852.53848,1.62263,45.05623,12.157777829358318,4.52909213182299,13.999999761185746
0.6957,0.69592,53.36857,4845.4303,1.73095,45.10797,11.764584708352478,4.382617348714664,13.999999761185746
0.74138,0.74181,53.59446,4838.5175,1.83242,45.15812,11.364204995234568,4.233465370953972,13.999999761185746
0.78694,0.78767,53.83242,4831.805,1.92691,45.20663,10.959680355610748,4.082769299010251,13.999999761185746
0.8324,0.83351,54.08155,4825.29609,2.01436,45.25349,10.55381457955952,3.931573618459895,13.999999761185746
0.87776,0.87931,54.34094,4818.99259,2.09476,45.29871,10.149154531665152,3.7808271033725878,13.999999761185746
0.92302,0.92509,54.60969,4812.89495,2.16813,45.34227,9.747979480395326,3.631378841223702,13.999999761185746
0.96819,0.97084,54.88689,4807.00244,2.23453,45.38421,9.352297843594265,3.483977020504865,13.999999761185746
1.01327,1.01656,55.17167,4801.31323,2.29406,45.42453,8.963850275102313,3.339270080570964,13.999999761185746
1.05825,1.06226,55.46317,4795.82458,2.34684,45.46327,8.584117976574127,3.197809808011119,13.999999761185746
1.10316,1.10793,55.76054,4790.53295,2.39304,45.50046,8.214335135741823,3.0600559702289774,13.999999761185746
1.14798,1.15358,56.06298,4785.43414,2.4328,45.53616,7.855504454012931,2.926382099881507,13.999999761185746
1.19273,1.19921,56.36968,4780.52341,2.46634,45.57039,7.508414819171691,2.797082078425221,13.999999761185746
1.23739,1.24481,56.67988,4775.79556,2.49384,45.60321,7.173660291428826,2.6723772089192823,13.999999761185746
1.28199,1.2904,56.99285,4771.24507,2.51552,45.63467,6.85165969281272,2.5524235135891318,13.999999761185746
1.32652,1.33596,57.30788,4766.86619,2.5316,45.66483,6.5426762131149925,2.4373190375570903,13.999999761185746
1.37098,1.3815,57.62429,4762.65299,2.54229,45.69373,6.246836563990056,2.3271109842484092,13.999999761185746
1.41538,1.42702,57.94143,4758.59944,2.54782,45.72144,5.9641493222497095,2.2218025487511532,13.999999761185746
1.45972,1.47253,58.25869,4754.69949,2.54843,45.74801,5.694522201143196,2.1213593518224556,13.999999761185746
1.504,1.51801,58.57548,4750.9471,2.54432,45.77349,5.437778073211719,2.0257154088234097,13.999999761185746
1.54822,1.56348,58.89123,4747.3363,2.53573,45.79794,5.193669639666094,1.9347785944482223,13.999999761185746
1.59239,1.60894,59.20541,4743.86122,2.52287,45.82141,4.96189269974153,1.8484355859080053,13.999999761185746
1.63651,1.65438,59.51751,4740.5161,2.50594,45.84395,4.742098019907321,1.7665562845236817,13.999999761185746
1.68058,1.6998,59.82706,4737.29536,2.48516,45.86561,4.5339018384607215,1.6889977289636027,13.999999761185746
1.7246,1.74521,60.1336,4734.19358,2.46073,45.88644,4.336895067251759,1.615607523128146,13.999999761185746
1.76858,1.7906,60.4367,4731.20551,2.43283,45.90649,4.150651270538135,1.546226808483105,13.999999761185746
1.81251,1.83598,60.73596,4728.32612,2.40165,45.9258,3.974733512580726,1.4806928149691851,13.999999761185746
1.8564,1.88135,61.03099,4725.55055,2.36736,45.94442,3.808700171867087,1.4188410269532403,13.999999761185746
1.90025,1.92671,61.32143,4722.87416,2.33015,45.96239,3.6521098219427985,1.3605070014663692,13.999999761185746
1.94406,1.97206,61.60694,4720.29253,2.29017,45.97975,3.5045252777199516,1.3055278755602944,13.999999761185746
1.98783,2.01739,61.8872,4717.8014,2.24757,45.99653,3.3655169026718887,1.253743598324418,13.999999761185746
2.03156,2.06271,62.1619,4715.39675,2.20251,46.01278,3.234665267227694,1.2049979212077184,13.999999761185746
2.07526,2.10803,62.43077,4713.07473,2.15512,46.02852,3.1115632424951394,1.1591391779856342,13.999999761185746
2.11893,2.15334,62.69352,4710.83168,2.10554,46.04379,2.9958176066753115,1.1160208831917817,13.999999761185746
2.16256,2.19863,62.94992,4708.66414,2.0539,46.05863,2.8870502344709017,1.075502175203839,13.999999761185746
2.20617,2.24392,63.19972,4706.56881,2.00031,46.07306,2.7848989327463474,1.0374481275489333,13.999999761185746
2.24974,2.2892,63.4427,4704.54257,1.9449,46.0871,2.6890179788683377,1.0017299494496468,13.999999761185746
2.29328,2.33447,63.67865,4702.58244,1.88777,46.1008,2.599078411620418,0.9682250941973598,13.999999761185746
2.33679,2.37974,63.90737,4700.68561,1.82903,46.11416,2.5147681185189117,0.9368172916797285,13.999999761185746
2.38028,2.425,64.12868,4698.84941,1.76877,46.12722,2.4357917577322303,0.9073965192935751,13.999999761185746
2.42374,2.47025,64.34242,4697.0713,1.70708,46.14,2.361870547693146,0.8798589235699228,13.999999761185746
2.46717,2.5155,64.54841,4695.34889,1.64406,46.15252,2.292741952877684,0.8541067031183657,13.999999761185746
2.51058,2.56074,64.7465,4693.67988,1.57979,46.1648,2.2281592901028437,0.830047961962611,13.999999761185746
2.55396,2.60598,64.93656,4692.0621,1.51434,46.17685,2.167891276036312,0.807596540975941,13.999999761185746
2.59732,2.65121,65.11845,4690.49349,1.4478,46.18871,2.1117215333891632,0.7866718339250018,13.999999761185746
2.64065,2.69644,65.29205,4688.97207,1.38024,46.20038,2.059448070455788,0.7671985935847329,13.999999761185746
2.68397,2.74166,65.45725,4687.49598,1.31172,46.21189,2.0108827462038366,0.7491067324702949,13.999999761185746
2.72726,2.78688,65.61394,4686.06341,1.24231,46.22324,1.9658507310213231,0.732331121951179,13.999999761185746
2.77052,2.8321,65.76201,4684.67265,1.17207,46.23446,1.9241899714030393,0.7168113928328111,13.999999761185746
2.81377,2.87731,65.90138,4683.32207,1.10107,46.24556,1.8857506653120353,0.7024917399148989,13.999999761185746
2.857,2.92253,66.03197,4682.01008,1.02936,46.25655,1.8503947536510656,0.6893207325511643,13.999999761185746
2.9002,2.96773,66.15369,4680.73516,0.95699,46.26745,1.8179954321528402,0.677251132815621,13.999999761185746
2.94339,3.01294,66.26648,4679.49586,0.88401,46.27826,1.7884366870945927,0.666239722544034,13.999999761185746
2.98655,3.05815,66.37026,4678.29076,0.81049,46.28901,1.7616128574526233,0.6562471402249659,13.999999761185746
3.0297,3.10335,66.46498,4677.11849,0.73646,46.2997,1.737428225496651,0.6472377284854023,13.999999761185746
3.07283,3.14855,66.55059,4675.97772,0.66197,46.31034,1.7157966372922728,0.639179392717931,13.999999761185746
3.11593,3.19375,66.62704,4674.86716,0.58708,46.32095,1.6966411541698039,0.6320434712437172,13.999999761185746
3.15902,3.23895,66.69428,4673.78553,0.51181,46.33154,1.6798937358841934,0.6258046172812317,13.999999761185746
3.2021,3.28415,66.75227,4672.7316,0.43623,46.34211,1.6654949559240788,0.6204406928913874,13.999999761185746
3.24515,3.32935,66.80099,4671.70413,0.36036,46.35268,1.6533937492324513,0.6159326749968453,13.999999761185746
3.28819,3.37455,66.84041,4670.70193,0.28426,46.36326,1.6435471924469403,0.6122645735157409,13.999999761185746
3.33121,3.41975,66.8705,4669.7238,0.20795,46.37385,1.6359203166565024,0.6094233616086234,13.999999761185746
3.37421,3.46496,66.89125,4668.76855,0.13149,46.38448,1.630485952600581,0.6073989180110687,13.999999761185746
3.4172,3.51016,66.90265,4667.835,0.05491,46.39514,1.6272246081745039,0.6061839814012188,13.999999761185746
3.46016,3.55536,66.90467,4666.92195,-0.02175,46.40584,1.6261243780912622,0.6057741167464155,13.999999761185746
3.50311,3.60057,66.89733,4666.02823,-0.09845,46.41661,1.6271808855147218,0.6061676935600375,13.999999761185746
3.54605,3.64577,66.88062,4665.15262,-0.17515,46.42743,1.6303972554912298,0.6073658760040741,13.999999761185746
3.58897,3.69098,66.85455,4664.29392,-0.25181,46.43834,1.6357841199866738,0.6093726247655623,13.999999761185746
3.63187,3.73619,66.81913,4663.45089,-0.32839,46.44933,1.6433596543470406,0.6121947106391039,13.999999761185746
3.67476,3.7814,66.77437,4662.62228,-0.40486,46.46041,1.6531496449839662,0.6158417397415152,13.999999761185746
3.71762,3.82662,66.7203,4661.80681,-0.48117,46.4716,1.6651875880678737,0.6203261902776162,13.999999761185746
3.76048,3.87183,66.65693,4661.00317,-0.55728,46.4829,1.6795148189808193,0.6256634607648213,13.999999761185746
3.80331,3.91706,66.58431,4660.21,-0.63314,46.49433,1.6961806722225967,0.631871929602373,13.999999761185746
3.84613,3.96228,66.50246,4659.42593,-0.70873,46.50589,1.715242671382561,0.6389730258408431,13.999999761185746
3.88894,4.00751,66.41142,4658.64952,-0.78398,46.5176,1.73676674867767,0.6469913109658292,13.999999761185746
3.93172,4.05274,66.31124,4657.87928,-0.85887,46.52947,1.7608274933927297,0.6559545714484836,13.999999761185746
3.97449,4.09797,66.20198,4657.11368,-0.93333,46.54151,1.787508428369533,0.6658939217449924,13.999999761185746
4.01725,4.14321,66.08368,4656.35112,-1.00733,46.55373,1.8169023134113031,0.6768439173227134,13.999999761185746
4.05998,4.18845,65.95642,4655.58993,-1.08082,46.56614,1.8491114741590473,0.6888426771752718,13.999999761185746
4.1027,4.23369,65.82026,4654.82837,-1.15373,46.57875,1.8842481545690615,0.7019320151297042,13.999999761185746
4.1454,4.27895,65.67527,4654.06464,-1.22603,46.59159,1.9224348906329733,0.7161575790670074,13.999999761185746
4.18809,4.3242,65.52154,4653.29681,-1.29765,46.60466,1.9638049023676278,0.731568996948686,13.999999761185746
4.23076,4.36946,65.35916,4652.52291,-1.36853,46.61798,2.0085025003711263,0.748220028269573,13.999999761185746
4.27341,4.41472,65.18823,4651.74083,-1.43862,46.63156,2.0566835023689776,0.7661687192322316,13.999999761185746
4.31604,4.45999,65.00884,4650.94838,-1.50785,46.64542,2.108515654150529,0.7854775595568513,13.999999761185746
4.35865,4.50527,64.82111,4650.14325,-1.57615,46.65958,2.164179048067575,0.8062136383829902,13.999999761185746
4.40124,4.55055,64.62517,4649.323,-1.64346,46.67405,2.223866530868427,0.8284487961984974,13.999999761185746
4.44382,4.59583,64.42113,4648.48506,-1.7097,46.68885,2.287784090987965,0.8522597691152481,13.999999761185746
4.48637,4.64112,64.20914,4647.62675,-1.77479,46.704,2.356151213521041,0.8777283211060749,13.999999761185746
4.52891,4.68642,63.98936,4646.74521,-1.83866,46.71953,2.4292011889382157,0.9049413590095032,13.999999761185746
4.57142,4.73172,63.76192,4645.83744,-1.90121,46.73544,2.5071813591374608,0.9339910241904846,13.999999761185746
4.61392,4.77703,63.52702,4644.90027,-1.96236,46.75177,2.5903532816359918,0.9649747537061746,13.999999761185746
4.65639,4.82234,63.28482,4643.93037,-2.02202,46.76855,2.678992789587123,0.9979953026637892,13.999999761185746
4.69884,4.86766,63.03552,4642.92421,-2.08007,46.78578,2.7733899218287683,1.033160718161833,13.999999761185746
4.74126,4.91298,62.77933,4641.87807,-2.13643,46.80351,2.87384869336849,1.0705842537897388,13.999999761185746
4.78367,4.95831,62.51646,4640.78804,-2.19097,46.82176,2.9806866725445045,1.1103842121092187,13.999999761185746
4.82605,5.00365,62.24716,4639.65001,-2.24358,46.84055,3.0942343266425265,1.1526837008793185,13.999999761185746
4.8684,5.04899,61.97165,4638.45961,-2.29414,46.85993,3.2148340930427204,1.1976102870342191,13.999999761185746
4.91072,5.09434,61.69022,4637.21229,-2.34252,46.87992,3.342839128059981,1.245295530593321,13.999999761185746
4.95302,5.13969,61.40313,4635.90325,-2.38859,46.90055,3.4786116806939824,1.2958743788403477,13.999999761185746
4.99529,5.18505,61.11069,4634.52743,-2.4322,46.92187,3.6225210336344924,1.3494843992936498,13.999999761185746
5.03754,5.23042,60.81321,4633.07956,-2.4732,46.9439,3.7749409493268926,1.4062648282984138,13.999999761185746
5.07975,5.27579,60.51103,4631.5541,-2.51145,46.9667,3.936246554904532,1.466355410582001,13.999999761185746
5.12193,5.32117,60.20449,4629.94527,-2.54677,46.9903,4.106810596755058,1.529895003981358,13.999999761185746
5.16407,5.36655,59.89396,4628.24703,-2.579,47.01473,4.286998993774408,1.5970199229131266,13.999999761185746
5.20618,5.41194,59.57985,4626.45312,-2.60797,47.04006,4.477165618500977,1.6678619942088067,13.999999761185746
5.24826,5.45733,59.26257,4624.55701,-2.63349,47.06632,4.677646237915297,1.742546299903207,13.999999761185746
5.2903,5.50273,58.94255,4622.55196,-2.65537,47.09356,4.888751551422818,1.8211885836998503,13.999999761185746
5.3323,5.54813,58.62026,4620.43102,-2.67342,47.12183,5.110759273186595,1.903892301431575,13.999999761185746
5.37425,5.59354,58.29618,4618.18703,-2.68745,47.15119,5.343905220320321,1.9907453011779528,13.999999761185746
5.41617,5.63895,57.97082,4615.81269,-2.69725,47.18167,5.588373388459856,2.081816126154559,13.999999761185746
5.45804,5.68437,57.64472,4613.30053,-2.70261,47.21334,5.8442850226272895,2.1771499433222687,13.999999761185746
5.49986,5.72979,57.31844,4610.643,-2.70333,47.24625,6.111686724991877,2.276764113215308,13.999999761185746
5.54164,5.77521,56.99255,4607.83248,-2.69919,47.28045,6.390537682580845,2.3806434319274645,13.999999761185746
5.58336,5.82064,56.66766,4604.86137,-2.69,47.316,6.680696147754827,2.488735094733469,13.999999761185746
5.62503,5.86607,56.34441,4601.7221,-2.67554,47.35294,6.981905362099981,2.600943452368445,13.999999761185746
5.66664,5.91149,56.02346,4598.40725,-2.65562,47.39133,7.293779179837489,2.717124655369676,13.999999761185746
5.7082,5.95693,55.70547,4594.9096,-2.63005,47.43122,7.615787718711707,2.8370813086548936,13.999999761185746
5.74969,6.00236,55.39116,4591.22221,-2.59863,47.47265,7.947243442304404,2.9605572868181342,13.999999761185746
5.79112,6.04779,55.08123,4587.33855,-2.56121,47.51566,8.287288155020592,3.0872328894197802,13.999999761185746
5.83248,6.09322,54.77643,4583.25254,-2.51763,47.56031,8.634881465289604,3.2167205432254082,13.999999761185746
5.87377,6.13865,54.4775,4578.95874,-2.46775,47.60661,8.988791338734888,3.3485612830129767,13.999999761185746
5.91499,6.18408,54.18521,4574.45239,-2.41147,47.65461,9.347587414985943,3.4822222619094294,13.999999761185746
5.95613,6.2295,53.90034,4569.72958,-2.34871,47.70432,9.709637792480653,3.617095553644961,13.999999761185746
5.99719,6.27492,53.62365,4564.78735,-2.2794,47.75576,10.073109987625537,3.7524985098654584,13.999999761185746
6.03817,6.32034,53.35594,4559.62378,-2.20352,47.80894,10.435976740873286,3.8876759230491356,13.999999761185746
6.07906,6.36574,53.09797,4554.23819,-2.12111,47.86384,10.796027266176013,4.0218042172238775,13.999999761185746
6.11986,6.41115,52.85051,4548.63112,-2.03221,47.92046,11.150884417039702,4.153997842774171,13.999999761185746
6.16057,6.45654,52.61431,4542.80457,-1.93694,47.97878,11.498028069993453,4.283317987398668,13.999999761185746
6.20119,6.50193,52.39012,4536.76197,-1.83543,48.03876,11.834824805738108,4.408783633119001,13.999999761185746
6.2417,6.5473,52.17862,4530.50829,-1.7279,48.10034,12.158563705048444,4.529384891195196,13.999999761185746
6.28211,6.59266,51.98051,4524.0501,-1.61458,48.16348,12.466497780651988,4.644098436590671,13.999999761185746
6.32242,6.63801,51.79642,4517.39557,-1.49578,48.22809,12.755890252459043,4.751904746712996,13.999999761185746
6.36262,6.68335,51.62695,4510.55447,-1.37185,48.29409,13.024064560463371,4.851806732535317,13.999999761185746
6.40271,6.72866,51.47263,4503.5381,-1.24319,48.36138,13.268456719487196,4.9428492421164005,13.999999761185746
6.44269,6.77397,51.33397,4496.35931,-1.11025,48.42985,13.486668375709716,5.024138825553511,13.999999761185746
6.48255,6.81925,51.2114,4489.03231,-0.97351,48.49939,13.676518749676106,5.094863085119965,13.999999761185746
6.52229,6.86452,51.10528,4481.5726,-0.83352,48.56985,13.836093563453707,5.154308901918165,13.999999761185746
6.56191,6.90976,51.0159,4473.9968,-0.69082,48.6411,13.963789065351248,5.201878836245866,13.999999761185746
6.60141,6.95498,50.94351,4466.32248,-0.54603,48.713,14.058349390554675,5.237105045416039,13.999999761185746
6.64078,7.00018,50.88825,4458.56797,-0.39976,48.78538,14.118895728623665,5.259660149416769,13.999999761185746
6.68003,7.04536,50.8502,4450.75213,-0.25264,48.85809,14.144946097423619,5.269364597221206,13.999999761185746
6.71916,7.09051,50.82937,4442.89413,-0.10532,48.93098,14.136424928405383,5.266190237556462,13.999999761185746
6.75816,7.13563,50.82567,4435.01327,0.04157,49.00388,14.093662123216076,5.250259967466326,13.999999761185746
6.79703,7.18073,50.83896,4427.12866,0.18737,49.07663,14.01738171535663,5.221843508480359,13.999999761185746
6.83578,7.2258,50.86901,4419.25912,0.33147,49.14907,13.90868073039887,5.181349531488546,13.999999761185746
6.8744,7.27084,50.91555,4411.42287,0.47327,49.22107,13.768999253242901,5.129314506007092,13.999999761185746
6.9129,7.31586,50.9782,4403.63741,0.61218,49.29247,13.600083054626843,5.06638877756994,13.999999761185746
6.95127,7.36084,51.05655,4395.91934,0.74767,49.36313,13.403940382639552,4.9933204714303745,13.999999761185746
6.98952,7.40579,51.15012,4388.28417,0.87922,49.43294,13.182794676758586,4.910937877295999,13.999999761185746
7.02764,7.45072,51.25837,4380.74629,1.00637,49.50177,12.939035010253571,4.820130987820054,13.999999761185746
7.06565,7.49561,51.38074,4373.31881,1.12871,49.56952,12.675166016998865,4.721832845021617,13.999999761185746
7.10354,7.54048,51.5166,4366.01351,1.24585,49.63609,12.393758923858627,4.617001298560637,13.999999761185746
7.14131,7.58531,51.6653,4358.84084,1.35747,49.7014,12.097405107176861,4.5066017043084745,13.999999761185746
7.17897,7.63012,51.82615,4351.80986,1.46329,49.76539,11.788673342044548,4.391590998575057,13.999999761185746
7.21651,7.67489,51.99845,4344.92828,1.56309,49.82798,11.470071636780403,4.27290348044878,13.999999761185746
7.25395,7.71964,52.18147,4338.2025,1.65667,49.88914,11.144014262222145,4.15143852933998,13.999999761185746
7.29127,7.76436,52.37446,4331.63763,1.7439,49.94884,10.812794313379696,4.028050383474813,13.999999761185746
7.3285,7.80905,52.57668,4325.23757,1.82468,50.00703,10.478561893020899,3.903540012706911,13.999999761185746
7.36562,7.85372,52.78737,4319.00508,1.89896,50.06371,10.143307792888042,3.7786490393411585,13.999999761185746
7.40265,7.89835,53.00579,4312.94186,1.96672,50.11887,9.808852373898814,3.6540555957159744,13.999999761185746
7.43957,7.94296,53.23117,4307.04865,2.02797,50.17252,9.476839214196353,3.5303719579348196,13.999999761185746
7.47641,7.98755,53.46279,4301.32532,2.08276,50.22466,9.14873300229088,3.4081437610060266,13.999999761185746
7.51315,8.03211,53.6999,4295.77093,2.13117,50.27531,8.82582109866738,3.2878505805827443,13.999999761185746
7.54981,8.07665,53.94179,4290.38387,2.17329,50.3245,8.509218168324127,3.1699076587054313,13.999999761185746
7.58638,8.12116,54.18777,4285.16193,2.20924,50.37225,8.199873293206208,3.0546685533704827,13.999999761185746
7.62287,8.16566,54.43714,4280.10234,2.23917,50.41859,7.898579001368401,2.9424285021309697,13.999999761185746
7.65928,8.21013,54.68923,4275.20195,2.26321,50.46357,7.605981693260586,2.8334283061622934,13.999999761185746
7.69562,8.25458,54.94341,4270.4572,2.28154,50.50721,7.322592999423656,2.727858561302744,13.999999761185746
7.73187,8.29901,55.19905,4265.86426,2.29433,50.54957,7.048801663499557,2.62586408478741,13.999999761185746
7.76806,8.34342,55.45554,4261.41905,2.30176,50.59068,6.784885606078199,2.527548409348561,13.999999761185746
7.80418,8.38782,55.7123,4257.11734,2.30403,50.6306,6.531023885392679,2.432978238889334,13.999999761185746
7.84023,8.4322,55.96879,4252.95476,2.30131,50.66937,6.287308328141466,2.3421877812710132,13.999999761185746
7.87621,8.47656,56.22446,4248.92686,2.29381,50.70703,6.053754656200234,2.2551828933059532,13.999999761185746
7.91213,8.52091,56.4788,4245.02916,2.28172,50.74364,5.830312981759122,2.1719449904723556,13.999999761185746
7.94799,8.56524,56.73132,4241.25717,2.26523,50.77924,5.616877584042337,2.092434688999556,13.999999761185746
7.98379,8.60955,56.98156,4237.60643,2.24454,50.81387,5.413295915281241,2.016595160829963,13.999999761185746
8.01953,8.65386,57.22907,4234.07251,2.21982,50.84759,5.2193768120459705,1.9443551925561402,13.999999761185746
8.05522,8.69815,57.47342,4230.65107,2.19127,50.88044,5.034897911061335,1.875631948007349,13.999999761185746
8.09085,8.74243,57.71422,4227.33784,2.15906,50.91245,4.85961228653608,1.810333440829338,13.999999761185746
8.12644,8.7867,57.95108,4224.12867,2.12338,50.94369,4.693254339623421,1.7483607284633553,13.999999761185746
8.16197,8.83096,58.18363,4221.01948,2.08439,50.97418,4.535544980360035,1.6896098425547623,13.999999761185746
8.19745,8.87521,58.41154,4218.00634,2.04226,51.00397,4.3861961490026555,1.6339734732698858,13.999999761185746
8.23288,8.91945,58.63447,4215.08543,1.99716,51.0331,4.244914727638117,1.5813424264736746,13.999999761185746
8.26827,8.96368,58.85213,4212.25306,1.94923,51.0616,4.11140589472814,1.5316068733858978,13.999999761185746
8.30361,9.00791,59.06421,4209.50565,1.89863,51.08951,3.9853759754501183,1.484657412408085,13.999999761185746
8.33892,9.05212,59.27057,4206.83947,1.84788,51.09747,3.8664630836141534,1.4403592314127005,0.0
8.3742,9.09631,59.47108,4204.25097,1.79467,51.10547,3.754321180302464,1.3985834217980389,0.0
8.40945,9.14048,59.66549,4201.73705,1.73914,51.1135,3.648688868509045,1.3592326063015938,0.0
8.44467,9.18464,59.85356,4199.29471,1.68141,51.12158,3.5493109010274693,1.3222116986230135,0.0
8.47987,9.22878,60.03506,4196.92106,1.62161,51.1297,3.4559398110327417,1.2874285108587429,0.0
8.51504,9.2729,60.20979,4194.61332,1.55986,51.13785,3.3683368987505653,1.2547941210622873,0.0
8.55018,9.31701,60.37755,4192.3688,1.49628,51.14605,3.2862730050051634,1.2242231614111294,0.0
8.5853,9.36111,60.53815,4190.18491,1.43098,51.15429,3.209529101896868,1.1956340382496717,0.0
8.6204,9.40519,60.69141,4188.05916,1.36406,51.16257,3.1378967278965804,1.1689490941733716,0.0
8.65547,9.44926,60.83719,4185.98914,1.29563,51.17089,3.071178291787559,1.1440947212550558,0.0
8.69052,9.49332,60.97532,4183.97252,1.2258,51.17925,3.00918726722757,1.1210014335244387,0.0
8.72555,9.53737,61.10566,4182.00705,1.15465,51.18766,2.9517482971771125,1.0996039058703841,0.0
8.76056,9.58141,61.22809,4180.09056,1.08228,51.1961,2.8986972251675844,1.0798409856891218,0.0
8.79554,9.62543,61.34248,4178.22093,1.00877,51.20459,2.8498810682449425,1.0616556828050467,0.0
8.8305,9.66945,61.44873,4176.3961,0.93423,51.21313,2.805157944538207,1.0449951424880823,0.0
8.86544,9.71346,61.54674,4174.61408,0.85872,51.2217,2.764396966669225,1.0298106057460121,0.0
8.90036,9.75745,61.6364,4172.87291,0.78233,51.23032,2.727478110689845,1.0160573605001295,0.0
8.93526,9.80144,61.71763,4171.1707,0.70513,51.23898,2.6942920688403347,1.0036946867338747,0.0
8.97013,9.84542,61.79037,4169.50558,0.62722,51.24769,2.6647400932287093,0.9926857982592693,0.0
9.00499,9.8894,61.85454,4167.87571,0.54865,51.25643,2.63873383642937,0.9829977833357171,0.0
9.03983,9.93337,61.91008,4166.27928,0.46951,51.26523,2.6161951940574135,0.9746015460247915,0.0
9.07464,9.97733,61.95695,4164.71452,0.38987,51.27406,2.597056153533532,0.9674717498511821,0.0
9.10944,10.02128,61.99509,4163.17966,0.30979,51.28294,2.5812586525095416,0.9615867650624776,0.0
9.14422,10.06523,62.02446,4161.67295,0.22934,51.29186,2.5687544497647274,0.9569286205346594,0.0
9.17898,10.10917,62.04505,4160.19263,0.1486,51.30083,2.5595050108077118,0.9534829611557851,0.0
9.21372,10.1531,62.05683,4158.73698,0.06763,51.30984,2.55348140988347,0.951239011321026,0.0
9.24844,10.19703,62.05978,4157.30423,-0.0135,51.31889,2.550664249610197,0.9501895449952844,0.0
9.28314,10.24096,62.05389,4155.89263,-0.09472,51.32799,2.5510435990392564,0.9503308626388929,0.0
9.31783,10.28488,62.03917,4154.50041,-0.17597,51.33713,2.55461895050986,0.951662775134852,0.0
9.35249,10.32879,62.01561,4153.12578,-0.25718,51.34632,2.5613991952809125,0.9541885947110453,0.0
9.38714,10.37271,61.98325,4151.76693,-0.33828,51.35555,2.5714026175256386,0.957915132703086,0.0
9.42177,10.41661,61.94208,4150.42202,-0.41921,51.36482,2.584656905885905,0.9628527038586004,0.0
9.45638,10.46052,61.89216,4149.08916,-0.4999,51.37414,2.6011991813742616,0.9690151367314769,0.0
9.49097,10.50441,61.8335,4147.76645,-0.58028,51.3835,2.621076039978325,0.9764197895531163,0.0
9.52554,10.54831,61.76615,4146.4519,-0.66027,51.39291,2.644343607853673,0.9850875707932393,0.0
9.5601,10.5922,61.69017,4145.1435,-0.73981,51.40235,2.671067606491922,0.9950429634367097,0.0
9.59464,10.63609,61.60561,4143.83919,-0.81882,51.41185,2.701323424679583,1.006314051790101,0.0
9.62916,10.67997,61.51254,4142.53682,-0.89723,51.42138,2.735196193435955,1.0189325493980348,0.0
9.66366,10.72385,61.41103,4141.23419,-0.97497,51.43096,2.7727808594204344,1.032933826389332,0.0
9.69814,10.76772,61.30117,4139.92901,-1.05195,51.44058,2.814182251510068,1.0483569342789072,0.0
9.7326,10.8116,61.18305,4138.61892,-1.12809,51.45025,2.8595151343659677,1.0652446259226644,0.0
9.76705,10.85546,61.05677,4137.30147,-1.20332,51.45996,2.9089042418136892,1.0836433679525672,0.0
9.80148,10.89933,60.92243,4135.97412,-1.27754,51.46971,2.9624842817751884,1.103603342613923,0.0
9.83588,10.94319,60.78017,4134.63422,-1.35067,51.4795,3.0203999032365285,1.1251784354599845,0.0
9.87027,10.98704,60.6301,4133.27901,-1.42261,51.48934,3.082805614409659,1.1484262048650586,0.0
9.90464,11.0309,60.47237,4131.90565,-1.49328,51.49922,3.1498656397354,1.173407828754356,0.0
9.939,11.07474,60.30712,4130.51114,-1.56257,51.50914,3.2217537017600733,1.2001880233472961,0.0
9.97333,11.11859,60.13452,4129.09238,-1.63038,51.5191,3.2986527121602296,1.2288349280560904,0.0
10.00764,11.16242,59.95474,4127.64613,-1.6966,51.5291,3.3807543543103624,1.2594199499812313,0.0
10.04193,11.20626,59.76797,4126.16902,-1.76113,51.53914,3.468258537806555,1.292017560707197,0.0
10.0762,11.25009,59.57439,4124.65752,-1.82385,51.54923,3.5613727032868763,1.3267050373297604,0.0
10.11045,11.29391,59.37421,4123.10799,-1.88464,51.55935,3.660310953794147,1.3635621388657624,0.0
10.14469,11.33772,59.16767,4121.5166,-1.94338,51.56952,3.7652929868056417,1.4026707084060757,0.0
10.1789,11.38153,58.95499,4119.87939,-1.99994,51.57972,3.8765427990229466,1.4441141906157497,0.0
10.21308,11.42534,58.73642,4118.19221,-2.05419,51.58997,3.9942871341612736,1.487977053494687,0.0
10.24725,11.46913,58.51223,4116.45079,-2.106,51.60025,4.11875364233039,1.5343441026986109,0.0
10.28139,11.51292,58.2827,4114.65067,-2.15521,51.61057,4.250168718414471,1.5832996762786835,0.0
10.31552,11.5567,58.04812,4112.78723,-2.20168,51.62093,4.388754986183189,1.6349267074466929,0.0
10.34961,11.60047,57.8088,4110.85571,-2.24527,51.63133,4.534728394947116,1.689305643002795,0.0
10.38369,11.64423,57.56508,4108.85116,-2.28581,51.64176,4.688294896623586,1.7465132054551176,0.0
10.41772,11.68799,57.31699,4106.76914,-2.32858,51.68474,4.849847250741277,1.806695708062219,18.99999967589494
10.45171,11.73176,57.06462,4104.60496,-2.36815,51.7289,5.019793288156662,1.8700050785488105,18.99999967589494
10.48565,11.77554,56.80831,4102.35303,-2.40436,51.77431,5.198344323216036,1.9365200370689024,18.99999967589494
10.51953,11.81933,56.54844,4100.00762,-2.43705,51.82104,5.3856885986549035,2.0063107089944348,18.99999967589494
10.55336,11.86313,56.28543,4097.56286,-2.46602,51.86913,5.5819867398431295,2.0794369315019896,18.99999967589494
10.58713,11.90693,56.01967,4095.01276,-2.49111,51.91865,5.787365569899084,2.1559459495400763,18.99999967589494
10.62084,11.95074,55.75161,4092.35121,-2.51212,51.96968,6.001911337341193,2.2358698929511456,18.99999967589494
10.6545,11.99456,55.48171,4089.57202,-2.52889,52.02226,6.225662374435398,2.3192230415128416,18.99999967589494
10.68809,12.03839,55.21044,4086.66897,-2.54121,52.07648,6.4586012243946405,2.40599889211267,18.99999967589494
10.72161,12.08223,54.9383,4083.63578,-2.54892,52.13239,6.700646299534178,2.496167051191362,18.99999967589494
10.75507,12.12607,54.66579,4080.46623,-2.55182,52.19007,6.9516431602750215,2.589669985942196,18.99999967589494
10.78846,12.16992,54.39345,4077.15413,-2.54973,52.24956,7.211355536523565,2.6864196795386626,18.99999967589494
10.82178,12.21377,54.12184,4073.69343,-2.54249,52.31095,7.479456247897238,2.7862942486796203,18.99999967589494
10.85502,12.25763,53.85151,4070.07823,-2.52993,52.37428,7.755518216930402,2.8891345957720342,18.99999967589494
10.88819,12.3015,53.58306,4066.30285,-2.51188,52.43961,8.039005808593224,2.9947411826738857,18.99999967589494
10.92128,12.34537,53.31708,4062.36192,-2.4882,52.507,8.3292667687562,3.1028710275600964,18.99999967589494
10.95428,12.38924,53.05418,4058.25042,-2.45875,52.5765,8.625525071643041,3.213235040410531,18.99999967589494
10.9872,12.43312,52.79499,4053.96377,-2.42342,52.64815,8.926875019489227,3.3254958249775615,18.99999967589494
11.02004,12.47701,52.54014,4049.49792,-2.38209,52.72198,9.232276963707655,3.4392660848076955,18.99999967589494
11.05278,12.52089,52.29027,4044.84939,-2.33471,52.79804,9.540555032825115,3.5541077768381175,18.99999967589494
11.08543,12.56478,52.04603,4040.01539,-2.2812,52.87634,9.850397254918486,3.6695321570074095,18.99999967589494
11.11798,12.60866,51.80807,4034.99389,-2.22153,52.95688,10.16035844813689,3.7850008570510947,18.99999967589494
11.15043,12.65255,51.57702,4029.7837,-2.15572,53.03969,10.468866219003411,3.89992811902686,18.99999967589494
11.18278,12.69644,51.35353,4024.38454,-2.08379,53.12474,10.77423035245473,4.013684293351383,18.99999967589494
11.21502,12.74032,51.13823,4018.79712,-2.00581,53.21202,11.074655798399611,4.12560067663507,18.99999967589494
11.24715,12.7842,50.93175,4013.0232,-1.92188,53.3015,11.36825935711956,4.234975727432814,18.99999967589494
11.27917,12.82808,50.73468,4007.06565,-1.83214,53.39312,11.653090041444143,4.3410826516900665,18.99999967589494
11.31107,12.87195,50.54761,4000.92846,-1.73678,53.48684,11.9271529509958,4.443178296527198,18.99999967589494
11.34286,12.91582,50.37108,3994.61683,-1.63601,53.58257,12.188436338003065,4.540513232967069,18.99999967589494
11.37453,12.95967,50.20564,3988.13711,-1.5301,53.68023,12.434941382769393,4.632342848080604,18.99999967589494
11.40607,13.00352,50.05177,3981.49683,-1.41936,53.77971,12.664714038537873,4.717939208036791,18.99999967589494
11.43748,13.04736,49.90992,3974.7047,-1.30412,53.88091,12.87587816028384,4.796603399449594,18.99999967589494
11.46877,13.09119,49.78051,3967.77051,-1.18477,53.98368,13.066669010330603,4.867678011101402,18.99999967589494
11.49993,13.13501,49.66391,3960.70512,-1.06174,54.0879,13.23546614562012,4.930559385316674,18.99999967589494
11.53095,13.17881,49.56044,3953.52034,-0.93546,54.1934,13.380824645511494,4.984709251138524,18.99999967589494
11.56184,13.2226,49.47036,3946.22888,-0.80642,54.30003,13.501503641854919,5.029665352531945,18.99999967589494
11.5926,13.26638,49.39388,3938.84416,-0.67513,54.4076,13.596491167608471,5.065050705147362,18.99999967589494
11.62321,13.31013,49.33116,3931.38028,-0.54212,54.51595,13.665024446954021,5.090581154922683,18.99999967589494
11.65369,13.35387,49.28231,3923.85179,-0.40793,54.62488,13.70660490377152,5.106070969134866,18.99999967589494
11.68403,13.39759,49.24736,3916.2736,-0.27312,54.7342,13.72100735963308,5.111436262894717,18.99999967589494
11.71423,13.44129,49.22629,3908.66081,-0.13824,54.84373,13.708283115608637,5.106696147200601,18.99999967589494
11.74428,13.48497,49.21903,3901.02854,-0.00385,54.95326,13.668756851227412,5.091971573719988,18.99999967589494
11.7742,13.52862,49.22545,3893.39182,0.12948,55.06262,13.603017514771008,5.067481941183934,18.99999967589494
11.80398,13.57225,49.24536,3885.76542,0.26123,55.17162,13.51190360678747,5.033539613108866,18.99999967589494
11.83361,13.61586,49.27851,3878.16367,0.39087,55.28007,13.396483460905715,4.9905425718811,18.99999967589494
11.86311,13.65945,49.32462,3870.60044,0.51788,55.3878,13.258031291291035,4.938965495803805,18.99999967589494
11.89247,13.703,49.38334,3863.0889,0.6418,55.49465,13.097999897078228,4.879349590780137,18.99999967589494
11.9217,13.74654,49.4543,3855.64152,0.76218,55.60046,12.917990986478864,4.812291535262385,18.99999967589494
11.95079,13.79005,49.53706,3848.26994,0.8786,55.70509,12.719724106381411,4.738431905710504,18.99999967589494
11.97974,13.83353,49.63117,3840.98492,0.99068,55.8084,12.505005139888903,4.65844344109602,18.99999967589494
12.00856,13.87698,49.73612,3833.79628,1.09808,55.91028,12.275695269985011,4.573019481051023,18.99999967589494
12.03726,13.92041,49.8514,3826.71286,1.20048,56.01061,12.033681209828424,4.482862875869533,18.99999967589494
12.06582,13.96381,49.97645,3819.74255,1.29763,56.10931,11.780847378199727,4.3886756211293605,18.99999967589494
12.09426,14.00718,50.11071,3812.89223,1.38929,56.20629,11.519050561303581,4.291149418546728,18.99999967589494
12.12257,14.05053,50.25359,3806.16782,1.47528,56.30149,11.250097458840267,4.19095731129712,18.99999967589494
12.15077,14.09385,50.40449,3799.57428,1.55544,56.39485,10.97572537065802,4.088746489285113,18.99999967589494
12.17885,14.13715,50.56279,3793.11568,1.62965,56.48633,10.697586147581214,3.985132310405599,18.99999967589494
12.20681,14.18042,50.7279,3786.7952,1.69784,56.5759,10.417233410829331,3.880693539441069,18.99999967589494
12.23465,14.22367,50.89918,3780.6152,1.75995,56.66353,10.136112942790726,3.775968768372009,18.99999967589494
12.26239,14.26689,51.07602,3774.57727,1.81596,56.74923,9.855556069269614,3.67145395108978,18.99999967589494
12.29002,14.31008,51.25781,3768.6823,1.86588,56.83298,9.57677579066095,3.567600962157462,18.99999967589494
12.31754,14.35325,51.44395,3762.93053,1.90974,56.91479,9.300865375651307,3.4648170729264356,18.99999967589494
12.34497,14.3964,51.63382,3757.3216,1.9476,56.99469,9.028799105055873,3.3634652286352296,18.99999967589494
12.37229,14.43953,51.82683,3751.85463,1.97954,57.0727,8.761434842616888,3.2638650060995804,18.99999967589494
12.39951,14.48263,52.02242,3746.52826,2.00565,57.14885,8.499518111892943,3.1662941324609712,18.99999967589494
12.42664,14.52571,52.22001,3741.34072,2.02605,57.22317,8.243687370995074,3.0709904501646035,18.99999967589494
12.45368,14.56878,52.41905,3736.2899,2.04085,57.29571,7.994480197366645,2.978154220952646,18.99999967589494
12.48063,14.61182,52.619,3731.37336,2.0502,57.36651,7.752340120645052,2.887950671284996,18.99999967589494
12.50749,14.65484,52.81935,3726.5884,2.05424,57.43561,7.517623870862177,2.8005126924846606,18.99999967589494
12.53427,14.69785,53.01959,3721.93213,2.05314,57.50307,7.2906088399650875,2.715943620350544,18.99999967589494
12.56096,14.74083,53.21922,3717.40145,2.04703,57.56895,7.0715005854650155,2.6343200304641257,18.99999967589494
12.58758,14.7838,53.41779,3712.99315,2.03611,57.63329,6.860440234860526,2.5556944965319053,18.99999967589494
12.61411,14.82675,53.61483,3708.7039,2.02052,57.69615,6.657511677380046,2.4800982694987335,18.99999967589494
12.64057,14.86969,53.80992,3704.53031,2.00045,57.75759,6.4627484551583505,2.4075438446923605,18.99999967589494
12.66695,14.91261,54.00264,3700.46891,1.97607,57.81767,6.276140288769608,2.338027392756195,18.99999967589494
12.69327,14.95552,54.19259,3696.51624,1.94754,57.87645,6.097639191948119,2.2715310375436686,18.99999967589494
12.71951,14.99841,54.37939,3692.6688,1.91505,57.93398,5.9271651473856055,2.208024970502068,18.99999967589494
12.74568,15.04129,54.56268,3688.92312,1.87876,57.99031,5.764611329770017,2.147469396391909,18.99999967589494
12.77179,15.08415,54.7421,3685.27575,1.83884,58.04551,5.609848873921776,2.0898163095431537,18.99999967589494
12.79783,15.12701,54.91733,3681.72326,1.79545,58.09964,5.462731195201711,2.0350111033208353,18.99999967589494
12.82381,15.16985,55.08806,3678.26228,1.74877,58.15273,5.323097876635561,1.9829940181812187,18.99999967589494
12.84972,15.21268,55.25398,3674.88949,1.69895,58.20486,5.190778142560143,1.933701435696388,18.99999967589494
12.87557,15.2555,55.41483,3671.60163,1.64615,58.25607,5.065593942474541,1.8870670273699626,18.99999967589494
12.90137,15.29831,55.57032,3668.39548,1.59051,58.30642,4.947362671269481,1.8430227679941087,18.99999967589494
12.9271,15.34112,55.72021,3665.26791,1.53221,58.35595,4.835899553442479,1.801499823832414,18.99999967589494
12.95278,15.38391,55.86426,3662.21584,1.47137,58.40471,4.731019719461316,1.7624293261199178,18.99999967589494
12.9784,15.42669,56.00224,3659.23626,1.40814,58.45275,4.632540002281598,1.725743040313167,18.99999967589494
13.00397,15.46947,56.13396,3656.32624,1.34267,58.50012,4.54028048135132,1.6913739412725464,18.99999967589494
13.02948,15.51224,56.2592,3653.48289,1.27508,58.54687,4.454065800329713,1.6592567041472157,18.99999967589494
13.05494,15.555,56.37779,3650.7034,1.20551,58.59303,4.373726283399075,1.6293281202306418,18.99999967589494
13.08034,15.59776,56.48956,3647.98502,1.13409,58.63865,4.299098873474932,1.6015274464685678,18.99999967589494
13.1057,15.64051,56.59435,3645.32505,1.06094,58.68378,4.230027913934743,1.5757966966735248,18.99999967589494
13.131,15.68325,56.69201,3642.72084,0.98619,58.72845,4.166365793764487,1.5520808818589118,18.99999967589494
13.15626,15.72599,56.7824,3640.1698,0.90995,58.7727,4.107973474275278,1.5303282064547894,18.99999967589494
13.18146,15.76873,56.86539,3637.66939,0.83235,58.81658,4.0547209138136715,1.510490226523647,18.99999967589494
13.20662,15.81145,56.94089,3635.21708,0.75349,58.86012,4.0064874052539565,1.4925219754851635,18.99999967589494
13.23173,15.85418,57.00878,3632.81042,0.67348,58.90336,3.963161839440304,1.4763820622553336,18.99999967589494
13.25679,15.8969,57.06896,3630.44696,0.59245,58.94633,3.9246429062510613,1.462032746148212,18.99999967589494
13.2818,15.93962,57.12137,3628.12429,0.51048,58.98908,3.8908392435326253,1.4494399923576993,18.99999967589494
13.30677,15.98233,57.16591,3625.84001,0.4277,59.03163,3.86166954279978,1.4385735113336968,18.99999967589494
13.33169,16.02504,57.20254,3623.59176,0.3442,59.07403,3.837062619372807,1.4294067849100276,18.99999967589494
13.35657,16.06775,57.2312,3621.37717,0.26008,59.11631,3.816957453425058,1.4219170815957378,18.99999967589494
13.3814,16.11046,57.25185,3619.19387,0.17545,59.15849,3.80130320735485,1.4160854630465824,18.99999967589494
13.40618,16.15316,57.26444,3617.03951,0.0904,59.20062,3.7900592238340964,1.4118967833380902,18.99999967589494
13.43092,16.19586,57.26896,3614.91173,0.00504,59.24274,3.7831950079565932,1.4093396823153306,18.99999967589494
13.45561,16.23856,57.26539,3612.80815,-0.08053,59.28486,3.7806901959570847,1.4084065739399434,18.99999967589494
13.48026,16.28126,57.25373,3610.72639,-0.16622,59.32703,3.782534512138054,1.4090936302442336,18.99999967589494
13.50486,16.32395,57.23397,3608.66401,-0.25192,59.36928,3.7887277147455505,1.411400761168494,18.99999967589494
13.52942,16.36665,57.20613,3606.6186,-0.33754,59.41165,3.7992795307534344,1.415331590266419,18.99999967589494
13.55394,16.40934,57.17024,3604.58767,-0.42298,59.45416,3.8142095786667056,1.4208934259473156,18.99999967589494
13.57841,16.45203,57.12631,3602.56872,-0.50814,59.49685,3.833547277654783,1.4280972276258563,18.99999967589494
13.60283,16.49472,57.0744,3600.55917,-0.59292,59.53976,3.857331740496591,1.4369575658413112,18.99999967589494
13.62721,16.53741,57.01455,3598.55644,-0.67722,59.58292,3.885611646967703,1.447492575090922,18.99999967589494
13.65155,16.5801,56.94682,3596.55785,-0.76093,59.62637,3.918445093450483,1.4597238978057276,18.99999967589494
13.67584,16.62279,56.87129,3594.56069,-0.84394,59.67014,3.9558994136220726,1.4736766175521188,18.99999967589494
13.70008,16.66548,56.78802,3592.56216,-0.92616,59.71427,3.9980509641686095,1.489379179204747,18.99999967589494
13.72428,16.70817,56.69711,3590.55941,-1.00748,59.75879,4.044984868472219,1.5068632934631856,18.99999967589494
13.74843,16.75085,56.59866,3588.54948,-1.08778,59.80375,4.09679471021387,1.5261638227109298,18.99999967589494
13.77254,16.79354,56.49277,3586.52937,-1.16695,59.84919,4.153582167772816,1.547318644819571,18.99999967589494
13.7966,16.83623,56.37957,3584.49596,-1.24489,59.89513,4.215456579197554,1.5703684910890308,18.99999967589494
13.82061,16.87891,56.25919,3582.44605,-1.32146,59.94163,4.282534426413377,1.5953567541013054,18.99999967589494
13.84457,16.9216,56.13177,3580.37634,-1.39655,59.98872,4.35493872618438,1.6223292608377866,18.99999967589494
13.86849,16.96429,55.99746,3578.28343,-1.47005,60.03646,4.432798314200177,1.6513340059827255,18.99999967589494
13.89235,17.00697,55.85643,3576.16383,-1.54182,60.08487,4.516247007559595,1.6824208399263751,18.99999967589494
13.91617,17.04965,55.70885,3574.0139,-1.61173,60.13401,4.605422629858307,1.7156411055844816,18.99999967589494
13.93994,17.09234,55.55492,3571.82995,-1.67965,60.18393,4.70046588213794,1.7510472177971168,18.99999967589494
13.96365,17.13502,55.39484,3569.60812,-1.74545,60.23466,4.801519042140036,1.788692178766559,18.99999967589494
13.98731,17.1777,55.22882,3567.34446,-1.80898,60.28627,4.908724473718261,1.8286290227741169,18.99999967589494
14.01092,17.22038,55.05708,3565.03492,-1.87011,60.33879,5.022222927944773,1.8709101832975525,18.99999967589494
14.03448,17.26306,54.87988,3562.67532,-1.92869,60.39229,5.142151617494321,1.915586775668493,18.99999967589494
14.05798,17.30574,54.69746,3560.26135,-1.98457,60.44681,5.268642046414345,1.9627077886046893,18.99999967589494
14.08142,17.34841,54.51009,3557.78863,-2.03759,60.50241,5.401817578473388,2.0123191783558196,18.99999967589494
14.10481,17.39109,54.31806,3555.25264,-2.08761,60.55914,5.541790729093726,2.0644628598771417,18.99999967589494
14.12814,17.43376,54.12166,3552.64879,-2.13447,60.61706,5.688660168462247,2.1191755904094394,18.99999967589494
14.15141,17.47643,53.92121,3549.97237,-2.178,60.67622,5.842507427049177,2.1764877421980673,18.99999967589494
14.17462,17.51909,53.71704,3547.21861,-2.21804,60.73669,6.003393299449377,2.236421962829214,18.99999967589494
14.19777,17.56175,53.50947,3544.38266,-2.25443,60.79852,6.171353948439232,2.298991723888582,18.99999967589494
14.22085,17.60441,53.29888,3541.45964,-2.28701,60.86176,6.346396718495422,2.3641997613869803,18.99999967589494
14.24387,17.64707,53.08563,3538.4446,-2.31561,60.92649,6.528495676844288,2.432036414683888,18.99999967589494
14.26682,17.68971,52.87011,3535.33259,-2.34007,60.99275,6.717586910565248,2.5024778745347382,18.99999967589494
14.2897,17.73236,52.65272,3532.11866,-2.36022,61.06061,6.913563620224553,2.575484355340398,18.99999967589494
14.31251,17.77499,52.43387,3528.79791,-2.3759,61.13012,7.11627106408043,2.6509982117305553,18.99999967589494
14.33525,17.81763,52.214,3525.36547,-2.38696,61.20134,7.325501421903848,2.7289420252018166,18.99999967589494
14.35792,17.86025,51.99355,3521.81659,-2.39324,61.27433,7.540988663594894,2.809216692542293,18.99999967589494
14.38051,17.90286,51.77296,3518.14663,-2.3946,61.34913,7.762403524830129,2.891699554128037,18.99999967589494
14.40302,17.94547,51.55272,3514.35113,-2.3909,61.4258,7.989348709344128,2.9762426066466827,18.99999967589494
14.42545,17.98807,51.3333,3510.42583,-2.38201,61.50439,8.22135445459091,3.062670851189657,18.99999967589494
14.44781,18.03066,51.11519,3506.36673,-2.36781,61.58494,8.457874613563474,3.1507808336268583,18.99999967589494
14.4701,18.07322,50.8994,3502.16878,-2.33674,61.59893,8.697634644161257,3.2400977534906072,0.0
14.49235,18.11574,50.68699,3497.82777,-2.29987,61.61294,8.939196413907847,3.330085868593897,0.0
14.51457,18.15822,50.47848,3493.34146,-2.25715,61.62694,9.181628775120124,3.420398301924794,0.0
14.53676,18.20066,50.27442,3488.70816,-2.20856,61.64096,9.423922096481734,3.5106589392529606,0.0
14.5589,18.24306,50.07533,3483.92677,-2.1541,61.65497,9.664989117391883,3.6004627473970503,0.0
14.581,18.28541,49.88174,3478.9968,-2.09381,61.66899,9.903670898498532,3.6893779909549003,0.0
14.60307,18.32771,49.69418,3473.91846,-2.02775,61.68301,10.138744735141627,3.7769491802693436,0.0
14.62509,18.36996,49.51315,3468.69266,-1.956,61.69704,10.368934076292648,3.862700766494179,0.0
14.64707,18.41216,49.33916,3463.32107,-1.87868,61.71106,10.592920432129908,3.946141577479272,0.0
14.66901,18.4543,49.17269,3457.80615,-1.79595,61.72508,10.809357185936578,4.026769963065984,0.0
14.6909,18.49639,49.01421,3452.15113,-1.708,61.7391,11.01688515287407,4.10407959113964,0.0
14.71275,18.53842,48.86415,3446.36007,-1.61505,61.75311,11.21414965233477,4.177565807530108,0.0
14.73455,18.5804,48.72294,3440.43786,-1.51735,61.76712,11.399818785547382,4.246732444900714,0.0
14.75631,18.62231,48.59097,3434.39015,-1.4152,61.78113,11.572602539880274,4.3110989396039034,0.0
14.77802,18.66416,48.4686,3428.22341,-1.30891,61.79513,11.73127228030568,4.3702075927644985,0.0
14.79968,18.70595,48.35614,3421.94483,-1.19884,61.80912,11.874680140682958,4.423630794042932,0.0
14.8213,18.74767,48.2539,3415.56234,-1.08536,61.8231,12.001777796884637,4.470978015118656,0.0
14.84286,18.78933,48.16213,3409.0845,-0.9689,61.83708,12.11163409332988,4.5119023760376304,0.0
14.86438,18.83092,48.08103,3402.52046,-0.84987,61.85104,12.203451006228226,4.546106591940639,0.0
14.88584,18.87244,48.01077,3395.8799,-0.72873,61.865,12.276577461542523,4.5733481206180535,0.0
14.90725,18.91389,47.95149,3389.17293,-0.60596,61.87894,12.330520582737178,4.593443352592001,0.0
14.92861,18.95526,47.90326,3382.41001,-0.48203,61.89288,12.364954020696235,4.60627071423003,0.0
14.94992,18.99657,47.86613,3375.60187,-0.35743,61.9068,12.379723112116876,4.611772589382401,0.0
14.97118,19.0378,47.84008,3368.75939,-0.23266,61.92071,12.374846718817198,4.609956004572641,0.0
14.99238,19.07895,47.82507,3361.89351,-0.10823,61.9346,12.350515713149939,4.600892064774299,0.0
15.01354,19.12004,47.82099,3355.01517,0.01539,61.94849,12.307088188105695,4.584714169048365,0.0
15.03463,19.16104,47.82772,3348.13516,0.1377,61.96236,12.245081579084928,4.561615075696055,0.0
15.05568,19.20198,47.84506,3341.26407,0.25824,61.97622,12.165161981989119,4.531842922966712,0.0
15.07667,19.24284,47.87282,3334.41222,0.37653,61.99006,12.068131034839398,4.495696342115568,0.0
15.09761,19.28362,47.91071,3327.58953,0.49216,62.0039,11.954910793936811,4.4535188233755285,0.0
15.1185,19.32432,47.95846,3320.80549,0.6047,62.01772,11.826527078484363,4.405692511390637,0.0
15.13933,19.36496,48.01574,3314.06911,0.71377,62.03153,11.68409177885647,4.352631614580962,0.0
15.16012,19.40552,48.08219,3307.38884,0.81899,62.04533,11.528784623753413,4.294775612927888,0.0
15.18085,19.446,48.15743,3300.77254,0.92005,62.05912,11.361834882120524,4.232582441457561,0.0
15.20152,19.48641,48.24105,3294.22747,1.01663,62.0729,11.18450343957242,4.1665218132373285,0.0
15.22215,19.52675,48.33263,3287.76025,1.10847,62.08667,10.99806563949297,4.097068827233981,0.0
15.24273,19.56702,48.43171,3281.37683,1.19532,62.10043,10.80379521968207,4.024697984292042,0.0
15.26326,19.60721,48.53783,3275.08254,1.27698,62.11418,10.602949610263336,3.9498777102175313,0.0
15.28373,19.64734,48.65051,3268.88205,1.35328,62.12792,10.396756791024174,3.8730654597913547,0.0
15.30416,19.6874,48.76927,3262.77938,1.42407,62.14165,10.186403839964662,3.7947034508024426,0.0
15.32454,19.72739,48.89361,3256.77796,1.48923,62.15538,9.973027241972954,3.715215053774348,0.0
15.34488,19.76732,49.02302,3250.8806,1.54869,62.16911,9.75770496976723,3.6350018419077625,0.0
15.36516,19.80718,49.15702,3245.08957,1.60238,62.18283,9.541450299643756,3.5544412872839497,0.0
15.3854,19.84698,49.29509,3239.40658,1.65027,62.19654,9.325207283441005,3.4738850740522387,0.0
15.4056,19.88671,49.43672,3233.83285,1.69237,62.21025,9.109847765517005,3.3936579871756023,0.0
15.42575,19.92639,49.58143,3228.36912,1.72867,62.22396,8.896169809471274,3.3140573263431765,0.0
15.44586,19.966,49.72873,3223.01572,1.75923,62.23767,8.684897383302266,3.23535278868313,0.0
15.46592,20.00556,49.87811,3217.77256,1.78409,62.25138,8.476681142902255,3.1577867606351213,0.0
15.48595,20.04506,50.02911,3212.6392,1.80333,62.26509,8.272100151263361,3.081574958399782,0.0
15.50593,20.08451,50.18125,3207.61488,1.81704,62.2788,8.071664373520399,3.0069073574078184,0.0
15.52587,20.1239,50.33408,3202.69853,1.82532,62.29251,7.875817794897324,2.9339493538371086,0.0
15.54577,20.16325,50.48714,3197.88886,1.82829,62.30623,7.684942018723686,2.8628431049684977,0.0
15.56563,20.20254,50.64001,3193.1843,1.82606,62.31995,7.499360213994979,2.793708999755896,0.0
15.58545,20.24178,50.79226,3188.58313,1.81878,62.33367,7.319341295670047,2.7266472160970503,0.0
15.60524,20.28097,50.94348,3184.08344,1.80658,62.3474,7.145104235202641,2.661739326619969,0.0
15.62499,20.32012,51.09327,3179.68316,1.78962,62.36113,6.976822413305968,2.5990499202022432,0.0
15.6447,20.35922,51.24125,3175.38011,1.76804,62.37488,6.814627940888681,2.5386282116333936,0.0
15.66437,20.39828,51.38706,3171.17202,1.74201,62.38863,6.658615887428164,2.480509616795173,0.0
15.68402,20.43729,51.53034,3167.05651,1.71167,62.40238,6.508848368284345,2.4247172752935087,0.0
15.70362,20.47626,51.67075,3163.03115,1.6772,62.41615,6.36535845362272,2.371263506635177,0.0
15.7232,20.5152,51.80797,3159.09346,1.63876,62.42993,6.2281538714303375,2.320151189698688,0.0
15.74274,20.55409,51.94168,3155.2409,1.59651,62.44372,6.097220485796349,2.271375058485313,0.0
15.76224,20.59294,52.07159,3151.47093,1.55061,62.45751,5.972525538963105,2.224922909868419,0.0
15.78172,20.63176,52.19742,3147.78096,1.50124,62.47132,5.854020651891728,2.180776721383095,0.0
15.80116,20.67054,52.31891,3144.16842,1.44855,62.48514,5.7416445831612215,2.1389136789886605,0.0
15.82058,20.70929,52.43579,3140.63072,1.3927,62.49898,5.6353257501881435,2.0993071162893338,0.0
15.83996,20.748,52.54783,3137.16526,1.33386,62.51282,5.5349845199126495,2.06192736787505,0.0
15.85931,20.78668,52.6548,3133.76947,1.27219,62.52668,5.4405352785782695,2.0267425403688892,0.0
15.87864,20.82532,52.75649,3130.44078,1.20784,62.54056,5.351888291959413,1.9937192054107713,0.0
15.89793,20.86394,52.8527,3127.17663,1.14097,62.55445,5.2689513685850775,1.9628230192520435,0.0
15.9172,20.90252,52.94324,3123.97446,1.07173,62.56835,5.191631339190113,1.9340192738900068,0.0
15.93643,20.94107,53.02793,3120.83175,1.00028,62.58227,5.119835365887033,1.9072733847688594,0.0
15.95564,20.97959,53.10663,3117.74597,0.92676,62.5962,5.053472094556615,1.882551320075521,0.0
15.97482,21.01809,53.17917,3114.71461,0.85132,62.61015,4.992452663613861,1.8598199765314907,0.0
15.99398,21.05655,53.24542,3111.73518,0.7741,62.62412,4.936691581814815,1.839047506398984,0.0
16.0131,21.09499,53.30525,3108.8052,0.69526,62.6381,4.886107487106669,1.820203600172566,0.0
16.0322,21.1334,53.35855,3105.92218,0.61493,62.6521,4.8406237977421,1.8032597291363714,0.0
16.05128,21.17179,53.40522,3103.08365,0.53324,62.66611,4.800169266034431,1.7881893516524743,0.0
16.07032,21.21015,53.44516,3100.28715,0.45035,62.68014,4.764678444187513,1.7749680866947735,0.0
16.08935,21.24848,53.4783,3097.53021,0.36638,62.69419,4.734092070727216,1.7635738578048918,0.0
16.10834,21.28679,53.50456,3094.81035,0.28147,62.70826,4.7083573850652805,1.7539870102754895,0.0
16.12731,21.32507,53.52389,3092.12509,0.19577,62.72235,4.687428376774897,1.7461904040119718,0.0
16.14626,21.36333,53.53624,3089.47196,0.10939,62.73645,4.671265975195615,1.7401694841653097,0.0
16.16518,21.40156,53.54158,3086.84844,0.02247,62.75057,4.659838184027634,1.735912331271955,0.0
16.18407,21.43977,53.53987,3084.25202,-0.06485,62.76471,4.653120164646119,1.7334096922906128,0.0
16.20294,21.47796,53.5311,3081.68015,-0.15244,62.77886,4.651094270939174,1.732654993580304,0.0
16.22178,21.51612,53.51527,3079.13028,-0.24018,62.79304,4.653750037577915,1.7336443365306609,0.0
16.24061,21.55426,53.49238,3076.5998,-0.32792,62.80723,4.661084122737383,1.7363764762239566,0.0
16.2594,21.59238,53.46245,3074.08608,-0.41554,62.82144,4.673100205424757,1.7408527831871674,0.0
16.27817,21.63048,53.42551,3071.58647,-0.50291,62.83566,4.689808836716925,1.747077187974048,0.0
16.29692,21.66855,53.38158,3069.09825,-0.58989,62.84991,4.711227243378896,1.7550561080078282,0.0
16.31564,21.7066,53.33073,3066.61866,-0.67635,62.86417,4.7373790815060595,1.76479835580647,0.0
16.33434,21.74463,53.27301,3064.14492,-0.76215,62.87845,4.768294137061597,1.7763150274249748,0.0
16.35301,21.78263,53.20848,3061.67416,-0.84717,62.89275,4.804007969362696,1.7896193696446168,0.0
16.37166,21.82061,53.13723,3059.20348,-0.93125,62.90707,4.844561492855902,1.804726624173257,0.0
16.39029,21.85857,53.05935,3056.7299,-1.01427,62.9214,4.890000491770876,1.8216538468411003,0.0
16.40889,21.89651,52.97494,3054.25041,-1.09608,62.93575,4.940375061586055,1.8404196995319566,0.0
16.42746,21.93442,52.88412,3051.76189,-1.17655,62.95012,4.995738970607213,1.8610442123544553,0.0
16.44601,21.97231,52.787,3049.26121,-1.25553,62.9645,5.056148934389567,1.883548513345191,0.0
16.46454,22.01018,52.68372,3046.74511,-1.33288,62.9789,5.121663795299917,1.9079545228340322,0.0
16.48304,22.04802,52.57444,3044.21031,-1.40844,62.99332,5.192343599136603,1.9342846094607609,0.0
16.50152,22.08584,52.4593,3041.65344,-1.48208,63.00775,5.268248560501378,1.9625612047488712,0.0
16.51997,22.12364,52.33849,3039.07105,-1.55364,63.0222,5.3494379086182455,1.9928063731427208,0.0
16.5384,22.16141,52.21217,3036.45962,-1.62296,63.03666,5.435968605406429,2.025041334455976,0.0
16.5568,22.19916,52.08056,3033.81559,-1.68991,63.05114,5.527893928064163,2.0592859358467885,0.0
16.57518,22.23688,51.94384,3031.13529,-1.75431,63.06564,5.625261909141486,2.0955580707038597,0.0
16.59353,22.27458,51.80225,3028.41502,-1.81601,63.08014,5.7281136281132765,2.1338730422124472,0.0
16.61185,22.31225,51.65601,3025.651,-1.87486,63.09466,5.8364813499550605,2.1742428699248784,0.0
16.63015,22.34989,51.50536,3022.8394,-1.93069,63.1092,5.950386508131321,2.2166755383706205,0.0
16.64842,22.38751,51.35057,3019.97635,-1.98334,63.12374,6.069837531842154,2.2611741876484945,0.0
16.66667,22.4251,51.1919,3017.05791,-2.03266,63.1383,6.1948275203585785,2.3077362470553875,0.0
16.68488,22.46266,51.02963,3014.08015,-2.07848,63.15287,6.3253317708808305,2.356352514148416,0.0
16.70308,22.50019,50.86405,3011.03908,-2.12064,63.16745,6.46130517060816,2.4070061832223115,0.0
16.72124,22.53769,50.69548,3007.93073,-2.15899,63.18204,6.602679468593219,2.4596718290033985,0.0
16.73937,22.57516,50.52421,3004.75112,-2.19336,63.19664,6.749360448580777,2.514314353457623,0.0
16.75748,22.6126,50.35059,3001.4963,-2.2236,63.21125,6.901225030191106,2.570887905905096,0.0
16.77556,22.65,50.17496,2998.16233,-2.24956,63.22587,7.058118332705537,2.629334789202958,0.0
16.79361,22.68738,49.99766,2994.74538,-2.27109,63.24049,7.219850742944727,2.689584367452879,0.0
16.81162,22.72472,49.81906,2991.24165,-2.28805,63.25513,7.38619503649447,2.7515519935819346,0.0
16.82961,22.76202,49.63952,2987.64747,-2.3003,63.26976,7.556883609310487,2.815137978042544,0.0
16.84757,22.79929,49.45944,2983.95929,-2.30772,63.28441,7.731605884609696,2.8802266228112416,0.0
16.8655,22.83652,49.27919,2980.17372,-2.31019,63.29906,7.910005967290684,2.946685347598589,0.0
16.88339,22.87371,49.09919,2976.28755,-2.30759,63.31371,8.091680624942445,3.0143639377218014,0.0
16.90125,22.91086,48.91982,2972.29777,-2.29984,63.32836,8.276177680024793,3.083093945149654,0.0
16.91908,22.94797,48.7415,2968.20163,-2.28684,63.34302,8.462994901880082,3.1526882757476886,0.0
16.93688,22.98504,48.56464,2963.99664,-2.26852,63.35767,8.651579489212173,3.222940996488016,0.0
16.95464,23.02206,48.38967,2959.68064,-2.24483,63.37233,8.84132823315668,3.2936273961972735,0.0
16.97237,23.05904,48.21699,2955.2518,-2.21574,63.38699,9.031588447529423,3.3645043320986443,0.0
16.99007,23.09598,48.04704,2950.70863,-2.18122,63.40164,9.22165974591081,3.4353108918225566,0.0
17.00772,23.13287,47.88022,2946.05009,-2.14128,63.41629,9.410796734508324,3.505769396568808,0.0
17.02534,23.1697,47.71695,2941.27553,-2.09593,63.43094,9.598212675108272,3.5755867656524662,0.0
17.04293,23.20649,47.55764,2936.38479,-2.04524,63.44558,9.783084153628002,3.6444562556624156,0.0
17.06048,23.24323,47.4027,2931.37818,-1.98926,63.46022,9.964556767217086,3.7120595790561826,0.0
17.07798,23.27991,47.25251,2926.25652,-1.9281,63.47485,10.141751816557868,3.7780693972179678,0.0
17.09545,23.31654,47.10746,2921.02113,-1.86187,63.48947,10.313773960901479,3.8421521721609837,0.0
17.11288,23.35311,46.96792,2915.6739,-1.79072,63.50408,10.479719761974966,3.9039713493576653,0.0
17.13028,23.38963,46.83424,2910.21725,-1.71484,63.51868,10.638687010515133,3.963190832118918,0.0
17.14762,23.42608,46.70676,2904.65415,-1.63441,63.53328,10.789784697018726,4.019478695960909,0.0
17.16493,23.46248,46.5858,2898.98812,-1.54967,63.54786,10.932143457761995,4.072511080022202,0.0
17.1822,23.49881,46.47166,2893.22321,-1.46088,63.56243,11.064926299786402,4.121976182403134,0.0
17.19942,23.53509,46.36461,2887.364,-1.3683,63.57699,11.187339386001174,4.167578277900281,0.0
17.2166,23.57129,46.26489,2881.41558,-1.27225,63.59153,11.298642645002417,4.209041670443241,0.0
17.23374,23.60743,46.17275,2875.38349,-1.17305,63.60606,11.398159961205884,4.246114489187211,0.0
17.25083,23.64351,46.08836,2869.27375,-1.07105,63.62057,11.485288700121822,4.2785722369284915,0.0
17.26788,23.67952,46.0119,2863.09275,-0.96662,63.63507,11.559508331757145,4.306221002548687,0.0
17.28489,23.71546,45.9435,2856.84726,-0.86013,63.64955,11.620387932266288,4.328900255577037,0.0
17.30185,23.75133,45.88327,2850.54437,-0.75198,63.66401,11.667592369834384,4.346485150594655,0.0
17.31876,23.78713,45.83128,2844.19141,-0.64258,63.67846,11.700887014292011,4.358888281689942,0.0
17.33563,23.82285,45.78759,2837.79594,-0.53235,63.69288,11.72014085015247,4.366060842146873,0.0
17.35245,23.85851,45.75218,2831.36564,-0.42169,63.70729,11.725327917620643,4.367993161258727,0.0
17.36922,23.89409,45.72506,2824.90831,-0.31105,63.72169,11.71652705399589,4.3647146079938475,0.0
17.38595,23.9296,45.70615,2818.43177,-0.20083,63.73606,11.693919956445482,4.356292869327785,0.0
17.40263,23.96504,45.69539,2811.94382,-0.09146,63.75041,11.657787634355177,4.342832628650535,0.0
17.41926,24.0004,45.69264,2805.4522,0.01665,63.76475,11.608505363295853,4.3244736859863435,0.0
17.43585,24.03569,45.69778,2798.96448,0.12312,63.77906,11.546536291251748,4.3013885761454995,0.0
17.45239,24.0709,45.71063,2792.48808,0.22753,63.79336,11.472423879735345,4.273779752840732,0.0
17.46888,24.10604,45.73098,2786.03018,0.32954,63.80764,11.386783386649299,4.241876415829191,0.0
17.48533,24.1411,45.75862,2779.5977,0.42877,63.8219,11.290292613693794,4.205931064078232,0.0
17.50173,24.17609,45.79329,2773.19724,0.52489,63.83614,11.183682148476631,4.166215860694678,0.0
17.51808,24.21101,45.83474,2766.83507,0.6176,63.85037,11.06772533077071,4.123018895091726,0.0
17.53439,24.24585,45.88267,2760.51709,0.70658,63.86457,10.943228163965426,4.0766404247391534,0.0
17.55065,24.28062,45.93676,2754.24883,0.79159,63.87876,10.81101937787814,4.0273891732991185,0.0
17.56687,24.31532,45.99671,2748.0354,0.87237,63.89293,10.671940828778299,3.9755787543825654,0.0
17.58304,24.34995,46.06217,2741.8815,0.9487,63.90709,10.526838398068575,3.921524281068465,0.0
17.59917,24.38451,46.13278,2735.79142,1.02039,63.92123,10.376553524048713,3.8655392112630484,0.0
17.61525,24.41899,46.2082,2729.76902,1.08726,63.93536,10.221915472692752,3.807932468360947,0.0
17.63129,24.45341,46.28805,2723.81775,1.14918,63.94947,10.063734424797172,3.7490058660259877,0.0
17.64729,24.48775,46.37196,2717.94063,1.20603,63.96357,9.90279542923592,3.689051855619595,0.0
17.66324,24.52203,46.45954,2712.1403,1.2577,63.97765,9.739853246161887,3.628351605157655,0.0
17.67915,24.55625,46.55042,2706.419,1.30413,63.99173,9.575628080743044,3.5671734100149766,0.0
17.69502,24.59039,46.6442,2700.77858,1.34526,64.00579,9.410802187610644,3.5057714279929013,0.0
17.71084,24.62447,46.74051,2695.22054,1.38106,64.01984,9.24601730912914,3.444384725007445,0.0
17.72663,24.65849,46.83895,2689.74605,1.41153,64.03388,9.081872896883338,3.3832366125464683,0.0
17.74238,24.69245,46.93916,2684.35594,1.43668,64.04791,8.918925055311025,3.3225342541450353,0.0
17.75808,24.72634,47.04074,2679.05074,1.45653,64.06193,8.757686139177748,3.2624685154341777,0.0
17.77375,24.76018,47.14333,2673.8307,1.47112,64.07595,8.598624932114573,3.203214030650907,0.0
17.78938,24.79395,47.24655,2668.69582,1.48052,64.08996,8.442167331606807,3.144929457814539,0.0
17.80497,24.82767,47.35006,2663.64582,1.48479,64.10396,8.28869746610413,3.0877578948796045,0.0
17.82052,24.86133,47.45349,2658.68024,1.48402,64.11795,8.13855917200047,3.0318274299497237,0.0
17.83604,24.89493,47.55651,2653.79838,1.47831,64.13195,7.992057761815717,2.9772517999718096,0.0
17.85152,24.92848,47.65878,2648.99938,1.46776,64.14593,7.849462019410796,2.9241311340061875,0.0
17.86696,24.96198,47.75996,2644.28219,1.45249,64.15992,7.711006363506913,2.872552759194435,0.0
17.88237,24.99542,47.85975,2639.64563,1.43262,64.1739,7.576893126501155,2.822592049678151,0.0
17.89775,25.02882,47.95785,2635.08837,1.40828,64.18788,7.44729490163335,2.774313300980373,0.0
17.91309,25.06216,48.05394,2630.60895,1.37962,64.20186,7.322356917577583,2.7277706146033953,0.0
17.9284,25.09545,48.14776,2626.20582,1.34677,64.21583,7.202199405398958,2.683008779782438,0.0
17.94367,25.12869,48.23903,2621.87731,1.30988,64.22981,7.086919928407461,2.6400641414175157,0.0
17.95891,25.16189,48.32748,2617.62168,1.26909,64.24379,6.976595650697058,2.598965445163941,0.0
17.97412,25.19504,48.41287,2613.43711,1.22458,64.25777,6.871285524905874,2.5597346524305524,0.0
17.9893,25.22814,48.49496,2609.3217,1.17648,64.27175,6.77103238408198,2.522387719654763,0.0
18.00444,25.2612,48.57352,2605.27352,1.12497,64.28573,6.675864926370918,2.486935337650878,0.0
18.01956,25.29421,48.64834,2601.29056,1.07019,64.29971,6.585799584580227,2.4533836280720807,0.0
18.03464,25.32718,48.71921,2597.37076,1.01232,64.3137,6.500842275551795,2.4217347950976564,0.0
18.0497,25.36011,48.78595,2593.51204,0.95152,64.3277,6.4209900267170825,2.39198773136761,0.0
18.06472,25.393,48.84836,2589.71227,0.88794,64.34169,6.346232479216478,2.364138577934178,0.0
18.07972,25.42585,48.90629,2585.96929,0.82176,64.35569,6.27655326857042,2.3381812385981497,0.0
18.09468,25.45865,48.95957,2582.28089,0.75314,64.3697,6.211931285220484,2.3141078494935856,0.0
18.10962,25.49142,49.00807,2578.64487,0.68224,64.38371,6.152341818190846,2.2919092051318053,0.0
18.12453,25.52415,49.05164,2575.05897,0.60922,64.39773,6.097757585838016,2.2715751423827872,0.0
18.13941,25.55683,49.09017,2571.52092,0.53425,64.41175,6.04814965814043,2.2530948840523015,0.0
18.15426,25.58949,49.12354,2568.02841,0.45749,64.42578,6.003488275216305,2.2364573438013577,0.0
18.16909,25.6221,49.15165,2564.57913,0.37911,64.43981,5.963743566872335,2.221651394197015,0.0
18.18389,25.65468,49.17442,2561.17072,0.29927,64.45385,5.928886177909854,2.208666099655389,0.0
18.19866,25.68722,49.19176,2557.80081,0.21813,64.4679,5.898887803788927,2.197490915990617,0.0
18.2134,25.71972,49.20361,2554.467,0.13585,64.48196,5.87372164090967,2.188115858156497,0.0
18.22812,25.75219,49.20992,2551.16687,0.0526,64.49602,5.85336275549743,2.1805316376659234,0.0
18.24281,25.78463,49.21063,2547.89795,-0.03147,64.51009,5.837788374629781,2.1747297710061,0.0
18.25748,25.81703,49.20571,2544.65778,-0.11619,64.52417,5.826978102505038,2.170702660204255,0.0
18.27212,25.84939,49.19514,2541.44384,-0.2014,64.53826,5.8209140645812125,2.1684436465231904,0.0
18.28673,25.88172,49.1789,2538.25358,-0.28695,64.55235,5.819580981704753,2.167947038076188,0.0
18.30132,25.91402,49.157,2535.08443,-0.37266,64.56645,5.82296617586087,2.1692081119691595,0.0
18.31588,25.94628,49.12944,2531.93377,-0.45839,64.58056,5.831059508653582,2.1722230913828473,0.0
18.33041,25.97851,49.09624,2528.79897,-0.54396,64.59468,5.843853253163166,2.176989097836345,0.0
18.34492,26.0107,49.05743,2525.67733,-0.62922,64.6088,5.861341899348678,2.1835040786944226,0.0
18.35941,26.04286,49.01305,2522.56615,-0.71401,64.62293,5.883521892724902,2.191766709817815,0.0
18.37387,26.07499,48.96315,2519.46264,-0.79815,64.63707,5.910391305667626,2.2017762731157835,0.0
18.3883,26.10708,48.90778,2516.36402,-0.8815,64.65122,5.941949440343347,2.2135325086269857,0.0
18.40271,26.13915,48.84703,2513.26745,-0.96389,64.66538,5.978196361989456,2.227035440654068,0.0
18.41709,26.17117,48.78098,2510.17003,-1.04516,64.67954,6.0191323610692,2.242285177402233,0.0
18.43145,26.20317,48.7097,2507.06884,-1.12514,64.69371,6.0647573426927055,2.259281683522504,0.0
18.44578,26.23513,48.63332,2503.96093,-1.20366,64.70789,6.1150701416884505,2.278024524957833,0.0
18.46008,26.26705,48.55195,2500.84328,-1.28058,64.72207,6.170067761800204,2.298512585523937,0.0
18.47436,26.29895,48.4657,2497.71284,-1.35571,64.73626,6.229744537717059,2.3207437547434404,0.0
18.48862,26.3308,48.37471,2494.56654,-1.4289,64.75045,6.294091218985494,2.344714586579012,0.0
18.50285,26.36263,48.27913,2491.40125,-1.49998,64.76465,6.363093975444903,2.3704199289319328,0.0
18.51705,26.39442,48.17912,2488.21383,-1.56878,64.77886,6.436733324484846,2.397852524017196,0.0
18.53123,26.42617,48.07483,2485.0011,-1.63515,64.79307,6.514982981361222,2.42700258007603,0.0
18.54538,26.45789,47.96645,2481.75985,-1.69892,64.80729,6.597808634944994,2.457857315310088,0.0
18.5595,26.48957,47.85416,2478.48687,-1.75993,64.82151,6.685166652608809,2.4904004754176396,0.0
18.5736,26.52122,47.73816,2475.1789,-1.81801,64.83574,6.777002719540353,2.5246118267019866,0.0
18.58767,26.55283,47.61866,2471.83272,-1.87301,64.84997,6.873250419627372,2.5604666274138017,0.0
18.60172,26.5844,47.49586,2468.44508,-1.92477,64.8642,6.973829767096563,2.597935080747979,0.0
18.61574,26.61593,47.37001,2465.01273,-1.97312,64.87843,7.078645700432704,2.636981773788878,0.0
18.62973,26.64743,47.24133,2461.53248,-2.01793,64.89267,7.187586552598034,2.6775651076267963,0.0
18.64369,26.67889,47.11006,2458.00112,-2.05904,64.90691,7.300522514306724,2.7196367248872746,0.0
18.65763,26.71031,46.97647,2454.41553,-2.09631,64.92114,7.417304110001903,2.7631409419924395,0.0
18.67153,26.74169,46.84081,2450.77259,-2.12959,64.93538,7.537760709128611,2.808014194571009,0.0
18.68541,26.77303,46.70335,2447.06929,-2.15875,64.94962,7.661699098328039,2.8541845055630772,0.0
18.69926,26.80432,46.56437,2443.30269,-2.18367,64.96386,7.788902143152603,2.9015709866737684,0.0
18.71309,26.83558,46.42415,2439.46993,-2.20423,64.9781,7.91912757067248,2.950083384862137,0.0
18.72688,26.86679,46.28299,2435.56829,-2.2203,64.99233,8.052106906949827,2.999621686522365,0.0
18.74064,26.89795,46.14118,2431.59515,-2.2318,65.00656,8.187544605447965,3.0500757927932396,0.0
18.75438,26.92908,45.99902,2427.54807,-2.23862,65.02079,8.325117404102311,3.1013252800501685,0.0
18.76808,26.96015,45.85681,2423.42475,-2.24069,65.03501,8.464473949648468,3.153239259957502,0.0
18.78176,26.99119,45.71487,2419.22308,-2.23793,65.04923,8.605234727901951,3.2056763534959,0.0
18.7954,27.02217,45.57351,2414.94117,-2.23029,65.06344,8.746992337722993,3.2584847930214313,0.0
18.80901,27.0531,45.43303,2410.57734,-2.21773,65.07764,8.889312144313827,3.3115026656359974,0.0
18.82259,27.08399,45.29376,2406.13015,-2.20022,65.09184,9.031733344149925,3.3645583099022414,0.0
18.83614,27.11482,45.15601,2401.59841,-2.17774,65.10603,9.173770469112474,3.4174708761724704,0.0
18.84965,27.14561,45.02009,2396.98124,-2.15032,65.12021,9.314915351234458,3.470051058508267,0.0
18.86314,27.17634,44.8863,2392.27801,-2.11796,65.13438,9.454639561933458,3.522102003358887,0.0
18.87658,27.20701,44.75496,2387.48844,-2.08072,65.14853,9.592397330617395,3.5734203968186913,0.0
18.89,27.23764,44.62635,2382.61255,-2.03865,65.16268,9.72762893736486,3.62379772848984,0.0
18.90338,27.2682,44.50078,2377.65068,-1.99184,65.17681,9.859764563140146,3.6730217257886912,0.0
18.91673,27.29871,44.37852,2372.60355,-1.9404,65.19094,9.988228568890877,3.720877948022257,0.0
18.93004,27.32916,44.25986,2367.47221,-1.88445,65.20504,10.112444162370796,3.767151524902492,0.0
18.94331,27.35956,44.14505,2362.25805,-1.82413,65.21913,10.231838398933649,3.8116290194735845,0.0
18.95655,27.38989,44.03436,2356.96285,-1.75961,65.23321,10.34584745026628,3.8541003908536675,0.0
18.96976,27.42016,43.92801,2351.58873,-1.69108,65.24727,10.453922063746125,3.8943610279891314,0.0
18.98293,27.45037,43.82624,2346.13815,-1.61874,65.26131,10.55553312499257,3.9322138218513576,0.0
18.99606,27.48052,43.72925,2340.61394,-1.54283,65.27534,10.650177228170996,3.967471240521549,0.0
19.00915,27.5106,43.63724,2335.01924,-1.46359,65.28934,10.7373821525437,3.9999573693500343,0.0
19.0222,27.54061,43.55039,2329.35752,-1.38129,65.30333,10.816712140755259,4.029509877256452,0.0
19.03522,27.57056,43.46884,2323.63255,-1.29621,65.3173,10.887772873997914,4.05598187010976,0.0
19.0482,27.60045,43.39274,2317.84838,-1.20865,65.33125,10.950216042126772,4.079243593216395,0.0
19.06114,27.63026,43.3222,2312.00932,-1.11891,65.34517,11.003743412956247,4.099183947240263,0.0
19.07404,27.66001,43.25732,2306.11991,-1.02732,65.35908,11.048110314137988,4.115711785293889,0.0
19.0869,27.68969,43.19818,2300.18489,-0.93422,65.37296,11.083128453053746,4.1287569634226955,0.0
19.09972,27.7193,43.14483,2294.20919,-0.83995,65.38682,11.108668014830576,4.138271122170878,0.0
19.1125,27.74883,43.09729,2288.19786,-0.74485,65.40066,11.124658995034059,4.144228183044688,0.0
19.12524,27.7783,43.05559,2282.15609,-0.64929,65.41448,11.131091741651774,4.146624550415536,0.0
19.13795,27.80769,43.0197,2276.08913,-0.55361,65.42827,11.128016699717918,4.145479016385953,0.0
19.15061,27.83701,42.9896,2270.00227,-0.45816,65.44204,11.115543370717889,4.1408323731404035,0.0
19.16323,27.86626,42.96523,2263.90083,-0.36331,65.45579,11.093838517168496,4.132746744104187,0.0
19.17581,27.89544,42.9465,2257.79011,-0.2694,65.46951,11.06312365968735,4.1213046515359215,0.0
19.18835,27.92454,42.93334,2251.67534,-0.17677,65.48321,11.023671929012698,4.106607843822106,0.0
19.20085,27.95357,42.92562,2245.56168,-0.08575,65.49689,10.975804348250591,4.088775910516372,0.0
19.21331,27.98252,42.92321,2239.45419,0.00332,65.51054,10.919885630757802,4.067944716940302,0.0
19.22573,28.01141,42.92596,2233.35779,0.09016,65.52417,10.856319586339286,4.044264692871115,0.0
19.23811,28.04022,42.9337,2227.27724,0.17445,65.53777,10.785544232688636,4.017899011424618,0.0
19.25044,28.06895,42.94624,2221.21711,0.25591,65.55136,10.708026710275396,3.98902169471692,0.0
19.26274,28.09761,42.96339,2215.1818,0.33428,65.56492,10.624258097430337,3.9578156823472797,0.0
19.275,28.1262,42.98494,2209.17546,0.40931,65.57846,10.534748218259404,3.9244708972094444,0.0
19.28722,28.15472,43.01066,2203.20204,0.48077,65.59198,10.44002052978425,3.8891823408169612,0.0
19.2994,28.18316,43.04032,2197.26523,0.54845,65.60547,10.340607166655467,3.852148247328479,0.0
19.31154,28.21154,43.07367,2191.3685,0.61215,65.61895,10.23704421223715,3.8135683219023293,0.0
19.32364,28.23984,43.11047,2185.51504,0.67171,65.6324,10.129867254515098,3.7736420851553882,0.0
19.3357,28.26807,43.15045,2179.7078,0.72697,65.64583,10.019607274311975,3.7325673414150455,0.0
19.34772,28.29623,43.19335,2173.94945,0.77779,65.65925,9.906786902229854,3.6905387843318103,0.0
19.35971,28.32432,43.23889,2168.24243,0.82407,65.67264,9.791917069888695,3.647746749377539,0.0
19.37166,28.35234,43.28681,2162.58891,0.86571,65.68602,9.6754940707741,3.6043761189338843,0.0
19.38357,28.38029,43.33682,2156.99081,0.90262,65.69938,9.557997036457328,3.560605382117853,0.0
19.39544,28.40818,43.38865,2151.4498,0.93477,65.71272,9.439885825385689,3.5166058483006712,0.0
19.40728,28.436,43.44203,2145.96732,0.9621,65.72604,9.321599313992266,3.4725410105011942,0.0
19.41908,28.46375,43.49666,2140.54457,0.9846,65.73935,9.203554073561541,3.4285660524835437,0.0
19.43084,28.49144,43.55228,2135.18255,1.00226,65.75264,9.086143411118362,3.384827491463007,0.0
19.44257,28.51906,43.60861,2129.882,1.01509,65.76592,8.969736748644198,3.341462946847756,0.0
19.45427,28.54662,43.66539,2124.6435,1.02311,65.77918,8.854679312036215,3.298601024367928,0.0
19.46593,28.57412,43.72234,2119.46741,1.02637,65.79243,8.741292099312949,3.2563613042313904,0.0
19.47755,28.60155,43.7792,2114.35393,1.02491,65.80567,8.62987209664526,3.214854421600968,0.0
19.48914,28.62892,43.83571,2109.30306,1.01881,65.81889,8.5206927105488,3.1741822275975,0.0
19.5007,28.65624,43.89163,2104.31464,1.00813,65.83211,8.414004385137531,3.134438019243015,0.0
19.51222,28.68349,43.9467,2099.38837,0.99297,65.84531,8.310035374329479,3.0957068271277013,0.0
19.52371,28.71068,44.0007,2094.5238,0.97342,65.8585,8.208992640423762,3.0580657501534882,0.0
19.53517,28.73782,44.05338,2089.72033,0.94958,65.87168,8.111062852265345,3.021584327376676,0.0
19.5466,28.7649,44.10452,2084.97725,0.92158,65.88485,8.016413458254508,2.986324937732201,0.0
19.55799,28.79192,44.15391,2080.29373,0.88953,65.89801,7.925193811694847,2.9523432192553765,0.0
19.56936,28.81889,44.20134,2075.66882,0.85356,65.91116,7.837536328174585,2.919688500236878,0.0
19.58069,28.8458,44.24661,2071.10148,0.81382,65.92431,7.753557656985096,2.888404235606971,0.0
19.59199,28.87266,44.28953,2066.59055,0.77043,65.93745,7.673359850773096,2.858528442661723,0.0
19.60327,28.89946,44.32991,2062.13481,0.72354,65.95058,7.597031519767594,2.8300941310429155,0.0
19.61451,28.92621,44.36759,2057.73293,0.67331,65.96371,7.524648958899834,2.8031297226198784,0.0
19.62572,28.95291,44.4024,2053.38353,0.61989,65.97682,7.4562772380281235,2.777659457626921,0.0
19.6369,28.97956,44.43419,2049.08513,0.56345,65.98994,7.391971247162884,2.7537037840371683,0.0
19.64806,29.00616,44.4628,2044.8362,0.50413,66.00305,7.331776690110585,2.7312797277210703,0.0
19.65919,29.0327,44.48812,2040.63513,0.44211,66.01615,7.275731021375633,2.7104012414670065,0.0
19.67028,29.0592,44.51,2036.48026,0.37755,66.02925,7.223864322292708,2.69107953136363,0.0
19.68135,29.08565,44.52834,2032.36987,0.31063,66.04235,7.17620011346845,2.6733233594557824,0.0
19.69239,29.11205,44.54302,2028.30219,0.24151,66.05544,7.132756101449295,2.6571393218978954,0.0
19.70341,29.1384,44.55396,2024.27539,0.17037,66.06853,7.0935448583155045,2.6425321021206587,0.0
19.71439,29.1647,44.56105,2020.28758,0.09739,66.08162,7.058574433518129,2.6295046987563833,0.0
19.72535,29.19096,44.56424,2016.33685,0.02274,66.0947,7.027848897746338,2.6180586282438894,0.0
19.73628,29.21717,44.56343,2012.42122,-0.05341,66.10778,7.001368819056615,2.608194102199165,0.0
19.74719,29.24333,44.55859,2008.53868,-0.13087,66.12086,6.979131671761822,2.5999101797372965,0.0
19.75807,29.26945,44.54966,2004.68716,-0.20947,66.13394,6.961132178846387,2.5932048950311346,0.0
19.76892,29.29552,44.53659,2000.86457,-0.28901,66.14701,6.947362588793339,2.5880753604366555,0.0
19.77975,29.32155,44.51937,1997.06877,-0.36934,66.16009,6.937812887886386,2.584517845581062,0.0
19.79055,29.34753,44.49797,1993.29757,-0.45026,66.17316,6.932470949057821,2.5825278328125525,0.0
19.80132,29.37347,44.47237,1989.54875,-0.53158,66.18623,6.931322618453672,2.58210004944811,0.0
19.81207,29.39936,44.44259,1985.82007,-0.61314,66.1993,6.934351740886544,2.5832284772553624,0.0
19.82279,29.42521,44.40863,1982.10921,-0.69475,66.21236,6.941540125394582,2.585906339622386,0.0
19.83349,29.45101,44.3705,1978.41386,-0.77623,66.22543,6.9528674521161955,2.59012606686609,0.0
19.84416,29.47677,44.32823,1974.73165,-0.85739,66.23849,6.968311121794299,2.595879240168589,0.0
19.8548,29.50249,44.28186,1971.06019,-0.93806,66.25156,6.9878460492128704,2.603156514626882,0.0
19.86542,29.52816,44.23144,1967.39705,-1.01805,66.26462,7.011444402046681,2.6119475219675077,0.0
19.87602,29.55379,44.17702,1963.73977,-1.09719,66.27768,7.039075286668227,2.6222407535013637,0.0
19.88659,29.57937,44.11866,1960.08587,-1.17529,66.29073,7.0707043826988105,2.6340234239843583,0.0
19.89713,29.60491,44.05643,1956.43284,-1.25217,66.30379,7.106293528306195,2.6472813171298863,0.0
19.90765,29.63041,43.99042,1952.77816,-1.32766,66.31684,7.145800258558604,2.661998613633542,0.0
19.91814,29.65586,43.92072,1949.11926,-1.40158,66.32989,7.189177299527319,2.678157702713026,0.0
19.92861,29.68127,43.84743,1945.45358,-1.47376,66.34294,7.236372021239292,2.6957389783185985,0.0
19.93905,29.70663,43.77066,1941.77855,-1.54401,66.35599,7.287325853159731,2.7147206213849673,0.0
19.94947,29.73195,43.69051,1938.09157,-1.61218,66.36903,7.3419736664188235,2.735078369694483,0.0
19.95986,29.75723,43.60712,1934.39004,-1.67809,66.38207,7.400243127712894,2.756785277188323,0.0
19.97023,29.78246,43.52062,1930.67137,-1.74157,66.3951,7.462054030526927,2.7798114648292835,0.0
19.98057,29.80765,43.43114,1926.93297,-1.80246,66.40813,7.527317610177295,2.8041238654371736,0.0
19.99088,29.83279,43.33884,1923.17227,-1.8606,66.42116,7.5959358500165175,2.829685965231834,0.0
20.00117,29.85788,43.24387,1919.3867,-1.91583,66.43418,7.667800787093959,2.8564575451734764,0.0
20.01144,29.88293,43.14639,1915.57372,-1.968,66.4472,7.742793826526401,2.8843944255476828,0.0
20.02167,29.90793,43.04658,1911.73082,-2.01697,66.46021,7.820785074815332,2.9134482176085545,0.0
20.03188,29.93289,42.9446,1907.85555,-2.06259,66.47322,7.901632703321632,2.943566086456283,0.0
20.04207,29.9578,42.84064,1903.94548,-2.10472,66.48622,7.9851823540758335,2.9746905296858386,0.0
20.05223,29.98266,42.73489,1899.99825,-2.14323,66.49921,8.07126660094101,3.0067591766559687,0.0
20.06236,30.00747,42.62754,1896.01156,-2.17801,66.5122,8.159704479969148,3.0397046135345933,0.0
20.07247,30.03224,42.51879,1891.98319,-2.20893,66.52518,8.25030110343549,3.073454239516432,0.0
20.08254,30.05695,42.40884,1887.91099,-2.23589,66.53815,8.342847372460914,3.1079301597672915,0.0
20.0926,30.08162,42.29789,1883.79293,-2.25879,66.55111,8.437119803450303,3.1430491207677815,0.0
20.10262,30.10623,42.18617,1879.62707,-2.27755,66.56406,8.532880483464805,3.1787224936883165,0.0
20.11262,30.1308,42.07387,1875.41158,-2.29208,66.577,8.629877169405834,3.2148563113377553,0.0
20.12258,30.15531,41.96123,1871.14476,-2.30232,66.58993,8.727843545141184,3.251351363949652,0.0
20.13253,30.17978,41.84844,1866.82507,-2.30821,66.60285,8.826499649659011,3.288103358680878,0.0
20.14244,30.20419,41.73574,1862.45108,-2.30972,66.61576,8.925552487856182,3.325003147146351,0.0
20.15232,30.22854,41.62334,1858.02154,-2.30681,66.62865,9.024696833637115,3.3619370245944857,0.0
20.16218,30.25284,41.51145,1853.53537,-2.29946,66.64153,9.123616232628951,3.398787103444975,0.0
20.17201,30.27709,41.40031,1848.99166,-2.28768,66.6544,9.221984209021427,3.435431762868401,0.0
20.1818,30.30129,41.29011,1844.38969,-2.27149,66.66725,9.319465677783246,3.471746174873986,0.0
20.19157,30.32542,41.18107,1839.72893,-2.2509,66.68009,9.415718559961292,3.5076029060510594,0.0
20.20131,30.3495,41.07341,1835.00905,-2.22597,66.69291,9.510395594719398,3.5428725926011633,0.0
20.21102,30.37352,40.96732,1830.22994,-2.19675,66.70572,9.603146337710239,3.577424684784174,0.0
20.2207,30.39749,40.86301,1825.39169,-2.16333,66.71851,9.693619330922072,3.6111282552433006,0.0
20.23035,30.42139,40.76067,1820.49463,-2.1258,66.73128,9.781464424791997,3.643852864053374,0.0
20.23997,30.44524,40.66048,1815.53928,-2.08427,66.74403,9.86633522907764,3.6754694717350325,0.0
20.24955,30.46902,40.56264,1810.5264,-2.03887,66.75677,9.94789166475769,3.7058513899048218,0.0
20.25911,30.49274,40.4673,1805.45698,-1.98974,66.76948,10.025802585587474,3.7348752578736195,0.0
20.26863,30.5164,40.37463,1800.33221,-1.93704,66.78218,10.099748434561853,3.7624220322489577,0.0
20.27813,30.54,40.28479,1795.15351,-1.88096,66.79485,10.169423897883288,3.788377975607966,0.0
20.28759,30.56353,40.19791,1789.92251,-1.82168,66.80751,10.234540517144849,3.812635629604265,0.0
20.29701,30.587,40.11413,1784.64105,-1.75941,66.82014,10.294829219310694,3.835094757452266,0.0
20.30641,30.61041,40.03357,1779.31115,-1.69436,66.83275,10.350042723977342,3.8556632406953324,0.0
20.31577,30.63375,39.95633,1773.93506,-1.62678,66.84533,10.399957788196959,3.8742579154615226,0.0
20.32511,30.65702,39.88252,1768.51516,-1.55691,66.8579,10.444377250994547,3.89080533410003,0.0
20.3344,30.68023,39.8122,1763.05403,-1.48501,66.87043,10.483131842532957,3.905242439142761,0.0
20.34367,30.70337,39.74547,1757.55438,-1.41133,66.88295,10.516081726633894,3.9175171379339884,0.0
20.3529,30.72644,39.68236,1752.01909,-1.33616,66.89544,10.543117749950357,3.927588767979956,0.0
20.3621,30.74944,39.62292,1746.45112,-1.25977,66.90791,10.5641623764282,3.9354284450604005,0.0
20.37126,30.77237,39.56717,1740.85356,-1.18246,66.92035,10.579170291558484,3.941019288328444,0.0
20.38039,30.79524,39.51514,1735.22961,-1.10451,66.93277,10.588128667278713,3.9443565189932803,0.0
20.38949,30.81803,39.46683,1729.58249,-1.02622,66.94516,10.591057084835814,3.9454474315846033,0.0
20.39855,30.84075,39.42221,1723.91553,-0.94788,66.95752,10.588007119522846,3.9443112392561064,0.0
20.40758,30.86341,39.38126,1718.23207,-0.86979,66.96986,10.579061597521875,3.9409787969398953,0.0
20.41657,30.88599,39.34394,1712.53546,-0.79223,66.98218,10.56433354114858,3.935492208422357,0.0
20.42553,30.9085,39.3102,1706.82908,-0.71551,66.99447,10.543964824241769,3.9279043254413732,0.0
20.43446,30.93094,39.27998,1701.11626,-0.63989,67.00673,10.518124564296201,3.9182781487134912,0.0
20.44335,30.9533,39.25318,1695.40035,-0.56566,67.01896,10.48700728194548,3.9066861422928736,0.0
20.45221,30.9756,39.22973,1689.6846,-0.49309,67.03117,10.450830861621673,3.8932094738633496,0.0
20.46103,30.99783,39.20952,1683.97223,-0.42244,67.04336,10.409834349400692,3.8779371943778775,0.0
20.46982,31.01998,39.19244,1678.26639,-0.35396,67.05552,10.364275625402755,3.8609653709664733,0.0
20.47857,31.04206,39.17838,1672.57013,-0.28789,67.06765,10.31442898850669,3.8423961871787387,0.0
20.48729,31.06407,39.16719,1666.88641,-0.22446,67.07976,10.260582690611994,3.822337024431599,0.0
20.49598,31.08601,39.15874,1661.21808,-0.16388,67.09184,10.203036456461696,3.8008995380780664,0.0
20.50463,31.10787,39.15288,1655.56786,-0.10636,67.1039,10.142099022970182,3.7781987407421047,0.0
20.51325,31.12967,39.14947,1649.93837,-0.05208,67.11594,10.078085729451768,3.754352104615376,0.0
20.52184,31.15139,39.14833,1644.33208,-0.00122,67.12795,10.011316187035952,3.7294786932530917,0.0
20.53039,31.17305,39.1493,1638.75134,0.04606,67.13993,9.942112052109213,3.703698332122503,0.0
20.53891,31.19463,39.15222,1633.19832,0.08963,67.15189,9.870794924937877,3.6771308257846322,0.0
20.54739,31.21615,39.15691,1627.6751,0.12936,67.16383,9.797684390823083,3.649895228172944,0.0
20.55585,31.23759,39.16319,1622.18357,0.16513,67.17575,9.723096217306024,3.6221091710048814,0.0
20.56427,31.25896,39.17088,1616.72548,0.19684,67.18764,9.647340717210385,3.5938882539720867,0.0
20.57265,31.28027,39.17979,1611.30246,0.22443,67.19952,9.570721283718932,3.5653454990178948,0.0
20.58101,31.30151,39.18975,1605.91594,0.24782,67.21137,9.493533100390048,3.5365908697845523,0.0
20.58933,31.32268,39.20057,1600.56725,0.26697,67.2232,9.416062025915089,3.5077308561559817,0.0
20.59763,31.34378,39.21206,1595.25754,0.28183,67.23501,9.338583650739299,3.478868122824259,0.0
20.60589,31.36481,39.22405,1589.98784,0.29239,67.24679,9.26136252029595,3.4501012199238867,0.0
20.61411,31.38578,39.23634,1584.75902,0.29865,67.25856,9.184651517594869,3.4215243530297785,0.0
20.62231,31.40669,39.24877,1579.57182,0.30061,67.27032,9.108691396259896,3.393227209201423,0.0
20.63048,31.42752,39.26114,1574.42686,0.29828,67.28205,9.03371045382256,3.365294835276184,0.0
20.63862,31.4483,39.2733,1569.3246,0.29171,67.29376,8.959924334156462,3.3378075642709115,0.0
20.64672,31.469,39.28506,1564.26539,0.28094,67.30546,8.887535947218062,3.3108409854832663,0.0
20.6548,31.48965,39.29625,1559.24946,0.26603,67.31714,8.81673549397632,3.2844659537786782,0.0
20.66285,31.51023,39.30672,1554.27692,0.24704,67.3288,8.74770058424695,3.258748633486692,0.0
20.67086,31.53075,39.31631,1549.34774,0.22405,67.34045,8.68059643523479,3.2337505723632405,0.0
20.67885,31.55121,39.32485,1544.46183,0.19715,67.35208,8.615576138928954,3.2095288012023593,0.0
20.68681,31.5716,39.3322,1539.61895,0.16644,67.36369,8.552780986859505,3.1861359548165993,0.0
20.69474,31.59193,39.33822,1534.81878,0.13203,67.3753,8.492340841309563,3.163620410323307,0.0
20.70264,31.61221,39.34277,1530.0609,0.09403,67.38688,8.434374542719127,3.1420264389132617,0.0
20.71052,31.63242,39.34571,1525.34478,0.05256,67.39846,8.37899034371466,3.121394367538119,0.0
20.71836,31.65258,39.34692,1520.66982,0.00775,67.41002,8.326286360922628,3.1017607472228415,0.0
20.72618,31.67267,39.34629,1516.03533,-0.04026,67.42156,8.276351036544273,3.083158525014445,0.0
20.73397,31.69271,39.34369,1511.44053,-0.09132,67.4331,8.22926360240447,3.0656172168524116,0.0
20.74173,31.71269,39.33903,1506.88457,-0.14529,67.44462,8.185094539949578,3.049163078929987,0.0
20.74947,31.73261,39.33219,1502.36653,-0.20202,67.45613,8.14390603043998,3.0338192754027538,0.0
20.75718,31.75248,39.3231,1497.88539,-0.26135,67.46763,8.10575239027544,3.019606040558771,0.0
20.76486,31.77228,39.31167,1493.44009,-0.3231,67.47912,8.070680487075338,3.0065408338194217,0.0
20.77252,31.79204,39.29781,1489.02949,-0.38712,67.49059,8.038730132774978,2.994638486178122,0.0
20.78014,31.81173,39.28147,1484.65239,-0.45323,67.50206,8.009934450613237,2.9839113369128767,0.0
20.78775,31.83137,39.26256,1480.30753,-0.52126,67.51351,7.984320213404866,2.974369359601616,0.0
20.79533,31.85096,39.24105,1475.99359,-0.59103,67.52496,7.961908151047412,2.966020276676614,0.0
20.80288,31.87049,39.21687,1471.70919,-0.66237,67.53639,7.942713225665062,2.958869661922806,0.0
20.8104,31.88997,39.18999,1467.45292,-0.73507,67.54782,7.926744873213639,2.9529210304820115,0.0
20.8179,31.90939,39.16038,1463.22328,-0.80898,67.55924,7.914007210811848,2.948175916089276,0.0
20.82538,31.92876,39.12801,1459.01876,-0.88389,67.57064,7.904499209398542,2.9446339353922455,0.0
20.83283,31.94808,39.09286,1454.83779,-0.95961,67.58204,7.898214831687169,2.94229283934283,0.0
20.84025,31.96735,39.05491,1450.67874,-1.03597,67.59343,7.895143135686779,2.9411485517614993,0.0
20.84766,31.98656,39.01417,1446.53997,-1.11277,67.60481,7.8952683444032,2.9411951953028046,0.0
20.85503,32.00571,38.97064,1442.41978,-1.18983,67.61618,7.8985698825738835,2.9424251051400825,0.0
20.86238,32.02482,38.92432,1438.31645,-1.26694,67.62754,7.905022381636983,2.9448288308165553,0.0
20.86971,32.04387,38.87524,1434.22821,-1.34393,67.63889,7.914595654347291,2.9483951267891095,0.0
20.87701,32.06288,38.82342,1430.15327,-1.4206,67.65024,7.927254640785962,2.9531109323154934,0.0
20.88429,32.08183,38.76888,1426.08982,-1.49677,67.66157,7.942959327733394,2.9589613414185947,0.0
20.89154,32.10072,38.71168,1422.03601,-1.57224,67.6729,7.961664643713906,2.9659295637878196,0.0
20.89877,32.11957,38.65185,1417.98999,-1.64684,67.68422,7.983320332236917,2.9739968775580987,0.0
20.90597,32.13836,38.58944,1413.94987,-1.72037,67.69552,8.00787080609483,2.9831425750320153,0.0
20.91315,32.15711,38.52452,1409.91377,-1.79267,67.70682,8.035254985867317,2.9933439025184,0.0
20.92031,32.1758,38.45715,1405.87977,-1.86354,67.71811,8.065406126062577,3.0045759955653786,0.0
20.92744,32.19444,38.38739,1401.84597,-1.93282,67.72939,8.098251632621798,3.0168118109759785,0.0
20.93455,32.21302,38.31533,1397.81046,-2.00033,67.74066,8.133712875853986,3.030022057121432,0.0
20.94163,32.23156,38.24105,1393.77134,-2.0659,67.75192,8.171705003113988,3.044175124158813,0.0
20.94869,32.25004,38.16463,1389.72669,-2.12937,67.76317,8.212136755864416,3.059237015881787,0.0
20.95573,32.26847,38.08617,1385.67463,-2.19057,67.77441,8.254910296006083,3.0751712850241324,0.0
20.96274,32.28685,38.00577,1381.61329,-2.24937,67.78564,8.299921046640765,3.0919389739396785,0.0
20.96973,32.30518,37.92353,1377.54081,-2.30559,67.79686,8.347057552607453,3.1094985626483838,0.0
20.97669,32.32346,37.83955,1373.45538,-2.35911,67.80807,8.396201366374843,3.1278059263282976,0.0
20.98363,32.34168,37.75396,1369.35519,-2.40979,67.81926,8.447226964942955,3.1468143043592183,0.0
20.99054,32.35985,37.66686,1365.23851,-2.45749,67.83045,8.50000170352736,3.166474283068853,0.0
20.99743,32.37796,37.57838,1361.10361,-2.50209,67.84162,8.554385811778927,3.1867337943245686,0.0
21.0043,32.39603,37.48864,1356.94885,-2.54349,67.85278,8.610232438225452,3.2075381320890766,0.0
21.01114,32.41404,37.39777,1352.77261,-2.58158,67.86393,8.667387748440152,3.228829988990772,0.0
21.01796,32.432,37.30589,1348.57336,-2.61625,67.87506,8.725691082210812,3.2505495148733803,0.0
21.02475,32.4499,37.21314,1344.34963,-2.64742,67.88618,8.78497517455556,3.272634399130147,0.0
21.03152,32.46775,37.11965,1340.10001,-2.67503,67.89729,8.845066444986841,3.2950199784622813,0.0
21.03826,32.48554,37.02556,1335.8232,-2.69899,67.90838,8.905785358781872,3.3176393714617025,0.0
21.04498,32.50328,36.93099,1331.51797,-2.71926,67.91946,8.96694686330756,3.340423641153558,0.0
21.05167,32.52096,36.83609,1327.18317,-2.73579,67.93052,9.0283609015591,3.363301986302854,0.0
21.05834,32.53859,36.74099,1322.81777,-2.74855,67.94157,9.089833004120838,3.386201961935463,0.0
21.06498,32.55616,36.64584,1318.42083,-2.75752,67.9526,9.15116495965663,3.409049729113417,0.0
21.0716,32.57368,36.55075,1313.99151,-2.7627,67.96362,9.212155562845455,3.431770333560607,0.0
21.07819,32.59114,36.45588,1309.52912,-2.76409,67.97461,9.272601437424875,3.4542880122681185,0.0
21.08476,32.60854,36.36135,1305.03304,-2.76171,67.98559,9.332297930627869,3.4765265266955008,0.0
21.0913,32.62588,36.26728,1300.5028,-2.75559,67.99655,9.391040073958523,3.498409520684982,0.0
21.09781,32.64317,36.17382,1295.93805,-2.74578,68.0075,9.448623603855124,3.5198609006853236,0.0
21.1043,32.6604,36.08108,1291.33856,-2.73234,68.01842,9.504846034375607,3.5408052353553803,0.0
21.11077,32.67756,35.98919,1286.70424,-2.71535,68.02932,9.559507772771227,3.561168171144646,0.0
21.1172,32.69467,35.89825,1282.03511,-2.69488,68.04021,9.612413267533212,3.5808768599708296,0.0
21.12361,32.71172,35.80839,1277.33135,-2.67105,68.05107,9.663372177385495,3.5998603947004186,0.0
21.13,32.72871,35.71971,1272.59325,-2.64396,68.06192,9.712200548756618,3.6180502477879353,0.0
21.13636,32.74564,35.63231,1267.82124,-2.61374,68.07274,9.7587219884235,3.6353807081165943,0.0
21.14269,32.76251,35.54629,1263.01589,-2.58054,68.08354,9.802768817523221,3.6517893108980632,0.0
21.14899,32.77931,35.46174,1258.17786,-2.5445,68.09432,9.844183192769353,3.6672172553550424,0.0
21.15527,32.79605,35.37875,1253.30799,-2.50579,68.10508,9.882818180652365,3.681609804889175,0.0
21.16152,32.81274,35.29738,1248.4072,-2.46458,68.11581,9.918538770610969,3.694916664514042,0.0
21.16774,32.82935,35.21772,1243.47654,-2.42106,68.12652,9.95122281368435,3.7070923305278067,0.0
21.17394,32.84591,35.13982,1238.51718,-2.37543,68.13721,9.980761873906184,3.7180964076798904,0.0
21.18011,32.8624,35.06374,1233.53039,-2.32788,68.14788,10.00706198072331,3.727893889466728,0.0
21.18625,32.87883,34.98952,1228.51754,-2.27864,68.15852,10.030044272081467,3.7364553976981196,0.0
21.19236,32.89519,34.91721,1223.4801,-2.22793,68.16913,10.049645519261578,3.7437573780125635,0.0
21.19845,32.91149,34.84684,1218.41962,-2.17596,68.17972,10.065818526315782,3.749782248677681,0.0
21.2045,32.92772,34.77844,1213.33774,-2.12297,68.19029,10.078532398800457,3.7545185007003394,0.0
21.21053,32.94389,34.71201,1208.23618,-2.0692,68.20083,10.087772678459308,3.757960747999653,0.0
21.21654,32.95999,34.64756,1203.11669,-2.01489,68.21135,10.09354134258825,3.7601097271703714,0.0
21.22251,32.97602,34.5851,1197.9811,-1.96028,68.22184,10.095856668838486,3.760972247118486,0.0
21.22846,32.99199,34.52462,1192.8313,-1.90561,68.2323,10.094752968223617,3.760561089599335,0.0
21.23437,33.0079,34.4661,1187.66919,-1.85112,68.24274,10.090280191066498,3.758894862422459,0.0
21.24026,33.02373,34.40952,1182.49671,-1.79706,68.25316,10.082503412402502,3.755997807750759,0.0
21.24612,33.0395,34.35484,1177.31583,-1.74367,68.26355,10.07150220502632,3.7518995685439434,0.0
21.25196,33.05521,34.30203,1172.12852,-1.69118,68.27391,10.057369909780611,3.74663491672185,0.0
21.25776,33.07084,34.25105,1166.93676,-1.63983,68.28425,10.040212813964786,3.740243447100095,0.0
21.26354,33.08641,34.20183,1161.74252,-1.58983,68.29456,10.020149249653418,3.732769241489963,0.0
21.26929,33.10191,34.15433,1156.54777,-1.54142,68.30485,9.997308624487644,3.7242605076426947,0.0
21.27501,33.11734,34.10848,1151.35445,-1.49481,68.31511,9.971830397904116,3.714769197867843,0.0
21.2807,33.13271,34.0642,1146.16446,-1.4502,68.32534,9.94386301601599,3.704350612248412,0.0
21.28637,33.14801,34.02143,1140.97971,-1.40779,68.33556,9.913562818272323,3.693062991342711,0.0
21.292,33.16324,33.98008,1135.80202,-1.36777,68.34574,9.881092928735832,3.6809671031561564,0.0
21.29761,33.17841,33.94007,1130.63319,-1.33031,68.3559,9.846622144332512,3.668125828984996,0.0
21.30319,33.1935,33.9013,1125.47496,-1.29559,68.36604,9.81032383170845,3.6546037524664485,0.0
21.30874,33.20853,33.86369,1120.32903,-1.26376,68.37615,9.772374843526912,3.640466755870852,0.0
21.31427,33.2235,33.82714,1115.19701,-1.23496,68.38624,9.73295446398713,3.6257816272796743,0.0
21.31976,33.2384,33.79155,1110.08046,-1.20933,68.3963,9.692243392343588,3.6106156819196924,0.0
21.32523,33.25323,33.75682,1104.98089,-1.18698,68.40634,9.650422771989769,3.595036400471148,0.0
21.33068,33.26799,33.72285,1099.8997,-1.16803,68.41636,9.607673271510073,3.579111086735409,0.0
21.33609,33.28269,33.68953,1094.83824,-1.15257,68.42635,9.56417422291481,3.562906546604822,0.0
21.34148,33.29732,33.65675,1089.79778,-1.14069,68.43632,9.520102821062796,3.5464887898265762,0.0
21.34684,33.31188,33.62441,1084.77951,-1.13244,68.44627,9.475633387129191,3.529922755625082,0.0
21.35217,33.32638,33.59239,1079.78454,-1.12789,68.4562,9.43093669790107,3.513272062846934,0.0
21.35748,33.34082,33.56061,1074.81388,-1.12708,68.4661,9.38617938164674,3.496598784906331,0.0
21.36276,33.35519,33.52893,1069.86849,-1.13004,68.47599,9.341523380345922,3.4799632494516675,0.0
21.36801,33.3695,33.49727,1064.94922,-1.13679,68.48585,9.297125477268704,3.463423862376268,0.0
21.37324,33.38374,33.46552,1060.05686,-1.14733,68.49569,9.25313688809782,3.4470369555006752,0.0
21.37844,33.39792,33.43356,1055.1921,-1.16167,68.50551,9.209702913177031,3.430856657026021,0.0
21.38361,33.41203,33.4013,1050.35555,-1.17976,68.51532,9.166962647896174,3.4149347836448416,0.0
21.38876,33.42608,33.36865,1045.54774,-1.2016,68.5251,9.125048747814274,3.3993207530432503,0.0
21.39388,33.44007,33.3355,1040.76912,-1.22713,68.53486,9.084087244755006,3.3840615153916636,0.0
21.39898,33.45399,33.30175,1036.02005,-1.2563,68.54461,9.044197409863877,3.369201502329994,0.0
21.40405,33.46786,33.26732,1031.30083,-1.28905,68.55434,9.00549165944718,3.3547825918901895,0.0
21.4091,33.48166,33.23212,1026.61166,-1.32531,68.56405,8.968075499344495,3.340844087773517,0.0
21.41412,33.4954,33.19606,1021.95268,-1.36498,68.57374,8.932047503528965,3.327422711378611,0.0
21.41911,33.50908,33.15906,1017.32394,-1.40798,68.58341,8.89749932271788,3.314552605009136,0.0
21.42409,33.5227,33.12104,1012.72543,-1.4542,68.59307,8.864515718850527,3.302265344717698,0.0
21.42903,33.53625,33.08194,1008.15705,-1.50353,68.60271,8.83317462146699,3.2905899613084286,0.0
21.43395,33.54975,33.04166,1003.61864,-1.55585,68.61234,8.803547202147374,3.2795529680675535,0.0
21.43885,33.56319,33.00017,999.10998,-1.61103,68.62195,8.775697963476851,3.2691783939052135,0.0
