0.04613,0.04613,51.8306,4871.87029,-0.33642,45.00009,14.765241633022699,5.500441005189669,0.0
0.09219,0.09219,51.79819,4863.67696,-0.17211,45.0002,14.782868853457444,5.507007608601694,0.0
0.13817,0.13817,51.78675,4855.4445,-0.00783,45.00033,14.756618160132383,5.497228534640799,0.0
0.18407,0.18407,51.79614,4847.19736,0.15564,45.00048,14.68712627529003,5.471340979095489,0.0
0.2299,0.2299,51.82616,4838.95971,0.31755,45.00066,14.575602546729284,5.42979545584071,0.0
0.27564,0.27565,51.87648,4830.75506,0.47715,45.00085,14.423789528333177,5.3732411120472445,0.0
0.32131,0.32131,51.9467,4822.606,0.63375,45.00107,14.233909443452193,5.302505784383361,0.0
0.36689,0.3669,52.03633,4814.53392,0.78669,45.00131,14.008599252861995,5.21857181012061,0.0
0.4124,0.41241,52.1448,4806.55881,0.93533,45.00157,13.750837452395858,5.122548757325828,0.0
0.45783,0.45785,52.27149,4798.69908,1.07913,45.00185,13.463865908866003,5.015644306685217,0.0
0.50318,0.50321,52.41569,4790.9714,1.21756,45.00216,13.151110012260029,4.8991345060965905,0.0
0.54846,0.54849,52.57664,4783.3906,1.35019,45.00249,12.81610020055748,4.774334536598744,0.0
0.59366,0.5937,52.75355,4775.96965,1.47663,45.00285,12.462397538389467,4.642570988464015,0.0
0.63882,0.63881,52.94489,4768.72078,1.58574,44.93488,12.094681340044366,4.5055870293849924,-17.999999692953104
0.68396,0.68379,53.14916,4761.65347,1.68841,44.8689,11.717347305119521,4.365020173119507,-17.999999692953104
0.72907,0.72866,53.3655,4754.77391,1.7845,44.80498,11.333364214486988,4.22197636865572,-17.999999692953104
0.77417,0.77341,53.59307,4748.08671,1.87389,44.74315,10.945515173954771,4.077492396135039,-17.999999692953104
0.81925,0.81804,53.831,4741.59501,1.95653,44.68344,10.556369385941428,3.9325253510581577,-17.999999692953104
0.86432,0.86257,54.07843,4735.30059,2.03239,44.62585,10.168265658609222,3.7879465010032676,-17.999999692953104
0.90936,0.90699,54.33452,4729.20397,2.10151,44.57039,9.783303090544546,3.6445378154244055,-17.999999692953104
0.95438,0.9513,54.59841,4723.30458,2.16393,44.51704,9.403338119600178,3.5029908662675537,-17.999999692953104
0.99939,0.99552,54.86929,4717.60085,2.21975,44.46578,9.029987033144824,3.3639077631046335,-17.999999692953104
1.04437,1.03965,55.14632,4712.09034,2.26908,44.41657,8.664633002691051,3.2278037737175094,-17.999999692953104
1.08934,1.08368,55.42871,4706.76987,2.31206,44.36937,8.308436718592722,3.0951112858025964,-17.999999692953104
1.13429,1.12763,55.7157,4701.63564,2.34883,44.32414,7.962349749429224,2.9661847836929915,-17.999999692953104
1.17923,1.17149,56.00654,4696.68332,2.37959,44.28082,7.627129825384062,2.8413065418191326,-17.999999692953104
1.22414,1.21527,56.30048,4691.90817,2.40451,44.23937,7.30335733620818,2.7206927706342197,-17.999999692953104
1.26904,1.25897,56.59684,4687.30513,2.42379,44.1997,6.991452433772859,2.6044999877651662,-17.999999692953104
1.31393,1.3026,56.89495,4682.86886,2.43764,44.16178,6.6916922306720865,2.4928314249445025,-17.999999692953104
1.3588,1.34616,57.19415,4678.5939,2.44625,44.12552,6.40422768443796,2.385743317824868,-17.999999692953104
1.40365,1.38965,57.49382,4674.47464,2.44984,44.09087,6.129099848408097,2.2832509598547013,-17.999999692953104
1.44848,1.43307,57.79338,4670.50545,2.44862,44.05776,5.866255252645882,2.185334432075737,-17.999999692953104
1.49331,1.47644,58.09226,4666.68067,2.44281,44.02613,5.6155602504145286,2.091943947562064,-17.999999692953104
1.53811,1.51974,58.38992,4662.99471,2.4326,43.99591,5.3768142270753145,2.0030047720822686,-17.999999692953104
1.58291,1.56298,58.68585,4659.44204,2.4182,43.96704,5.149761619114414,1.918421701503171,-17.999999692953104
1.62769,1.60617,58.97955,4656.01724,2.39982,43.93945,4.934102731926339,1.8380830916987867,-17.999999692953104
1.67245,1.64931,59.27057,4652.71502,2.37764,43.91309,4.729503376971498,1.7618644486450883,-17.999999692953104
1.71721,1.69239,59.55847,4649.53021,2.35187,43.88789,4.535603372897699,1.6896315953114425,-17.999999692953104
1.76195,1.73543,59.84284,4646.45784,2.32267,43.8638,4.352023972472834,1.6212434383884495,-17.999999692953104
1.80667,1.77842,60.12327,4643.49309,2.29023,43.84077,4.178374288638624,1.5565543621620437,-17.999999692953104
1.85139,1.82137,60.3994,4640.6313,2.25473,43.81873,4.014256799847473,1.4954162793963233,-17.999999692953104
1.89609,1.86428,60.67087,4637.86802,2.21631,43.79764,3.859272017918263,1.4376803702326557,-17.999999692953104
1.94079,1.90714,60.93736,4635.19896,2.17515,43.77745,3.7130224018451874,1.383198540186444,-17.999999692953104
1.98547,1.94997,61.19855,4632.62002,2.13139,43.75811,3.575115599019352,1.3318246275874566,-17.999999692953104
2.03014,1.99275,61.45414,4630.12729,2.08517,43.73957,3.445167091734092,1.283415389472692,-17.999999692953104
2.0748,2.0355,61.70386,4627.71702,2.03664,43.7218,3.322802322234912,1.2378312932233926,-17.999999692953104
2.11945,2.07822,61.94745,4625.38565,1.98592,43.70476,3.2076583642420884,1.194937139251196,-17.999999692953104
2.16409,2.12091,62.18465,4623.12975,1.93315,43.68839,3.099385203207425,1.1546025379274623,-17.999999692953104
2.20872,2.16356,62.41523,4620.9461,1.87843,43.67267,2.997646681794725,1.1167022617996263,-17.999999692953104
2.25334,2.20618,62.63899,4618.83161,1.82188,43.65756,2.902121161362001,1.0811164920107252,-17.999999692953104
2.29795,2.24877,62.8557,4616.78333,1.76362,43.64303,2.8125019447179205,1.0477309757872997,-17.999999692953104
2.34256,2.29133,63.06518,4614.79846,1.70374,43.62904,2.7284975002224288,1.0164371099227703,-17.999999692953104
2.38715,2.33387,63.26726,4612.87433,1.64234,43.61557,2.6498315224610853,0.987131963380224,-17.999999692953104
2.43174,2.37638,63.46175,4611.00841,1.57951,43.60257,2.5762428602407828,0.9597182504689279,-17.999999692953104
2.47632,2.41886,63.6485,4609.19827,1.51535,43.59004,2.5074853386109766,0.9341042645425506,-17.999999692953104
2.52088,2.46132,63.82737,4607.44161,1.44994,43.57793,2.4433274979466386,0.9102037808007005,-17.999999692953104
2.56545,2.50376,63.99821,4605.7362,1.38335,43.56623,2.3835522698538423,0.8879359355552261,-17.999999692953104
2.61,2.54617,64.1609,4604.07996,1.31568,43.55491,2.327956606752116,0.8672250882398986,-17.999999692953104
2.65455,2.58856,64.31531,4602.47085,1.24698,43.54395,2.27635107943706,0.8480006714918975,-17.999999692953104
2.69909,2.63093,64.46134,4600.90695,1.17733,43.53332,2.2285594546632677,0.830197033790332,-17.999999692953104
2.74362,2.67328,64.59888,4599.3864,1.1068,43.523,2.184418262866717,0.8137532784214614,-17.999999692953104
2.78814,2.71561,64.72784,4597.90741,1.03546,43.51298,2.1437763644193057,0.7986131018970946,-17.999999692953104
2.83266,2.75792,64.84812,4596.46827,0.96335,43.50323,2.106494521386212,0.7847246344229397,-17.999999692953104
2.87717,2.80021,64.95965,4595.06731,0.89055,43.49374,2.0724449804911798,0.7720402845422004,-17.999999692953104
2.92168,2.84248,65.06235,4593.70292,0.81712,43.48449,2.041511071954502,0.7605165896921693,-17.999999692953104
2.96618,2.88474,65.15616,4592.37356,0.7431,43.47546,2.0135868279498745,0.7501140740693666,-17.999999692953104
3.01067,2.92697,65.24101,4591.0777,0.66855,43.46663,1.9885766237017197,0.7407971149288505,-17.999999692953104
3.05516,2.96919,65.31685,4589.81387,0.59352,43.45798,1.9663948435916276,0.7325338182000807,-17.999999692953104
3.09964,3.0114,65.38363,4588.58061,0.51807,43.44951,1.946965574134612,0.725295904112496,-17.999999692953104
3.14412,3.05359,65.4413,4587.37652,0.44224,43.44119,1.930222325250497,0.7190586033617715,-17.999999692953104
3.18859,3.09576,65.48984,4586.20019,0.36608,43.43302,1.916107780908513,0.7138005642183698,-17.999999692953104
3.23306,3.13792,65.5292,4585.05024,0.28964,43.42497,1.9045735799278138,0.7095037708699667,-17.999999692953104
3.27752,3.18006,65.55937,4583.92531,0.21296,43.41703,1.8955801274951685,0.7061534732068313,-17.999999692953104
3.32197,3.22219,65.58031,4582.82405,0.13609,43.40918,1.8890964377713393,0.7037381281885612,-17.999999692953104
3.36642,3.26431,65.59202,4581.74509,0.05908,43.40142,1.885100007802992,0.7022493528729508,-17.999999692953104
3.41087,3.30641,65.59448,4580.68708,-0.01802,43.39372,1.8835767228429992,0.7016818891453142,-17.999999692953104
3.45531,3.34849,65.58769,4579.64867,-0.09519,43.38608,1.8845207930734822,0.7020335801461516,-17.999999692953104
3.49975,3.39057,65.57166,4578.62847,-0.17236,43.37847,1.8879347216434905,0.7033053583643466,-17.999999692953104
3.54418,3.43263,65.54638,4577.62512,-0.2495,43.37089,1.8938293038425607,0.705501245329292,-17.999999692953104
3.58861,3.47468,65.51186,4576.63719,-0.32656,43.36332,1.902223657169634,0.7086283628123557,-17.999999692953104
3.63304,3.51671,65.46813,4575.66326,-0.40349,43.35574,1.9131452819442631,0.7126969554061479,-17.999999692953104
3.67746,3.55873,65.4152,4574.70187,-0.48025,43.34815,1.9266301520371745,0.7177204243240431,-17.999999692953104
3.72187,3.60074,65.3531,4573.75154,-0.5568,43.34052,1.9427228351535044,0.7237153722088522,-17.999999692953104
3.76629,3.64274,65.28187,4572.81072,-0.63308,43.33284,1.9614766419802394,0.730701658694166,-17.999999692953104
3.8107,3.68472,65.20154,4571.87784,-0.70904,43.32509,1.982953803318443,0.7387024663907716,-17.999999692953104
3.8551,3.72669,65.11216,4570.95128,-0.78464,43.31726,2.007225674112402,0.7477443768928774,-17.999999692953104
3.89951,3.76865,65.01377,4570.02936,-0.85983,43.30934,2.0343729630144374,0.7578574562970455,-17.999999692953104
3.94391,3.8106,64.90644,4569.11033,-0.93455,43.30129,2.0644859858010642,0.7690753496063787,-17.999999692953104
3.9883,3.85253,64.79023,4568.19238,-1.00875,43.29312,2.097664940554781,0.781435383242978,-17.999999692953104
4.0327,3.89445,64.6652,4567.27365,-1.08238,43.28479,2.134020202051965,0.794978674715179,-17.999999692953104
4.07709,3.93636,64.53143,4566.35216,-1.15537,43.27629,2.1736726322180355,0.8097502482702692,-17.999999692953104
4.12147,3.97825,64.389,4565.42588,-1.22766,43.2676,2.2167539028317553,0.8257991551103305,-17.999999692953104
4.16586,4.02014,64.23801,4564.49267,-1.29921,43.2587,2.2634068258516145,0.8431785964475095,-17.999999692953104
4.21024,4.062,64.07856,4563.55029,-1.36992,43.24957,2.3137856857956978,0.8619460473242625,-17.999999692953104
4.25462,4.10386,63.91074,4562.5964,-1.43975,43.24018,2.3680565674947798,0.8821633787100083,-17.999999692953104
4.299,4.1457,63.73468,4561.62855,-1.50862,43.23051,2.4263976712608497,0.9038969749096947,-17.999999692953104
4.34337,4.18753,63.5505,4560.64416,-1.57646,43.22054,2.488999606035944,0.9272178427694537,-17.999999692953104
4.38774,4.22934,63.35832,4559.64053,-1.64319,43.21023,2.5560656493961615,0.9522017085349378,-17.999999692953104
4.43211,4.27113,63.1583,4558.61481,-1.70872,43.19958,2.627811961355395,0.9789290974988331,-17.999999692953104
4.47648,4.31292,62.95058,4557.56402,-1.77297,43.18853,2.7044677367443763,1.0074853907660664,-17.999999692953104
4.52085,4.35468,62.73533,4556.48502,-1.83586,43.17707,2.7862752784828375,1.0379608525496118,-17.999999692953104
4.56521,4.39643,62.51273,4555.3745,-1.89728,43.16517,2.873489971363646,1.0704506204043907,-17.999999692953104
4.60957,4.43816,62.28294,4554.22899,-1.95715,43.15278,2.966380132948922,1.1050546496821527,-17.999999692953104
4.65393,4.47987,62.04618,4553.04484,-2.01535,43.13988,3.065226714899405,1.141877602268806,-17.999999692953104
4.69828,4.52157,61.80266,4551.8182,-2.07179,43.12643,3.170322824527647,1.1810286683503946,-17.999999692953104
4.74264,4.56324,61.55259,4550.54505,-2.12634,43.11239,3.281973032564104,1.2226213085377509,-17.999999692953104
4.78699,4.6049,61.29622,4549.22115,-2.17888,43.09772,3.400492429193352,1.266772902215151,-17.999999692953104
4.83134,4.64653,61.0338,4547.84204,-2.2293,43.08238,3.526205386306971,1.313604286446947,-17.999999692953104
4.87569,4.68815,60.7656,4546.40307,-2.27745,43.06632,3.6594439798797334,1.3632391682711869,-17.999999692953104
4.92003,4.72974,60.4919,4544.89935,-2.32321,43.04951,3.800546022396457,1.4158033917268456,-17.999999692953104
4.96438,4.7713,60.213,4543.32578,-2.36643,43.03188,3.9498526516311907,1.471424039610632,-17.999999692953104
5.00872,4.81284,59.92922,4541.67702,-2.40696,43.01339,4.107705419009625,1.530228348815375,-17.999999692953104
5.05306,4.85435,59.6409,4539.9475,-2.44465,42.99398,4.274442818528759,1.592342417261269,-17.999999692953104
5.0974,4.89584,59.3484,4538.13143,-2.47933,42.97361,4.450396196153259,1.6578896800383895,-17.999999692953104
5.14173,4.9373,59.05209,4536.22279,-2.51084,42.95221,4.635884980174022,1.7269891325897604,-17.999999692953104
5.18607,4.97872,58.75236,4534.21536,-2.53901,42.92973,4.831211175694955,1.799753279762819,-17.999999692953104
5.2304,5.02011,58.44964,4532.10268,-2.56365,42.9061,5.0366530717288684,1.8762857915370614,-17.999999692953104
5.27473,5.06147,58.14436,4529.87813,-2.58458,42.88127,5.252458118018465,1.9566788494524403,-17.999999692953104
5.31905,5.10279,57.83698,4527.5349,-2.60161,42.85516,5.47883494126897,2.0410101724459495,-17.999999692953104
5.36338,5.14407,57.528,4525.06603,-2.61455,42.82772,5.7159444876950305,2.129339717217296,-17.999999692953104
5.4077,5.18531,57.2179,4522.46442,-2.62321,42.79887,5.963890301309102,2.2217060566355262,-17.999999692953104
5.45201,5.22651,56.90723,4519.72292,-2.62739,42.76854,6.222707975834205,2.3181224502989917,-17.999999692953104
5.49633,5.26767,56.59653,4516.83429,-2.62689,42.73668,6.492353852938754,2.4185726343304577,-17.999999692953104
5.54064,5.30878,56.28638,4513.79132,-2.62152,42.70322,6.772693081039335,2.5230063729669436,-17.999999692953104
5.58494,5.34983,55.97737,4510.58683,-2.61109,42.66807,7.063487196974991,2.6313348324066506,-17.999999692953104
5.62925,5.39084,55.67013,4507.21378,-2.5954,42.63119,7.364381447148564,2.7434258576005064,-17.999999692953104
5.67354,5.43179,55.36529,4503.66529,-2.57427,42.59251,7.674892124131366,2.8590992548042173,-17.999999692953104
5.71784,5.47268,55.06352,4499.93477,-2.54753,42.55196,7.994394257622122,2.9781222061366,-17.999999692953104
5.76213,5.51351,54.76548,4496.01597,-2.51502,42.50949,8.322110062641226,3.100204966227998,-17.999999692953104
5.80641,5.55428,54.47188,4491.90306,-2.4766,42.46504,8.657098609697181,3.224997014085482,-17.999999692953104
5.85069,5.59498,54.18341,4487.59078,-2.43213,42.41858,8.998247237364698,3.352083854052249,-17.999999692953104
5.89496,5.63561,53.90081,4483.07449,-2.3815,42.37006,9.344265272319571,3.4809846763553707,-17.999999692953104
5.93922,5.67617,53.6248,4478.35031,-2.32464,42.31944,9.693680650039193,3.611151098227832,-17.999999692953104
5.98348,5.71665,53.35611,4473.41519,-2.26148,42.26671,10.04484003521117,3.741967208763892,-17.999999692953104
6.02772,5.75705,53.09548,4468.26707,-2.19199,42.21185,10.395913018511429,3.872751132329367,-17.999999692953104
6.07196,5.79736,52.84365,4462.90496,-2.1162,42.15485,10.744900910739284,4.0027583046083235,-17.999999692953104
6.11619,5.83759,52.60133,4457.329,-2.03414,42.09574,11.089650561993034,4.131186620609594,-17.999999692953104
6.16041,5.87772,52.36925,4451.54063,-1.94589,42.03452,11.427873500548772,4.257183564402711,-17.999999692953104
6.20462,5.91776,52.14809,4445.54261,-1.85159,41.97124,11.757170513545459,4.379855366069843,-17.999999692953104
6.24881,5.95771,51.93855,4439.33909,-1.75141,41.90594,12.075061582817469,4.498278153591093,-17.999999692953104
6.29299,5.99755,51.74127,4432.93568,-1.64555,41.83869,12.379020851280549,4.611510978743274,-17.999999692953104
6.33716,6.03729,51.55686,4426.33948,-1.5343,41.76958,12.666516038526591,4.7186105004460615,-17.999999692953104
6.38131,6.07692,51.3859,4419.55906,-1.41796,41.6987,12.935051462997302,4.818647011653656,-17.999999692953104
6.42545,6.11644,51.22894,4412.60442,-1.29688,41.62616,13.182213578564594,4.910721402929124,-17.999999692953104
6.46957,6.15584,51.08644,4405.48702,-1.17147,41.55208,13.405717714376099,4.99398257426665,-17.999999692953104
6.51367,6.19513,50.95886,4398.21963,-1.04218,41.47662,13.6034545363331,5.067644743214543,-17.999999692953104
6.55775,6.2343,50.84657,4390.81625,-0.90948,41.39991,13.773534643850786,5.131004058341838,-17.999999692953104
6.60182,6.27335,50.74988,4383.292,-0.77389,41.32212,13.91432968946797,5.183453917374845,-17.999999692953104
6.64586,6.31228,50.66903,4375.66298,-0.63597,41.24344,14.02450846996483,5.224498412088113,-17.999999692953104
6.68988,6.35109,50.60422,4367.94606,-0.49628,41.16404,14.103066587459844,5.253763377843477,-17.999999692953104
6.73387,6.38976,50.55556,4360.15874,-0.35541,41.08411,14.149348512240076,5.271004612574843,-17.999999692953104
6.77784,6.42831,50.52309,4352.31892,-0.21397,41.00384,14.16306118347011,5.2761129434101255,-17.999999692953104
6.82179,6.46674,50.50678,4344.44474,-0.07256,40.92344,14.144278640973411,5.269115952131669,-17.999999692953104
6.86571,6.50503,50.50654,4336.55433,0.0682,40.84309,14.0934375677671,5.250176314653173,-17.999999692953104
6.9096,6.5432,50.5222,4328.66564,0.20773,40.76299,14.011324013578223,5.219586855180175,-17.999999692953104
6.95347,6.58124,50.55353,4320.79623,0.34543,40.68334,13.89905193840071,5.177762553120465,-17.999999692953104
6.99731,6.61915,50.60024,4312.96312,0.48075,40.6043,13.758034539055366,5.125229861473243,-17.999999692953104
7.04111,6.65694,50.66196,4305.18257,0.61315,40.52607,13.58994958158514,5.062613792234182,-17.999999692953104
7.08489,6.69459,50.7383,4297.47,0.74212,40.4488,13.396700145180525,4.9906232924747735,-17.999999692953104
7.12864,6.73213,50.82878,4289.83983,0.86719,40.37264,13.180372282621963,4.910035471743082,-17.999999692953104
7.17236,6.76954,50.9329,4282.30537,0.98794,40.29775,12.943191118330887,4.821679247432638,-17.999999692953104
7.21605,6.80683,51.0501,4274.87879,1.10396,40.22425,12.687476844165008,4.726418952058361,-17.999999692953104
7.2597,6.84401,51.17979,4267.57102,1.21493,40.15225,12.415601946641459,4.625138399271759,-17.999999692953104
7.30333,6.88107,51.32134,4260.39175,1.32052,40.08186,12.129950821619852,4.5187258392677725,-17.999999692953104
7.34693,6.91801,51.47411,4253.34942,1.42049,40.01317,11.832882720273462,4.408060155184076,-17.999999692953104
7.39049,6.95484,51.63743,4246.4512,1.51463,39.94624,11.526698739869577,4.29399856629825,-17.999999692953104
7.43402,6.99156,51.81061,4239.70307,1.60275,39.88114,11.213613339746958,4.1773660169799145,-17.999999692953104
7.47752,7.02818,51.99294,4233.10985,1.68473,39.81791,10.89573064030784,4.058946347441641,-17.999999692953104
7.521,7.0647,52.18373,4226.67521,1.76049,39.75659,10.575025561046216,3.9394752671582007,-17.999999692953104
7.56444,7.10111,52.38226,4220.4018,1.82996,39.6972,10.25332967993659,3.819635087116816,-17.999999692953104
7.60785,7.13743,52.58781,4214.2913,1.89313,39.63974,9.932321555094155,3.7000511143809143,-17.999999692953104
7.65123,7.17365,52.79968,4208.34448,1.95002,39.58423,9.613521142104755,3.581289572398664,-17.999999692953104
7.69458,7.20979,53.01718,4202.56131,2.00066,39.53065,9.29828786571564,3.463856882657032,-17.999999692953104
7.73791,7.24583,53.2396,4196.94103,2.04511,39.47899,8.987821860491223,3.3482001268587047,-17.999999692953104
7.7812,7.28179,53.46628,4191.48223,2.08348,39.42921,8.683167877369078,3.2347085022169777,-17.999999692953104
7.82447,7.31767,53.69653,4186.18293,2.11587,39.38129,8.38522135778083,3.1237155842256152,-17.999999692953104
7.86771,7.35347,53.92973,4181.04066,2.14241,39.33519,8.094736199060566,3.015502219477796,-17.999999692953104
7.91092,7.3892,54.16523,4176.05253,2.16324,39.29087,7.812333769957233,2.9102998841816987,-17.999999692953104
7.95411,7.42485,54.40243,4171.21532,2.17851,39.24829,7.53851277877258,2.808294360301531,-17.999999692953104
7.99727,7.46043,54.64072,4166.52549,2.18839,39.20738,7.273659645419348,2.7096295994221076,-17.999999692953104
8.04041,7.49595,54.87954,4161.97929,2.19304,39.16812,7.018059079310274,2.61441166329083,-17.999999692953104
8.08353,7.53139,55.11833,4157.57279,2.19265,39.13043,6.771904615138254,2.5227126486730045,-17.999999692953104
8.12661,7.56678,55.35657,4153.30192,2.18739,39.09427,6.535308906387508,2.434574521955596,-17.999999692953104
8.16968,7.60211,55.59373,4149.16255,2.17744,39.05958,6.308313620451985,2.3500128053391847,-17.999999692953104
8.21272,7.63738,55.82934,4145.15046,2.16299,39.0263,6.090898818921869,2.269020071241503,-17.999999692953104
8.25574,7.67259,56.06292,4141.26144,2.14423,38.99437,5.882991741297388,2.191569214461943,-17.999999692953104
8.29874,7.70775,56.29403,4137.49126,2.12133,38.96375,5.684474940149073,2.1176164827427977,-17.999999692953104
8.34172,7.74286,56.52224,4133.83574,2.09448,38.93438,5.495193740608344,2.047104255625782,-17.999999692953104
8.38468,7.77792,56.74714,4130.29075,2.06385,38.90619,5.31496301736881,1.9799635690633246,-17.999999692953104
8.42761,7.81293,56.96835,4126.85221,2.02961,38.87914,5.143573298494606,1.9161163892477768,-17.999999692953104
8.47053,7.8479,57.18549,4123.51614,1.99195,38.85318,4.98079621773789,1.8554776437431417,-17.999999692953104
8.51343,7.88282,57.39822,4120.27863,1.95102,38.82824,4.826389346229763,1.797957021417066,-17.999999692953104
8.55631,7.9177,57.60621,4117.13588,1.90698,38.80429,4.6801004408335,1.7434605550642024,-17.999999692953104
8.59917,7.95254,57.80914,4114.08418,1.86,38.78127,4.541671150554028,1.6918920021412638,-17.999999692953104
8.64201,7.98735,58.00671,4111.11994,1.81023,38.75914,4.410840224650856,1.6431540398734952,-17.999999692953104
8.68484,8.02211,58.19865,4108.23967,1.75781,38.73785,4.287346266846889,1.5971492912699303,-17.999999692953104
8.72764,8.05684,58.38469,4105.43998,1.70289,38.71736,4.170930079603694,1.5537811984276042,-17.999999692953104
8.77044,8.09154,58.56457,4102.71762,1.6456,38.69761,4.061336641140037,1.5129547590229804,-17.999999692953104
8.81321,8.1262,58.73807,4100.06941,1.58608,38.67858,3.958316755931123,1.4745771411663442,-17.999999692953104
8.85596,8.16084,58.90517,4097.4918,1.52848,38.68556,3.8615106179248526,1.4385143076362212,0.0
8.89868,8.19547,59.06588,4094.98146,1.46879,38.69259,3.770580358224871,1.4046403933788536,0.0
8.94137,8.23008,59.22,4092.53566,1.40716,38.69966,3.685322468555812,1.3728795862070429,0.0
8.98404,8.26469,59.36732,4090.15176,1.3437,38.70677,3.6055402420963616,1.343158607654181,0.0
9.02667,8.29928,59.50768,4087.8272,1.27851,38.71393,3.531045007429847,1.315407172653314,0.0
9.06927,8.33387,59.6409,4085.5595,1.21171,38.72113,3.461656722300219,1.2895582107268666,0.0
9.11185,8.36844,59.76682,4083.34624,1.14341,38.72837,3.3972044366470198,1.2655480384793518,0.0
9.1544,8.40301,59.8853,4081.18508,1.07371,38.73566,3.337526644469442,1.2433164906759895,0.0
9.19693,8.43757,59.9962,4079.07373,1.0027,38.74299,3.2824715420629857,1.2228070164426583,0.0
9.23943,8.47212,60.09941,4077.00996,0.93049,38.75037,3.2318972082311985,1.203966746399508,0.0
9.2819,8.50666,60.19479,4074.99159,0.85716,38.7578,3.185671720336391,1.1867465358929057,0.0
9.32435,8.5412,60.28225,4073.01651,0.78282,38.76527,3.143673218367873,1.1711009888625399,0.0
9.36677,8.57573,60.3617,4071.08261,0.70754,38.77279,3.105789927725127,1.1569884663287504,0.0
9.40917,8.61025,60.43304,4069.18787,0.63142,38.78035,3.0719201500142335,1.1443710829639564,0.0
9.45154,8.64477,60.4962,4067.33025,0.55453,38.78796,3.0419722299158605,1.1332146947501114,0.0
9.49389,8.67928,60.55112,4065.50778,0.47697,38.79562,3.0158645050307937,1.1234888802948397,0.0
9.53622,8.71379,60.59772,4063.71848,0.39881,38.80332,2.9935252445952645,1.1151669180012878,0.0
9.57853,8.74829,60.63596,4061.96042,0.32013,38.81107,2.9748925820185796,1.1082257609366148,0.0
9.62081,8.78279,60.66579,4060.23165,0.24102,38.81887,2.959914445354918,1.1026460109309069,0.0
9.66307,8.81728,60.68718,4058.53024,0.16154,38.82671,2.9485484890490112,1.098411893150648,0.0
9.70531,8.85177,60.70011,4056.85427,0.08178,38.8346,2.940762029598446,1.0955112321312337,0.0
9.74753,8.88625,60.70455,4055.2018,0.00182,38.84253,2.9365319871216373,1.0939354300095063,0.0
9.78972,8.92074,60.70049,4053.57089,-0.07828,38.85052,2.93584483421032,1.0936794474699594,0.0
9.83189,8.95521,60.68794,4051.9596,-0.15843,38.85855,2.9386965528845512,1.0947417877093446,0.0
9.87404,8.98969,60.66688,4050.36594,-0.23856,38.86663,2.945092599895575,1.0971244835110765,0.0
9.91617,9.02416,60.63735,4048.78792,-0.3186,38.87475,2.9550478800965485,1.1008330873251257,0.0
9.95828,9.05863,60.59935,4047.2235,-0.39846,38.88292,2.9685867270544803,1.1058766640454583,0.0
10.00037,9.0931,60.55292,4045.67063,-0.47807,38.89114,2.9857428895212097,1.1122677859701167,0.0
10.04244,9.12756,60.4981,4044.1272,-0.55736,38.89941,3.006559521820649,1.1200225292202177,0.0
10.08448,9.16202,60.43492,4042.59105,-0.63623,38.90772,3.031089175610374,1.129160470670925,0.0
10.12651,9.19648,60.36345,4041.05999,-0.71463,38.91608,3.059393789830641,1.1397046842071963,0.0
10.16851,9.23093,60.28374,4039.53175,-0.79245,38.92448,3.0915446749865256,1.1516817348684638,0.0
10.21049,9.26539,60.19587,4038.00401,-0.86962,38.93293,3.1276224871592895,1.165121669167187,0.0
10.25245,9.29984,60.09991,4036.47437,-0.94605,38.94143,3.16771718633251,1.1800579995642386,0.0
10.29439,9.33429,59.99596,4034.94037,-1.02167,38.94997,3.211927972769583,1.1965276807678493,0.0
10.33631,9.36873,59.88411,4033.39946,-1.09637,38.95856,3.2603631941871827,1.2145710751532799,0.0
10.37821,9.40318,59.76447,4031.84901,-1.17007,38.9672,3.313140215462495,1.234231904225338,0.0
10.42008,9.43762,59.63716,4030.2863,-1.24267,38.97588,3.3703852414653546,1.2555571826186869,0.0
10.46193,9.47206,59.5023,4028.7085,-1.31407,38.98461,3.432233082399957,1.2785971306814599,0.0
10.50377,9.50649,59.36004,4027.11269,-1.38419,38.99338,3.4988268497351718,1.3034050612012995,0.0
10.54557,9.54092,59.21051,4025.49583,-1.45291,39.00219,3.5703175694213107,1.33003723531843,0.0
10.58736,9.57535,59.05389,4023.85479,-1.52012,39.01106,3.646863697625214,1.3585526821242304,0.0
10.62913,9.60978,58.89034,4022.1863,-1.58572,39.01996,3.72863052272695,1.389012975889277,0.0
10.67087,9.64421,58.72004,4020.48698,-1.6496,39.02891,3.8157894357648003,1.4214819642848977,0.0
10.71259,9.67863,58.54319,4018.75332,-1.71164,39.0379,3.908517049991045,1.456025440394542,0.0
10.75428,9.71304,58.36,4016.98168,-1.77171,39.04694,4.006994148709107,1.4927107507554298,0.0
10.79595,9.74746,58.17068,4015.16828,-1.8297,39.05601,4.111404439189014,1.5316063311592756,0.0
10.8376,9.78186,57.97548,4013.30922,-1.88547,39.06513,4.221933089235082,1.5727811614852454,0.0
10.87922,9.81627,57.77464,4011.40046,-1.93889,39.07429,4.338765022039839,1.6163041304881771,0.0
10.92081,9.85067,57.56841,4009.4378,-1.98982,39.0835,4.462082944385755,1.6622433012518465,0.0
10.96238,9.88506,57.35708,4007.41695,-2.03813,39.09274,4.592065083141276,1.7106650679741804,0.0
11.00392,9.91945,57.14094,4005.33343,-2.08367,39.10202,4.728882605558427,1.76163319496024,0.0
11.04544,9.95383,56.9203,4003.18268,-2.12629,39.11135,4.872696700201084,1.8152077291911957,0.0
11.08693,9.9882,56.69547,4000.95999,-2.16584,39.12071,5.023655297663388,1.8714437787056522,0.0
11.12839,10.02257,56.4668,3998.66053,-2.20217,39.13011,5.181889413722887,1.9303901503279792,0.0
11.16982,10.05693,56.23464,3996.27938,-2.2351,39.13954,5.347509102474774,1.9920878421043333,0.0
11.21122,10.09128,55.99936,3993.8115,-2.2645,39.14902,5.5205990134892,2.0565683882268604,0.0
11.25259,10.12562,55.76135,3991.25181,-2.29019,39.15853,5.70121355537261,2.123852057333038,0.0
11.29392,10.15996,55.52102,3988.59512,-2.31201,39.16807,5.889371678445493,2.193945908915861,0.0
11.33523,10.19428,55.27878,3985.83623,-2.32979,39.17765,6.085051301813728,2.2668417172612854,0.0
11.37649,10.2286,55.0347,3982.97077,-2.35064,39.23075,6.288520907249058,2.3426394988934676,18.99999967589494
11.41768,10.26295,54.78885,3979.99415,-2.36736,39.28537,6.500048640419997,2.421439145129264,18.99999967589494
11.45882,10.29732,54.54166,3976.90082,-2.37978,39.34159,6.71954695108474,2.503208041200019,18.99999967589494
11.49989,10.3317,54.2936,3973.68527,-2.38774,39.39946,6.946866947338815,2.5878907209537343,18.99999967589494
11.54089,10.36611,54.04517,3970.34204,-2.39108,39.45903,7.181793240276001,2.6754069463556176,18.99999967589494
11.58182,10.40054,53.79684,3966.86575,-2.38963,39.52037,7.424036957373728,2.7656491047903207,18.99999967589494
11.62269,10.43499,53.54915,3963.25121,-2.38326,39.58353,7.673228844850519,2.8584796395085896,18.99999967589494
11.66347,10.46946,53.3026,3959.49338,-2.37181,39.64855,7.9289126276821555,2.953728576058587,18.99999967589494
11.70418,10.50395,53.05775,3955.58748,-2.35515,39.71549,8.190538822893856,3.051191217574436,18.99999967589494
11.74482,10.53847,52.81514,3951.52904,-2.33317,39.7844,8.457459227334258,3.150626091327006,18.99999967589494
11.78537,10.573,52.57533,3947.31395,-2.30575,39.8553,8.728922323929666,3.2517532374327396,18.99999967589494
11.82584,10.60756,52.3389,3942.9385,-2.27279,39.92825,9.00406986863861,3.35425293740443,18.99999967589494
11.86622,10.64214,52.10643,3938.39951,-2.23423,40.00326,9.28193493193577,3.457764984552447,18.99999967589494
11.90651,10.67674,51.87849,3933.69431,-2.19001,40.08036,9.56144167163822,3.561888599356542,18.99999967589494
11.9467,10.71136,51.65566,3928.82089,-2.14009,40.15956,9.841407106175952,3.666183090055766,18.99999967589494
11.98681,10.746,51.43854,3923.77788,-2.08447,40.24086,10.120545136996775,3.770169351100139,18.99999967589494
12.02681,10.78066,51.2277,3918.5647,-2.02317,40.32427,10.397473034163706,3.8733322792063216,18.99999967589494
12.06672,10.81535,51.02371,3913.18156,-1.95623,40.40977,10.670720549346129,3.975124168186597,18.99999967589494
12.10651,10.85005,50.82714,3907.62951,-1.88373,40.49733,10.938741754922097,4.074969119325987,18.99999967589494
12.14621,10.88478,50.63854,3901.91053,-1.80579,40.58693,11.199929627548759,4.172268474145948,18.99999967589494
12.18579,10.91952,50.45845,3896.02753,-1.72254,40.6785,11.45263330099793,4.26640724153958,18.99999967589494
12.22526,10.95429,50.28737,3889.98439,-1.63417,40.77201,11.695177809336837,4.356761452625915,18.99999967589494
12.26461,10.98908,50.12581,3883.786,-1.54089,40.86736,11.925886031631567,4.4427063357293655,18.99999967589494
12.30385,11.02388,49.97421,3877.4382,-1.44295,40.96448,12.143102438616422,4.523625162638863,18.99999967589494
12.34297,11.0587,49.83303,3870.94785,-1.34064,41.06328,12.345218136230082,4.598918577984014,18.99999967589494
12.38196,11.09354,49.70264,3864.32275,-1.23426,41.16365,12.530696607005195,4.668014188580024,18.99999967589494
12.42083,11.1284,49.58342,3857.5716,-1.12418,41.26546,12.698099474908313,4.730376161508478,18.99999967589494
12.45957,11.16327,49.47569,3850.704,-1.01077,41.3686,12.84611156810052,4.78551456065513,18.99999967589494
12.49818,11.19816,49.37973,3843.73031,-0.89444,41.47292,12.973564532661268,4.832994143443333,18.99999967589494
12.53667,11.23307,49.29576,3836.66162,-0.77563,41.57827,13.079458261938088,4.872442343830652,18.99999967589494
12.57501,11.26799,49.22397,3829.50964,-0.65479,41.68451,13.162979452379284,4.903556184844778,18.99999967589494
12.61323,11.30292,49.1645,3822.2866,-0.53239,41.79146,13.223516676891126,4.926107893805679,18.99999967589494
12.65131,11.33787,49.11744,3815.00512,-0.40891,41.89896,13.26067147781043,4.939949034749768,18.99999967589494
12.68925,11.37283,49.08283,3807.67812,-0.28486,42.00685,13.27426511802766,4.945013023400887,18.99999967589494
12.72706,11.4078,49.06064,3800.31869,-0.16074,42.11496,13.264340783929216,4.941315947824271,18.99999967589494
12.76473,11.44278,49.05081,3792.93993,-0.03703,42.22311,13.231161198554261,4.928955679264668,18.99999967589494
12.80226,11.47777,49.05324,3785.5549,0.08576,42.33113,13.175201769003579,4.908109319375833,18.99999967589494
12.83965,11.51277,49.06775,3778.17643,0.20715,42.43885,13.097139549281362,4.879029088588692,18.99999967589494
12.87691,11.54778,49.09414,3770.81706,0.32668,42.54613,12.99783844005425,4.842036812632161,18.99999967589494
12.91403,11.5828,49.13216,3763.4889,0.44388,42.65279,12.878331163295893,4.797517207613977,18.99999967589494
12.95102,11.61782,49.1815,3756.20357,0.55833,42.75869,12.739798637355385,4.745910196691009,18.99999967589494
12.98786,11.65285,49.24184,3748.97209,0.66961,42.8637,12.583547433587887,4.687702512071015,18.99999967589494
13.02458,11.68789,49.31281,3741.80482,0.77736,42.96767,12.410986018445213,4.623418844566277,18.99999967589494
13.06116,11.72293,49.394,3734.7114,0.88121,43.07049,12.223600476506368,4.553612799783717,18.99999967589494
13.09761,11.75797,49.48498,3727.70073,0.98085,43.17205,12.022930372985453,4.4788579062739835,18.99999967589494
13.13393,11.79302,49.58528,3720.78089,1.07598,43.27223,11.810545353811586,4.399738898445543,18.99999967589494
13.17013,11.82807,49.69442,3713.95916,1.16637,43.37097,11.588023002585345,4.316843467698336,18.99999967589494
13.20619,11.86313,49.81191,3707.242,1.25178,43.46818,11.356928382591136,4.230754641285094,18.99999967589494
13.24214,11.89819,49.93721,3700.63507,1.33202,43.56378,11.118795594459112,4.142043912055166,18.99999967589494
13.27796,11.93325,50.0698,3694.14319,1.40695,43.65773,10.875111581471572,4.051265205505041,18.99999967589494
13.31366,11.96831,50.20914,3687.77045,1.47644,43.74999,10.627302319540904,3.958949735181771,18.99999967589494
13.34925,12.00337,50.35467,3681.52014,1.54039,43.84051,10.376721441482587,3.8656017649253416,18.99999967589494
13.38472,12.03844,50.50585,3675.39489,1.59874,43.92928,10.124641268040005,3.771695267689437,18.99999967589494
13.42007,12.0735,50.66211,3669.3966,1.65145,44.01627,9.872246153151389,3.6776714464782767,18.99999967589494
13.45532,12.10857,50.82291,3663.52659,1.69851,44.10149,9.620627998813736,3.583937063515414,18.99999967589494
13.49046,12.14364,50.9877,3657.78555,1.73994,44.18493,9.370783755905375,3.4908635092343796,18.99999967589494
13.52549,12.17871,51.15592,3652.17367,1.77577,44.2666,9.12361470068079,3.3987865327539764,18.99999967589494
13.56042,12.21378,51.32704,3646.69063,1.80605,44.34652,8.879927261310316,3.3080065497860565,18.99999967589494
13.59526,12.24886,51.50053,3641.33568,1.83085,44.42472,8.640435163421548,3.2187894419061496,18.99999967589494
13.62999,12.28393,51.67588,3636.10767,1.85026,44.50122,8.405762666395947,3.131367762159104,18.99999967589494
13.66463,12.319,51.85257,3631.00511,1.86438,44.57604,8.17644867167059,3.0459422655095794,18.99999967589494
13.69917,12.35408,52.03011,3626.0262,1.87333,44.64924,7.952951498656406,2.9626836879972567,18.99999967589494
13.73362,12.38916,52.20801,3621.16886,1.87722,44.72085,7.735654141887508,2.8817347051632867,18.99999967589494
13.76799,12.42424,52.38582,3616.4308,1.8762,44.7909,7.5248698430527075,2.8032120077786358,18.99999967589494
13.80227,12.45932,52.56307,3611.80953,1.87039,44.85946,7.320847832670118,2.7272084407689507,18.99999967589494
13.83646,12.4944,52.73933,3607.30242,1.85995,44.92656,7.123779117419966,2.653795159148305,18.99999967589494
13.87057,12.52948,52.91417,3602.90669,1.84502,44.99226,6.9338022096764265,2.583023762420557,18.99999967589494
13.9046,12.56457,53.08719,3598.61946,1.82575,45.05661,6.751008715208311,2.5149283761448844,18.99999967589494
13.93856,12.59966,53.258,3594.43778,1.80232,45.11966,6.5754487128709584,2.4495276560125525,18.99999967589494
13.97243,12.63475,53.42622,3590.35863,1.77486,45.18145,6.407135876176855,2.3868266957667355,18.99999967589494
14.00623,12.66984,53.59149,3586.37896,1.74353,45.24205,6.246052300815093,2.326818825580529,18.99999967589494
14.03996,12.70494,53.75346,3582.4957,1.70851,45.30151,6.0921530144606155,2.2694872920795572,18.99999967589494
14.07362,12.74004,53.91181,3578.70577,1.66993,45.35988,5.945370155616287,2.2148068150705917,18.99999967589494
14.10721,12.77514,54.06623,3575.00609,1.62797,45.41721,5.805616816883519,2.1627450192609885,18.99999967589494
14.14073,12.81024,54.21641,3571.3936,1.58277,45.47355,5.672790555077181,2.1132637418688436,18.99999967589494
14.17418,12.84535,54.36207,3567.86525,1.53449,45.52895,5.546776576182346,2.0663202191031846,18.99999967589494
14.20757,12.88047,54.50295,3564.41804,1.48327,45.58347,5.42745060742069,2.0218681560842726,18.99999967589494
14.24089,12.91559,54.63879,3561.04897,1.42928,45.63716,5.314681471846166,1.979858685948231,18.99999967589494
14.27415,12.95071,54.76934,3557.75511,1.37264,45.69005,5.208333383095545,1.9402412247020033,18.99999967589494
14.30735,12.98584,54.89439,3554.53356,1.31351,45.74221,5.108267979293941,1.9029642289066737,18.99999967589494
14.34049,13.02097,55.01371,3551.38145,1.25202,45.79368,5.0143461158472595,1.867975863539829,18.99999967589494
14.37357,13.0561,55.12712,3548.29596,1.18832,45.84451,4.926429437049977,1.8352245874608024,18.99999967589494
14.40659,13.09125,55.23441,3545.27433,1.12254,45.89473,4.844381746163401,1.80465966380088,18.99999967589494
14.43956,13.12639,55.33543,3542.31381,1.05481,45.9444,4.768070193084763,1.7762316024012832,18.99999967589494
14.47247,13.16155,55.42999,3539.41172,0.98525,45.99355,4.69736629786693,1.749892541101195,18.99999967589494
14.50532,13.19671,55.51796,3536.56539,0.91401,46.04224,4.632146827380356,1.7255965723174,18.99999967589494
14.53812,13.23187,55.59919,3533.7722,0.84119,46.0905,4.572294541256424,1.703300020927809,18.99999967589494
14.57086,13.26704,55.67356,3531.02958,0.76693,46.13837,4.517698822065861,1.682961679029498,18.99999967589494
14.60355,13.30222,55.74094,3528.33495,0.69134,46.18589,4.468256203434943,1.6645430026758907,18.99999967589494
14.63619,13.33741,55.80124,3525.68578,0.61454,46.23311,4.423870808552108,1.6480082752320093,18.99999967589494
14.66877,13.3726,55.85436,3523.07957,0.53665,46.28006,4.384454710272797,1.6333247415230028,18.99999967589494
14.70131,13.4078,55.90021,3520.51383,0.45778,46.32679,4.349928222804785,1.620462716494609,18.99999967589494
14.73379,13.443,55.93872,3517.98606,0.37804,46.37332,4.320220133780568,1.609395671666222,18.99999967589494
14.76622,13.47822,55.96982,3515.49381,0.29755,46.4197,4.295267884372858,1.600100302228655,18.99999967589494
14.7986,13.51344,55.99347,3513.0346,0.21641,46.46596,4.275017704010783,1.59255657722947,18.99999967589494
14.83094,13.54867,56.00962,3510.60597,0.13473,46.51214,4.259424705202541,1.586747774896909,18.99999967589494
14.86322,13.5839,56.01823,3508.20546,0.05263,46.55829,4.2484529429600695,1.5826605047771498,18.99999967589494
14.89545,13.61915,56.01928,3505.83057,-0.0298,46.60442,4.242075442344149,1.580284717995579,18.99999967589494
14.92764,13.6544,56.01276,3503.47883,-0.11244,46.65059,4.240274196714263,1.5796137066048217,18.99999967589494
14.95977,13.68966,55.99865,3501.1477,-0.19518,46.69682,4.243040138356547,1.5806440926428769,18.99999967589494
14.99186,13.72494,55.97698,3498.83466,-0.27793,46.74315,4.250373082282849,1.5833758071967912,18.99999967589494
15.02389,13.76021,55.94774,3496.53714,-0.36057,46.78963,4.2622816431281105,1.5878120594447447,18.99999967589494
15.05588,13.7955,55.91098,3494.25254,-0.443,46.83628,4.278783124201557,1.5939592953247015,18.99999967589494
15.08782,13.8308,55.86671,3491.97821,-0.5251,46.88314,4.299903376924557,1.6018271451713129,18.99999967589494
15.11971,13.86611,55.81498,3489.71148,-0.60678,46.93026,4.325676628013831,1.6114283593371161,18.99999967589494
15.15156,13.90142,55.75586,3487.4496,-0.68791,46.97766,4.356145270927697,1.6227787305007744,18.99999967589494
15.18335,13.93675,55.6894,3485.1898,-0.7684,47.02539,4.391359617233301,1.6358970010448273,18.99999967589494
15.21509,13.97209,55.61567,3482.92922,-0.84812,47.07348,4.431377602680602,1.6508047535605135,18.99999967589494
15.24679,14.00743,55.53476,3480.66496,-0.92696,47.12198,4.476264441904659,1.667526282215295,18.99999967589494
15.27843,14.04279,55.44677,3478.39404,-1.00481,47.17093,4.526092224775682,1.6860884423826226,18.99999967589494
15.31002,14.07815,55.35181,3476.11342,-1.08155,47.22036,4.580939446564067,1.706520475616054,18.99999967589494
15.34157,14.11353,55.24997,3473.81997,-1.15706,47.27031,4.640890463191571,1.7288538067159818,18.99999967589494
15.37306,14.14891,55.14141,3471.51049,-1.23123,47.32083,4.706034861989285,1.7531218093204213,18.99999967589494
15.4045,14.18431,55.02624,3469.1817,-1.30392,47.37197,4.77646673759393,1.779359536157331,18.99999967589494
15.43589,14.21971,54.90463,3466.83023,-1.37501,47.42375,4.8522838618058595,1.8076034097948717,18.99999967589494
15.46722,14.25513,54.77673,3464.45263,-1.44437,47.47624,4.933586735616063,1.8378908694965288,18.99999967589494
15.4985,14.29056,54.64271,3462.04534,-1.51187,47.52948,5.020477510988374,1.8702599695566096,18.99999967589494
15.52973,14.326,54.50276,3459.60474,-1.57739,47.5835,5.11305876965707,1.9047489243702203,18.99999967589494
15.5609,14.36144,54.35708,3457.12709,-1.64077,47.63837,5.211432145936263,1.9413955953935285,18.99999967589494
15.59202,14.3969,54.20587,3454.60859,-1.70189,47.69413,5.315696780647079,1.9802369151909538,18.99999967589494
15.62308,14.43237,54.04935,3452.04531,-1.76061,47.75082,5.425947593637841,2.0213082439034884,18.99999967589494
15.65408,14.46785,53.88777,3449.43327,-1.81677,47.8085,5.542273363169926,2.0646426537693925,18.99999967589494
15.68503,14.50334,53.72136,3446.76839,-1.87024,47.86722,5.664754601677488,2.110270137788799,18.99999967589494
15.71591,14.53885,53.55039,3444.04652,-1.92087,47.92704,5.793461219230479,2.1582167393022083,18.99999967589494
15.74674,14.57436,53.37513,3441.26341,-1.9685,47.988,5.928449968488359,2.208503600168522,18.99999967589494
15.7775,14.60988,53.19587,3438.41477,-2.01299,48.05016,6.069761668114304,2.2611459264137763,18.99999967589494
15.8082,14.64542,53.0129,3435.49626,-2.05419,48.11357,6.217418205656926,2.3161518717257255,18.99999967589494
15.83883,14.68096,52.82654,3432.50347,-2.09194,48.17829,6.371419325799037,2.3735213409919997,18.99999967589494
15.8694,14.71652,52.63712,3429.43198,-2.12609,48.24437,6.531739215799432,2.4332447182873254,18.99999967589494
15.8999,14.75208,52.44498,3426.27735,-2.15649,48.31186,6.698322906882934,2.4953015262966343,18.99999967589494
15.93033,14.78766,52.25046,3423.03512,-2.18298,48.38083,6.871082518303348,2.559659027129687,18.99999967589494
15.9607,14.82324,52.05394,3419.70088,-2.20543,48.45132,7.049893379828554,2.626270777844747,18.99999967589494
15.99099,14.85884,51.85579,3416.27024,-2.22368,48.52338,7.234590078390589,2.6950751577217185,18.99999967589494
16.0212,14.89444,51.65641,3412.7389,-2.23758,48.59707,7.424962485476877,2.7659938883608537,18.99999967589494
16.05134,14.93006,51.45619,3409.10265,-2.24701,48.67244,7.620751833345912,2.8389305719698514,18.99999967589494
16.08141,14.96569,51.25556,3405.35739,-2.25183,48.74953,7.821646920008079,2.913769277619364,18.99999967589494
16.11139,15.00132,51.05493,3401.49918,-2.25192,48.8284,8.027280534843307,2.990373209691522,18.99999967589494
16.14129,15.03696,50.85474,3397.52429,-2.24716,48.90907,8.237226208138791,3.068583496997212,18.99999967589494
16.17111,15.07261,50.65542,3393.42919,-2.23745,48.9916,8.450995398330155,3.1482181449494013,18.99999967589494
16.20085,15.10827,50.45744,3389.21065,-2.22269,49.07602,8.668035239549255,3.2290711964654295,18.99999967589494
16.2305,15.14394,50.26124,3384.8657,-2.2028,49.16235,8.88772697853226,3.310912149674142,18.99999967589494
16.26005,15.17962,50.06728,3380.39177,-2.17772,49.25062,9.10938523334783,3.393485681772631,18.99999967589494
16.28952,15.2153,49.87604,3375.78662,-2.1474,49.34086,9.332258205814254,3.4765117281572073,18.99999967589494
16.31889,15.25099,49.68796,3371.04848,-2.1118,49.43308,9.555528974266034,3.5596859640129725,18.99999967589494
16.34817,15.28668,49.50353,3366.17602,-2.07092,49.52728,9.778317982749936,3.642680731604834,18.99999967589494
16.37735,15.32238,49.32319,3361.16845,-2.02477,49.62346,9.999686826225085,3.7251464503641447,18.99999967589494
16.40643,15.35809,49.14741,3356.02549,-1.97337,49.72162,10.218643408567784,3.8067135383812074,18.99999967589494
16.4354,15.3938,48.97665,3350.74746,-1.91679,49.82174,10.43414852110023,3.8869948630803157,18.99999967589494
16.4643,15.42949,48.81197,3345.3336,-1.84038,49.83565,10.644147295112761,3.9652249318002695,0.0
16.49314,15.46514,48.65449,3339.7845,-1.75872,49.84956,10.846476555821402,4.040597905017484,0.0
16.52193,15.50074,48.50462,3334.10349,-1.67201,49.86347,11.039883057301479,4.112646915650133,0.0
16.55067,15.5363,48.36277,3328.29464,-1.58047,49.87738,11.223129716082717,4.180911117555916,0.0
16.57934,15.57181,48.22935,3322.36278,-1.48438,49.89128,11.395008201264446,4.244940375681231,0.0
16.60796,15.60726,48.1047,3316.31347,-1.38402,49.90518,11.554356044583704,4.304301640011746,0.0
16.63652,15.64267,47.98915,3310.15297,-1.27971,49.91907,11.700073898494566,4.358585374661029,0.0
16.66502,15.67803,47.88301,3303.88824,-1.17181,49.93296,11.831142512738724,4.407411882089771,0.0
16.69345,15.71333,47.78654,3297.52685,-1.06069,49.94684,11.946638981350855,4.450437355542771,0.0
16.72183,15.74858,47.69996,3291.07697,-0.94675,49.96072,12.045751810916858,4.487359492371604,0.0
16.75014,15.78378,47.62346,3284.54729,-0.83043,49.97458,12.127794378484431,4.517922507460394,0.0
16.77839,15.81892,47.55719,3277.94695,-0.71216,49.98843,12.192216383980066,4.541921399552497,0.0
16.80658,15.854,47.50126,3271.28549,-0.5924,50.00228,12.238612956335327,4.559205343522121,0.0
16.8347,15.88902,47.45574,3264.57274,-0.47163,50.01611,12.266731142524115,4.5696801077114495,0.0
16.86275,15.92398,47.42064,3257.81875,-0.35031,50.02993,12.276473591414826,4.573309426262498,0.0
16.89074,15.95888,47.39597,3251.03369,-0.22892,50.04374,12.267899335473636,4.5701152903221525,0.0
16.91866,15.99373,47.38165,3244.22779,-0.10796,50.05754,12.241221668619668,4.56017715748739,0.0
16.94652,16.02851,47.37759,3237.41124,0.01211,50.07133,12.196803212801674,4.5436301139752775,0.0
16.97431,16.06323,47.38365,3230.5941,0.13082,50.08511,12.135148354844455,4.520662057149267,0.0
17.00203,16.09789,47.39965,3223.78624,0.24772,50.09887,12.05689331418439,4.491509995489353,0.0
17.02969,16.13249,47.42539,3216.99723,0.36237,50.11262,11.9627941678735,4.456455587590997,0.0
17.05728,16.16702,47.4606,3210.23634,0.47434,50.12636,11.853713209254781,4.415820060412769,0.0
17.0848,16.2015,47.50502,3203.51238,0.58324,50.14009,11.730604049125912,4.369958659067813,0.0
17.11226,16.23591,47.55832,3196.83375,0.6887,50.15381,11.594495882906939,4.31925478592986,0.0
17.13965,16.27027,47.62018,3190.20832,0.79036,50.16752,11.446477344677824,4.2641139858373815,0.0
17.16698,16.30456,47.69021,3183.64344,0.88791,50.18121,11.287680350698695,4.204957927379783,0.0
17.19424,16.3388,47.76805,3177.14589,0.98105,50.1949,11.119264303165671,4.142218518380827,0.0
17.22144,16.37297,47.85327,3170.72187,1.06952,50.20859,10.942400982534847,4.076332277891809,0.0
17.24857,16.40709,47.94545,3164.37699,1.1531,50.22226,10.758260406467212,4.007735068276465,0.0
17.27564,16.44115,48.04416,3158.11625,1.23157,50.23593,10.567997878701947,3.93685727057551,0.0
17.30265,16.47515,48.14894,3151.94408,1.30478,50.24959,10.372742394637166,3.8641194652803983,0.0
17.3296,16.50909,48.25932,3145.86432,1.37258,50.26324,10.173586514780315,3.789928659927151,0.0
17.35649,16.54299,48.37484,3139.88023,1.43485,50.27689,9.971577764765367,3.7146750853764807,0.0
17.38331,16.57682,48.49503,3133.99454,1.49153,50.29054,9.767711573043526,3.6387295649177607,0.0
17.41008,16.61061,48.61941,3128.20946,1.54253,50.30419,9.562925715705914,3.562441444819307,0.0
17.43679,16.64434,48.7475,3122.52668,1.58785,50.31783,9.358096203193702,3.4861370620196777,0.0
17.46344,16.67802,48.87882,3116.94745,1.62745,50.33148,9.154034515958433,3.410118714338409,0.0
17.49004,16.71166,49.01291,3111.47257,1.66137,50.34513,8.951486075435035,3.33466409087323,0.0
17.51658,16.74524,49.1493,3106.10244,1.68963,50.35877,8.75112982271163,3.26002611504348,0.0
17.54307,16.77878,49.28751,3100.83709,1.71228,50.37242,8.553578769249146,3.1864331497476583,0.0
17.56951,16.81227,49.42711,3095.6762,1.72939,50.38608,8.359381381237863,3.1140895130726576,0.0
17.59589,16.84572,49.56764,3090.61916,1.74105,50.39974,8.169023660928762,3.0431762536444573,0.0
17.62223,16.87912,49.70867,3085.66506,1.74735,50.4134,7.982931793488819,2.9738521366513626,0.0
17.64851,16.91248,49.84977,3080.81275,1.74841,50.42707,7.801475235989663,2.906254794573555,0.0
17.67474,16.9458,49.99052,3076.06088,1.74433,50.44075,7.624970135068149,2.8405020003515835,0.0
17.70093,16.97908,50.13054,3071.40788,1.73526,50.45444,7.453682971056826,2.7766930249208404,0.0
17.72707,17.01232,50.26941,3066.852,1.72133,50.46814,7.287834338283007,2.7149100454724366,0.0
17.75316,17.04553,50.40678,3062.39138,1.70268,50.48185,7.127602783311387,2.6552195752995638,0.0
17.77921,17.07869,50.54227,3058.02402,1.67946,50.49557,6.9731286346988846,2.5976738904819405,0.0
17.80521,17.11182,50.67554,3053.74778,1.65182,50.5093,6.8245177691660475,2.5423124328837545,0.0
17.83117,17.14492,50.80624,3049.56049,1.61993,50.52305,6.6818452695754065,2.4891631728468497,0.0
17.85708,17.17798,50.93406,3045.45985,1.58393,50.53681,6.545158939714541,2.4382439185398903,0.0
17.88296,17.21101,51.05868,3041.44353,1.544,50.55058,6.414482649513766,2.3895635621399753,0.0
17.90879,17.24401,51.17982,3037.50914,1.5003,50.56437,6.289819491855615,2.3431232558272277,0.0
17.93458,17.27698,51.29718,3033.65427,1.45298,50.57818,6.17115473873257,2.298917513031328,0.0
17.96033,17.30991,51.4105,3029.87646,1.40221,50.592,6.058458590020401,2.2569352324219136,0.0
17.98604,17.34282,51.51953,3026.17323,1.34816,50.60584,5.95168871280351,2.217160643874078,0.0
18.01172,17.3757,51.62402,3022.5421,1.29099,50.6197,5.850792572930965,2.1795741770343415,0.0
18.03735,17.40855,51.72375,3018.98057,1.23086,50.63358,5.75570956350932,2.144153254240233,0.0
18.06295,17.44138,51.8185,3015.48613,1.16793,50.64748,5.6663729373435565,2.1108730104053834,0.0
18.08851,17.47418,51.90807,3012.05629,1.10236,50.66139,5.582711552052876,2.079706943121077,0.0
18.11404,17.50695,51.99228,3008.68853,1.0343,50.67533,5.504651437785003,2.0506274966710767,0.0
18.13953,17.5397,52.07095,3005.38036,0.96393,50.68928,5.432117198208345,2.0236065839380677,0.0
18.16499,17.57242,52.14391,3002.12928,0.89138,50.70326,5.365033255865065,1.9986160503304422,0.0
18.19041,17.60512,52.21101,2998.93279,0.81681,50.71726,5.303324953011183,1.9756280838742057,0.0
18.21579,17.6378,52.27212,2995.7884,0.74038,50.73128,5.246919518950961,1.9546155755704828,0.0
18.24115,17.67046,52.3271,2992.69361,0.66224,50.74533,5.195746914476189,1.9355524339713723,0.0
18.26646,17.70309,52.37585,2989.64594,0.58253,50.75939,5.149740563514125,1.9184138577380567,0.0
18.29175,17.7357,52.41825,2986.64289,0.50139,50.77348,5.108837981453682,1.903176569708837,0.0
18.317,17.76829,52.45423,2983.68197,0.41899,50.78759,5.072981308876505,1.889819015728003,0.0
18.34222,17.80086,52.48369,2980.76067,0.33545,50.80173,5.042117758657457,1.8783215312025272,0.0
18.36741,17.83341,52.50656,2977.8765,0.25093,50.81589,5.016199983536189,1.8686664780321496,0.0
18.39257,17.86595,52.52279,2975.02691,0.16556,50.83007,4.995186370424447,1.8608383542465892,0.0
18.4177,17.89846,52.53234,2972.20939,0.07949,50.84427,4.979041266818948,1.8548238783502984,0.0
18.44279,17.93095,52.53515,2969.42138,-0.00714,50.85851,4.967735143821256,1.8506120500516585,0.0
18.46785,17.96342,52.53122,2966.66031,-0.09419,50.87276,4.961244699394273,1.8481941887287363,0.0
18.49289,17.99587,52.52052,2963.92357,-0.18152,50.88704,4.959552904578481,1.8475639506460533,0.0
18.51789,18.02831,52.50305,2961.20855,-0.26899,50.90134,4.962648994589037,1.8487173256380165,0.0
18.54286,18.06073,52.47882,2958.51259,-0.35647,50.91567,4.970528405802737,1.8516526136349059,0.0
18.5678,18.09312,52.44784,2955.833,-0.4438,50.93002,4.983192658870297,1.8563703811191248,0.0
18.59271,18.1255,52.41014,2953.16705,-0.53086,50.94439,5.000649187343884,1.862873397284443,0.0
18.61759,18.15787,52.36577,2950.51197,-0.61749,50.95879,5.022911110448919,1.8711665493875178,0.0
18.64244,18.19021,52.31477,2947.86494,-0.70356,50.97321,5.0499969478322475,1.881256736484081,0.0
18.66726,18.22254,52.2572,2945.22312,-0.78893,50.98766,5.081930273422319,1.8931527404827468,0.0
18.69205,18.25484,52.19314,2942.58357,-0.87345,51.00213,5.118739304823703,1.906865073183667,0.0
18.7168,18.28713,52.12266,2939.94335,-0.95697,51.01662,5.1604564239983235,1.9224057977196793,0.0
18.74153,18.31941,52.04586,2937.29942,-1.03936,51.03114,5.207117624424063,1.9397883226083406,0.0
18.76623,18.35166,51.96285,2934.64871,-1.12046,51.04568,5.258761879339697,1.9590271664065415,0.0
18.7909,18.3839,51.87375,2931.98808,-1.20013,51.06025,5.315430425266456,1.9801376908034394,0.0
18.81553,18.41611,51.77867,2929.31433,-1.27821,51.07483,5.377165954613219,2.003135799844647,0.0
18.84014,18.44831,51.67776,2926.62419,-1.35456,51.08944,5.444011710950574,2.0280376028980136,0.0
18.86472,18.48049,51.57117,2923.91435,-1.42902,51.10407,5.5160104804358525,2.0548590389329173,0.0
18.88926,18.51265,51.45906,2921.18142,-1.50143,51.11872,5.593203472958241,2.083615459717379,0.0
18.91377,18.54479,51.34161,2918.42194,-1.57165,51.13339,5.6756290868451185,2.1143211696386666,0.0
18.93826,18.57691,51.219,2915.63242,-1.63952,51.14808,5.763321551518448,2.1469889200570917,0.0
18.96271,18.60901,51.09142,2912.80928,-1.70487,51.1628,5.85630944328385,2.181629356398387,0.0
18.98713,18.6411,50.95909,2909.9489,-1.76755,51.17753,5.954614070561165,2.2182504166095995,0.0
19.01151,18.67316,50.82223,2907.04762,-1.8274,51.19228,6.0582477263758445,2.2568566801661594,0.0
19.03586,18.7052,50.68106,2904.10172,-1.88425,51.20705,6.167211807805044,2.297448667516068,0.0
19.06019,18.73721,50.53585,2901.10745,-1.93795,51.22184,6.281494804462076,2.340022090737426,0.0
19.08447,18.76921,50.38683,2898.06103,-1.98833,51.23664,6.4010701608726785,2.384567057217355,0.0
19.10873,18.80118,50.23428,2894.95865,-2.03524,51.25146,6.525894021020893,2.431067229435989,0.0
19.13295,18.83313,50.07849,2891.7965,-2.07851,51.2663,6.65590286716174,2.479498945362071,0.0
19.15713,18.86505,49.91974,2888.57076,-2.11799,51.28115,6.791011069452777,2.5298303056262332,0.0
19.18128,18.89695,49.75833,2885.27765,-2.15352,51.29602,6.9311083678905625,2.5820202354760804,0.0
19.20539,18.92883,49.59458,2881.91338,-2.18495,51.3109,7.076057313514765,2.636017531557387,0.0
19.22947,18.96068,49.42882,2878.47425,-2.21213,51.32579,7.225690701645814,2.6917599057275954,0.0
19.25351,18.9925,49.26137,2874.95659,-2.23493,51.3407,7.379809036196459,2.7491730404451444,0.0
19.27752,19.02429,49.09259,2871.35684,-2.25319,51.35561,7.538178070456478,2.8081696726470775,0.0
19.30148,19.05606,48.92283,2867.67153,-2.26679,51.37054,7.700526476168848,2.868648725418575,0.0
19.32541,19.0878,48.75244,2863.89733,-2.27561,51.38547,7.8665436989788695,2.930494509091334,0.0
19.3493,19.1195,48.58181,2860.03106,-2.27953,51.40042,8.035878064063485,2.9935760155406466,0.0
19.37315,19.15118,48.4113,2856.06972,-2.27845,51.41537,8.20813520082537,3.0577463313424924,0.0
19.39696,19.18282,48.2413,2852.01053,-2.27228,51.43032,8.38287685938522,3.122842196885785,0.0
19.42072,19.21443,48.07219,2847.85092,-2.26094,51.44528,8.559620194143553,3.1886837394802807,0.0
19.44445,19.246,47.90438,2843.58862,-2.24436,51.46025,8.737837590229626,3.2550744087042482,0.0
19.46813,19.27754,47.73825,2839.22161,-2.2225,51.47521,8.916957107100396,3.3218011416567426,0.0
19.49177,19.30904,47.57419,2834.74823,-2.19532,51.49018,9.096363609341253,3.3886347842106326,0.0
19.51536,19.34051,47.41261,2830.16714,-2.16281,51.50515,9.275400647675685,3.4553307917381995,0.0
19.53891,19.37193,47.2539,2825.47739,-2.12498,51.52012,9.45337314299719,3.521630228983638,0.0
19.56242,19.40332,47.09844,2820.67844,-2.08186,51.53509,9.629550912823266,3.58726108375996,0.0
19.58587,19.43467,46.94662,2815.77017,-2.03349,51.55005,9.803173062940905,3.6519399029524884,0.0
19.60928,19.46597,46.79882,2810.7529,-1.97996,51.56501,9.973453247244393,3.715373751946833,0.0
19.63264,19.49723,46.65541,2805.62742,-1.92135,51.57997,10.13958577641925,3.777262490274386,0.0
19.65595,19.52844,46.51674,2800.395,-1.85778,51.59492,10.300752531406548,3.837301347059693,0.0
19.67921,19.55961,46.38317,2795.05742,-1.78942,51.60986,10.456130611582628,3.8951837701686194,0.0
19.70242,19.59073,46.25502,2789.61694,-1.71642,51.62479,10.604900620910941,3.950604513017944,0.0
19.72558,19.6218,46.1326,2784.07632,-1.63899,51.63972,10.746255469214567,4.003262913280945,0.0
19.74868,19.65282,46.01622,2778.43883,-1.55735,51.65463,10.87940954121387,4.052866308595174,0.0
19.77173,19.68379,45.90616,2772.70823,-1.47174,51.66953,11.00360806440028,4.09913352634193,0.0
19.79473,19.71471,45.80266,2766.88876,-1.38245,51.68442,11.118136489261277,4.14179837802687,0.0
19.81767,19.74558,45.70597,2760.98509,-1.28976,51.6993,11.222329683025666,4.180613084192027,0.0
19.84056,19.77639,45.61629,2755.00237,-1.19399,51.71416,11.315580731793213,4.215351553440699,0.0
19.86338,19.80715,45.5338,2748.9461,-1.09547,51.72901,11.397349146525617,4.245812439384994,0.0
19.88616,19.83785,45.45867,2742.8222,-0.99456,51.74384,11.467168276021876,4.271821902174209,0.0
19.90887,19.8685,45.39102,2736.63688,-0.89163,51.75866,11.52465174502953,4.293236006860657,0.0
19.93153,19.89908,45.33094,2730.39667,-0.78705,51.77346,11.569498757418893,4.309942698971607,0.0
19.95413,19.92961,45.27852,2724.10831,-0.68123,51.78824,11.601498132418472,4.321863308113179,0.0
19.97667,19.96008,45.23379,2717.77875,-0.57455,51.803,11.620530975095809,4.328953542794718,0.0
19.99915,19.99049,45.19676,2711.41509,-0.46742,51.81775,11.626571919191807,4.331203953417282,0.0
20.02157,20.02084,45.16742,2705.0245,-0.36026,51.83247,11.619688919716765,4.328639855010214,0.0
20.04393,20.05113,45.14571,2698.61422,-0.25346,51.84718,11.600041612501036,4.3213207161205895,0.0
20.06623,20.08135,45.13157,2692.19144,-0.14744,51.86187,11.567878296678376,4.309339034708876,0.0
20.08847,20.11152,45.12489,2685.76333,-0.04258,51.87654,11.523531632094839,4.29281873532054,0.0
20.11065,20.14162,45.12554,2679.33691,0.06072,51.89119,11.467413175612581,4.271913133715443,0.0
20.13277,20.17167,45.13335,2672.91909,0.1621,51.90582,11.400006906879344,4.246802525046641,0.0
20.15483,20.20165,45.14816,2666.51654,0.26118,51.92044,11.321861914704948,4.21769145934319,0.0
20.17683,20.23156,45.16975,2660.13574,0.35762,51.93503,11.233584428932373,4.184805773172463,0.0
20.19876,20.26142,45.19789,2653.78286,0.4511,51.94961,11.13582938980524,4.148389449007727,0.0
20.22064,20.29121,45.23234,2647.46382,0.5413,51.96417,11.029291747117444,4.108701373932437,0.0
20.24246,20.32095,45.27283,2641.18418,0.62794,51.97872,10.914697675683893,4.066012067171957,0.0
20.26422,20.35062,45.31908,2634.94918,0.71075,51.99324,10.792795882392777,4.020600441741799,0.0
20.28592,20.38023,45.37079,2628.76368,0.78948,52.00775,10.66434916436229,3.9727506596388897,0.0
20.30757,20.40978,45.42764,2622.6322,0.86392,52.02225,10.530126358355632,3.922749132786836,0.0
20.32915,20.43928,45.48931,2616.55885,0.93388,52.03673,10.390894800010752,3.870881713900589,0.0
20.35068,20.46871,45.55546,2610.5474,0.99917,52.05119,10.247413388227946,3.8174311127883422,0.0
20.37215,20.49808,45.62576,2604.6012,1.05966,52.06564,10.100426326674809,3.7626745648974493,0.0
20.39357,20.5274,45.69985,2598.72324,1.11521,52.08008,9.95065759133647,3.7068817703313255,0.0
20.41492,20.55666,45.77738,2592.91616,1.16573,52.09451,9.798806151380434,3.650313113495854,0.0
20.43623,20.58586,45.85798,2587.18221,1.21113,52.10893,9.645541950700249,3.593218166118666,0.0
20.45748,20.61501,45.94131,2581.5233,1.25136,52.12333,9.49150263985737,3.535834469811498,0.0
20.47867,20.64411,46.02699,2575.94102,1.28639,52.13773,9.337291033189338,3.4783865887760834,0.0
20.49982,20.67315,46.11468,2570.43662,1.31618,52.15212,9.18347325336117,3.421085418600727,0.0
20.52091,20.70214,46.204,2565.01106,1.34076,52.1665,9.030577515997276,3.3641277335037105,0.0
20.54195,20.73107,46.29461,2559.66501,1.36012,52.18087,8.879093499926986,3.3076959517331836,0.0
20.56294,20.75996,46.38616,2554.39887,1.37432,52.19524,8.72947224383206,3.2519580970656445,0.0
20.58387,20.78879,46.47829,2549.21277,1.38339,52.20961,8.582126507603096,3.197067933420708,0.0
20.60476,20.81758,46.57068,2544.10665,1.38741,52.22397,8.437431536003839,3.1431652493461515,0.0
20.6256,20.84632,46.66298,2539.08018,1.38644,52.23833,8.29572616327397,3.0903762695115224,0.0
20.6464,20.87501,46.75487,2534.13286,1.38059,52.25268,8.15731419949577,3.038814171166196,0.0
20.66714,20.90365,46.84604,2529.26401,1.36994,52.26703,8.022466042860184,2.988579684750901,0.0
20.68784,20.93225,46.93618,2524.47275,1.35461,52.28139,7.891420465968587,2.939761759342137,0.0
20.70849,20.9608,47.02498,2519.75808,1.33472,52.29574,7.764386528850071,2.8924382753014415,0.0
20.7291,20.98931,47.11216,2515.11885,1.31039,52.3101,7.641545576152081,2.8466767882814508,0.0
20.74967,21.01778,47.19744,2510.55376,1.28175,52.32445,7.5230532809149455,2.802535290585692,0.0
20.77019,21.04621,47.28055,2506.06144,1.24895,52.33881,7.40904170221177,2.760062977693582,0.0
20.79066,21.07459,47.36123,2501.64037,1.21212,52.35318,7.2996213286645215,2.7193010095239334,0.0
20.8111,21.10293,47.43923,2497.28897,1.17141,52.36755,7.194883084308873,2.6802832576723867,0.0
20.83149,21.13124,47.51431,2493.00556,1.12698,52.38192,7.094900277462627,2.643037031416186,0.0
20.85184,21.15951,47.58625,2488.78839,1.07898,52.3963,6.999730477042384,2.6075837766914907,0.0
20.87215,21.18773,47.65484,2484.63564,1.02757,52.41068,6.909417304201804,2.573939743525783,0.0
20.89242,21.21592,47.71986,2480.54544,0.97291,52.42507,6.823992130194733,2.542116618536547,0.0
20.91265,21.24408,47.78113,2476.51584,0.91516,52.43947,6.743475674007353,2.5121221200912847,0.0
20.93284,21.27219,47.83847,2472.54486,0.85448,52.45388,6.667879495591117,2.4839605545760723,0.0
20.953,21.30028,47.8917,2468.63046,0.79105,52.4683,6.597207382402293,2.4576333329180264,0.0
20.97311,21.32832,47.94066,2464.77059,0.72501,52.48272,6.531456628579526,2.4331394471125933,0.0
20.99319,21.35634,47.98521,2460.96311,0.65656,52.49715,6.470619207338695,2.4104759069714925,0.0
21.01323,21.38432,48.02522,2457.20589,0.58584,52.5116,6.414682838182699,2.389638137686434,0.0
21.03323,21.41226,48.06055,2453.49675,0.51302,52.52605,6.363631951271071,2.3706203390821763,0.0
21.0532,21.44018,48.09109,2449.83345,0.43829,52.54052,6.317448551858831,2.353415807642745,0.0
21.07313,21.46806,48.11673,2446.21376,0.36179,52.55499,6.276112988035346,2.3380172225143565,0.0
21.09302,21.49591,48.1374,2442.6354,0.2837,52.56948,6.239604625210763,2.324416896769361,0.0
21.11288,21.52373,48.15299,2439.09605,0.20419,52.58398,6.207902430857973,2.3126069952380117,0.0
21.13271,21.55152,48.16345,2435.59337,0.12342,52.59849,6.18098547293169,2.3025797201826848,0.0
21.1525,21.57927,48.16871,2432.12501,0.04157,52.61301,6.158833335256402,2.2943274660408184,0.0
21.17225,21.607,48.16873,2428.68854,-0.04121,52.62754,6.14142645294873,2.2878429443785726,0.0
21.19197,21.6347,48.16346,2425.28154,-0.12474,52.64209,6.128746370637643,2.2831192800846476,0.0
21.21166,21.66236,48.15288,2421.90154,-0.20886,52.65665,6.120775925920225,2.2801500797123873,0.0
21.23131,21.69,48.13697,2418.54604,-0.29339,52.67122,6.117499360162959,2.278929472756172,0.0
21.25093,21.71761,48.11573,2415.2125,-0.37818,52.68581,6.118902358320479,2.279452126484952,0.0
21.27051,21.74519,48.08915,2411.89837,-0.46305,52.70041,6.124972019151424,2.2817132348468667,0.0
21.29006,21.77274,48.05726,2408.60102,-0.54783,52.71502,6.135696756753169,2.2857084817883466,0.0
21.30958,21.80026,48.02007,2405.31784,-0.63237,52.72964,6.151066134053943,2.291433979225539,0.0
21.32907,21.82775,47.97763,2402.04613,-0.71649,52.74428,6.171070628536823,2.2988861797703395,0.0
21.34852,21.85522,47.92998,2398.78318,-0.80002,52.75892,6.195701330180539,2.3080617642053873,0.0
21.36794,21.88265,47.87717,2395.52624,-0.8828,52.77358,6.224949571411085,2.318957503631309,0.0
21.38732,21.91006,47.81928,2392.27252,-0.96466,52.78826,6.258806488614617,2.3315700961187296,0.0
21.40667,21.93744,47.75637,2389.0192,-1.04542,52.80294,6.29726251472068,2.3458959776821824,0.0
21.42599,21.96479,47.68855,2385.76341,-1.12493,52.81764,6.340306802296298,2.3619311073674676,0.0
21.44528,21.99211,47.61589,2382.50225,-1.20301,52.83235,6.3879265767032996,2.379670726285749,0.0
21.46453,22.0194,47.53852,2379.23279,-1.27949,52.84707,6.440106419041276,2.399109090490925,0.0
21.48375,22.04666,47.45655,2375.95206,-1.35421,52.8618,6.496827478890713,2.4202391777057453,0.0
21.50293,22.07389,47.37011,2372.65705,-1.427,52.87654,6.558066617359694,2.4430523680841487,0.0
21.52208,22.1011,47.27934,2369.34475,-1.49768,52.89129,6.623795481474433,2.467538099397388,0.0
21.5412,22.12827,47.18439,2366.0121,-1.5661,52.90605,6.693979511767344,2.493683497334474,0.0
21.56029,22.15542,47.08541,2362.65603,-1.63209,52.92082,6.768576885783554,2.52147298193055,0.0
21.57934,22.18253,46.98257,2359.27346,-1.69548,52.9356,6.847537401393503,2.5508878515714595,0.0
21.59835,22.20961,46.87605,2355.86127,-1.75611,52.95039,6.9308013050558435,2.5819058464908373,0.0
21.61734,22.23666,46.76605,2352.41637,-1.81381,52.96519,7.0182980716916905,2.6145006942411753,0.0
21.63628,22.26368,46.65274,2348.93566,-1.86844,52.97999,7.109945144493856,2.6486416402395947,0.0
21.65519,22.29067,46.53636,2345.41604,-1.91982,52.9948,7.2056466448812255,2.6842929671919116,0.0
21.67407,22.31763,46.4171,2341.85444,-1.96781,53.00962,7.305292064820844,2.721413507948211,0.0
21.69291,22.34455,46.29519,2338.24781,-2.01226,53.02444,7.408754955939226,2.759956157162311,0.0
21.71172,22.37145,46.17087,2334.59315,-2.05302,53.03927,7.515891632114683,2.7998673879732747,0.0
21.73049,22.3983,46.04437,2330.88749,-2.08994,53.0541,7.626539904650365,2.841086780824082,0.0
21.74922,22.42513,45.91594,2327.12793,-2.12291,53.06894,7.740517871454041,2.8835465723992466,0.0
21.76792,22.45191,45.78584,2323.31165,-2.15177,53.08377,7.857622784040446,2.9271712335533735,0.0
21.78658,22.47867,45.65433,2319.43592,-2.17643,53.09861,7.977630018351957,2.971877085914782,0.0
21.8052,22.50538,45.52168,2315.49809,-2.19675,53.11345,8.100292177377733,3.017571967587528,0.0
21.82378,22.53206,45.38815,2311.49565,-2.21264,53.12829,8.225338355229713,3.064154959000345,0.0
21.84232,22.5587,45.25404,2307.42621,-2.22399,53.14313,8.352473593602195,3.11151618042354,0.0
21.86083,22.58531,45.11962,2303.28754,-2.23073,53.15797,8.481378562155625,3.1595366729035415,0.0
21.87929,22.61187,44.98518,2299.07756,-2.23279,53.17281,8.611709494498168,3.208088374414353,0.0
21.89772,22.63839,44.851,2294.79438,-2.23009,53.18764,8.74309841058148,3.2570342027058286,0.0
21.9161,22.66488,44.71739,2290.43632,-2.2226,53.20247,8.875153654763189,3.3062282557461047,0.0
21.93445,22.69132,44.58462,2286.00188,-2.21028,53.21729,9.00746077606963,3.3555161396426283,0.0
21.95275,22.71772,44.45299,2281.48983,-2.19311,53.23211,9.139583773570639,3.404735432577041,0.0
21.97101,22.74408,44.32279,2276.89917,-2.1711,53.24692,9.271066724899828,3.4537162914718222,0.0
21.98923,22.77039,44.19431,2272.22916,-2.14426,53.26172,9.40143581009774,3.5022822059251197,0.0
22.0074,22.79666,44.06784,2267.47934,-2.11261,53.27651,9.530201735895115,3.5502509013200565,0.0
22.02553,22.82288,43.94364,2262.64953,-2.07623,53.2913,9.656862557596265,3.597435390050525,0.0
22.04362,22.84905,43.82201,2257.73985,-2.03516,53.30607,9.780906886851108,3.643645166500686,0.0
22.06166,22.87518,43.70319,2252.75074,-1.98952,53.32083,9.901817464044854,3.688687537854109,0.0
22.07965,22.90126,43.58747,2247.68294,-1.93939,53.33557,10.019075064165245,3.7323690791320967,0.0
22.0976,22.92728,43.47508,2242.53752,-1.88493,53.35031,10.132162694797485,3.7744971970572467,0.0
22.1155,22.95326,43.36626,2237.31587,-1.82627,53.36502,10.240570035143817,3.8148817837050473,0.0
22.13336,22.97919,43.26125,2232.0197,-1.76359,53.37973,10.343798055528756,3.8533369373911195,0.0
22.15117,23.00506,43.16025,2226.65104,-1.69707,53.39441,10.441363748578846,3.8896827251601613,0.0
22.16892,23.03088,43.06348,2221.21224,-1.62693,53.40908,10.532804896134452,3.9237469585860167,0.0
22.18663,23.05665,42.97112,2215.70595,-1.5534,53.42373,10.617684790606715,3.955366952601369,0.0
22.20429,23.08236,42.88334,2210.13511,-1.47671,53.43836,10.695596826093537,3.9843912358092406,0.0
22.22191,23.10802,42.8003,2204.50297,-1.39712,53.45297,10.766168873393166,4.010681180290671,0.0
22.23947,23.13362,42.72214,2198.81301,-1.31493,53.46756,10.82906735435032,4.034112519405848,0.0
22.25697,23.15916,42.64897,2193.06898,-1.23041,53.48213,10.884000934654821,4.054576723458761,0.0
22.27443,23.18464,42.58089,2187.27485,-1.14387,53.49668,10.930723760453827,4.071982205420426,0.0
22.29184,23.21007,42.518,2181.43478,-1.05563,53.51121,10.969038172707606,4.086255332097815,0.0
22.30919,23.23543,42.46034,2175.55313,-0.966,53.52571,10.998796843811151,4.097341220081647,0.0
22.32649,23.26074,42.40797,2169.63439,-0.87533,53.54019,11.019904293502597,4.105204300462137,0.0
22.34374,23.28599,42.36091,2163.6832,-0.78393,53.55465,11.032317754834157,4.109828641425968,0.0
22.36094,23.31117,42.31916,2157.70426,-0.69217,53.56908,11.036047375651847,4.111218023312787,0.0
22.37808,23.33629,42.28271,2151.70236,-0.60037,53.58349,11.03115575611986,4.1093957663308665,0.0
22.39517,23.36136,42.25151,2145.68232,-0.50888,53.59788,11.017756837720372,4.104404316680297,0.0
22.41221,23.38635,42.22551,2139.64898,-0.41803,53.61224,10.996014173370302,4.096304602125966,0.0
22.42919,23.41129,42.20465,2133.60713,-0.32816,53.62657,10.966138621456555,4.085175172965015,0.0
22.44612,23.43617,42.18882,2127.56156,-0.23959,53.64089,10.928385518041607,4.071111148599012,0.0
22.463,23.46098,42.17792,2121.51694,-0.15264,53.65517,10.883051391222,4.054222993546044,0.0
22.47982,23.48573,42.17182,2115.47787,-0.06762,53.66944,10.830470289046538,4.034635149493622,0.0
22.49659,23.51041,42.17038,2109.44883,0.01517,53.68368,10.771009797649223,4.012484551948434,0.0
22.51331,23.53503,42.17344,2103.43416,0.09544,53.69789,10.705066829083483,3.9879190610937703,0.0
22.52997,23.55959,42.18083,2097.43803,0.17294,53.71208,10.63306325897026,3.9610958366986453,0.0
22.54658,23.58409,42.19237,2091.46444,0.24741,53.72625,10.55544149240989,3.9321796863033116,0.0
22.56313,23.60853,42.20786,2085.51721,0.3186,53.7404,10.47266003317311,3.9013414146263306,0.0
22.57964,23.6329,42.22709,2079.59994,0.3863,53.75452,10.385189125904816,3.868756200170807,0.0
22.59609,23.65721,42.24985,2073.71604,0.4503,53.76862,10.29350653450079,3.834602022558644,0.0
22.61249,23.68146,42.27591,2067.86869,0.51043,53.78271,10.198093512227139,3.7990581612940026,0.0
22.62883,23.70564,42.30503,2062.06084,0.56651,53.79677,10.09943101071511,3.762303783514122,0.0
22.64513,23.72977,42.33699,2056.29522,0.61839,53.8108,9.997996166347074,3.724516635075647,0.0
22.66137,23.75384,42.37153,2050.57434,0.66595,53.82482,9.894259093600391,3.6858718459908513,0.0
22.67756,23.77784,42.40841,2044.90045,0.70908,53.83883,9.788680006366206,3.646540858043144,0.0
22.69371,23.80179,42.44737,2039.2756,0.74769,53.85281,9.681706680014551,3.6066904793395396,0.0
22.7098,23.82567,42.48816,2033.70161,0.7817,53.86677,9.573772259313722,3.5664820677029545,0.0
22.72584,23.8495,42.53052,2028.18007,0.81105,53.88072,9.465293410497456,3.526070842268601,0.0
22.74184,23.87327,42.5742,2022.71235,0.83572,53.89465,9.356668809678718,3.4856053203783626,0.0
22.75779,23.89699,42.61894,2017.29962,0.85567,53.90857,9.248277954696709,3.445226874962529,0.0
22.77368,23.92065,42.66449,2011.94286,0.8709,53.92247,9.140480283251126,3.4050694060216116,0.0
22.78953,23.94425,42.7106,2006.64282,0.88141,53.93636,9.033614576833404,3.3652591185750484,0.0
22.80534,23.96779,42.75701,2001.4001,0.88724,53.95024,8.927998627538685,3.3259143985398922,0.0
22.8211,23.99129,42.80349,1996.21509,0.88842,53.9641,8.823929143138766,3.2871457773679897,0.0
22.83681,24.01472,42.84979,1991.08802,0.88499,53.97795,8.721681864881925,3.2490559759295126,0.0
22.85247,24.03811,42.89567,1986.01897,0.87703,53.99179,8.621511872164719,3.2117400180112234,0.0
22.86809,24.06144,42.94091,1981.00785,0.8646,54.00562,8.523654048503053,3.17528540390295,0.0
22.88367,24.08472,42.98527,1976.05442,0.84779,54.01944,8.428323683905713,3.1397723347975885,0.0
22.8992,24.10795,43.02855,1971.15833,0.8267,54.03326,8.335717189825846,3.105273979129332,0.0
22.91469,24.13113,43.07052,1966.31906,0.80142,54.04706,8.24601290425218,3.0718567724913384,0.0
22.93014,24.15426,43.11099,1961.536,0.77208,54.06086,8.159371966022338,3.039580743340438,0.0
22.94554,24.17733,43.14975,1956.80842,0.73878,54.07465,8.075939239195902,3.0084998573504285,0.0
22.9609,24.20036,43.18662,1952.13546,0.70167,54.08843,7.995844270019873,2.978662373906885,0.0
22.97622,24.22335,43.22141,1947.51618,0.66086,54.10221,7.919202260892936,2.9501112089344748,0.0
22.9915,24.24628,43.25395,1942.94955,0.61651,54.11598,7.846115047467359,2.9228842988931256,0.0
23.00674,24.26917,43.28408,1938.43442,0.56875,54.12975,7.776672066748238,2.897014961420465,0.0
23.02194,24.29201,43.31163,1933.9696,0.51774,54.14352,7.710951305687989,2.8725322487082274,0.0
23.0371,24.31481,43.33646,1929.55377,0.46364,54.15728,7.649020221349367,2.8494612902871914,0.0
23.05221,24.33756,43.35842,1925.18558,0.40659,54.17104,7.590936625045761,2.827823622392702,0.0
23.06729,24.36026,43.3774,1920.86358,0.34678,54.1848,7.536749524251061,2.8076375015982467,0.0
23.08234,24.38292,43.39326,1916.58626,0.28435,54.19856,7.486499917157622,2.7889182008092055,0.0
23.09734,24.40554,43.4059,1912.35206,0.21948,54.21232,7.44022153586382,2.771678286119769,0.0
23.1123,24.42812,43.41521,1908.15935,0.15235,54.22607,7.397941535038026,2.7559278733583867,0.0
23.12723,24.45065,43.42109,1904.00644,0.08311,54.23983,7.3596811237128,2.7416748634477313,0.0
23.14212,24.47314,43.42346,1899.89159,0.01196,54.25358,7.325456138547752,2.7289251559601944,0.0
23.15697,24.49558,43.42226,1895.813,-0.06093,54.26734,7.295277557483509,2.717682840467507,0.0
23.17179,24.51799,43.4174,1891.76883,-0.13538,54.28109,7.269151953152938,2.7079503654483488,0.0
23.18657,24.54035,43.40883,1887.75719,-0.21122,54.29485,7.247081885886245,2.699728684693087,0.0
23.20131,24.56268,43.3965,1883.77614,-0.28825,54.30861,7.229066236399777,2.6930173812391107,0.0
23.21602,24.58496,43.38039,1879.82369,-0.3663,54.32236,7.215100478590438,2.687814768993929,0.0
23.23069,24.6072,43.36044,1875.89782,-0.44519,54.33613,7.205176893030764,2.6841179722677,0.0
23.24533,24.6294,43.33665,1871.99647,-0.52472,54.34989,7.199284721971558,2.6819229835157947,0.0
23.25993,24.65156,43.30901,1868.11752,-0.60472,54.36365,7.197410266785639,2.6812246996391558,0.0
23.27449,24.67368,43.27751,1864.25882,-0.68501,54.37742,7.199536928925781,2.682016937242207,0.0
23.28902,24.69577,43.24215,1860.41821,-0.76538,54.39118,7.205645195598489,2.68429242729596,0.0
23.30352,24.71781,43.20296,1856.59345,-0.84567,54.40495,7.215712571473454,2.6880427896979855,0.0
23.31798,24.73981,43.15995,1852.7823,-0.92568,54.41872,7.229713457849403,2.6932584882585178,0.0
23.3324,24.76177,43.11317,1848.98248,-1.00523,54.43249,7.247618980916978,2.6999287667238563,0.0
23.34679,24.7837,43.06266,1845.19166,-1.08414,54.44627,7.269396770840209,2.708041566478398,0.0
23.36115,24.80558,43.00845,1841.40752,-1.16222,54.46004,7.29501069365688,2.7175834266704784,0.0
23.37547,24.82743,42.95063,1837.62769,-1.2393,54.47382,7.3244205381842615,2.728539367576509,0.0
23.38976,24.84924,42.88924,1833.84977,-1.31518,54.4876,7.357581660454845,2.74089275814394,0.0
23.40401,24.871,42.82438,1830.07137,-1.38969,54.50138,7.394444588477805,2.754625168754503,0.0
23.41823,24.89273,42.75612,1826.29006,-1.46266,54.51516,7.4349545905801415,2.769716210419928,0.0
23.43241,24.91442,42.68456,1822.50341,-1.53389,54.52894,7.4790512109389065,2.786143361755478,0.0
23.44656,24.93607,42.6098,1818.70896,-1.60323,54.54272,7.526667776500933,2.8038817852945757,0.0
23.46068,24.95768,42.53195,1814.90427,-1.6705,54.5565,7.577730879943346,2.8229041348779864,0.0
23.47476,24.97925,42.45112,1811.08689,-1.73552,54.57028,7.632159844025095,2.8431803561106737,0.0
23.4888,25.00078,42.36744,1807.25438,-1.79814,54.58406,7.689866173239649,2.864677482087996,0.0
23.50281,25.02227,42.28104,1803.40429,-1.85818,54.59783,7.7507529994457505,2.887359426878583,0.0
23.51679,25.04372,42.19206,1799.53421,-1.9155,54.61161,7.814714528818703,2.911186779499132,0.0
23.53073,25.06513,42.10064,1795.64175,-1.96993,54.62538,7.881635498237259,2.9361166014042217,0.0
23.54464,25.0865,42.00693,1791.72453,-2.02133,54.63915,7.9513906499658455,2.962102230791622,0.0
23.55851,25.10782,41.9111,1787.78021,-2.06955,54.65292,8.023844234183155,2.9890930972811045,0.0
23.57234,25.12911,41.8133,1783.80652,-2.11446,54.66668,8.098849549654297,3.017034550802728,0.0
23.58614,25.15035,41.71371,1779.80121,-2.15592,54.68044,8.176248533423866,3.0458677087467203,0.0
23.5999,25.17155,41.6125,1775.76209,-2.19381,54.6942,8.255871411003035,3.0755293256489558,0.0
23.61363,25.19271,41.50985,1771.68707,-2.22801,54.70794,8.33753641887072,3.1059516898153445,0.0
23.62732,25.21382,41.40593,1767.5741,-2.25842,54.72169,8.421049611476814,3.137062551425459,0.0
23.64097,25.23489,41.30095,1763.42123,-2.28493,54.73542,8.506204764952429,3.1687850866620604,0.0
23.65459,25.25592,41.19508,1759.2266,-2.30745,54.74915,8.592783389660331,3.2010379023864703,0.0
23.66817,25.2769,41.08852,1754.98847,-2.3259,54.76287,8.680554863304103,3.2337350857252365,0.0
23.68171,25.29784,40.98147,1750.70519,-2.34022,54.77658,8.769276695735147,3.266786302717706,0.0
23.69521,25.31873,40.87413,1746.37525,-2.35034,54.79028,8.858694935600257,3.3000969498029478,0.0
23.70868,25.33958,40.76669,1741.99726,-2.35622,54.80397,8.948544727728835,3.333568361461155,0.0
23.72211,25.36038,40.65934,1737.56998,-2.35783,54.81765,9.038551028573218,3.3670980767339915,0.0
23.73549,25.38113,40.5523,1733.0923,-2.35515,54.83131,9.128429485081355,3.4005801666277895,0.0
23.74884,25.40183,40.44575,1728.56331,-2.34817,54.84497,9.217887480097978,3.43390562355299,0.0
23.76216,25.42249,40.3399,1723.98221,-2.3369,54.85861,9.306625344857437,3.466962813009631,0.0
23.77543,25.44309,40.23493,1719.34842,-2.32136,54.87223,9.394337736222333,3.499637986644967,0.0
23.78866,25.46365,40.13104,1714.66152,-2.30159,54.88585,9.480715173283686,3.5318158546774723,0.0
23.80185,25.48416,40.02841,1709.92126,-2.27764,54.89944,9.565445724614394,3.5633802144431406,0.0
23.815,25.50461,39.92723,1705.12762,-2.24959,54.91302,9.648216834107881,3.5942146305684273,0.0
23.82811,25.52502,39.82768,1700.28073,-2.21752,54.92658,9.728717269898086,3.6242031609942194,0.0
23.84117,25.54537,39.72992,1695.38095,-2.18152,54.94012,9.806639177541834,3.653231121840298,0.0
23.8542,25.56567,39.63412,1690.42881,-2.14173,54.95364,9.881680215383556,3.6811858828848756,0.0
23.86718,25.58591,39.54045,1685.42507,-2.09826,54.96715,9.953545747145617,3.7079576843621855,0.0
23.88012,25.6061,39.44904,1680.37066,-2.05127,54.98063,10.021951064225345,3.7334404648265993,0.0
23.89302,25.62624,39.36005,1675.26671,-2.00092,54.99409,10.086623608026136,3.7575326890294334,0.0
23.90588,25.64632,39.27361,1670.11456,-1.94739,55.00753,10.147305161178993,3.7801381642066283,0.0
23.91869,25.66635,39.18983,1664.91571,-1.89087,55.02095,10.203753975576694,3.801166832827467,0.0
23.93146,25.68632,39.10884,1659.67186,-1.83156,55.03435,10.255746804900863,3.820535529764392,0.0
23.94418,25.70623,39.03073,1654.38489,-1.76969,55.04772,10.303080809940187,3.838168692074168,0.0
23.95686,25.72608,38.95559,1649.05681,-1.70549,55.06106,10.34557530620256,3.8539990100293915,0.0
23.96949,25.74588,38.88352,1643.68981,-1.63918,55.07439,10.383073325426354,3.8679680088225195,0.0
23.98208,25.76562,38.81456,1638.28623,-1.57104,55.08768,10.415442965315671,3.880026551377773,0.0
23.99463,25.78529,38.74879,1632.84852,-1.5013,55.10095,10.442578505267761,3.8901352539889538,0.0
24.00713,25.80491,38.68623,1627.37925,-1.43024,55.1142,10.464401269815802,3.898264807974592,0.0
24.01958,25.82447,38.62694,1621.88111,-1.35814,55.12742,10.480860226035349,3.904396202227575,0.0
24.03199,25.84397,38.57091,1616.35687,-1.28526,55.14061,10.491932305862138,3.9085208432870067,0.0
24.04435,25.8634,38.51817,1610.80938,-1.21189,55.15378,10.49762244941177,3.9106405714759322,0.0
24.05667,25.88278,38.4687,1605.24155,-1.13831,55.16692,10.497963370357615,3.910767573498429,0.0
24.06893,25.90209,38.42249,1599.65633,-1.06479,55.18003,10.493015049546251,3.9089241937980397,0.0
24.08116,25.92134,38.37951,1594.05671,-0.99163,55.19311,10.482863967726445,3.9051426487291243,0.0
24.09333,25.94053,38.33972,1588.44568,-0.9191,55.20617,10.467622092809975,3.8994646492848744,0.0
24.10546,25.95966,38.30305,1582.82625,-0.84747,55.2192,10.447425641000141,3.8919409395850817,0.0
24.11754,25.97872,38.26946,1577.20141,-0.77702,55.2322,10.42243363463871,3.8826307596361858,0.0
24.12958,25.99773,38.23886,1571.57411,-0.708,55.24517,10.392826282378495,3.8716012419029338,0.0
24.14157,26.01667,38.21117,1565.94728,-0.64068,55.25812,10.358803209418463,3.8589267520243946,0.0
24.15351,26.03554,38.1863,1560.32379,-0.5753,55.27104,10.320581567043439,3.8446881845677616,0.0
24.16541,26.05435,38.16414,1554.70644,-0.51209,55.28393,10.27839405130996,3.8289722249366966,0.0
24.17726,26.0731,38.14457,1549.09797,-0.45129,55.29679,10.232486860842634,3.811870588596741,0.0
24.18906,26.09179,38.12749,1543.501,-0.39311,55.30963,10.18311762308272,3.793479248548349,0.0
24.20082,26.11042,38.11276,1537.91811,-0.33775,55.32244,10.130553317101835,3.7738976615203415,0.0
24.21253,26.12898,38.10025,1532.35173,-0.28541,55.33523,10.075068219399627,3.7532280027254856,0.0
24.22419,26.14748,38.08981,1526.80422,-0.23625,55.34799,10.016941897011142,3.7315744182401875,0.0
24.23581,26.16592,38.08131,1521.27779,-0.19045,55.36072,9.95645726968355,3.709042303114335,0.0
24.24738,26.18429,38.07459,1515.77456,-0.14815,55.37343,9.893898760245545,3.6857376123352306,0.0
24.25891,26.2026,38.0695,1510.29651,-0.10949,55.38612,9.829550549348054,3.661766210672589,0.0
24.27039,26.22086,38.06588,1504.84551,-0.07458,55.39878,9.763694947795868,3.637233266329237,0.0
24.28183,26.23905,38.06357,1499.42328,-0.04352,55.41142,9.696610896763325,3.6122426922320017,0.0
24.29322,26.25717,38.06241,1494.03143,-0.01642,55.42403,9.628572603255778,3.586896637705198,0.0
24.30457,26.27524,38.06223,1488.67142,0.00666,55.43663,9.559848315462919,3.561295032257517,0.0
24.31587,26.29325,38.06287,1483.3446,0.02566,55.4492,9.490699240066505,3.5355351822506793,0.0
24.32713,26.3112,38.06417,1478.05218,0.04054,55.46175,9.421378601215428,3.509711420342873,0.0
24.33834,26.32909,38.06596,1472.79523,0.05125,55.47428,9.35213083878497,3.4839148068192407,0.0
24.34952,26.34691,38.06807,1467.57471,0.05779,55.48679,9.283190941724786,3.4582328812464636,0.0
24.36064,26.36468,38.07034,1462.39145,0.06015,55.49928,9.214783910702119,3.432749462293208,0.0
24.37173,26.3824,38.07262,1457.24614,0.05834,55.51175,9.147124343003608,3.4075444930951444,0.0
24.38277,26.40005,38.07474,1452.13936,0.05239,55.5242,9.080416131630198,3.3826939291598728,0.0
24.39378,26.41765,38.07655,1447.07159,0.04232,55.53664,9.014852269743681,3.3582696655181166,0.0
24.40474,26.43518,38.0779,1442.04317,0.02819,55.54906,8.950614751119438,3.3343394996397477,0.0
24.41565,26.45267,38.07863,1437.05433,0.01005,55.56146,8.887874556918385,3.3109671265059943,0.0
24.42653,26.47009,38.07861,1432.10521,-0.01203,55.57385,8.82679171900551,3.2882121621972553,0.0
24.43737,26.48746,38.07768,1427.19582,-0.03796,55.58622,8.767515450062756,3.266130192363578,0.0
24.44816,26.50478,38.07573,1422.32608,-0.06767,55.59858,8.710184330950362,3.2447728420216815,0.0
24.45892,26.52204,38.0726,1417.49582,-0.10105,55.61092,8.65492654607818,3.22418786323697,0.0
24.46964,26.53924,38.06819,1412.70477,-0.13799,55.62325,8.601860157944616,3.204419237396513,0.0
24.48031,26.55639,38.06236,1407.95255,-0.17838,55.63556,8.551093412489784,3.185507288961125,0.0
24.49095,26.57349,38.055,1403.23873,-0.22209,55.64787,8.502725067475895,3.1674888077957,0.0
24.50155,26.59053,38.046,1398.56275,-0.269,55.66016,8.456844736622935,3.150397177368815,0.0
24.51211,26.60753,38.03527,1393.92401,-0.31897,55.67244,8.413533242889914,3.1342625063592786,0.0
24.52263,26.62447,38.02269,1389.3218,-0.37185,55.68471,8.372862974860482,3.1191117614191604,0.0
24.53311,26.64135,38.00819,1384.75535,-0.42749,55.69697,8.33489824080865,3.1049688990725812,0.0
24.54356,26.65819,37.99167,1380.22382,-0.48574,55.70922,8.299695615648655,3.0918549949636716,0.0
24.55397,26.67497,37.97306,1375.72628,-0.54644,55.72146,8.267304276502099,3.0797883688641523,0.0
24.56434,26.69171,37.95228,1371.26177,-0.60943,55.73369,8.23776632322878,3.0687847040795155,0.0
24.57468,26.70839,37.92928,1366.82923,-0.67453,55.74591,8.211117080764387,3.0588571600777605,0.0
24.58497,26.72502,37.90399,1362.42756,-0.74157,55.75812,8.1873853806335,3.050016477360394,0.0
24.59523,26.7416,37.87637,1358.05559,-0.81038,55.77032,8.166593819496361,3.042271073777912,0.0
24.60546,26.75814,37.84636,1353.7121,-0.88078,55.78252,8.148758993005538,3.035627131647553,0.0
24.61565,26.77462,37.81393,1349.39582,-0.95258,55.7947,8.133891703714138,3.0300886752045826,0.0
24.6258,26.79106,37.77905,1345.10541,-1.0256,55.80688,8.121997142127709,3.0256576380488864,0.0
24.63592,26.80744,37.74169,1340.8395,-1.09966,55.81905,8.113075040415323,3.022333920406399,0.0
24.646,26.82378,37.70185,1336.59668,-1.17457,55.83122,8.107119798618362,3.0201154361451885,0.0
24.65605,26.84007,37.6595,1332.37549,-1.25013,55.84338,8.104120583526448,3.018998149609353,0.0
24.66606,26.85631,37.61464,1328.1744,-1.32617,55.85553,8.10406140071757,3.0189761024558517,0.0
24.67604,26.8725,37.56728,1323.9919,-1.40249,55.86767,8.106921140587165,3.0200414308015606,0.0
24.68598,26.88865,37.51743,1319.82639,-1.4789,55.87981,8.112673599418198,3.022184373072421,0.0
24.69589,26.90475,37.4651,1315.67627,-1.55522,55.89193,8.121287476923197,3.0253932690877914,0.0
24.70576,26.9208,37.41031,1311.53991,-1.63124,55.90406,8.13272635187921,3.0296545509838206,0.0
24.7156,26.9368,37.3531,1307.41564,-1.7068,55.91617,8.146948637810311,3.0349527267040193,0.0
24.72541,26.95276,37.2935,1303.30177,-1.78169,55.92828,8.163907520917672,3.0412703568765806,0.0
24.73518,26.96866,37.23155,1299.19659,-1.85573,55.94038,8.183550882732455,3.048588026000543,0.0
24.74491,26.98453,37.1673,1295.09839,-1.92874,55.95248,8.205821210234003,3.0568843089624527,0.0
24.75462,27.00034,37.10081,1291.00543,-2.00055,55.96456,8.230655496412428,3.0661357339933106,0.0
24.76428,27.01611,37.03212,1286.91597,-2.07097,55.97664,8.257985134549795,3.0763167432855374,0.0
24.77392,27.03183,36.96131,1282.82826,-2.13983,55.98871,8.287735809707591,3.087399652569191,0.0
24.78352,27.0475,36.88845,1278.74054,-2.20696,56.00078,8.319827391139757,3.0993546110329984,0.0
24.79308,27.06313,36.81361,1274.65109,-2.27219,56.01283,8.354173829600605,3.112149563068849,0.0
24.80262,27.07871,36.73687,1270.55815,-2.33537,56.02488,8.39068306368778,3.1257502133820845,0.0
24.81211,27.09424,36.65832,1266.46001,-2.39633,56.03692,8.429256939547109,3.140119997079442,0.0
24.82158,27.10972,36.57804,1262.35496,-2.45493,56.04895,8.469791148396798,3.1552200563951733,0.0
24.83101,27.12516,36.49613,1258.24132,-2.51102,56.06097,8.512175186457949,3.17100922576411,0.0
24.84041,27.14055,36.4127,1254.11743,-2.56447,56.07298,8.556292341897965,3.1874440269577375,0.0
24.84977,27.15589,36.32783,1249.98168,-2.61514,56.08498,8.602019713445898,3.204478676018898,0.0
24.8591,27.17118,36.24163,1245.83247,-2.66291,56.09697,8.64922826524857,3.222065103697149,0.0
24.86839,27.18643,36.15422,1241.66826,-2.70767,56.10894,8.69778292242386,3.2401529910448623,0.0
24.87765,27.20163,36.0657,1237.48757,-2.74931,56.12091,8.747542711598259,3.258689821771176,0.0
24.88688,27.21677,35.97619,1233.28896,-2.78773,56.13286,8.798360950396692,3.2776209528319282,0.0
24.89607,27.23187,35.88579,1229.07105,-2.82284,56.14481,8.850085489522339,3.2968897046107637,0.0
24.90522,27.24693,35.79464,1224.83253,-2.85457,56.15674,8.902559010617246,3.3164374718800507,0.0
24.91434,27.26193,35.70284,1220.57215,-2.88285,56.16865,8.95561938251969,3.3362038565161183,0.0
24.92343,27.27688,35.61052,1216.28875,-2.90762,56.18055,9.009100077948373,3.3561268227250896,0.0
24.93248,27.29179,35.51779,1211.98126,-2.92884,56.19244,9.06283065186142,3.3761428752441827,0.0
24.9415,27.30664,35.42478,1207.64866,-2.94646,56.20431,9.11663728199171,3.3961872607053607,0.0
24.95048,27.32144,35.3316,1203.29006,-2.96048,56.21617,9.170343371137541,3.4161941920044328,0.0
24.95943,27.33619,35.23838,1198.90463,-2.97088,56.22801,9.22377020981807,3.4360970951576597,0.0
24.96834,27.3509,35.14523,1194.49168,-2.97767,56.23983,9.276737696960772,3.455828877776778,0.0
24.97722,27.36555,35.05227,1190.05059,-2.98085,56.25164,9.329065115152003,3.4753222178702474,0.0
24.98606,27.38015,34.95961,1185.58085,-2.98046,56.26342,9.380571956013075,3.4945098713175433,0.0
24.99486,27.39469,34.86737,1181.08208,-2.97654,56.27519,9.431078790105136,3.5133249959316206,0.0
25.00363,27.40919,34.77565,1176.55399,-2.96914,56.28694,9.480408174818942,3.5317014896717396,0.0
25.01236,27.42363,34.68457,1171.99641,-2.95834,56.29867,9.528385592632137,3.5495743401689923,0.0
25.02105,27.43802,34.59423,1167.40929,-2.94422,56.31038,9.574840411256103,3.5668799824062596,0.0
25.02971,27.45236,34.50472,1162.7927,-2.92686,56.32207,9.619606856384724,3.5835566610927314,0.0
25.03833,27.46664,34.41614,1158.14682,-2.90637,56.33374,9.662524986989553,3.5995447939870098,0.0
25.04692,27.48087,34.32858,1153.47194,-2.88289,56.34539,9.703441662681469,3.6147873322647786,0.0
25.05547,27.49505,34.24213,1148.76848,-2.85653,56.35702,9.742211492170473,3.62923011384504,0.0
25.06398,27.50917,34.15686,1144.03696,-2.82744,56.36862,9.778697751733446,3.6428222055435144,0.0
25.07245,27.52323,34.07285,1139.27802,-2.79578,56.3802,9.812773262587045,3.6555162299171307,0.0
25.08088,27.53724,33.99017,1134.4924,-2.76171,56.39175,9.844321216261417,3.667268672737452,0.0
25.08928,27.55119,33.90888,1129.68097,-2.72541,56.40328,9.873235937535613,3.6780401672041942,0.0
25.09764,27.56509,33.82904,1124.84466,-2.68707,56.41479,9.899423575053396,3.6877957512177812,0.0
25.10596,27.57893,33.7507,1119.98453,-2.64687,56.42627,9.922802710662909,3.6965050943744053,0.0
25.11425,27.59272,33.67389,1115.10173,-2.60502,56.43773,9.943304879441037,3.7041426916887836,0.0
25.12249,27.60645,33.59866,1110.19748,-2.56173,56.44916,9.960874993606664,3.7106880215130076,0.0
25.1307,27.62012,33.52504,1105.2731,-2.51722,56.46056,9.975471664811467,3.7161256655983297,0.0
25.13886,27.63373,33.45304,1100.32997,-2.47171,56.47194,9.987067420743593,3.720445389785748,0.0
25.14699,27.64729,33.38268,1095.36954,-2.42542,56.4833,9.995648813489494,3.723642184373628,0.0
25.15508,27.66078,33.31397,1090.39334,-2.37858,56.49462,10.00121641863021,3.725716263781053,0.0
25.16313,27.67422,33.24692,1085.40292,-2.33142,56.50592,10.003784725658203,3.7266730257252036,0.0
25.17115,27.6876,33.18151,1080.39991,-2.28418,56.51719,10.003381921816548,3.7265229706957808,0.0
25.17912,27.70092,33.11773,1075.38596,-2.23709,56.52844,10.000049572935703,3.72528158305829,0.0
25.18705,27.71419,33.05557,1070.36276,-2.19038,56.53966,9.993842206262187,3.722969175646759,0.0
25.19495,27.72739,32.995,1065.33202,-2.14428,56.55085,9.984826801545717,3.7196107001802994,0.0
25.2028,27.74053,32.93598,1060.29548,-2.09901,56.56201,9.973082197744285,3.715235526245142,0.0
25.21062,27.75362,32.87848,1055.25488,-2.05482,56.57315,9.958698423706537,3.7098771919562084,0.0
25.2184,27.76665,32.82245,1050.21195,-2.0119,56.58426,9.941775961940387,3.7035731296915513,0.0
25.22613,27.77961,32.76785,1045.16845,-1.97048,56.59535,9.922424955212024,3.696364370529606,0.0
25.23383,27.79252,32.71462,1040.12609,-1.93076,56.6064,9.900764366056903,3.688295231144922,0.0
25.24149,27.80537,32.6627,1035.0866,-1.89295,56.61743,9.87692109952146,3.679412987006371,0.0
25.24911,27.81815,32.61202,1030.05167,-1.85724,56.62844,9.851029099470438,3.6697675357278423,0.0
25.25669,27.83088,32.56253,1025.02296,-1.8238,56.63941,9.823228428588251,3.6594110543445533,0.0
25.26423,27.84355,32.51413,1020.00209,-1.79283,56.65037,9.793664341937015,3.648397654189033,0.0
25.27174,27.85616,32.46677,1014.99066,-1.76447,56.66129,9.762486363376262,3.636783036833164,0.0
25.2792,27.86871,32.42035,1009.99021,-1.73889,56.67219,9.729847373618489,3.6246241543648883,0.0
25.28662,27.8812,32.37479,1005.00223,-1.71622,56.68307,9.69590271792539,3.6119788769815644,0.0
25.29401,27.89363,32.33002,1000.02818,-1.6966,56.69392,9.660809340707495,3.598905670605572,0.0
25.30136,27.906,32.28594,995.06944,-1.68015,56.70475,9.624724953354612,3.5854632868792513,0.0
