0.04939,0.04939,53.09014,5214.18167,-0.14139,45.00008,26.6547423543033,9.929592855458168,0.0
0.09865,0.09865,53.09527,5199.31696,0.21652,45.00015,26.483981774342162,9.86598004644138,0.0
0.14776,0.14776,53.14882,5184.50763,0.57071,45.00022,26.13587073097058,9.736299523432667,0.0
0.19673,0.19674,53.24981,5169.85108,0.91833,45.00029,25.621910485755453,9.544835808982103,0.0
0.24556,0.24556,53.39689,5155.43783,1.25669,45.00036,24.957679505584245,9.297392291899403,0.0
0.29425,0.29425,53.58841,5141.34938,1.58339,45.00043,24.161895860571136,9.000941945804165,0.0
0.34279,0.34279,53.8224,5127.65676,1.89631,45.0005,23.255381685055532,8.663241563601144,0.0
0.3912,0.3912,54.09668,5114.41947,2.19372,45.00057,22.260019609625072,8.292443000950895,0.0
0.43947,0.43948,54.40889,5101.68512,2.47419,45.00065,21.197779434589616,7.896730586529083,0.0
0.48761,0.48762,54.75654,5089.48956,2.7367,45.00074,20.08987448383792,7.4840068416404115,0.0
0.53563,0.53564,55.13704,5077.85735,2.98055,45.00084,18.956085016687425,7.06164043333057,0.0
0.58352,0.58354,55.54776,5066.80266,3.20535,45.00095,17.81426440596514,6.636282212728132,0.0
0.6313,0.63133,55.98609,5056.33035,3.41101,45.00108,16.680025214852776,6.213748270409546,0.0
0.67897,0.679,56.44943,5046.43723,3.5977,45.00122,15.566588367687316,5.798963748553791,0.0
0.72654,0.72658,56.93526,5037.11329,3.76579,45.00139,14.484769765546751,5.395957854895906,0.0
0.77401,0.77405,57.44112,5028.34306,3.91582,45.00158,13.443074563516978,5.0078989834894845,0.0
0.82139,0.82144,57.96466,5020.10671,4.04847,45.00179,12.447869008213116,4.637158728704688,0.0
0.86868,0.86874,58.50365,5012.38125,4.16452,45.00204,11.50360212923772,4.285394471129483,0.0
0.91589,0.91596,59.05598,5005.14147,4.26482,45.00232,10.613053608197125,3.953641715300054,0.0
0.96299,0.96314,59.6184,4998.36287,4.3312,45.08235,9.779309190853283,3.6430499827035847,26.999999539429652
1.00996,1.01031,60.18791,4992.01891,4.38519,45.15624,9.003623179036103,3.354086533774385,26.999999539429652
1.05681,1.05747,60.76299,4986.08062,4.42765,45.2244,8.284292751787142,3.086117022901518,26.999999539429652
1.10354,1.10463,61.34223,4980.51993,4.45939,45.28725,7.619113736537755,2.838320337807892,26.999999539429652
1.15016,1.15179,61.92432,4975.30986,4.48122,45.34519,7.00551046832211,2.6097369755239126,26.999999539429652
1.19669,1.19893,62.50804,4970.42479,4.49389,45.3986,6.440665522540572,2.3993173712553113,26.999999539429652
1.24312,1.24607,63.0923,4965.8405,4.49812,45.44785,5.921625603593521,2.2059613446853468,26.999999539429652
1.28948,1.2932,63.67608,4961.53426,4.49459,45.49326,5.445386103694699,2.0285496003576498,26.999999539429652
1.33575,1.34032,64.25844,4957.48488,4.48393,45.53516,5.008957053407026,1.8659682959860755,26.999999539429652
1.38195,1.38744,64.83853,4953.67264,4.46671,45.57384,4.609413183379021,1.7171276917687297,26.999999539429652
1.42808,1.43455,65.41556,4950.07931,4.4435,45.60959,4.243930677099869,1.5809758417562492,26.999999539429652
1.47415,1.48165,65.98884,4946.68804,4.41478,45.64264,3.9098129723533823,1.456508205572282,26.999999539429652
1.52015,1.52874,66.55769,4943.48335,4.38103,45.67324,3.604507705427579,1.3427739605773845,26.999999539429652
1.56611,1.57583,67.12153,4940.45103,4.34267,45.7016,3.3256166155605356,1.2388796915357012,26.999999539429652
1.61201,1.62291,67.67981,4937.57806,4.30009,45.72791,3.0708999569046087,1.143991034187725,26.999999539429652
1.65787,1.66998,68.23203,4934.85251,4.25365,45.75236,2.8382767131569944,1.0573327552058278,26.999999539429652
1.70367,1.71705,68.77775,4932.26352,4.20368,45.77512,2.6258216826146543,0.9781876663005217,26.999999539429652
1.74944,1.76411,69.31654,4929.80115,4.15047,45.79633,2.431760301404371,0.9058946957374475,26.999999539429652
1.79517,1.81117,69.84803,4927.45637,4.09431,45.81613,2.2544619003791517,0.8398463763538633,26.999999539429652
1.84086,1.85822,70.37187,4925.22093,4.03544,45.83464,2.092431945264729,0.7794859548090407,26.999999539429652
1.88651,1.90526,70.88774,4923.08734,3.97408,45.85199,1.944303687898754,0.7243042814511969,26.999999539429652
1.93213,1.9523,71.39536,4921.04876,3.91045,45.86828,1.8088295561476082,0.67383660283496,26.999999539429652
1.97772,1.99933,71.89446,4919.099,3.84474,45.8836,1.6848725284873243,0.6276593485258156,26.999999539429652
2.02328,2.04636,72.38481,4917.23241,3.77711,45.89804,1.5713976736185336,0.5853869793840675,26.999999539429652
2.06882,2.09338,72.86617,4915.44384,3.70773,45.91167,1.467463983285285,0.5466689450749566,26.999999539429652
2.11432,2.1404,73.33834,4913.72863,3.63674,45.92457,1.3722165854416455,0.5111867832683357,26.999999539429652
2.1598,2.18742,73.80115,4912.08251,3.56427,45.93681,1.284879393042626,0.47865138111986694,26.999999539429652
2.20525,2.23443,74.25441,4910.50163,3.49043,45.94845,1.2047482193491192,0.44880041054096476,26.999999539429652
2.25069,2.28143,74.69798,4908.98246,3.41535,45.95953,1.131184372225711,0.4213959419061862,26.999999539429652
2.2961,2.32843,75.13171,4907.52179,3.3391,45.97011,1.0636087263300424,0.39622223578779736,26.999999539429652
2.34148,2.37543,75.55546,4906.11668,3.2618,45.98024,1.0014962622702424,0.3730837086482349,26.999999539429652
2.38685,2.42243,75.96912,4904.76448,3.18351,45.98996,0.9443710549727542,0.35180306587525645,26.999999539429652
2.4322,2.46942,76.37257,4903.46275,3.10433,45.99929,0.8918016889562772,0.3322195938508532,26.999999539429652
2.47753,2.51641,76.76571,4902.20927,3.0243,46.00829,0.8433970754264827,0.3141876017089722,26.999999539429652
2.52284,2.5634,77.14845,4901.002,2.9435,46.01697,0.798802644655692,0.297575002896762,26.999999539429652
2.56814,2.61038,77.5207,4899.83909,2.862,46.02538,0.7576968866443969,0.28226202647996873,26.999999539429652
2.61342,2.65737,77.88238,4898.71884,2.77983,46.03353,0.719788213324698,0.26814004823115595,26.999999539429652
2.65868,2.70435,78.23342,4897.63969,2.69705,46.04145,0.6848121163322726,0.2551105318249795,26.999999539429652
2.70392,2.75133,78.57374,4896.60021,2.6137,46.04916,0.6525285954914655,0.2430840708812233,26.999999539429652
2.74915,2.7983,78.90328,4895.59909,2.52984,46.05669,0.6227198345042737,0.23197952309778938,26.999999539429652
2.79437,2.84528,79.22199,4894.63512,2.44548,46.06404,0.5951881018052277,0.22172322826390992,26.999999539429652
2.83957,2.89226,79.52981,4893.7072,2.36068,46.07125,0.5697538560841601,0.2122483025175311,26.999999539429652
2.88476,2.93923,79.82669,4892.8143,2.27546,46.07832,0.546254037520202,0.20349400178501742,26.999999539429652
2.92994,2.98621,80.11258,4891.95548,2.18985,46.08528,0.524540527291888,0.19540514790813215,26.999999539429652
2.9751,3.03318,80.38745,4891.12987,2.10389,46.09212,0.5044787593917902,0.1879316115084637,26.999999539429652
3.02025,3.08016,80.65125,4890.33667,2.01759,46.09887,0.4859464701689492,0.18102784615907933,26.999999539429652
3.06539,3.12714,80.90395,4889.57512,1.93098,46.10554,0.46883257233963627,0.17465246892390782,26.999999539429652
3.11052,3.17411,81.14551,4888.84453,1.84408,46.11214,0.4530361414333845,0.16876788278221766,26.999999539429652
3.15563,3.22109,81.37591,4888.14427,1.75692,46.11868,0.43846550378287696,0.1633399368808538,26.999999539429652
3.20074,3.26807,81.5951,4887.47372,1.66952,46.12517,0.4250374162188096,0.15833762094899098,26.999999539429652
3.24583,3.31505,81.80308,4886.83232,1.58189,46.13161,0.41267632860118947,0.15373279057163797,26.999999539429652
3.29092,3.36203,81.99981,4886.21956,1.49404,46.13802,0.401313721202807,0.14949992034754672,26.999999539429652
3.33599,3.40901,82.18527,4885.63493,1.40601,46.14441,0.3908875097725277,0.14561588225963462,26.999999539429652
3.38105,3.456,82.35944,4885.07798,1.31779,46.15077,0.3813415118441538,0.1420597468609934,26.999999539429652
3.4261,3.50299,82.5223,4884.54826,1.22941,46.15713,0.3726249685296174,0.13881260513027097,26.999999539429652
3.47115,3.54998,82.67383,4884.04537,1.14088,46.16347,0.36469211664523543,0.13585740907744362,26.999999539429652
3.51618,3.59697,82.81403,4883.56891,1.05221,46.16982,0.3575018065754223,0.13317882938799416,26.999999539429652
3.56121,3.64397,82.94287,4883.11851,0.96341,46.17617,0.3510171617844834,0.13076312858209627,26.999999539429652
3.60622,3.69097,83.06034,4882.6938,0.87451,46.18253,0.34520527634295173,0.12859804833521643,26.999999539429652
3.65123,3.73797,83.16643,4882.29446,0.7855,46.18892,0.34003694725486233,0.12667270976298053,26.999999539429652
3.69623,3.78498,83.26113,4881.92014,0.69639,46.19532,0.33548643875214257,0.1249775256146328,26.999999539429652
3.74122,3.83199,83.34443,4881.57053,0.60721,46.20175,0.3315312760697104,0.1235041234488335,26.999999539429652
3.7862,3.87901,83.41633,4881.24532,0.51795,46.20821,0.3281520665343703,0.12224527898456533,26.999999539429652
3.83117,3.92603,83.47681,4880.94421,0.42864,46.2147,0.32533234609302986,0.12119485892885606,26.999999539429652
3.87614,3.97306,83.52587,4880.66691,0.33927,46.22124,0.32305844967859404,0.12034777268466326,26.999999539429652
3.9211,4.02009,83.56351,4880.41311,0.24986,46.22782,0.32131940406222476,0.1196999324355217,26.999999539429652
3.96605,4.06712,83.58972,4880.18254,0.16042,46.23445,0.320106842077788,0.11924822119189304,26.999999539429652
4.01099,4.11417,83.6045,4879.97491,0.07095,46.24113,0.3194149373282003,0.11899046846756202,26.999999539429652
4.05593,4.16122,83.60784,4879.78994,-0.01854,46.24787,0.3192403586930749,0.11892543333253744,26.999999539429652
4.10086,4.20827,83.59976,4879.62733,-0.10803,46.25467,0.3195822441627863,0.119052794665553,26.999999539429652
4.14578,4.25533,83.58024,4879.4868,-0.19751,46.26154,0.3204421937224391,0.11937314850315842,26.999999539429652
4.1907,4.3024,83.5493,4879.36806,-0.28699,46.26848,0.3218242812014297,0.11988801245399253,26.999999539429652
4.2356,4.34947,83.50692,4879.2708,-0.37645,46.27549,0.32373508520052396,0.12059983721993421,26.999999539429652
4.28051,4.39656,83.45313,4879.19474,-0.46587,46.28258,0.3261837394004881,0.1215120253373904,26.999999539429652
4.3254,4.44365,83.38791,4879.13955,-0.55526,46.28975,0.3291820027546095,0.12262895732585735,26.999999539429652
4.37029,4.49074,83.31128,4879.10492,-0.6446,46.297,0.33274435027018096,0.12395602550641198,26.999999539429652
4.41517,4.53785,83.22324,4879.0905,-0.73388,46.30435,0.3368880852960806,0.1254996758317899,26.999999539429652
4.46005,4.58496,83.1238,4879.09597,-0.82309,46.3118,0.3416334744527544,0.12726745815135407,26.999999539429652
4.50492,4.63209,83.01298,4879.12095,-0.91222,46.31934,0.34700390657551344,0.1292680854216553,26.999999539429652
4.54978,4.67922,82.89077,4879.16508,-1.00126,46.327,0.35302607729260704,0.13151150246662055,26.999999539429652
4.59464,4.72636,82.7572,4879.22796,-1.09021,46.33476,0.35973020112347764,0.13400896498973408,26.999999539429652
4.63949,4.77351,82.61227,4879.30916,-1.17904,46.34264,0.36715025327256373,0.13677312964859065,26.999999539429652
4.68433,4.82067,82.456,4879.40827,-1.26775,46.35065,0.3753242436051665,0.13981815611811466,26.999999539429652
4.72917,4.86784,82.28841,4879.52481,-1.35632,46.35878,0.3842945256292352,0.14315982219440515,26.999999539429652
4.774,4.91502,82.10952,4879.65829,-1.44474,46.36705,0.39410814367533165,0.14681565312840708,26.999999539429652
4.81883,4.96221,81.91933,4879.80818,-1.53299,46.37546,0.4048172218695253,0.15080506652854975,26.999999539429652
4.86365,5.00941,81.71788,4879.97395,-1.62107,46.38403,0.4164793989321423,0.15514953433472062,26.999999539429652
4.90847,5.05663,81.50519,4880.15498,-1.70895,46.39275,0.42915831331270915,0.1598727635437967,26.999999539429652
4.95328,5.10385,81.28128,4880.35064,-1.79662,46.40163,0.4429241436972873,0.16500089756284825,26.999999539429652
4.99808,5.15109,81.04617,4880.56026,-1.88406,46.4107,0.4578542104912649,0.1705627402773046,26.999999539429652
5.04288,5.19833,80.79991,4880.7831,-1.97125,46.41994,0.47403364450411034,0.17659000515361917,26.999999539429652
5.08767,5.24559,80.54252,4881.01838,-2.05816,46.42939,0.4915561297348744,0.18311759194641278,26.999999539429652
5.13245,5.29287,80.27403,4881.26526,-2.14479,46.43904,0.5105247278871782,0.19018389385200085,26.999999539429652
5.17723,5.34015,79.99449,4881.52281,-2.2311,46.4489,0.5310527930304166,0.1978311382437581,26.999999539429652
5.222,5.38745,79.70393,4881.79007,-2.31707,46.459,0.5532649856632564,0.206105764437453,26.999999539429652
5.26676,5.43476,79.4024,4882.06595,-2.40266,46.46935,0.5772983963378471,0.21505884227083072,26.999999539429652
5.31152,5.48209,79.08995,4882.34933,-2.48786,46.47995,0.6033037899468837,0.22474653563328328,26.999999539429652
5.35627,5.52942,78.76662,4882.63894,-2.57263,46.49084,0.631446982768834,0.23523061545142882,26.999999539429652
5.40102,5.57678,78.43248,4882.93343,-2.65693,46.50201,0.6619103653845803,0.24657902701563084,26.999999539429652
5.44576,5.62414,78.08759,4883.23134,-2.74072,46.51351,0.694894585614356,0.2588665169182884,26.999999539429652
5.49048,5.67153,77.73201,4883.53107,-2.82397,46.52533,0.7306204066367585,0.27217532525205773,26.999999539429652
5.53521,5.71893,77.36582,4883.83089,-2.90663,46.53752,0.7693307564285086,0.286595949080087,26.999999539429652
5.57992,5.76634,76.98908,4884.1289,-2.98865,46.55008,0.81129298552712,0.30222798351201624,26.999999539429652
5.62462,5.81377,76.6019,4884.42305,-3.06998,46.56306,0.8568013508414727,0.3191810469887683,26.999999539429652
5.66932,5.86121,76.20435,4884.71109,-3.15056,46.57648,0.9061797436934407,0.33757579754983497,26.999999539429652
5.71401,5.90867,75.79654,4884.99058,-3.23032,46.59037,0.959784680407075,0.3575450469064343,26.999999539429652
5.75868,5.95615,75.37858,4885.25883,-3.30921,46.60476,1.0180085733796511,0.37923497900154274,26.999999539429652
5.80335,6.00365,74.95059,4885.51292,-3.38714,46.6197,1.081283299552639,0.4028064793592243,26.999999539429652
5.84801,6.05116,74.51269,4885.74966,-3.46404,46.63523,1.15008408127827,0.42843658080953795,26.999999539429652
5.89265,6.09869,74.06502,4885.96555,-3.53981,46.6514,1.2249336915116127,0.4563200300332308,26.999999539429652
5.93728,6.14624,73.60773,4886.15676,-3.61435,46.66825,1.3064069906844187,0.4866709776666185,26.999999539429652
5.9819,6.19381,73.141,4886.31911,-3.68757,46.68584,1.395135796128379,0.5197247922898703,26.999999539429652
6.02651,6.24139,72.66499,4886.44801,-3.75933,46.70423,1.4918140759797307,0.5557399952931358,26.999999539429652
6.0711,6.289,72.17991,4886.53843,-3.82952,46.72348,1.5972034475228776,0.5950003091542115,26.999999539429652
6.11567,6.33663,71.68598,4886.58486,-3.89799,46.74368,1.7121389441387111,0.6378168057785304,26.999999539429652
6.16023,6.38427,71.18342,4886.58129,-3.96459,46.7649,1.837534994566752,0.6845301339316321,26.999999539429652
6.20477,6.43194,70.6725,4886.52111,-4.02914,46.78723,1.9743915320276622,0.7355127950480396,26.999999539429652
6.24929,6.47963,70.15348,4886.39708,-4.09147,46.81076,2.123800117712633,0.7911714243921749,26.999999539429652
6.29378,6.52733,69.62668,4886.20128,-4.15137,46.8356,2.286949921925088,0.8519490191910176,26.999999539429652
6.33826,6.57507,69.09244,4885.92505,-4.20862,46.86187,2.465133355306081,0.9183270364137301,26.999999539429652
6.38271,6.62282,68.5511,4885.55892,-4.26297,46.88969,2.6597510805928644,0.9908272597835942,26.999999539429652
6.42713,6.6706,68.00308,4885.09252,-4.31416,46.91919,2.872316060758355,1.0700133078164726,26.999999539429652
6.47153,6.7184,67.44881,4884.51455,-4.3619,46.95054,3.1044562107783165,1.1564916216738588,26.999999539429652
6.51589,6.76622,66.88876,4883.81271,-4.40588,46.98389,3.3579151167035555,1.2509117330361874,26.999999539429652
6.56022,6.81407,66.32345,4882.97357,-4.44574,47.01943,3.6345501667397726,1.3539655678809073,26.999999539429652
6.60451,6.86195,65.75344,4881.98256,-4.48112,47.05734,3.936327305327396,1.4663854922391892,26.999999539429652
6.64876,6.90985,65.17936,4880.8239,-4.51161,47.09784,4.2653114748805265,1.588940751492191,26.999999539429652
6.69297,6.95778,64.60188,4879.4805,-4.53676,47.14116,4.62365165530156,1.722431897196619,26.999999539429652
6.73713,7.00574,64.02174,4877.93396,-4.55611,47.18755,5.013559255963766,1.8676827375296976,26.999999539429652
6.78124,7.05373,63.43972,4876.16447,-4.56915,47.23726,5.437278470042589,2.0255292934975584,26.999999539429652
6.82529,7.10174,62.8567,4874.15088,-4.57532,47.29058,5.897047083167249,2.196805199126767,26.999999539429652
6.86928,7.14979,62.27362,4871.87062,-4.57406,47.34782,6.395046160166387,2.3823229584532633,26.999999539429652
6.9132,7.19786,61.69149,4869.2998,-4.56473,47.4093,6.9333370446578,2.5828504762118913,26.999999539429652
6.95705,7.24597,61.11142,4866.41327,-4.5467,47.47535,7.513784233608445,2.7990823265807085,26.999999539429652
7.00082,7.29411,60.5346,4863.18474,-4.51929,47.54632,8.137962977059084,3.0316053316472242,26.999999539429652
7.04451,7.34229,59.96228,4859.58697,-4.48178,47.62258,8.807050951624877,3.2808582069371206,26.999999539429652
7.0881,7.3905,59.39585,4855.59201,-4.43347,47.70451,9.521704116564637,3.547085314533632,26.999999539429652
7.13159,7.43874,58.83675,4851.17156,-4.37362,47.79249,10.281917930017851,3.8302849624742143,26.999999539429652
7.17497,7.48703,58.28653,4846.29733,-4.30151,47.88689,11.08687651311293,4.130153214412137,26.999999539429652
7.21823,7.53534,57.74682,4840.94158,-4.21641,47.98809,11.934794106809811,4.446024828118826,26.999999539429652
7.26136,7.5837,57.21934,4835.0777,-4.11766,48.09645,12.822755233184093,4.776813711356604,26.999999539429652
7.30435,7.6321,56.70588,4828.68089,-4.00462,48.21228,13.746562252129284,5.120956132739241,26.999999539429652
7.34719,7.68053,56.20831,4821.72891,-3.87672,48.3359,14.700601322010892,5.476360788548828,26.999999539429652
7.38987,7.72901,55.72854,4814.20298,-3.7335,48.46754,15.67773986914217,5.840370607417743,26.999999539429652
7.43238,7.77752,55.26853,4806.08861,-3.5746,48.6074,16.669270201802107,6.209741745066747,26.999999539429652
7.4747,7.82607,54.83025,4797.37656,-3.39983,48.75558,17.66491446260129,6.580645429191587,26.999999539429652
7.51683,7.87466,54.41568,4788.06371,-3.20914,48.91212,18.652905272358463,6.948698001428862,26.999999539429652
7.55874,7.9233,54.02677,4778.15391,-3.0027,49.07694,19.620153805324733,7.309023529799377,26.999999539429652
7.60051,7.9719,53.66786,4767.65507,-2.74148,49.08541,20.545373014476585,7.653692029190958,0.0
7.64219,8.02043,53.34332,4756.58868,-2.46389,49.09388,21.405238520377644,7.974014554562191,0.0
7.68377,8.06886,53.05499,4744.99209,-2.17117,49.10234,22.182584646330373,8.263596439687117,0.0
7.72525,8.11719,52.80454,4732.91235,-1.86486,49.11079,22.86111841070333,8.516368120213869,0.0
7.76662,8.16542,52.59336,4720.40566,-1.54682,49.11922,23.426074286224235,8.726829048729119,0.0
7.80789,8.21354,52.4226,4707.53639,-1.21915,49.12763,23.864910628988955,8.890307132888072,0.0
7.84904,8.26155,52.29311,4694.37569,-0.88417,49.13603,24.16792517738386,9.003188024957778,0.0
7.89007,8.30943,52.20541,4680.99986,-0.54438,49.1444,24.328737485447103,9.063094840937813,0.0
7.93097,8.35719,52.1597,4667.48842,-0.20239,49.15275,24.344596336569875,9.069002680252533,0.0
7.97176,8.40483,52.15585,4653.92202,0.13916,49.16108,24.216485964948816,9.021278196036944,0.0
8.01241,8.45233,52.1934,4640.38043,0.47765,49.16938,23.94902414212641,8.921641629691502,0.0
8.05294,8.49971,52.27159,4626.94055,0.81054,49.17766,23.55016506502462,8.773056128857156,0.0
8.09335,8.54695,52.38936,4613.67462,1.13547,49.18592,23.030737637280627,8.579555745064361,0.0
8.13362,8.59407,52.54539,4600.64873,1.45025,49.19416,22.40386280148378,8.346028374660424,0.0
8.17377,8.64105,52.73812,4587.92171,1.75295,49.20237,21.68430062735144,8.07797253197587,0.0
8.2138,8.68791,52.96581,4575.54427,2.04189,49.21057,20.88777858427845,7.781247113174904,0.0
8.2537,8.73465,53.22655,4563.55859,2.31571,49.21875,20.030347557151806,7.461831495202129,0.0
8.29349,8.78126,53.5183,4551.99828,2.57332,49.22691,19.127803179360058,7.1256099671029105,0.0
8.33316,8.82776,53.83895,4540.88851,2.81391,49.23507,18.195198784702434,6.778190291794506,0.0
8.37272,8.87415,54.18634,4530.24652,3.03696,49.24321,17.246464516454875,6.424761814171332,0.0
8.41217,8.92042,54.55826,4520.08224,3.24219,49.25135,16.29413634862829,6.069994514393784,0.0
8.45152,8.9666,54.95254,4510.39908,3.42956,49.25949,15.349189963960104,5.717977123069145,0.0
8.49077,9.01268,55.367,4501.19474,3.59921,49.26763,14.420968077703275,5.372190047450772,0.0
8.52993,9.05866,55.79955,4492.4621,3.75147,49.27577,13.517185940485877,5.035507421398086,0.0
8.569,9.10456,56.24814,4484.19005,3.8868,49.28391,12.64399812395595,4.710221984786508,0.0
8.60798,9.15037,56.7108,4476.36435,4.00575,49.29207,11.806109834660104,4.398086550856084,0.0
8.64688,9.19611,57.18564,4468.96833,4.109,49.30024,11.006917396264859,4.100366339535249,0.0
8.6857,9.24178,57.67088,4461.98356,4.19726,49.30842,10.248664693920972,3.817897257082828,0.0
8.72445,9.28738,58.16482,4455.39047,4.27128,49.31662,9.532604870934657,3.5511461323525744,0.0
8.76314,9.33291,58.66586,4449.16884,4.33185,49.32484,8.859159091649119,3.3002698601438296,0.0
8.80176,9.37839,59.17251,4443.29818,4.37976,49.33308,8.228066521980239,3.0651712728973033,0.0
8.84031,9.42381,59.68337,4437.75814,4.41578,49.34135,7.63852170605993,2.8455503171093137,0.0
8.87881,9.46919,60.19713,4432.52871,4.44069,49.34964,7.089297180229781,2.64094973027059,0.0
8.91726,9.51451,60.71257,4427.5905,4.45524,49.35797,6.578850460416563,2.450794896478655,0.0
8.95565,9.5598,61.22858,4422.92483,4.46014,49.36632,6.105415494428076,2.274427914824286,0.0
8.994,9.60504,61.74409,4418.51389,4.45608,49.3747,5.667079332757898,2.1111361612836075,0.0
9.03229,9.65025,62.25816,4414.34081,4.44372,49.38312,5.261845193081197,1.9601757819021177,0.0
9.07055,9.69542,62.76987,4410.38965,4.42366,49.39158,4.88768332699886,1.8207906419952504,0.0
9.10876,9.74057,63.27842,4406.64547,4.39649,49.40007,4.542571190303726,1.6922272906294973,0.0
9.14693,9.78568,63.78304,4403.09433,4.36274,49.40859,4.224524410928795,1.5737464969979307,0.0
9.18507,9.83077,64.28304,4399.72321,4.32292,49.41716,3.931619974734049,1.4646318877358455,0.0
9.22317,9.87583,64.77776,4396.52006,4.27751,49.42577,3.6620129344190393,1.36419617143034,0.0
9.26123,9.92088,65.26662,4393.47369,4.22693,49.43442,3.4139478103612917,1.271785385732594,0.0
9.29926,9.9659,65.74907,4390.57378,4.17159,49.44311,3.185765708084408,1.1867815488020086,0.0
9.33726,10.0109,66.22462,4387.8108,4.11185,49.45184,2.975908034874681,1.1086040438436853,0.0
9.37523,10.05589,66.6928,4385.17598,4.04808,49.46062,2.7829175638281183,1.036710015493939,0.0
9.41318,10.10086,67.15318,4382.66124,3.98057,49.46944,2.605437471053751,0.9705940111531998,0.0
9.45109,10.14582,67.60538,4380.25917,3.90963,49.47831,2.442208862470132,0.9097870596526307,0.0
9.48898,10.19077,68.04904,4377.96296,3.83553,49.48723,2.292067211152658,0.8538553440722702,0.0
9.52684,10.2357,68.48384,4375.76635,3.7585,49.49619,2.1539380441246987,0.8023985949572379,0.0
9.56468,10.28063,68.90946,4373.66362,3.67878,49.50519,2.0268321479188516,0.7550483042631535,0.0
9.60249,10.32554,69.32562,4371.6495,3.59657,49.51425,1.909840504018519,0.7114658386748677,0.0
9.64028,10.37045,69.73208,4369.71917,3.51207,49.52335,1.802129117090304,0.6713405129869522,0.0
9.67805,10.41535,70.1286,4367.86821,3.42545,49.5325,1.7029338594485435,0.6343876695310882,0.0
9.71579,10.46025,70.51495,4366.09257,3.33688,49.5417,1.6115554232033005,0.6003467977183762,0.0
9.75352,10.50514,70.89094,4364.38852,3.2465,49.55095,1.527354445864172,0.5689797181985012,0.0
9.79123,10.55002,71.25638,4362.75265,3.15445,49.56025,1.4497468547779595,0.540068848540271,0.0
9.82891,10.5949,71.6111,4361.18182,3.06087,49.56959,1.3781994597737786,0.5134155613759529,0.0
9.86658,10.63978,71.95495,4359.67315,2.96585,49.57899,1.3122258109721339,0.4888386413261684,0.0
9.90422,10.68466,72.28778,4358.224,2.86952,49.58844,1.2513823292131914,0.46617284348260923,0.0
9.94185,10.72953,72.60945,4356.83191,2.77197,49.59794,1.1952647094399815,0.4452675535736477,0.0
9.97947,10.77441,72.91984,4355.49465,2.67329,49.60749,1.1435045921209985,0.4259855479816757,0.0
10.01706,10.81928,73.21884,4354.21015,2.57356,49.61709,1.095766494055467,0.40820185038730994,0.0
10.05464,10.86415,73.50635,4352.97648,2.47287,49.62674,1.0517449873403202,0.3918026808603663,0.0
10.0922,10.90903,73.78226,4351.79188,2.37129,49.63644,1.0111621136306765,0.3766844926038522,0.0
10.12974,10.9539,74.04648,4350.65471,2.26888,49.6462,0.9737650198853144,0.36275309120694843,0.0
10.16727,10.99878,74.29895,4349.56346,2.16571,49.656,0.9393238013865369,0.3499228311131562,0.0
10.20478,11.04366,74.53957,4348.5167,2.06183,49.66586,0.9076295378211704,0.3381158840087936,0.0
10.24228,11.08854,74.76827,4347.51313,1.9573,49.67577,0.8784925085000765,0.32726157394530503,0.0
10.27976,11.13343,74.98501,4346.55151,1.85216,49.68574,0.8517405733005474,0.3172957741977026,0.0
10.31723,11.17831,75.18971,4345.6307,1.74648,49.69575,0.8272177065564429,0.3081603611000667,0.0
10.35468,11.22321,75.38232,4344.74963,1.64028,49.70582,0.8047826718643958,0.2998027203759896,0.0
10.39212,11.2681,75.56279,4343.90728,1.53362,49.71594,0.7843078265658384,0.29217530177667445,0.0
10.42954,11.313,75.73108,4343.1027,1.42653,49.72611,0.7656780454867692,0.2852352181456799,0.0
10.46695,11.35791,75.88714,4342.33498,1.31905,49.73634,0.7487897543389731,0.27894388533544257,0.0
10.50435,11.40282,76.03094,4341.60328,1.21121,49.74662,0.7335500640023831,0.2732666997046773,0.0
10.54173,11.44774,76.16245,4340.90678,1.10305,49.75695,0.7198759976958102,0.268172750219141,0.0
10.5791,11.49266,76.28163,4340.24469,0.9946,49.76733,0.7076938038110785,0.26363456246426636,0.0
10.61646,11.53759,76.38846,4339.61628,0.88589,49.77777,0.6969383479110677,0.2596278721484359,0.0
10.6538,11.58253,76.48291,4339.02081,0.77695,49.78826,0.6875525780898671,0.2561314259355719,0.0
10.69113,11.62747,76.56496,4338.45759,0.6678,49.79881,0.6794870585539391,0.2531268076918477,0.0
10.72845,11.67242,76.6346,4337.92594,0.55848,49.8094,0.6726995669055373,0.2505982884631645,0.0
10.76576,11.71738,76.6918,4337.4252,0.44901,49.82005,0.6671547512098797,0.24853269872365064,0.0
10.80305,11.76234,76.73657,4336.95472,0.33942,49.83076,0.6628238434827027,0.24691932164223676,0.0
10.84033,11.80732,76.76888,4336.51384,0.22973,49.84152,0.6596844267797347,0.24574980631735635,0.0
10.87761,11.8523,76.78873,4336.10193,0.11997,49.85233,0.6577202535765788,0.2450181001186734,0.0
10.91486,11.89729,76.79611,4335.71834,0.01016,49.86319,0.6569211136244778,0.24472039945987822,0.0
10.95211,11.94229,76.79103,4335.36245,-0.09968,49.87411,0.657282749939963,0.2448551185026206,0.0
10.98935,11.9873,76.77349,4335.0336,-0.20952,49.88508,0.6588068220529056,0.2454228754654424,0.0
11.02657,12.03232,76.74348,4334.73114,-0.31933,49.89611,0.6615009160884846,0.24642649637957587,0.0
11.06379,12.07735,76.70101,4334.45441,-0.42909,49.90719,0.6653786017090557,0.2478710363012878,0.0
11.10099,12.12239,76.6461,4334.20271,-0.53877,49.91832,0.6704595363860822,0.2497638181559174,0.0
11.13818,12.16744,76.57875,4333.97536,-0.64836,49.92951,0.67676961791967,0.2521144895554162,0.0
11.17536,12.2125,76.49898,4333.77162,-0.75782,49.94075,0.6843411865783561,0.25493509810073806,0.0
11.21253,12.25757,76.4068,4333.59076,-0.86713,49.95205,0.693213278685642,0.2582401858494947,0.0
11.24969,12.30265,76.30223,4333.43198,-0.97626,49.9634,0.7034319339539432,0.26204690380593865,0.0
11.28684,12.34774,76.18531,4333.29448,-1.08519,49.9748,0.7150505593505521,0.2663751474706082,0.0
11.32398,12.39285,76.05604,4333.17741,-1.19387,49.98626,0.7281303527728207,0.27124771467048053,0.0
11.3611,12.43797,75.91424,4333.08035,-1.30621,50.00772,0.7427641556243902,0.27669919127121645,42.999999266499074
11.3982,12.4831,75.75972,4333.00284,-1.41832,50.02944,0.7590561101579156,0.28276837300207747,42.999999266499074
11.43529,12.52826,75.5925,4332.94387,-1.53019,50.05146,0.7770986722456384,0.2894897021081338,42.999999266499074
11.47236,12.57343,75.41262,4332.90237,-1.64179,50.07378,0.7969953226468692,0.2969017278949715,42.999999266499074
11.50941,12.61863,75.22009,4332.87721,-1.75309,50.09645,0.8188615366068112,0.30504746792976517,42.999999266499074
11.54644,12.66384,75.01497,4332.86718,-1.86406,50.11948,0.84282580459899,0.31397478829469105,42.999999266499074
11.58345,12.70907,74.79729,4332.87097,-1.97466,50.14291,0.8690307750952191,0.32373682929880676,42.999999266499074
11.62045,12.75433,74.56708,4332.88721,-2.08486,50.16676,0.8976345307884451,0.33439248090464085,42.999999266499074
11.65742,12.7996,74.32441,4332.91439,-2.19463,50.19108,0.928812010854749,0.3460069125582104,42.999999266499074
11.69437,12.84489,74.06933,4332.95094,-2.30393,50.21589,0.9627565930485013,0.3586521625610932,42.999999266499074
11.7313,12.89021,73.80188,4332.99511,-2.41272,50.24124,0.9996818506651076,0.3724077925852796,42.999999266499074
11.76821,12.93555,73.52212,4333.04505,-2.52094,50.26716,1.03982350065809,0.3873616133980428,42.999999266499074
11.80511,12.98091,73.23014,4333.09874,-2.62855,50.29371,1.0834415604360876,0.4036104883255706,42.999999266499074
11.84197,13.02629,72.92599,4333.15402,-2.7355,50.32094,1.1308227320366255,0.42126122142042566,42.999999266499074
11.87882,13.0717,72.60976,4333.20852,-2.84174,50.34888,1.1822830334514132,0.44043153769945387,42.999999266499074
11.91564,13.11713,72.28153,4333.25969,-2.94719,50.37761,1.2381706977430065,0.46125116314102016,42.999999266499074
11.95244,13.16258,71.9414,4333.30475,-3.0518,50.40719,1.2988693612073117,0.48386301235942836,42.999999266499074
11.98922,13.20806,71.58947,4333.34067,-3.15549,50.43768,1.3648015620172602,0.5084244919417438,42.999999266499074
12.02597,13.25356,71.22584,4333.36418,-3.25819,50.46916,1.436432570412623,0.5351089272942778,42.999999266499074
12.06269,13.29909,70.85064,4333.37169,-3.3598,50.50171,1.5142745703591816,0.5641071204206554,42.999999266499074
12.09938,13.34464,70.464,4333.3593,-3.46023,50.53542,1.5988912104165065,0.5956290452398026,42.999999266499074
12.13605,13.39022,70.06606,4333.32275,-3.55939,50.57037,1.6909025380409786,0.6299056857436519,42.999999266499074
12.17269,13.43583,69.65698,4333.2574,-3.65716,50.60669,1.7909903262600548,0.6671910203234589,42.999999266499074
12.20929,13.48146,69.23692,4333.15817,-3.75343,50.64448,1.8999037941352277,0.7077641527927694,42.999999266499074
12.24587,13.52712,68.80606,4333.01951,-3.84805,50.68387,2.0184657120485583,0.7519315867672928,42.999999266499074
12.28241,13.57281,68.36461,4332.83536,-3.94089,50.725,2.147578868890219,0.8000296348624238,42.999999266499074
12.31891,13.61854,67.91278,4332.5991,-4.03179,50.76802,2.288232859806409,0.8524269473079368,42.999999266499074
12.35537,13.66429,67.45082,4332.30346,-4.12057,50.81308,2.441511129243132,0.9095271356671071,42.999999266499074
12.3918,13.71007,66.97897,4331.94054,-4.20706,50.86038,2.6085981734203445,0.9717714559478403,42.999999266499074
12.42818,13.75589,66.49753,4331.50165,-4.29103,50.91011,2.7907867676417952,1.0396415009657474,42.999999266499074
12.46452,13.80173,66.0068,4330.97733,-4.37227,50.96248,2.989485035501523,1.11366183380957,42.999999266499074
12.50081,13.84762,65.50711,4330.3572,-4.45053,51.01773,3.20622311732443,1.1944024720107491,42.999999266499074
12.53705,13.89353,64.99884,4329.62997,-4.52553,51.07612,3.442659122335937,1.282481104883233,42.999999266499074
12.57323,13.93949,64.48239,4328.78328,-4.597,51.13793,3.7005839612681863,1.3785648937964428,42.999999266499074
12.60936,13.98548,63.95818,4327.80367,-4.66459,51.20347,3.981924551802892,1.4833716662870715,42.999999266499074
12.64542,14.0315,63.42671,4326.67648,-4.72797,51.27308,4.288744767176994,1.5976702694396534,42.999999266499074
12.68142,14.07757,62.88848,4325.38576,-4.78676,51.34711,4.62324335795343,1.7222797956914904,42.999999266499074
12.71734,14.12368,62.34408,4323.9142,-4.84053,51.42597,4.987747919138725,1.8580673354252257,42.999999266499074
12.75319,14.16983,61.79411,4322.24305,-4.88884,51.51009,5.384703801972479,2.0059438463186714,42.999999266499074
12.78896,14.21603,61.23925,4320.35203,-4.93121,51.59993,5.81665668704544,2.166857661372771,42.999999266499074
12.82464,14.26227,60.68023,4318.21932,-4.96711,51.696,6.286227351572051,2.3417850890567,42.999999266499074
12.86022,14.30856,60.11786,4315.82145,-4.99598,51.79883,6.796076992197594,2.5317174951411268,42.999999266499074
12.8957,14.3549,59.55299,4313.13333,-5.0172,51.90902,7.348861325120737,2.7376442037861533,42.999999266499074
12.93107,14.40129,58.98657,4310.12824,-5.03015,52.02717,7.9471716042873775,2.96053052526662,42.999999266499074
12.96632,14.44773,58.41961,4306.77789,-5.03414,52.15393,8.59346071118298,3.201290222475059,42.999999266499074
13.00144,14.49423,57.8532,4303.05248,-5.02844,52.29002,9.289952620136836,3.4607517843654163,42.999999266499074
13.03642,14.54079,57.28853,4298.92089,-5.01231,52.43613,10.038533883596946,3.739618001362758,42.999999266499074
13.07124,14.5874,56.72685,4294.35086,-4.98496,52.59304,10.840626370949257,4.038418557224981,42.999999266499074
13.10591,14.63408,56.16953,4289.3093,-4.9456,52.76151,11.697041392859202,4.3574556865218295,42.999999266499074
13.1404,14.68082,55.61801,4283.76267,-4.89339,52.94233,12.607816605217142,4.696743417063249,42.999999266499074
13.1747,14.72763,55.07381,4277.67747,-4.82753,53.13629,13.572038750197274,5.055941536279867,42.999999266499074
13.20879,14.77451,54.53857,4271.02078,-4.74722,53.34415,14.587657361634918,5.434286191574328,42.999999266499074
13.24267,14.82145,54.01399,4263.76101,-4.65167,53.56668,15.65129699119436,5.83051993962819,42.999999266499074
13.27631,14.86848,53.50183,4255.86867,-4.54018,53.80457,16.75807818261753,6.242825054599098,42.999999266499074
13.30969,14.91557,53.00395,4247.31728,-4.41208,54.05845,17.901460125117804,6.668764912369951,42.999999266499074
13.34281,14.96275,52.52224,4238.08435,-4.26683,54.32887,19.073120344413734,7.105239172293422,42.999999266499074
13.37563,15.01,52.05864,4228.15243,-4.10401,54.61626,20.26288853447449,7.548459127776182,42.999999266499074
13.40815,15.05732,51.61511,4217.51018,-3.92333,54.92088,21.458752217308696,7.993949814699116,42.999999266499074
13.44034,15.10473,51.19359,4206.1534,-3.72471,55.24287,22.646950848174072,8.436585068084007,42.999999266499074
13.47219,15.15222,50.79601,4194.08605,-3.50827,55.58214,23.812171834215533,8.870660544193766,42.999999266499074
13.50367,15.19978,50.42426,4181.32105,-3.27435,55.93839,24.93785645672021,9.290007684621745,42.999999266499074
13.53477,15.24742,50.08012,4167.88095,-3.02354,56.3111,26.006615924371513,9.688148707075872,42.999999266499074
13.56547,15.29513,49.76528,4153.79832,-2.75671,56.69949,27.000748166614944,10.058489124505092,42.999999266499074
13.59574,15.34292,49.48128,4139.11579,-2.47499,57.10255,27.90283536075622,10.394540339665285,42.999999266499074
13.62559,15.39077,49.22948,4123.88586,-2.17976,57.51899,28.69639181521922,10.690160998679698,42.999999266499074
13.65499,15.43868,49.01108,4108.17017,-1.87269,57.94731,29.36652318509138,10.939802566174597,42.999999266499074
13.68393,15.48665,48.82702,4092.03858,-1.55563,58.38579,29.900552554100862,11.138742557288989,42.999999266499074
13.7124,15.53467,48.67801,4075.56774,-1.23066,58.83254,30.288567866600125,11.283288470492273,42.999999266499074
13.74039,15.58274,48.56453,4058.83955,-0.90002,59.28549,30.523849147377803,11.37093693820503,42.999999266499074
13.7679,15.63084,48.48677,4041.93927,-0.56602,59.7425,30.60314275723853,11.400475894218589,42.999999266499074
13.79492,15.67898,48.44468,4024.95359,-0.23107,60.20136,30.52676264591709,11.372022293069675,42.999999266499074
13.82145,15.72714,48.43792,4007.96863,0.10245,60.65985,30.298513565062756,11.286993504856675,42.999999266499074
13.8475,15.77532,48.46595,3991.06811,0.43219,61.11581,29.925446501181383,11.148016207575647,42.999999266499074
13.87307,15.8235,48.52793,3974.33153,0.75592,61.56715,29.417470189449816,10.958781665794476,42.999999266499074
13.89817,15.8717,48.62287,3957.83275,1.07153,62.01192,28.786852842927264,10.723860111673831,42.999999266499074
13.9228,15.91989,48.74954,3941.63874,1.37711,62.44832,28.047654172909702,10.448489157604731,42.999999266499074
13.94698,15.96807,48.90657,3925.80875,1.67095,62.87476,27.215129120097536,10.138351670379723,42.999999266499074
13.97071,16.01623,49.09244,3910.39367,1.95157,63.28983,26.30514188970302,9.799357483852733,42.999999266499074
13.99401,16.06438,49.30551,3895.43585,2.21774,63.69236,25.333622830414345,9.437441072062814,42.999999266499074
14.0169,16.11251,49.54408,3880.96912,2.46845,64.08141,24.31609263718753,9.058384302255144,42.999999266499074
14.03939,16.16061,49.80637,3867.01906,2.70297,64.45622,23.267269541186284,8.66767010279817,42.999999266499074
14.06149,16.20868,50.09056,3853.60348,2.92075,64.81629,22.200766662794805,8.270369719217765,42.999999266499074
14.08323,16.25672,50.39483,3840.73306,3.12148,65.16127,21.12887934505641,7.8710634903075025,42.999999266499074
14.10462,16.30473,50.71737,3828.41206,3.30503,65.49102,20.062456527344995,7.473792931436943,42.999999266499074
14.12568,16.3527,51.05638,3816.63909,3.47146,65.80554,19.010846229288806,7.082040425878804,42.999999266499074
14.14641,16.40063,51.4101,3805.40794,3.62095,66.10498,17.981902917837896,6.698731969235444,42.999999266499074
14.16685,16.44853,51.77682,3794.70834,3.75384,66.38961,16.982043688204904,6.326258098317506,42.999999266499074
14.18701,16.4964,52.15488,3784.52671,3.87054,66.65979,16.016340482183082,5.966508244893798,42.999999266499074
14.20689,16.54423,52.54269,3774.84689,3.97158,66.91595,15.088636654573653,5.620914159752525,42.999999266499074
14.22652,16.59202,52.93874,3765.6507,4.05752,67.15862,14.201677766630361,5.290498636700772,42.999999266499074
14.24591,16.63979,53.34157,3756.9186,4.12899,67.38833,13.357248272976722,4.9759264320376255,42.999999266499074
14.26507,16.68751,53.74981,3748.63008,4.18665,67.60567,12.556307576358389,4.677554948529247,42.999999266499074
14.28402,16.73521,54.16217,3740.76415,4.23117,67.81125,11.799120616323595,4.3954828831283335,42.999999266499074
14.30277,16.78287,54.57741,3733.29964,4.26323,68.00567,11.085379650306027,4.129595593631735,42.999999266499074
14.32132,16.8305,54.99438,3726.21555,4.28352,68.18955,10.414315139512091,3.879606406591058,42.999999266499074
14.3397,16.87811,55.41201,3719.4912,4.2927,68.3635,9.784794659267343,3.6450934640191828,42.999999266499074
14.35791,16.92569,55.82929,3713.10649,4.29144,68.52811,9.195409527600582,3.425531994817185,42.999999266499074
14.37595,16.97324,56.24526,3707.04197,4.28037,68.68395,8.644549412501037,3.2203221079406674,42.999999266499074
14.39385,17.02076,56.65905,3701.279,4.26011,68.83159,8.130465569118348,3.0288123499206243,42.999999266499074
14.4116,17.06827,57.06984,3695.79978,4.23124,68.97155,7.6513236062499805,2.850319361768374,42.999999266499074
14.42921,17.11575,57.47685,3690.5874,4.19433,69.10434,7.205246817756861,2.6841440210680014,42.999999266499074
14.4467,17.16321,57.87939,3685.62586,4.14991,69.23045,6.790351166977173,2.5295844745909917,42.999999266499074
14.46407,17.21064,58.27679,3680.90009,4.09848,69.35033,6.4047730042166,2.385946463790638,42.999999266499074
14.48132,17.25806,58.66843,3676.39591,4.04052,69.46443,6.046690548250956,2.2525513272269806,42.999999266499074
14.49846,17.30547,59.05374,3672.10005,3.97648,69.57313,5.71434008754412,2.128742035946773,42.999999266499074
14.5155,17.35285,59.4322,3668.00007,3.90677,69.67683,5.406027767165212,2.013887584420256,42.999999266499074
14.53244,17.40022,59.80332,3664.08437,3.83178,69.77588,5.120137731576464,1.9073860239438927,42.999999266499074
14.54928,17.44757,60.16664,3660.34213,3.75189,69.87061,4.855137297648097,1.8086663897245205,42.999999266499074
14.56603,17.49491,60.52174,3656.76327,3.66745,69.96134,4.609579740315309,1.7171897386098736,42.999999266499074
14.5827,17.54224,60.86824,3653.33841,3.57876,70.04836,4.382105187888123,1.6324494826150575,42.999999266499074
14.59928,17.58956,61.20576,3650.05883,3.48613,70.13194,4.171440046406449,1.5539711744796652,42.999999266499074
14.61579,17.63686,61.53397,3646.91643,3.38983,70.21233,3.976395303335134,1.4813118757495487,42.999999266499074
14.63222,17.68416,61.85258,3643.90367,3.29014,70.28976,3.795864000193212,1.4140592152647184,42.999999266499074
14.64857,17.73144,62.16128,3641.01356,3.18729,70.36447,3.6288181111733833,1.3518302263629682,42.999999266499074
14.66486,17.77872,62.45981,3638.23959,3.0815,70.43664,3.4743050198126424,1.2942700343469808,42.999999266499074
14.68108,17.82598,62.74793,3635.57572,2.97299,70.50648,3.3314437476354892,1.2410504515546938,42.999999266499074
14.69723,17.87324,63.02542,3633.01632,2.86195,70.57415,3.1994210566680534,1.1918685254432615,42.999999266499074
14.71332,17.92049,63.29205,3630.55616,2.74856,70.63983,3.077487521053328,1.1464450751623678,42.999999266499074
14.72934,17.96774,63.54764,3628.19035,2.633,70.70367,2.9649536410159714,1.1045232439038668,42.999999266499074
14.74531,18.01498,63.79201,3625.91435,2.51543,70.7658,2.861186054399144,1.0658670875995746,42.999999266499074
14.76122,18.06221,64.025,3623.72391,2.39599,70.82638,2.76560388639119,1.0302602150984135,42.999999266499074
14.77708,18.10944,64.24644,3621.61506,2.27483,70.88551,2.677675266315028,0.9975044905788101,42.999999266499074
14.79289,18.15666,64.45701,3619.58198,2.16889,70.90061,2.596620412264579,0.9673094247634543,0.0
14.80869,18.20386,64.65734,3617.61942,2.06098,70.91572,2.5217433086894903,0.9394157335465679,0.0
14.82446,18.25104,64.84726,3615.72449,1.95124,70.93085,2.4527023439845324,0.9136961576168605,0.0
14.84022,18.29822,65.02663,3613.89446,1.83982,70.94601,2.3891809979327965,0.8900327848653856,0.0
14.85595,18.34537,65.19529,3612.12672,1.72684,70.96118,2.3308882923815486,0.868317218274154,0.0
14.87167,18.39252,65.35313,3610.41881,1.61243,70.97637,2.277557558582418,0.8484501167179203,0.0
14.88737,18.43965,65.50003,3608.76838,1.49669,70.99159,2.228945249631476,0.8303407525668661,0.0
14.90305,18.48677,65.63587,3607.17315,1.37976,71.00682,2.1848298091028235,0.8139065902228442,0.0
14.91871,18.53387,65.76057,3605.63096,1.26172,71.02208,2.145010604162607,0.7990728886762765,0.0
14.93435,18.58097,65.87403,3604.13973,1.14269,71.03736,2.109306929195865,0.7857723303309382,0.0
14.94998,18.62806,65.97617,3602.69743,1.02277,71.05265,2.07755708417853,0.7739446776732816,0.0
14.96559,18.67513,66.06693,3601.30211,0.90204,71.06797,2.0496175305941504,0.7635364588292021,0.0
14.98118,18.7222,66.14624,3599.95187,0.7806,71.08332,2.025362126600196,0.7545006826433655,0.0
14.99675,18.76926,66.21405,3598.64484,0.65854,71.09868,2.0046814423003454,0.7467965836001186,0.0
15.0123,18.81631,66.27031,3597.3792,0.53595,71.11406,1.9874821553507724,0.7403893966709273,0.0
15.02784,18.86335,66.31498,3596.15315,0.41291,71.12947,1.9736865266803547,0.7352501620063604,0.0
15.04336,18.91039,66.34804,3594.9649,0.28949,71.1449,1.963231955799059,0.7313555592767625,0.0
15.05886,18.95742,66.36947,3593.81269,0.1658,71.16035,1.9560706149546172,0.7286877713859903,0.0
15.07435,19.00444,66.37924,3592.69475,0.0419,71.17583,1.9521691612913286,0.7272343772429911,0.0
15.08981,19.05145,66.37735,3591.6093,-0.08213,71.19132,1.95150852611175,0.7269882732562404,0.0
15.10526,19.09846,66.36379,3590.55455,-0.20621,71.20684,1.9540837803191209,0.7279476232075023,0.0
15.1207,19.14546,66.33858,3589.5287,-0.33024,71.22238,1.959904075128648,0.7301158361652242,0.0
15.13612,19.19246,66.30173,3588.52991,-0.45417,71.23794,1.9689926571499716,0.7335015721031525,0.0
15.15152,19.23945,66.25326,3587.5563,-0.5779,71.25353,1.9813869569324378,0.7381187748857752,0.0
15.1669,19.28643,66.19319,3586.60596,-0.70136,71.26914,1.9971387500411855,0.743986732273404,0.0
15.18227,19.33341,66.12156,3585.67691,-0.82445,71.28477,2.016314389636348,0.7511301625640451,0.0
15.19762,19.38039,66.03842,3584.76712,-0.94711,71.30042,2.0389951093912124,0.7595793274383847,0.0
15.21295,19.42736,65.94382,3583.87449,-1.06923,71.31609,2.0652773953354004,0.7693701704811569,0.0
15.22827,19.47432,65.83781,3582.99681,-1.19073,71.33179,2.095273424861563,0.7805444807226892,0.0
15.24357,19.52128,65.72047,3582.13183,-1.31153,71.34751,2.1291115706477397,0.7931500803632396,0.0
15.25886,19.56823,65.59187,3581.27716,-1.43151,71.36325,2.166936966584459,0.8072410355957328,0.0
15.27413,19.61518,65.4521,3580.43032,-1.5506,71.37901,2.2089121319454508,0.8228778891257723,0.0
15.28938,19.66213,65.30125,3579.58871,-1.66867,71.3948,2.25521764893697,0.8401279125765918,0.0
15.30461,19.70907,65.13943,3578.74957,-1.78563,71.41061,2.3060528873844426,0.8590653764538986,0.0
15.31983,19.756,64.96675,3577.91003,-1.90137,71.42644,2.361636768600638,0.8797718347068653,0.0
15.33503,19.80293,64.78334,3577.06705,-2.01576,71.44229,2.4222085583894613,0.9023364201429094,0.0
15.35022,19.84986,64.58933,3576.21743,-2.12869,71.45816,2.48802867657516,0.9268561459986204,0.0
15.36539,19.89678,64.38488,3575.35775,-2.24002,71.47405,2.5593795074069043,0.9534362078367911,0.0
15.38054,19.94369,64.17015,3574.48445,-2.34961,71.48996,2.636566191527475,0.9821902785755913,0.0
15.39567,19.9906,63.94531,3573.59371,-2.45733,71.5059,2.71991737587618,1.013240787847134,0.0
15.41079,20.0375,63.71056,3572.6815,-2.56303,71.52185,2.8097858928568917,1.0467191750054414,0.0
15.42589,20.08439,63.46609,3571.74355,-2.66653,71.53783,2.906549334200301,1.0827661029052316,0.0
15.44097,20.13128,63.21213,3570.77533,-2.76767,71.55382,3.010610478176801,1.1215316170499607,0.0
15.45604,20.17816,62.94891,3569.77203,-2.86628,71.56984,3.1223975210707446,1.1631752318220727,0.0
15.47108,20.22504,62.6767,3568.72854,-2.96215,71.58587,3.2423640550581267,1.2078659222418535,0.0
15.48611,20.2719,62.39575,3567.63946,-3.0551,71.60192,3.3709887248353914,1.2557819960526286,0.0
15.50113,20.31876,62.10637,3566.49905,-3.1449,71.618,3.508774484526161,1.307110816898967,0.0
15.51612,20.36561,61.80887,3565.30123,-3.23133,71.63408,3.656247364633839,1.3620483449840821,0.0
15.5311,20.41244,61.50359,3564.03955,-3.31416,71.65019,3.8139546462579714,1.4207984569173866,0.0
15.54605,20.45927,61.19088,3562.70722,-3.39313,71.66632,3.982462326693246,1.4835720015834373,0.0
15.56099,20.50608,60.87113,3561.29702,-3.46797,71.68246,4.162351747282621,1.550585543928497,0.0
15.57591,20.55289,60.54474,3559.80136,-3.5384,71.69862,4.354215241540226,1.6220597437718127,0.0
15.59081,20.59967,60.21217,3558.21225,-3.60414,71.71479,4.5586506497940755,1.698217312365694,0.0
15.60569,20.64645,59.87387,3556.52128,-3.66487,71.73098,4.776254537008643,1.7792804858559776,0.0
15.62055,20.69321,59.53034,3554.71961,-3.72026,71.74718,5.007613944108617,1.8654679524330855,0.0
15.63538,20.73995,59.1821,3552.79803,-3.76999,71.76339,5.253296501818851,1.956991169477289,0.0
15.6502,20.78667,58.82973,3550.74691,-3.81369,71.77962,5.513838741366469,2.0540500089876783,0.0
15.665,20.83337,58.4738,3548.55625,-3.851,71.79586,5.789732450834957,2.1568276749650748,0.0
15.67977,20.88005,58.11496,3546.21569,-3.88154,71.81211,6.081408951784499,2.265484846039401,0.0
15.69452,20.92671,57.75386,3543.71456,-3.90493,71.82837,6.389221210841878,2.380153011566243,0.0
15.70925,20.97335,57.39121,3541.04191,-3.92076,71.84464,6.713423758028593,2.5009269906756986,0.0
15.72396,21.01995,57.02774,3538.18659,-3.92864,71.86092,7.0541504604895975,2.627856652401519,0.0
15.73864,21.06653,56.66423,3535.1373,-3.92815,71.87721,7.411390299270602,2.7609378918933047,0.0
15.75329,21.11308,56.30148,3531.88271,-3.91889,71.8935,7.784961419568219,2.9001029634519075,0.0
15.76792,21.15959,55.94036,3528.41152,-3.90046,71.90979,8.174483871830232,3.04521032587205,0.0
15.78253,21.20607,55.58174,3524.71261,-3.87247,71.92609,8.579351630930912,3.1960342188489195,0.0
15.7971,21.25251,55.22654,3520.77517,-3.83454,71.94239,8.998704669596956,3.3522542595945306,0.0
15.81165,21.29891,54.8757,3516.58886,-3.7863,71.95869,9.431402063750129,3.5134454238702215,0.0
15.82617,21.34527,54.53021,3512.14396,-3.72745,71.97499,9.87599731129804,3.679068851586815,0.0
15.84066,21.39158,54.19106,3507.43159,-3.65767,71.99128,10.330717238044384,3.848463988701169,0.0
15.85512,21.43783,53.85929,3502.44388,-3.57673,72.00757,10.793446027259506,4.020842637810995,0.0
15.86955,21.48404,53.53591,3497.17415,-3.48442,72.02386,11.261716021607308,4.195285531630627,0.0
15.88395,21.53019,53.22199,3491.6172,-3.38062,72.04014,11.732706984462734,4.370742057812338,0.0
15.89831,21.57627,52.91857,3485.76946,-3.26526,72.0564,12.20325544824024,4.546033741444674,0.0
15.91263,21.6223,52.6267,3479.6292,-3.13835,72.07266,12.669875598465275,4.719862024918562,0.0
15.92692,21.66825,52.34742,3473.19673,-2.99999,72.0889,13.128792827787109,4.890820767679963,0.0
15.94118,21.71414,52.08172,3466.4746,-2.85038,72.10513,13.575990636248845,5.057413717814458,0.0
15.95539,21.75995,51.83059,3459.46771,-2.68982,72.12134,14.007270957831235,5.2180769852721065,0.0
15.96957,21.80568,51.59498,3452.1834,-2.5187,72.13753,14.418327278589624,5.37120628029733,0.0
15.9837,21.85132,51.37576,3444.63157,-2.33753,72.1537,14.804829115085123,5.515188383867264,0.0
15.9978,21.89689,51.17376,3436.82467,-2.14692,72.16985,15.162515596102315,5.648436009343894,0.0
16.01185,21.94235,50.98974,3428.77763,-1.9476,72.18597,15.487295101791636,5.769424920676261,0.0
16.02586,21.98773,50.82439,3420.5078,-1.74038,72.20207,15.775347236069958,5.876731919802732,0.0
16.03982,22.03301,50.67828,3412.03481,-1.5262,72.21814,16.02322291391365,5.969072131801111,0.0
16.05374,22.07819,50.55191,3403.38031,-1.30605,72.23419,16.227938099887837,6.045333924957215,0.0
16.06761,22.12326,50.44567,3394.56774,-1.08102,72.2502,16.387056783644837,6.104609821321237,0.0
16.08143,22.16823,50.35985,3385.62202,-0.85226,72.26619,16.498759142463665,6.146221889047198,0.0
16.09521,22.21308,50.29464,3376.5692,-0.62095,72.28214,16.561891508591465,6.169740356542325,0.0
16.10894,22.25783,50.25008,3367.43608,-0.38833,72.29806,16.575995686860985,6.174994534050986,0.0
16.12262,22.30246,50.22613,3358.24983,-0.15561,72.31394,16.54131628400261,6.162075544016237,0.0
16.13625,22.34698,50.22264,3349.03763,0.07595,72.32979,16.45878592238612,6.1313308128095905,0.0
16.14983,22.39139,50.23934,3339.82624,0.30515,72.34561,16.3299894155867,6.083350725186759,0.0
16.16336,22.43567,50.27587,3330.64168,0.53082,72.3614,16.157109080988004,6.018948251793378,0.0
16.17684,22.47984,50.33174,3321.50889,0.75184,72.37715,15.942854270032964,5.93913269732927,0.0
16.19028,22.5239,50.40642,3312.45144,0.96715,72.39287,15.690378847077351,5.84507895925012,0.0
16.20366,22.56783,50.49925,3303.49129,1.17578,72.40855,15.403190709626323,5.7380938216749415,0.0
16.217,22.61166,50.60953,3294.64863,1.37682,72.4242,15.085057512546522,5.619580835174524,0.0
16.23028,22.65536,50.73647,3285.94166,1.56949,72.43982,14.73991256072296,5.491005259310014,0.0
16.24352,22.69896,50.87924,3277.3866,1.75309,72.45541,14.371764413997493,5.35386038809406,0.0
16.25672,22.74244,51.03696,3268.99754,1.92701,72.47097,13.984613164849524,5.209636361224008,0.0
16.26986,22.78582,51.2087,3260.78654,2.09076,72.4865,13.582375667923062,5.059792310113396,0.0
16.28296,22.82909,51.39352,3252.7636,2.24393,72.502,13.168821284380975,4.9057324209732585,0.0
16.29602,22.87225,51.59045,3244.93675,2.38621,72.51748,12.74751900881313,4.748786238194217,0.0
16.30903,22.91531,51.79851,3237.31218,2.51741,72.53293,12.321796215127458,4.590193296105454,0.0
16.322,22.95828,52.0167,3229.89431,2.63737,72.54836,11.89470872120262,4.431091967270177,0.0
16.33492,23.00114,52.24405,3222.68599,2.74606,72.56376,11.469021446536217,4.272512256950652,0.0
16.34781,23.04392,52.47957,3215.68857,2.8435,72.57915,11.04719862743957,4.115372158010807,0.0
16.36065,23.0866,52.7223,3208.90212,2.92975,72.59452,10.631402355962493,3.960477106627263,0.0
16.37346,23.1292,52.97129,3202.32556,3.00497,72.60987,10.223498109643273,3.8085220422667008,0.0
16.38623,23.17171,53.22562,3195.95679,3.06935,72.6252,9.825065923613266,3.660095569588776,0.0
16.39896,23.21414,53.48437,3189.79284,3.12311,72.64052,9.437415906698966,3.5156857386023943,0.0
16.41165,23.25649,53.74668,3183.83005,3.16653,72.65582,9.061606900960003,3.375686995834581,0.0
16.42431,23.29877,54.0117,3178.06413,3.19989,72.67111,8.698467213467172,3.2404079074632772,0.0
16.43694,23.34098,54.27861,3172.49032,3.22351,72.6864,8.348616495448367,3.110079309874879,0.0
16.44953,23.38312,54.54662,3167.10347,3.23773,72.70167,8.012487995979033,2.9848625997494582,0.0
16.46209,23.42519,54.81499,3161.89818,3.2429,72.71694,7.690350566092744,2.8648579311709175,0.0
16.47462,23.46719,55.08299,3156.86882,3.23937,72.7322,7.382329928220076,2.750112139052603,0.0
16.48712,23.50914,55.34993,3152.00965,3.22751,72.74745,7.088428851286799,2.64062625489222,0.0
16.49958,23.55103,55.61516,3147.31485,3.20767,72.7627,6.808545981246515,2.5363625216406973,0.0
16.51202,23.59286,55.87805,3142.77862,3.18021,72.77795,6.542493169539623,2.437250849009099,0.0
16.52443,23.63464,56.13802,3138.39515,3.14551,72.79319,6.290011218365686,2.343194678996857,0.0
16.53682,23.67637,56.3945,3134.15874,3.1039,72.80844,6.050784022606905,2.2540762541303643,0.0
16.54917,23.71804,56.64696,3130.06378,3.05573,72.82368,5.82445113535517,2.1697612984524226,0.0
16.5615,23.75967,56.8949,3126.10479,3.00134,72.83893,5.610618818992828,2.090103134340595,0.0
16.5738,23.80126,57.13785,3122.2764,2.94105,72.85418,5.408869668454568,2.0149462674254646,0.0
16.58608,23.8428,57.37535,3118.57345,2.87519,72.86943,5.218770909368207,1.9441294778664142,0.0
16.59833,23.8843,57.607,3114.9909,2.80406,72.88468,5.039881483019537,1.877488459687449,0.0
16.61056,23.92576,57.83239,3111.5239,2.72796,72.89994,4.871758033825184,1.8148580512683739,0.0
16.62277,23.96719,58.05115,3108.16778,2.64717,72.91521,4.71395991462768,1.7560740999489077,0.0
16.63495,24.00857,58.26293,3104.91804,2.56196,72.93048,4.56605332167771,1.700975002418368,0.0
16.64711,24.04992,58.46741,3101.77034,2.47261,72.94575,4.42761466560366,1.6494029604905196,0.0
16.65925,24.09124,58.66428,3098.72051,2.37936,72.96104,4.2982332776350445,1.6012049892430122,0.0
16.67136,24.13253,58.85325,3095.76456,2.28247,72.97633,4.1775135425388665,1.556233711592291,0.0
16.68346,24.17378,59.03407,3092.89865,2.18215,72.99163,4.0650765415175805,1.5143479703163165,0.0
16.69553,24.21501,59.20647,3090.11907,2.07864,73.00694,3.960561280031948,1.475413285450885,0.0
16.70758,24.2562,59.37024,3087.42227,1.97216,73.02225,3.863625567493994,1.4393021819983987,0.0
16.71961,24.29737,59.52516,3084.80483,1.8629,73.03758,3.7739466080953337,1.4058944100269655,0.0
16.73163,24.33851,59.67102,3082.26346,1.75106,73.05292,3.6912213548392807,1.3750770765566738,0.0
16.74362,24.37962,59.80765,3079.79497,1.63684,73.06826,3.615166672223319,1.346744706163093,0.0
16.75559,24.42071,59.93488,3077.39628,1.52042,73.08362,3.5455193469977333,1.3207992449851464,0.0
16.76754,24.46178,60.05256,3075.06441,1.40198,73.09899,3.4820359809241874,1.297150020774861,0.0
16.77948,24.50282,60.16055,3072.79647,1.28169,73.11437,3.42449279462338,1.2757136698254563,0.0
16.79139,24.54384,60.25872,3070.58965,1.15971,73.12976,3.3726853672324157,1.2564140399868684,0.0
16.80329,24.58484,60.34695,3068.44119,1.0362,73.14516,3.3264283327837814,1.2391820775589262,0.0
16.81517,24.62581,60.42516,3066.3484,0.91131,73.16058,3.2855550508315585,1.2239557045909504,0.0
16.82703,24.66677,60.49324,3064.30865,0.78521,73.17601,3.2499172659313644,1.2106796920290734,0.0
16.83887,24.7077,60.55111,3062.31933,0.65803,73.19145,3.2193847679856566,1.1993055331859268,0.0
16.85069,24.74862,60.59872,3060.37788,0.52992,73.2069,3.1938450632395035,1.1897913211779096,0.0
16.8625,24.78951,60.63601,3058.48175,0.40103,73.22236,3.173203063743484,1.1821016332419483,0.0
16.87429,24.83039,60.66293,3056.62841,0.27148,73.23784,3.157380801385995,1.176207424205006,0.0
16.88606,24.87125,60.67945,3054.81532,0.14142,73.25333,3.146317171086207,1.172085930816702,0.0
16.89781,24.91209,60.68555,3053.03995,0.01099,73.26884,3.1399677063855673,1.1697205881512427,0.0
16.90954,24.95291,60.6812,3051.29976,-0.11969,73.28436,3.1383043894425073,1.16910095882545,0.0
16.92126,24.99372,60.66642,3049.59217,-0.25047,73.29989,3.1413154963187666,1.170222675363847,0.0
16.93296,25.03451,60.64122,3047.91459,-0.38122,73.31543,3.149005477372607,1.1730873956419814,0.0
16.94465,25.07528,60.60559,3046.26436,-0.51182,73.33099,3.161394871526758,1.177702770948982,0.0
16.95632,25.11604,60.55959,3044.6388,-0.64211,73.34656,3.1785202521494633,1.1840824258268228,0.0
16.96797,25.15678,60.50325,3043.03515,-0.77197,73.36214,3.20043420121417,1.1922459484441275,0.0
16.9796,25.1975,60.43661,3041.4506,-0.90126,73.37774,3.2272053072801787,1.2022188898439095,0.0
16.99122,25.23821,60.35975,3039.88224,-1.02983,73.39335,3.258918181614802,1.2140327699494988,0.0
17.00282,25.2789,60.27273,3038.32709,-1.15754,73.40898,3.2956734854585132,1.2277250877215289,0.0
17.0144,25.31957,60.17565,3036.78207,-1.28425,73.42461,3.3375879599572578,1.2433393323085085,0.0
17.02597,25.36023,60.06858,3035.24398,-1.40981,73.44026,3.384794448653467,1.2609249914253176,0.0
17.03751,25.40087,59.95165,3033.70952,-1.53406,73.45593,3.43744190057524,1.2805375525040072,0.0
17.04905,25.44149,59.82498,3032.17526,-1.65685,73.4716,3.495695339919062,1.3022384913998168,0.0
17.06056,25.4821,59.68869,3030.63762,-1.77801,73.48729,3.5597357860074075,1.3260952425732726,0.0
17.07206,25.5227,59.54293,3029.09289,-1.89737,73.50299,3.6297601046365005,1.352181143713319,0.0
17.08354,25.56327,59.38787,3027.5372,-2.01476,73.51871,3.7059807690796647,1.3805753467047779,0.0
17.095,25.60383,59.22367,3025.96649,-2.13,73.53443,3.7886255058696907,1.4113626856729586,0.0
17.10645,25.64437,59.05054,3024.37655,-2.2429,73.55017,3.8779367970743164,1.4446334915681813,0.0
17.11788,25.6849,58.86866,3022.76297,-2.35327,73.56591,3.974171207069749,1.480483341371198,0.0
17.12929,25.7254,58.67826,3021.12115,-2.4609,73.58167,4.0775984978894595,1.5190127285373427,0.0
17.14069,25.76589,58.47958,3019.44627,-2.5656,73.59744,4.188500493102856,1.5603266397614446,0.0
17.15206,25.80636,58.27287,3017.73332,-2.66713,73.61322,4.3071696459527145,1.604534021571346,0.0
17.16342,25.8468,58.0584,3015.97704,-2.76528,73.62901,4.433907263241365,1.651747118678773,0.0
17.17477,25.88723,57.83646,3014.17196,-2.8598,73.64481,4.569021332415677,1.7020806645113227,0.0
17.18609,25.92764,57.60735,3012.31237,-2.95046,73.66062,4.712823895560666,1.7556509029559844,0.0
17.19739,25.96803,57.37142,3010.39233,-3.03701,73.67644,4.865627910957559,1.812574419206944,0.0
17.20868,26.00839,57.12899,3008.40564,-3.11917,73.69227,5.027743540684498,1.8729667567991635,0.0
17.21995,26.04873,56.88045,3006.3459,-3.19668,73.7081,5.19947380192572,1.9369407976066333,0.0
17.2312,26.08905,56.62619,3004.20643,-3.26927,73.72394,5.3811095206401,2.004604881951127,0.0
17.24243,26.12934,56.36662,3001.98035,-3.33663,73.73979,5.572923529500788,2.076060647182051,0.0
17.25364,26.16961,56.10218,2999.66055,-3.39847,73.75564,5.775164058336262,2.151400565441835,0.0
17.26483,26.20985,55.83332,2997.23971,-3.45449,73.7715,5.988047275126776,2.2307051649908445,0.0
17.276,26.25006,55.56054,2994.71034,-3.50439,73.78736,6.211748949892488,2.314039924786375,0.0
17.28715,26.29025,55.28434,2992.06475,-3.54783,73.80323,6.446395233101827,2.4014518391971373,0.0
17.29828,26.3304,55.00526,2989.29516,-3.58451,73.8191,6.692052565389234,2.492965659107617,0.0
17.30939,26.37052,54.72385,2986.39367,-3.61409,73.83497,6.948716766903459,2.5885798274132457,0.0
17.32048,26.41061,54.44071,2983.3523,-3.63627,73.85084,7.216301393055659,2.6882621412301853,0.0
17.33154,26.45066,54.15643,2980.16311,-3.65071,73.86672,7.4946254889240524,2.7919451900888617,0.0
17.34259,26.49067,53.87165,2976.81817,-3.6571,73.88259,7.783400927014838,2.899521638916742,0.0
17.35361,26.53065,53.58702,2973.30968,-3.65514,73.89846,8.082219571664911,3.0108394464406265,0.0
17.3646,26.57058,53.30322,2969.63003,-3.64454,73.91432,8.390540576969297,3.1256971333303984,0.0
17.37558,26.61047,53.02095,2965.77188,-3.625,73.93018,8.707678191497395,3.243839239134954,0.0
17.38653,26.65032,52.74092,2961.72824,-3.59627,73.94604,9.032790509481517,3.3649521318039533,0.0
17.39745,26.69012,52.46387,2957.49257,-3.55811,73.96189,9.364869670725273,3.4886603568958456,0.0
17.40835,26.72987,52.19054,2953.05889,-3.51032,73.97773,9.702734065444568,3.6145237336760303,0.0
17.41922,26.76957,51.92169,2948.42188,-3.45272,73.99357,10.045023140333324,3.7420354202396804,0.0
17.43007,26.80922,51.65809,2943.577,-3.38518,74.00939,10.39019542193187,3.8706211771644607,0.0
17.44088,26.84881,51.40051,2938.52058,-3.30761,74.0252,10.736530366946907,3.9996400568034005,0.0
17.45167,26.88834,51.14972,2933.24994,-3.21996,74.041,11.082134610224033,4.12838673081905,0.0
17.46244,26.92781,50.90649,2927.76351,-3.12227,74.05678,11.424953104680194,4.256095640101425,0.0
17.47317,26.96721,50.67157,2922.06091,-3.01459,74.07254,11.762785530100773,4.381947107476676,0.0
17.48387,27.00655,50.44572,2916.14307,-2.89708,74.08829,12.093308188128267,4.505075494166445,0.0
17.49454,27.04581,50.22965,2910.01227,-2.76995,74.10402,12.41410140117694,4.6245794066045,0.0
17.50518,27.085,50.02406,2903.67222,-2.63346,74.11973,12.722682198786588,4.739533872963529,0.0
17.51579,27.12412,49.82962,2897.12813,-2.48799,74.13542,13.016541815872364,4.849004312239844,0.0
17.52636,27.16316,49.64697,2890.38669,-2.33395,74.15108,13.293187256600758,4.952062017890795,0.0
17.5369,27.20212,49.47669,2883.45608,-2.17185,74.16672,13.550185912220606,5.047800779150784,0.0
17.54741,27.24099,49.31932,2876.34596,-2.00226,74.18233,13.785211979692496,5.135354173192073,0.0
17.55788,27.27978,49.17535,2869.0674,-1.82583,74.19792,13.996093230422977,5.213912987708823,0.0
17.56831,27.31847,49.04522,2861.63281,-1.64328,74.21348,14.180856543279369,5.28274218316317,0.0
17.57871,27.35708,48.92928,2854.0558,-1.45537,74.22901,14.337770558898901,5.341196782637677,0.0
17.58908,27.39559,48.82784,2846.35111,-1.26293,74.2445,14.465383843855582,5.388736088991648,0.0
17.5994,27.434,48.74114,2838.53438,-1.06683,74.25997,14.562557077326256,5.424935675241124,0.0
17.60969,27.47232,48.66934,2830.62206,-0.86798,74.2754,14.628487986513036,5.449496673659825,0.0
17.61994,27.51053,48.61252,2822.63115,-0.66731,74.29081,14.662728048856014,5.462251997792845,0.0
17.63015,27.54864,48.57071,2814.57906,-0.46578,74.30617,14.6651903315889,5.463169262897401,0.0
17.64032,27.58666,48.54385,2806.48339,-0.26433,74.32151,14.636148228757559,5.452350315449014,0.0
17.65046,27.62456,48.53181,2798.36172,-0.06392,74.33681,14.576225256591725,5.430027431648952,0.0
17.66055,27.66237,48.53441,2790.23144,0.13451,74.35207,14.486376452513499,5.396556388065499,0.0
17.67061,27.70006,48.55136,2782.10955,0.33006,74.3673,14.367862266321834,5.352406735413193,0.0
17.68063,27.73765,48.58237,2774.01249,0.52184,74.3825,14.222216113250491,5.298149711213194,0.0
17.6906,27.77514,48.62702,2765.956,0.70902,74.39766,14.051206962636817,5.234444303088048,0.0
17.70054,27.81252,48.68489,2757.95498,0.89082,74.41278,13.856798455044327,5.162022018814158,0.0
17.71044,27.84979,48.75548,2750.02338,1.06652,74.42788,13.641106073787201,5.0816709315877695,0.0
17.72031,27.88696,48.83827,2742.17411,1.23544,74.44294,13.406353849922446,4.994219551495398,0.0
17.73013,27.92403,48.93266,2734.41899,1.39699,74.45796,13.154831963358511,4.900521030811201,0.0
17.73992,27.96099,49.03805,2726.76867,1.55063,74.47296,12.888856432185303,4.8014381472117735,0.0
17.74967,27.99786,49.1538,2719.23266,1.6959,74.48792,12.610731873778578,4.697829431307716,0.0
17.75938,28.03462,49.27925,2711.81928,1.83241,74.50286,12.32271809219112,4.590536719567712,0.0
17.76906,28.07128,49.41371,2704.53572,1.95982,74.51776,12.027001012568528,4.480374326623653,0.0
17.7787,28.10785,49.55649,2697.38803,2.07788,74.53264,11.725668258593055,4.368119947225859,0.0
17.7883,28.14432,49.70688,2690.38119,2.18638,74.54749,11.420689464231096,4.254507321851005,0.0
17.79787,28.1807,49.86417,2683.51917,2.28519,74.56231,11.113901233834904,4.14022063394427,0.0
17.80741,28.21699,50.02765,2676.80495,2.37423,74.57711,10.806996519637858,4.025890552756843,0.0
17.81691,28.25319,50.1966,2670.24065,2.45347,74.59189,10.501518074440076,3.9120917942990396,0.0
17.82638,28.28931,50.37034,2663.82755,2.52293,74.60664,10.198855559198826,3.7993420438416194,0.0
17.83582,28.32534,50.54815,2657.56621,2.58268,74.62137,9.900245837686722,3.6881020656837276,0.0
17.84523,28.36129,50.72937,2651.45648,2.63281,74.63608,9.606775969841657,3.5787768182544966,0.0
17.85461,28.39716,50.91332,2645.49764,2.67347,74.65077,9.319388417203987,3.471717393275364,0.0
17.86395,28.43295,51.09934,2639.68845,2.70483,74.66544,9.038887993432125,3.3672236050100133,0.0
17.87327,28.46866,51.28681,2634.02718,2.72708,74.68009,8.76595012558522,3.26554706780953,0.0
17.88256,28.50431,51.47511,2628.51172,2.74044,74.69473,8.501130033493583,3.1668946156694195,0.0
17.89182,28.53988,51.66364,2623.13962,2.74515,74.70936,8.244872481429498,3.0714319349835586,0.0
17.90105,28.57539,51.85182,2617.90816,2.74146,74.72397,7.997521805259712,2.9792872999223334,0.0
17.91025,28.61082,52.03909,2612.81437,2.72965,74.73857,7.759331966973941,2.890555318009056,0.0
17.91943,28.6462,52.22494,2607.8551,2.70997,74.75316,7.5304764350026705,2.8053006107983087,0.0
17.92859,28.68151,52.40883,2603.02705,2.68273,74.76773,7.311057731874756,2.7235613706296236,0.0
17.93771,28.71676,52.59028,2598.32681,2.64821,74.7823,7.101116529541794,2.6453527488751116,0.0
17.94682,28.75195,52.76883,2593.75087,2.60669,74.79686,6.900640206842742,2.570670043820203,0.0
17.9559,28.78709,52.94403,2589.29571,2.55848,74.81141,6.709570812899842,2.4994916672381513,0.0
17.96495,28.82217,53.11544,2584.95773,2.50386,74.82596,6.5278124048322566,2.431781877881438,0.0
17.97398,28.85719,53.28268,2580.73336,2.44312,74.84049,6.355237748309735,2.3674932776143067,0.0
17.98299,28.89217,53.44535,2576.619,2.37656,74.85503,6.191694385597302,2.3065690719190752,0.0
17.99198,28.9271,53.6031,2572.6111,2.30446,74.86956,6.037010088197954,2.2489451011490043,0.0
18.00094,28.96197,53.75557,2568.70611,2.22709,74.88408,5.89099772054758,2.194551652382631,0.0
18.00989,28.9968,53.90245,2564.90054,2.14474,74.8986,5.7534595478073385,2.143315064189769,0.0
18.01881,29.03159,54.04344,2561.19093,2.05768,74.91312,5.624191025195844,2.0951591382574555,0.0
18.02771,29.06633,54.17824,2557.57387,1.96617,74.92764,5.5029841088072065,2.050006372756781,0.0
18.03659,29.10103,54.3066,2554.04601,1.87048,74.94216,5.389630128884982,2.007779032713041,0.0
18.04545,29.13568,54.42826,2550.60404,1.77085,74.95667,5.2839222663894665,1.968400072592207,0.0
18.05429,29.17029,54.54298,2547.24471,1.66755,74.97119,5.185657672661338,1.9317939259314114,0.0
18.06311,29.20487,54.65056,2543.9648,1.5608,74.98571,5.094639270300672,1.8978871762137661,0.0
18.07191,29.23941,54.7508,2540.76116,1.45086,75.00022,5.010677271207211,1.8666091223782986,0.0
18.0807,29.2739,54.8435,2537.63068,1.33795,75.01474,4.93359044529344,1.837892251448959,0.0
18.08946,29.30836,54.9285,2534.57028,1.2223,75.02926,4.8632071707132445,1.8116726297724275,0.0
18.09821,29.34279,55.00565,2531.57692,1.10414,75.04378,4.799366293723562,1.7878902233392024,0.0
18.10693,29.37718,55.0748,2528.6476,0.98368,75.05831,4.741917823563374,1.7664891566443102,0.0
18.11564,29.41153,55.13584,2525.77934,0.86114,75.07283,4.690723485036876,1.747417918539075,0.0
18.12434,29.44586,55.18865,2522.96917,0.73673,75.08736,4.645657148856402,1.7306295225451795,0.0
18.13301,29.48015,55.23313,2520.21415,0.61067,75.1019,4.606605157329479,1.7160816281816635,0.0
18.14167,29.5144,55.2692,2517.51134,0.48314,75.11643,4.573466560536594,1.7037366289473554,0.0
18.1503,29.54863,55.2968,2514.8578,0.35437,75.13097,4.546153275938566,1.6935617117788206,0.0
18.15893,29.58282,55.31585,2512.25059,0.22453,75.14552,4.524590182179183,1.6855288919943077,0.0
18.16753,29.61698,55.32632,2509.68675,0.09385,75.16007,4.508715155849792,1.679615026989528,0.0
18.17612,29.65111,55.32817,2507.16332,-0.0375,75.17462,4.4984790580636975,1.6758018112362658,0.0
18.18469,29.68521,55.32139,2504.6773,-0.16931,75.18917,4.493845675891895,1.6740757544656473,0.0
18.19324,29.71928,55.30597,2502.22564,-0.30139,75.20373,4.494791621970889,1.674428144269412,0.0
18.20178,29.75333,55.28191,2499.8053,-0.43355,75.2183,4.501306193934771,1.6768549937346622,0.0
18.2103,29.78734,55.24923,2497.41314,-0.56559,75.23287,4.513391193722433,1.6813569741310477,0.0
18.21881,29.82132,55.20796,2495.04599,-0.69731,75.24744,4.531060705244212,1.687939332085739,0.0
18.2273,29.85528,55.15815,2492.70063,-0.82852,75.26202,4.554340827346494,1.696611790105717,0.0
18.23577,29.8892,55.09985,2490.37376,-0.95902,75.2766,4.583269357483175,1.7073884287370682,0.0
18.24422,29.9231,55.03313,2488.062,-1.08861,75.29119,4.617895419996314,1.7202875480897486,0.0
18.25266,29.95697,54.95807,2485.7619,-1.21709,75.30578,4.658279031376844,1.7353315058857606,0.0
18.26109,29.99081,54.87477,2483.46991,-1.34426,75.32038,4.704490593343039,1.7525465286175415,0.0
18.26949,30.02462,54.78332,2481.18241,-1.46991,75.33498,4.756610303071134,1.7719624918433534,0.0
18.27788,30.0584,54.68387,2478.89565,-1.59383,75.34958,4.81472746837048,1.793612665072009,0.0
18.28626,30.09216,54.57653,2476.6058,-1.71581,75.36419,4.878939714106636,1.8175334161345957,0.0
18.29462,30.12588,54.46145,2474.3089,-1.83563,75.3788,4.949352064711798,1.8437638693954634,0.0
18.30296,30.15958,54.33881,2472.00089,-1.95306,75.39341,5.026075886233939,1.872345511637701,0.0
18.31128,30.19325,54.20877,2469.67757,-2.06789,75.40803,5.109227670096657,1.9033217389816703,0.0
18.31959,30.22688,54.07153,2467.33464,-2.17989,75.42265,5.198927639631643,1.9367373377816945,0.0
18.32788,30.26049,53.92729,2464.96766,-2.28882,75.43727,5.295298159543034,1.9726378921096734,0.0
18.33616,30.29407,53.77628,2462.57207,-2.39443,75.4519,5.398461927906992,2.011069110227358,0.0
18.34442,30.32761,53.61873,2460.14316,-2.4965,75.46653,5.508539930099372,2.0520760623705696,0.0
18.35266,30.36113,53.45489,2457.67612,-2.59477,75.48115,5.625649134402243,2.0957023223020017,0.0
18.36089,30.39461,53.28503,2455.166,-2.68898,75.49578,5.749899909980658,2.1419890054396222,0.0
18.3691,30.42806,53.10944,2452.60772,-2.77889,75.51042,5.881393149693355,2.1909736970279634,0.0
18.37729,30.46148,52.92841,2449.9961,-2.86423,75.52505,6.020217082858195,2.2426892648093815,0.0
18.38546,30.49486,52.74227,2447.32582,-2.94474,75.53968,6.1664437668918906,2.2971625520675456,0.0
18.39362,30.52821,52.55135,2444.5915,-3.02015,75.55431,6.320125251762716,2.3544129487851557,0.0
18.40176,30.56153,52.35599,2441.78762,-3.0902,75.56894,6.4812894177312215,2.4144508410928407,0.0
18.40988,30.59481,52.15658,2438.90863,-3.15461,75.58356,6.649935494903805,2.4772759421849764,0.0
18.41798,30.62805,51.95348,2435.94889,-3.21311,75.59819,6.826029282954322,2.542875511540209,0.0
18.42607,30.66125,51.74711,2432.90274,-3.26544,75.61281,7.009498101033524,2.6112224736298457,0.0
18.43413,30.69441,51.53788,2429.7645,-3.31132,75.62742,7.200225511396605,2.682273452330284,0.0
18.44218,30.72754,51.32622,2426.52848,-3.35049,75.64204,7.398045875621263,2.755966742971008,0.0
18.45021,30.76062,51.11258,2423.18907,-3.3827,75.65664,7.602738819336882,2.832220250300565,0.0
18.45822,30.79366,50.89743,2419.74071,-3.40768,75.67125,7.814023699854179,2.910929427533043,0.0
18.46621,30.82666,50.68125,2416.17795,-3.42521,75.68584,8.031554190527165,2.9919652588804078,0.0
18.47418,30.85961,50.46453,2412.4955,-3.43504,75.70043,8.254913115637397,3.075172335410987,0.0
18.48213,30.89252,50.24778,2408.68828,-3.43697,75.715,8.483607689109714,3.1603670813457994,0.0
18.49006,30.92537,50.0315,2404.75142,-3.43079,75.72957,8.717065328670799,3.24733619472249,0.0
18.49797,30.95818,49.81623,2400.68039,-3.41633,75.74413,8.954630232915887,3.335835372262609,0.0
18.50586,30.99094,49.6025,2396.47097,-3.39343,75.75868,9.195560920849358,3.425588392785751,0.0
18.51373,31.02364,49.39086,2392.11936,-3.36195,75.77321,9.4390289404201,3.516286636104988,0.0
18.52157,31.05629,49.18184,2387.62221,-3.3218,75.78773,9.68411895291225,3.6075891144646524,0.0
18.52939,31.08888,48.976,2382.97668,-3.27291,75.80224,9.929830392272804,3.699123090683523,0.0
18.53719,31.12142,48.77388,2378.18052,-3.21524,75.81673,10.175080881305018,3.7904853507767515,0.0
18.54497,31.15389,48.57602,2373.23207,-3.1488,75.8312,10.418711559119702,3.881244188571654,0.0
18.55272,31.1863,48.38297,2368.13036,-3.07364,75.84566,10.659494435523326,3.9709421454107714,0.0
18.56045,31.21865,48.19526,2362.87515,-2.98984,75.8601,10.896141838321741,4.059099529521089,0.0
18.56816,31.25094,48.01341,2357.46694,-2.89755,75.87451,11.127317959129256,4.145218717131704,0.0
18.57584,31.28315,47.83792,2351.90703,-2.79694,75.88891,11.351652433793234,4.228789211539307,0.0
18.5835,31.3153,47.66928,2346.19757,-2.68826,75.90329,11.567755817049203,4.309293407824378,0.0
18.59113,31.34737,47.50795,2340.34152,-2.57178,75.91764,11.77423673048123,4.38621298091761,0.0
18.59873,31.37937,47.35438,2334.34271,-2.44785,75.93196,11.969720382181043,4.459035784660223,0.0
18.60631,31.41129,47.20898,2328.20581,-2.31685,75.94627,12.152868079749112,4.527263120910273,0.0
18.61386,31.44314,47.07214,2321.93634,-2.17923,75.96054,12.322397290211091,4.590417212389344,0.0
18.62138,31.4749,46.94422,2315.54062,-2.03546,75.97479,12.477101745712964,4.648048692582997,0.0
18.62888,31.50659,46.82551,2309.02576,-1.88608,75.98901,12.61587105648366,4.6997439120853945,0.0
18.63635,31.53819,46.71631,2302.39959,-1.73167,76.0032,12.737709276458123,4.745131854782385,0.0
18.64379,31.5697,46.61686,2295.67061,-1.57283,76.01737,12.841751874173065,4.7838904599567025,0.0
18.6512,31.60113,46.52734,2288.84792,-1.41022,76.0315,12.927280593554414,4.815752158322299,0.0
18.65858,31.63247,46.44791,2281.94117,-1.24452,76.0456,12.993735745245411,4.840508450867472,0.0
18.66593,31.66372,46.37868,2274.96043,-1.07642,76.05967,13.040725547313487,4.858013388513933,0.0
18.67326,31.69488,46.31971,2267.91611,-0.90664,76.0737,13.068032230968374,4.8681858466574655,0.0
18.68055,31.72595,46.27102,2260.81891,-0.73592,76.08771,13.075614737189204,4.871010529732471,0.0
18.68782,31.75693,46.23258,2253.67966,-0.56499,76.10168,13.063607948457983,4.866537685012466,0.0
18.69505,31.78781,46.20432,2246.50927,-0.39459,76.11561,13.03231851944947,4.85488154943237,0.0
18.70226,31.81859,46.18612,2239.31861,-0.22545,76.12952,12.98221748544355,4.836217596027624,0.0
18.70943,31.84929,46.17783,2232.11844,-0.05827,76.14339,12.913929931246978,4.810778685335713,0.0
18.71657,31.87988,46.17924,2224.9193,0.10624,76.15722,12.82822209180366,4.778850260034101,0.0
18.72369,31.91038,46.19012,2217.73143,0.26742,76.17103,12.725986324287547,4.74076474664941,0.0
18.73077,31.94079,46.2102,2210.56474,0.42463,76.1848,12.608224438250964,4.696895345599081,0.0
18.73783,31.97109,46.23916,2203.42866,0.57725,76.19853,12.476029894124155,4.647649399664052,0.0
18.74485,32.00131,46.27668,2196.33219,0.72473,76.21223,12.330569381820807,4.5934615315346345,0.0
18.75185,32.03142,46.32238,2189.28377,0.86652,76.2259,12.173064272100074,4.534786733954809,0.0
18.75881,32.06144,46.37587,2182.29129,1.00216,76.23954,12.00477239653605,4.472093582281467,0.0
18.76575,32.09137,46.43674,2175.36203,1.1312,76.25314,11.826970561000143,4.405857720296492,0.0
18.77266,32.12121,46.50456,2168.50268,1.25325,76.26672,11.640938136431911,4.336555747337145,0.0
18.77953,32.15095,46.57887,2161.7193,1.36795,76.28026,11.44794200340216,4.264659609749686,0.0
18.78638,32.1806,46.65922,2155.01733,1.47503,76.29377,11.249223057331527,4.190631573728226,0.0
18.79321,32.21016,46.74513,2148.40161,1.57421,76.30726,11.045984412666412,4.114919831059892,0.0
18.8,32.23963,46.83612,2141.87636,1.6653,76.32071,10.839381379738306,4.037954765241213,0.0
18.80677,32.26902,46.93171,2135.44523,1.74813,76.33414,10.630513229576172,3.960145883654035,0.0
18.81351,32.29831,47.03139,2129.1113,1.82259,76.34754,10.420416711140941,3.8818794025648162,0.0
18.82022,32.32753,47.13469,2122.87711,1.88859,76.36091,10.210061243333877,3.803516456021221,0.0
18.8269,32.35665,47.24111,2116.74471,1.94608,76.37426,10.000345670815033,3.7253918873091445,0.0
18.83357,32.3857,47.35018,2110.71566,1.99508,76.38759,9.792096448204704,3.6478135725199796,0.0
18.8402,32.41466,47.4614,2104.79108,2.03559,76.40089,9.58606710088278,3.571062219684179,0.0
18.84681,32.44355,47.57431,2098.97167,2.06768,76.41417,9.38293880171079,3.4953915836153993,0.0
18.8534,32.47236,47.68844,2093.25777,2.09143,76.42742,9.183321900424993,3.4210290356496658,0.0
18.85996,32.50109,47.80333,2087.64935,2.10696,76.44066,8.987758245250852,3.3481764285078484,0.0
18.86649,32.52975,47.91855,2082.14608,2.1144,76.45388,8.796724143217535,3.277011199090703,0.0
18.87301,32.55834,48.03365,2076.74734,2.1139,76.46707,8.610633815812076,3.2076876558009744,0.0
18.8795,32.58685,48.14822,2071.45224,2.10564,76.48025,8.429843218957409,3.140338401585718,0.0
18.88597,32.6153,48.26185,2066.25969,2.0898,76.49341,8.254654109980052,3.075075848988777,0.0
18.89241,32.64367,48.37414,2061.16838,2.06659,76.50655,8.085318258552478,3.011993788837604,0.0
18.89884,32.67198,48.48471,2056.1768,2.03623,76.51968,7.922041712986469,2.9511689795497977,0.0
18.90524,32.70023,48.59319,2051.28331,1.99893,76.5328,7.764989047190501,2.8926627292364624,0.0
18.91162,32.72841,48.69924,2046.48611,1.95494,76.54589,7.614287526784119,2.836522447689442,0.0
18.91798,32.75653,48.80252,2041.7833,1.9045,76.55898,7.470031145065637,2.7827831498854683,0.0
18.92432,32.78458,48.90271,2037.17285,1.84785,76.57205,7.3322844905203315,2.7314688967347336,0.0
18.93064,32.81258,48.99949,2032.65265,1.78524,76.58511,7.2010864173576765,2.682594162452582,0.0
18.93694,32.84052,49.09258,2028.22051,1.71693,76.59816,7.076453499094023,2.636165121109931,0.0
18.94322,32.8684,49.18171,2023.87418,1.64318,76.6112,6.958383252476136,2.5921808476296104,0.0
18.94948,32.89623,49.2666,2019.61132,1.56426,76.62423,6.846857125196623,2.5506344307889766,0.0
18.95572,32.924,49.34702,2015.42958,1.48041,76.63724,6.7418432458631266,2.5115139976557908,0.0
18.96195,32.95172,49.42273,2011.32652,1.39191,76.65025,6.643298938761788,2.4748036504037736,0.0
18.96815,32.97938,49.49352,2007.29971,1.29901,76.66325,6.551173009089937,2.440484317621914,0.0
18.97434,33.007,49.55919,2003.34664,1.20198,76.67624,6.4654078067364535,2.4085345231269555,0.0
18.98051,33.03456,49.61954,1999.46478,1.10108,76.68923,6.385941078391273,2.378931075922914,0.0
18.98666,33.06207,49.6744,1995.6516,0.99657,76.70221,6.31270761889198,2.35164968537114,0.0
18.9928,33.08953,49.72361,1991.90449,0.8887,76.71518,6.245640733331183,2.326665505863781,0.0
18.99891,33.11695,49.76704,1988.22085,0.77775,76.72814,6.184673521730265,2.303953615398558,0.0
19.00502,33.14432,49.80453,1984.59803,0.66396,76.7411,6.129739997933263,2.283489432396174,0.0
19.0111,33.17164,49.83599,1981.03338,0.54759,76.75405,6.080776054052721,2.265249074981772,0.0
19.01717,33.19892,49.8613,1977.52419,0.4289,76.767,6.037720281188869,2.249209666724423,0.0
19.02322,33.22615,49.88037,1974.06772,0.30813,76.77994,6.000514656451049,2.235349592570681,0.0
19.02925,33.25333,49.89313,1970.66123,0.18555,76.79288,5.969105105383008,2.2236487083628087,0.0
19.03527,33.28048,49.8995,1967.30192,0.0614,76.80581,5.943441948026643,2.214088507009254,0.0
19.04127,33.30757,49.89944,1963.98694,-0.06407,76.81874,5.923480235807848,2.2066522439834952,0.0
19.04726,33.33463,49.8929,1960.71343,-0.1906,76.83166,5.909179985383134,2.2013250244380544,0.0
19.05323,33.36164,49.87986,1957.47848,-0.31796,76.84458,5.900506314589854,2.1980938538495445,0.0
19.05918,33.38861,49.86031,1954.27912,-0.44588,76.8575,5.897429484523021,2.1969476536933774,0.0
19.06512,33.41554,49.83424,1951.11235,-0.57413,76.87041,5.899924850778473,2.197877243280571,0.0
19.07105,33.44243,49.80166,1947.9751,-0.70245,76.88332,5.907972725902866,2.200875288516746,0.0
19.07696,33.46927,49.7626,1944.86427,-0.83059,76.89622,5.92155815408036,2.205936217966992,0.0
19.08285,33.49608,49.7171,1941.77669,-0.9583,76.90912,5.940670598242475,2.21305610629605,0.0
19.08873,33.52284,49.66519,1938.70914,-1.08535,76.92202,5.965303538899937,2.2222325248226316,0.0
19.09459,33.54957,49.60695,1935.65832,-1.21146,76.93492,5.995453983255387,2.233464358650971,0.0
19.10044,33.57625,49.54245,1932.6209,-1.3364,76.94781,6.031121882460143,2.2467515895836527,0.0
19.10628,33.60289,49.47176,1929.59345,-1.45992,76.96069,6.072309454341398,2.262095043819658,0.0
19.11209,33.62949,49.395,1926.5725,-1.58176,76.97358,6.11902040846227,2.2794961032688548,0.0
19.1179,33.65605,49.31226,1923.55451,-1.70166,76.98645,6.171259070089506,2.2989563792069094,0.0
19.12368,33.68257,49.22368,1920.53587,-1.81938,76.99933,6.229029399520537,2.320477346948818,0.0
19.12946,33.70905,49.12938,1917.51289,-1.93466,77.0122,6.292333903296443,2.344059940247082,0.0
19.13522,33.73549,49.02953,1914.48184,-2.04723,77.02507,6.361172434087222,2.369704104217401,0.0
19.14096,33.76189,48.92426,1911.43891,-2.15686,77.03793,6.435540876633247,2.3974083058172844,0.0
19.14669,33.78824,48.81377,1908.38023,-2.26327,77.05078,6.515429717884005,2.427169001185112,0.0
19.1524,33.81456,48.69824,1905.30189,-2.36622,77.06363,6.600822500700925,2.4589800596037534,0.0
19.1581,33.84083,48.57785,1902.19989,-2.46544,77.07648,6.691694161903647,2.492832144379072,0.0
19.16378,33.86706,48.45283,1899.07022,-2.56068,77.08932,6.7880092573832345,2.5287120516479,0.0
19.16945,33.89325,48.32339,1895.90881,-2.65169,77.10215,6.889720079257715,2.56660200896893,0.0
19.1751,33.9194,48.18977,1892.71156,-2.7382,77.11498,6.996764672764827,2.606478936563094,0.0
19.18074,33.9455,48.05221,1889.47433,-2.81997,77.1278,7.109064763760833,2.6483136752523326,0.0
19.18636,33.97156,47.91098,1886.193,-2.89675,77.14061,7.226523611296342,2.6920701864875887,0.0
19.19196,33.99757,47.76634,1882.86341,-2.96829,77.15342,7.349023803777326,2.737704731360804,0.0
19.19755,34.02354,47.61858,1879.48143,-3.03435,77.16621,7.476425021680452,2.785165037157506,0.0
19.20313,34.04946,47.46797,1876.04296,-3.0947,77.179,7.6085617945784145,2.8343894617897356,0.0
19.20869,34.07534,47.31484,1872.54393,-3.14911,77.19178,7.745241285294284,2.8853061683352355,0.0
19.21423,34.10117,47.15948,1868.98033,-3.19736,77.20455,7.8862411392539995,2.937832323864666,0.0
19.21975,34.12695,47.00221,1865.34823,-3.23924,77.21731,8.031307442322468,2.991873338681823,0.0
19.22526,34.15268,46.84338,1861.64381,-3.27454,77.23006,8.180152835526748,3.047322164008414,0.0
19.23076,34.17836,46.68331,1857.86335,-3.30309,77.24279,8.33245483978879,3.104058667902933,0.0
19.23623,34.20399,46.52236,1854.00329,-3.32471,77.25552,8.487854447924686,3.161949110743326,0.0
19.24169,34.22957,46.36087,1850.06024,-3.33925,77.26823,8.645955044380068,3.220845742800008,0.0
19.24714,34.2551,46.19919,1846.031,-3.34655,77.28093,8.80632171528397,3.2805865472127693,0.0
19.25256,34.28057,46.0377,1841.91259,-3.34651,77.29361,8.968481011989741,3.3409951519035506,0.0
19.25797,34.30599,45.87675,1837.70227,-3.33902,77.30628,9.131921230072521,3.4018809335103386,0.0
19.26336,34.33136,45.71672,1833.39759,-3.32401,77.31893,9.296093262554496,3.4630393352360214,0.0
19.26873,34.35666,45.55796,1828.99639,-3.30143,77.33156,9.4604120805391,3.5242524184235937,0.0
19.27409,34.38191,45.40085,1824.49684,-3.27125,77.34418,9.624258886406814,3.5852896646782377,0.0
19.27942,34.4071,45.24575,1819.89745,-3.23348,77.35678,9.786983974048416,3.645909041379471,0.0
19.28474,34.43223,45.09302,1815.19713,-3.18815,77.36937,9.947910317348047,3.705858338485509,0.0
19.29004,34.4573,44.94301,1810.39517,-3.13532,77.38193,10.106337892334624,3.764876778648383,0.0
19.29532,34.4823,44.79607,1805.49127,-3.07511,77.39447,10.261548720400471,3.8226968959455805,0.0
19.30058,34.50724,44.65255,1800.48558,-3.00763,77.40699,10.412812600157908,3.8790466711474347,0.0
19.30582,34.53211,44.51277,1795.37868,-2.93305,77.41949,10.559393474305113,3.9336519035421835,0.0
19.31104,34.55692,44.37705,1790.17163,-2.85158,77.43197,10.700556356223895,3.986238791275891,0.0
19.31625,34.58165,44.2457,1784.86594,-2.76346,77.44442,10.835574719472113,4.0365366841327965,0.0
19.32143,34.60632,44.11899,1779.46357,-2.66895,77.45685,10.963738233038285,4.084280965121189,0.0
19.32659,34.63092,43.9972,1773.96698,-2.56837,77.46926,11.084360706963732,4.129216010426717,0.0
19.33173,34.65544,43.88059,1768.37906,-2.46206,77.48164,11.196788097754496,4.1710981716389615,0.0
19.33685,34.6799,43.76938,1762.70315,-2.35038,77.49399,11.30040641177715,4.209698719974327,0.0
19.34195,34.70427,43.66378,1756.94302,-2.23375,77.50631,11.394649338360173,4.244806689807138,0.0
19.34703,34.72857,43.564,1751.10285,-2.11261,77.51861,11.479005443114058,4.276231558370658,0.0
19.35208,34.75279,43.47018,1745.1872,-1.98741,77.53088,11.5530247565684,4.30380570019775,0.0
19.35712,34.77694,43.38247,1739.20099,-1.85864,77.54312,11.61632460354146,4.3273865587144265,0.0
19.36213,34.801,43.30099,1733.14945,-1.7268,77.55534,11.668594534620638,4.346858483346077,0.0
19.36712,34.82499,43.22582,1727.0381,-1.59244,77.56752,11.709600242305608,4.362134188383833,0.0
19.37209,34.84889,43.15702,1720.8727,-1.45608,77.57967,11.73918636979616,4.373155799331927,0.0
19.37704,34.87271,43.09464,1714.65921,-1.31829,77.59179,11.757278149458838,4.379895463279648,0.0
19.38196,34.89645,43.03868,1708.40377,-1.17962,77.60389,11.763881839071894,4.382355511414043,0.0
19.38686,34.9201,42.98912,1702.11263,-1.04063,77.61595,11.75908395615292,4.380568173786828,0.0
19.39174,34.94367,42.94592,1695.79208,-0.9019,77.62797,11.743049342402255,4.374594858268626,0.0
19.3966,34.96716,42.90901,1689.4485,-0.76397,77.63997,11.716018120399305,4.36452501683827,0.0
19.40143,34.99056,42.87831,1683.0882,-0.62742,77.65194,11.678301631927699,4.35047463250206,0.0
19.40625,35.01387,42.85368,1676.71747,-0.49277,77.66387,11.630277470730896,4.332584368864523,0.0
19.41103,35.0371,42.83499,1670.3425,-0.36056,77.67577,11.572383741316674,4.311017431382027,0.0
19.4158,35.06024,42.82209,1663.96936,-0.2313,77.68764,11.505112689036226,4.285957194399647,0.0
19.42054,35.08329,42.81478,1657.60394,-0.10548,77.69948,11.429003855039596,4.25760465119196,0.0
19.42526,35.10626,42.81286,1651.25195,0.01644,77.71129,11.344636912601056,4.226175745305748,0.0
19.42996,35.12914,42.81612,1644.91889,0.13401,77.72307,11.252624339234162,4.191898640730069,0.0
19.43464,35.15193,42.82432,1638.61001,0.24682,77.73481,11.153604072233087,4.155010985892142,0.0
19.43929,35.17464,42.83721,1632.33029,0.35449,77.74653,11.048232284704302,4.115757222539079,0.0
19.44392,35.19727,42.85453,1626.08445,0.45665,77.75821,10.937176405218796,4.074385985374678,0.0
19.44853,35.21981,42.876,1619.87692,0.55299,77.76987,10.82110848803747,4.031147632293934,0.0
19.45312,35.24226,42.90134,1613.71183,0.6432,77.78149,10.700699023076753,3.9862919384323714,0.0
19.45768,35.26463,42.93025,1607.593,0.72704,77.79309,10.576611256300305,3.940065980362502,0.0
19.46223,35.28691,42.96243,1601.52395,0.80427,77.80465,10.449496072681649,3.89271222986278,0.0
19.46675,35.30912,42.99759,1595.50791,0.87471,77.81619,10.319987476046466,3.8444668700399154,0.0
19.47125,35.33124,43.0354,1589.54778,0.93817,77.8277,10.188698683335847,3.795558340339173,0.0
19.47573,35.35328,43.07556,1583.64618,0.99454,77.83919,10.056218835671148,3.7462061113294927,0.0
19.48019,35.37524,43.11776,1577.80542,1.04372,77.85064,9.923110315350485,3.6966196852140922,0.0
19.48463,35.39712,43.16168,1572.02755,1.08562,77.86208,9.789906646474819,3.646997813758446,0.0
19.48904,35.41892,43.20701,1566.31432,1.1202,77.87348,9.657110947778087,3.5975279219287932,0.0
19.49344,35.44064,43.25344,1560.66724,1.14745,77.88486,9.525194899019564,3.548385722846106,0.0
19.49782,35.46228,43.30066,1555.08754,1.16738,77.89622,9.394598177088913,3.49973500772038,0.0
19.50218,35.48386,43.34838,1549.57623,1.18002,77.90755,9.265728314561288,3.451727593158686,0.0
19.50652,35.50535,43.3963,1544.13408,1.18541,77.91886,9.138960931708382,3.4045034075953944,0.0
19.51084,35.52677,43.44412,1538.76165,1.18365,77.93015,9.014640292547474,3.358190698435074,0.0
19.51514,35.54812,43.49157,1533.45927,1.17483,77.94142,8.893080136339439,3.312906341807375,0.0
19.51942,35.5694,43.53835,1528.22711,1.15906,77.95266,8.774564737769046,3.2687562375120933,0.0
19.52368,35.5906,43.58422,1523.06513,1.13647,77.96389,8.659350151490742,3.225835772645213,0.0
19.52793,35.61174,43.62889,1517.97313,1.10723,77.97509,8.547665599869118,3.1842303385687485,0.0
19.53216,35.63281,43.67213,1512.95075,1.07149,77.98628,8.439714966147614,3.144015887155371,0.0
19.53637,35.65381,43.71369,1507.99748,1.02942,77.99745,8.335678358954615,3.105259513608097,0.0
19.54056,35.67474,43.75333,1503.11267,0.98122,78.0086,8.235713717785567,3.0680200545446192,0.0
19.54473,35.69561,43.79084,1498.29552,0.9271,78.01973,8.139958432837828,3.0323486914284077,0.0
19.54889,35.71641,43.82599,1493.54513,0.86725,78.03085,8.048530956143566,2.9982895507581038,0.0
19.55303,35.73715,43.85859,1488.86047,0.80191,78.04194,7.961532384374059,2.965880293703774,0.0
19.55716,35.75782,43.88844,1484.24041,0.7313,78.05303,7.879047996882786,2.9351526890684223,0.0
19.56126,35.77844,43.91536,1479.68372,0.65566,78.06409,7.801148735468407,2.9061331645386415,0.0
19.56536,35.79899,43.93918,1475.18905,0.57523,78.07515,7.727892614953741,2.878843332162394,0.0
19.56943,35.81948,43.95974,1470.75498,0.49026,78.08619,7.659326056074409,2.8533004848851005,0.0
19.57349,35.83991,43.97689,1466.38001,0.401,78.09721,7.595485134206145,2.829518061733424,0.0
19.57753,35.86028,43.99049,1462.06253,0.30772,78.10822,7.536396739239529,2.8075060798991185,0.0
19.58156,35.8806,44.00041,1457.80087,0.21067,78.11922,7.482079643449688,2.787271532548599,0.0
19.58558,35.90085,44.00653,1453.59329,0.11013,78.1302,7.43254547547282,2.7688187516548175,0.0
19.58957,35.92105,44.00875,1449.43796,0.00636,78.14117,7.387799599572344,2.752149735547038,0.0
19.59356,35.9412,44.00698,1445.33298,-0.10037,78.15213,7.3478419002020985,2.737264441181276,0.0
19.59753,35.96128,44.00113,1441.27641,-0.20977,78.16308,7.312667472553063,2.724161041387119,0.0
19.60148,35.98132,43.99113,1437.26621,-0.32158,78.17401,7.282267220322279,2.7128361475523755,0.0
19.60542,36.0013,43.97691,1433.30029,-0.43551,78.18494,7.256628362260368,2.7032849983253584,0.0
19.60934,36.02122,43.95843,1429.3765,-0.55128,78.19585,7.235734849402154,2.6955016150442646,0.0
19.61325,36.04109,43.93564,1425.49263,-0.66861,78.20675,7.219567695011012,2.6894789246501305,0.0
19.61715,36.06091,43.90852,1421.64639,-0.78722,78.21765,7.208105219418377,2.68520885089599,0.0
19.62103,36.08068,43.87704,1417.83546,-0.90683,78.22853,7.201323212001206,2.682682374687739,0.0
19.6249,36.10039,43.8412,1414.05745,-1.02715,78.2394,7.199195012571973,2.681889564404053,0.0
19.62875,36.12005,43.801,1410.30989,-1.14789,78.25026,7.201691514467703,2.682819577047131,0.0
19.63259,36.13966,43.75645,1406.5903,-1.26877,78.26111,7.208781091686777,2.685460631099239,0.0
19.63642,36.15922,43.70757,1402.89611,-1.38951,78.27195,7.220429452386719,2.6897999519467835,0.0
19.64023,36.17873,43.6544,1399.22472,-1.50983,78.28278,7.236599421208183,2.695823690790263,0.0
19.64403,36.19819,43.59699,1395.57346,-1.62943,78.2936,7.257250652939019,2.703516817976609,0.0
19.64782,36.2176,43.53537,1391.93962,-1.74804,78.30441,7.282339280211605,2.71286299175716,0.0
19.65159,36.23695,43.46963,1388.32046,-1.86537,78.31521,7.31181749816162,2.7238444035621345,0.0
19.65535,36.25626,43.39983,1384.71317,-1.98115,78.32599,7.345633089280844,2.7364416009957964,0.0
19.65909,36.27552,43.32605,1381.11492,-2.0951,78.33677,7.383728892052229,2.7506332898890338,0.0
19.66282,36.29473,43.24839,1377.52283,-2.20693,78.34754,7.426042217471151,2.766396116938179,0.0
19.66654,36.31388,43.16694,1373.93399,-2.31638,78.3583,7.472504218084819,2.783704434655581,0.0
19.67025,36.33299,43.08183,1370.34548,-2.42317,78.36905,7.523039214874326,2.8025300506154625,0.0
19.67394,36.35205,42.99317,1366.75432,-2.52705,78.37979,7.577563988045274,2.822841963254764,0.0
19.67762,36.37105,42.90109,1363.15754,-2.62773,78.39051,7.635987038670145,2.8446060868155065,0.0
19.68128,36.39001,42.80573,1359.55215,-2.72497,78.40123,7.698207829041324,2.8677849683562937,0.0
19.68493,36.40892,42.70723,1355.93516,-2.81852,78.41193,7.764116010659122,2.8923375001575504,0.0
19.68857,36.42777,42.60576,1352.30356,-2.90811,78.42263,7.8335906498258865,2.9182186312349425,0.0
19.6922,36.44658,42.50147,1348.65437,-2.99352,78.43331,7.906499462005294,2.945379082118074,0.0
19.69581,36.46533,42.39452,1344.98462,-3.0745,78.44398,7.982698067206853,2.9737650674616214,0.0
19.69941,36.48403,42.28511,1341.29137,-3.15084,78.45464,8.062029279862056,3.003318031505514,0.0
19.70299,36.50269,42.17342,1337.5717,-3.22231,78.46528,8.14432244772673,3.033974401798665,0.0
19.70657,36.52128,42.05962,1333.82276,-3.28871,78.47591,8.229392855442763,3.0656653670100273,0.0
19.71013,36.53983,41.94393,1330.04175,-3.34984,78.48653,8.317041209175093,3.0983166849423016,0.0
19.71367,36.55833,41.82654,1326.22591,-3.40551,78.49714,8.407053219621432,3.131848527192096,0.0
19.7172,36.57677,41.70766,1322.37259,-3.45556,78.50773,8.499199301050151,3.1661753670336124,0.0
19.72072,36.59516,41.58749,1318.47922,-3.49982,78.5183,8.59323440432693,3.201205917216688,0.0
19.72422,36.61349,41.46627,1314.54333,-3.53816,78.52886,8.688898001705592,3.2368431243009743,0.0
19.72771,36.63177,41.34419,1310.56258,-3.57045,78.53941,8.785914240652668,3.272984225959636,0.0
19.73119,36.65,41.22149,1306.53474,-3.59657,78.54994,8.883992283008158,3.30952087732566,0.0
19.73465,36.66817,41.09839,1302.45773,-3.61644,78.56046,8.98282684429722,3.346339351899652,0.0
19.7381,36.68628,40.9751,1298.32963,-3.62998,78.57095,9.082098946037346,3.3833208218040474,0.0
19.74154,36.70434,40.85186,1294.14866,-3.63715,78.58143,9.181476891345657,3.420341721222503,0.0
19.74496,36.72234,40.72888,1289.91325,-3.6379,78.5919,9.28061747107384,3.4572741957168978,0.0
19.74836,36.74028,40.60639,1285.62201,-3.63224,78.60234,9.379167404056433,3.493986638757707,0.0
19.75175,36.75816,40.48462,1281.27373,-3.62017,78.61277,9.476765011004387,3.5303443152934086,0.0
19.75513,36.77599,40.36376,1276.86744,-3.60174,78.62318,9.573042116943212,3.566210070458736,0.0
19.75849,36.79375,40.24404,1272.40237,-3.577,78.63356,9.66762617224482,3.601445119714858,0.0
19.76184,36.81146,40.12567,1267.87798,-3.54605,78.64393,9.76014257714541,3.6359099147934457,0.0
19.76517,36.8291,40.00885,1263.29398,-3.509,78.65428,9.850217189325884,3.6694650778363544,0.0
19.76849,36.84668,39.89378,1258.6503,-3.46598,78.6646,9.937478988923836,3.7019723941827207,0.0
19.77179,36.86419,39.78064,1253.94712,-3.41717,78.67491,10.021562870314586,3.7332958523808455,0.0
19.77508,36.88165,39.66961,1249.18486,-3.36274,78.68519,10.102112525269204,3.763302718240416,0.0
19.77835,36.89903,39.56087,1244.36421,-3.30292,78.69545,10.178783378029557,3.7918646282251953,0.0
19.78161,36.91636,39.45458,1239.48608,-3.23794,78.70568,10.251245529401837,3.8188586862053198,0.0
19.78485,36.93361,39.35089,1234.55163,-3.16806,78.7159,10.319186664436437,3.8441685466445574,0.0
19.78808,36.9508,39.24994,1229.56228,-3.09358,78.72608,10.382314876786099,3.867685466748039,0.0
19.79129,36.96793,39.15187,1224.51963,-3.0148,78.73625,10.440361362389023,3.8893093099300833,0.0
19.79448,36.98498,39.05677,1219.42557,-2.93205,78.74639,10.493082936037167,3.908949483302107,0.0
19.79766,37.00197,38.96477,1214.28215,-2.84568,78.7565,10.54026432631256,3.926525792596782,0.0
19.80082,37.01888,38.87595,1209.09164,-2.75605,78.76659,10.581720207721567,3.9419691991915244,0.0
19.80397,37.03573,38.79038,1203.85652,-2.66355,78.77665,10.617296933238018,3.955222465526388,0.0
19.8071,37.0525,38.70813,1198.57942,-2.56858,78.78669,10.646873935883319,3.966240677229538,0.0
19.81021,37.0692,38.62925,1193.26314,-2.47154,78.79669,10.670364774369022,3.974991632646622,0.0
19.81331,37.08583,38.55377,1187.91061,-2.37286,78.80668,10.687717804790024,3.9814560930641547,0.0
19.81639,37.10239,38.48171,1182.52492,-2.27295,78.81663,10.698916467998295,3.9856278897637982,0.0
19.81946,37.11888,38.41307,1177.10923,-2.17226,78.82656,10.70397918993282,3.9875138868926396,0.0
19.82251,37.13529,38.34785,1171.66681,-2.07121,78.83646,10.702958900061812,3.987133802070247,0.0
19.82554,37.15162,38.28603,1166.201,-1.97025,78.84633,10.695942180599944,3.9845198894497025,0.0
19.82855,37.16789,38.22755,1160.7152,-1.8698,78.85617,10.68304806625115,3.9797164925902084,0.0
19.83155,37.18407,38.17239,1155.21283,-1.77031,78.86599,10.664426520632656,3.9727794768849662,0.0
19.83453,37.20019,38.12047,1149.69733,-1.67219,78.87578,10.640256621083166,3.9637755533544503,0.0
19.8375,37.21622,38.07171,1144.17215,-1.57586,78.88553,10.610744488157604,3.952781507328728,0.0
19.84044,37.23218,38.02604,1138.64072,-1.48173,78.89527,10.57612099958015,3.9398833468348133,0.0
19.84338,37.24807,37.98335,1133.10643,-1.39019,78.90497,10.536639330803697,3.9251753863903582,0.0
19.84629,37.26388,37.94353,1127.57261,-1.30162,78.91464,10.492572365538955,3.9087592823576047,0.0
19.84919,37.27961,37.90647,1122.04256,-1.21639,78.92429,10.44421001973067,3.8907430360541166,0.0
19.85207,37.29527,37.87203,1116.51948,-1.13484,78.93391,10.391856521543518,3.8712399804759614,0.0
19.85494,37.31085,37.84008,1111.00649,-1.05731,78.9435,10.335827688048827,3.850367765791855,0.0
19.85778,37.32636,37.81048,1105.50661,-0.9841,78.95307,10.276448236655988,3.828247357780627,0.0
19.86062,37.34179,37.78307,1100.02276,-0.9155,78.9626,10.214049165972325,3.8050020621326013,0.0
19.86343,37.35714,37.7577,1094.55773,-0.85178,78.97212,10.148965236908918,3.780756586095247,0.0
19.86623,37.37242,37.7342,1089.11419,-0.79318,78.9816,10.0815325806691,3.755636147385945,0.0
19.86901,37.38763,37.71241,1083.69471,-0.73992,78.99106,10.012086455743049,3.729765638613475,0.0
19.87178,37.40276,37.69216,1078.30169,-0.6922,79.00049,9.940959171598937,3.703268853798314,0.0
19.87453,37.41781,37.67327,1072.9374,-0.6502,79.00989,9.868478192220488,3.6762677818904983,0.0
19.87727,37.43279,37.65557,1067.60399,-0.61406,79.01927,9.79496442839912,3.6488819706035,0.0
19.87999,37.4477,37.63889,1062.30346,-0.58392,79.02863,9.720730723604328,3.6212279623611145,0.0
19.88269,37.46253,37.62304,1057.03765,-0.55987,79.03796,9.646080534587785,3.5934188027877685,0.0
19.88538,37.4773,37.60784,1051.80828,-0.542,79.04726,9.571306804451284,3.565563620896674,0.0
19.88805,37.49199,37.59313,1046.61691,-0.53037,79.05654,9.496691023139965,3.5377672790988446,0.0
19.89071,37.5066,37.57872,1041.46497,-0.525,79.0658,9.422502467663017,3.510130090165307,0.0
19.89335,37.52115,37.56444,1036.35374,-0.52592,79.07504,9.348997612462908,3.4827475975741273,0.0
19.89597,37.53563,37.55013,1031.28436,-0.53311,79.08425,9.276419698622918,3.455710415028888,0.0
19.89859,37.55004,37.5356,1026.25785,-0.54655,79.09344,9.204998449459838,3.4291041205094768,0.0
19.90118,37.56437,37.5207,1021.27509,-0.56619,79.10261,9.134949919184029,3.4030091998939827,0.0
19.90376,37.57864,37.50527,1016.3368,-0.59195,79.11175,9.066476460839247,3.3775010350154315,0.0
19.90633,37.59284,37.48915,1011.4436,-0.62376,79.12088,8.999766799538955,3.352649930944246,0.0
19.90888,37.60697,37.47219,1006.59599,-0.66151,79.12998,8.934996197118322,3.3285211773254435,0.0
19.91142,37.62104,37.45424,1001.79433,-0.70508,79.13907,8.872326694596762,3.305175138702311,0.0
19.91395,37.63504,37.43516,997.03886,-0.75433,79.14813,8.81190741936374,3.2826673689512034,0.0
