0.04963,0.04963,53.24493,5243.12799,-0.34525,45.00009,14.31214966189153,5.331652324376058,0.0
0.09919,0.09919,53.20824,5235.18758,-0.18964,45.00021,14.342675087778154,5.343023848691119,0.0
0.14868,0.14868,53.19293,5227.20288,-0.03388,45.00037,14.329790808750687,5.338224115747605,0.0
0.19809,0.19809,53.19892,5219.19809,0.12132,45.00055,14.273930333304795,5.317414618866442,0.0
0.24742,0.24743,53.22601,5211.19722,0.27527,45.00076,14.17610269104257,5.280971248123582,0.0
0.29668,0.29669,53.27391,5203.2237,0.42728,45.001,14.03785893436032,5.229471811347292,0.0
0.34586,0.34587,53.34227,5195.30015,0.57669,45.00126,13.861243893242113,5.1636780615093505,0.0
0.39496,0.39497,53.43062,5187.44807,0.72288,45.00156,13.648735667705218,5.084513156068928,0.0
0.44399,0.44401,53.53842,5179.68764,0.86528,45.00189,13.403175815931037,4.993035650214492,0.0
0.49294,0.49296,53.66507,5172.03748,1.00335,45.00225,13.127693457307936,4.890411223250294,0.0
0.54182,0.54184,53.80989,5164.51457,1.1366,45.00264,12.825626556000879,4.777883354654906,0.0
0.59062,0.59065,53.97215,5157.13405,1.26462,45.00306,12.500443499315063,4.656744109958279,0.0
0.63935,0.63939,54.15107,5149.90925,1.38703,45.00351,12.155667767523711,4.528306078270529,0.0
0.688,0.68806,54.34584,5142.8516,1.50353,45.00399,11.794808050263702,4.39387633880058,0.0
0.73659,0.73665,54.55561,5135.97064,1.61385,45.00451,11.421295645516373,4.25473314032936,0.0
0.78511,0.78518,54.77948,5129.27412,1.71779,45.00507,11.038430426499604,4.112105772455418,0.0
0.83356,0.83365,55.01658,5122.76802,1.81523,45.00565,10.649336120882673,3.9671579059257844,0.0
0.88194,0.88205,55.26599,5116.45665,1.90605,45.00628,10.256925148710845,3.820974493837703,0.0
0.93026,0.93039,55.52681,5110.34279,1.99022,45.00694,9.86387283470022,3.674552165039949,0.0
0.97852,0.97866,55.79812,5104.4278,2.06773,45.00764,9.472600461569288,3.528792911052944,0.0
1.02672,1.02689,56.07903,5098.71176,2.13861,45.00838,9.085266369562266,3.384500770407009,0.0
1.07486,1.07505,56.36863,5093.19358,2.20295,45.00915,8.70376413167537,3.242381148866137,0.0
1.12295,1.12316,56.66607,5087.87119,2.26083,45.00997,8.329726737136996,3.103042377884439,0.0
1.17098,1.17122,56.97048,5082.74165,2.31239,45.01083,7.964535686434643,2.9669991027429745,0.0
1.21896,1.21923,57.28103,5077.80124,2.35778,45.01173,7.609333926767226,2.834677101346088,0.0
1.26689,1.26719,57.59691,5073.04567,2.39717,45.01268,7.265041623943018,2.706419159668383,0.0
1.31477,1.3151,57.91733,5068.47013,2.43074,45.01366,6.932373862424346,2.5824916654870798,0.0
1.3626,1.36297,58.24155,5064.06941,2.45868,45.0147,6.611859478401133,2.463091624197441,0.0
1.41039,1.4108,58.56883,5059.83801,2.48121,45.01578,6.30386035148197,2.3483538454752955,0.0
1.45814,1.45859,58.89847,5055.7702,2.49852,45.0169,6.008590601524809,2.23835809460156,0.0
1.50584,1.50634,59.22981,5051.86014,2.51084,45.01807,5.726135252386227,2.1331360451999233,0.0
1.55351,1.55405,59.5622,5048.1019,2.51837,45.01929,5.456468030217624,2.0326779095704746,0.0
1.60113,1.60173,59.89504,5044.48955,2.52133,45.02056,5.199468057864183,1.9369386577925753,0.0
1.64872,1.64937,60.22775,5041.01718,2.51994,45.02188,4.954935287908232,1.8458437669395789,0.0
1.69627,1.69698,60.55978,5037.67898,2.51439,45.02324,4.722604584709444,1.759294467009324,0.0
1.74379,1.74456,60.8906,5034.46923,2.5049,45.02466,4.5021584209135055,1.6771724707076823,0.0
1.79128,1.79211,61.21971,5031.38235,2.49166,45.02612,4.293238197434383,1.5993441904397963,0.0
1.83873,1.83963,61.54665,5028.41294,2.47486,45.02764,4.095454228937073,1.5256644581651382,0.0
1.88615,1.88713,61.87096,5025.55575,2.45469,45.02921,3.908394460923153,1.4559797727412396,0.0
1.93355,1.9346,62.19224,5022.80574,2.43133,45.03083,3.7316320009495163,1.390131105500828,0.0
1.98091,1.98204,62.51007,5020.15806,2.40496,45.03251,3.5647315566492983,1.3279562985840137,0.0
2.02825,2.02947,62.82408,5017.60805,2.37573,45.03424,3.407254878376219,1.2692920924665156,0.0
2.07557,2.07687,63.13393,5015.15126,2.3438,45.03602,3.258765305475911,1.2139758195653485,0.0
2.12285,2.12425,63.43927,5012.78346,2.30933,45.03785,3.1188315134573594,1.1618468001587794,0.0
2.17011,2.17161,63.73979,5010.50061,2.27246,45.03974,2.9870305553966174,1.1127474753892344,0.0
2.21735,2.21895,64.0352,5008.29885,2.23333,45.04169,2.862950285541354,1.0665243101197628,0.0
2.26457,2.26627,64.32521,5006.17454,2.19205,45.04368,2.746191246725984,1.0230284960458336,0.0
2.31176,2.31358,64.60956,5004.12422,2.14877,45.04574,2.6363680963750595,0.9821164829191192,0.0
2.35893,2.36086,64.888,5002.14459,2.10359,45.04785,2.5331106388113973,0.9436503631094344,0.0
2.40609,2.40814,65.16031,5000.23257,2.05662,45.05001,2.436064524653599,0.9074981321487146,0.0
2.45322,2.45539,65.42627,4998.38519,2.00798,45.05223,2.344891671301879,0.8735338453730512,0.0
2.50033,2.50264,65.68566,4996.59969,1.95775,45.05451,2.25927045217884,0.8416376884198596,0.0
2.54742,2.54987,65.93829,4994.87342,1.90603,45.05684,2.1788956964293362,0.8116959771160691,0.0
2.5945,2.59709,66.18399,4993.20389,1.85292,45.05923,2.103478535338375,0.7836011002647515,0.0
2.64155,2.64429,66.42259,4991.58876,1.79849,45.06168,2.032746126777212,0.7572514169940416,0.0
2.68859,2.69149,66.65392,4990.02579,1.74283,45.06418,1.9664412845239354,0.7325511186693,0.0
2.73562,2.73867,66.87783,4988.51289,1.68601,45.06674,1.9043220353370038,0.7094100638913535,0.0
2.78262,2.78584,67.09419,4987.04804,1.62809,45.06936,1.8461611231436268,0.6877435937936206,0.0
2.82961,2.83301,67.30286,4985.62937,1.56916,45.07204,1.7917454766222154,0.6674723337025654,0.0
2.87659,2.88016,67.50372,4984.25508,1.50927,45.07477,1.7408756537590926,0.6485219862204584,0.0
2.92355,2.92731,67.69666,4982.92349,1.44848,45.07756,1.6933652746283592,0.6308231199209505,0.0
2.97049,2.97444,67.88156,4981.63296,1.38685,45.08041,1.6490404516275523,0.6143109570968669,0.0
3.01742,3.02157,68.05833,4980.38199,1.32443,45.08332,1.6077392246824824,0.5989251633591454,0.0
3.06434,3.06869,68.22688,4979.16909,1.26128,45.08628,1.5693110074535472,0.584609641334119,0.0
3.11124,3.11581,68.3871,4977.99289,1.19745,45.08931,1.5336160493482482,0.571312330249023,0.0
3.15813,3.16292,68.53894,4976.85207,1.13298,45.09239,1.500524917083691,0.5589850128003844,0.0
3.20501,3.21002,68.6823,4975.74534,1.06791,45.09553,1.469917998677509,0.5475831303775911,0.0
3.25187,3.25712,68.81712,4974.6715,1.0023,45.09873,1.4416850320159085,0.5370656074420839,0.0
3.29872,3.30421,68.94334,4973.62937,0.93618,45.10199,1.4157246595557682,0.5273946856421731,0.0
3.34556,3.3513,69.06089,4972.61785,0.86959,45.1053,1.3919440102264742,0.5185357680604696,0.0
3.39238,3.39839,69.16932,4971.6366,0.79644,45.12465,1.370335586602986,0.5104860617088768,41.999999283557244
3.43918,3.44548,69.2682,4970.68526,0.72298,45.14383,1.3508942132967567,0.5032436386189885,41.999999283557244
3.48595,3.49259,69.35748,4969.76271,0.64926,45.16285,1.333542125560642,0.4967795293763798,41.999999283557244
3.53269,3.53971,69.43713,4968.86788,0.57529,45.18175,1.3182104707828943,0.4910680845715533,41.999999283557244
3.57942,3.58683,69.50714,4967.99971,0.5011,45.20055,1.3048386801491327,0.4860867407274907,41.999999283557244
3.62611,3.63397,69.56747,4967.15716,0.42672,45.21926,1.2933741268853554,0.4818158929861827,41.999999283557244
3.67279,3.68112,69.61811,4966.33923,0.35217,45.23792,1.283771828644924,0.4782387842399497,41.999999283557244
3.71944,3.72827,69.65904,4965.54492,0.27748,45.25654,1.2759941924688698,0.4753414101224455,41.999999283557244
3.76607,3.77544,69.69025,4964.77327,0.20267,45.27514,1.2700108009393134,0.4731124393451797,41.999999283557244
3.81268,3.82261,69.71173,4964.0233,0.12777,45.29375,1.2657982383357727,0.4715431489361679,41.999999283557244
3.85927,3.8698,69.72346,4963.29404,0.05279,45.31238,1.2633399557990574,0.47062737400993515,41.999999283557244
3.90583,3.917,69.72544,4962.58453,-0.02224,45.33106,1.2626261747015501,0.4703614717704027,41.999999283557244
3.95237,3.96421,69.71768,4961.89382,-0.09729,45.3498,1.2636538276254083,0.47074429952371566,41.999999283557244
3.9989,4.01143,69.70017,4961.22093,-0.17235,45.36862,1.2664265365363792,0.47177720654741445,41.999999283557244
4.04539,4.05866,69.67291,4960.56487,-0.24739,45.38755,1.270954627942279,0.4734640397373674,41.999999283557244
4.09187,4.10591,69.63591,4959.92467,-0.32238,45.40661,1.2772551850141267,0.4758111630242644,41.999999283557244
4.13833,4.15316,69.58919,4959.2993,-0.39731,45.42581,1.285352136836928,0.47882749062188223,41.999999283557244
4.18476,4.20043,69.53275,4958.68774,-0.47215,45.44518,1.295276385136256,0.4825245342360701,41.999999283557244
4.23117,4.24771,69.46661,4958.08892,-0.54687,45.46473,1.307065969011604,0.4869164644322583,41.999999283557244
4.27756,4.29501,69.39079,4957.50178,-0.62145,45.4845,1.3207662683750714,0.49202018642172113,41.999999283557244
4.32393,4.34232,69.30531,4956.92517,-0.69587,45.5045,1.3364302469575116,0.4978554305877611,41.999999283557244
4.37027,4.38964,69.21019,4956.35796,-0.7701,45.52476,1.3541187358946294,0.5044448581289918,41.999999283557244
4.4166,4.43698,69.10547,4955.79893,-0.84412,45.54529,1.3739007590456678,0.5118141822491084,41.999999283557244
4.4629,4.48433,68.99118,4955.24684,-0.91788,45.56613,1.395853901316394,0.5199923053668907,41.999999283557244
4.50918,4.53169,68.86734,4954.7004,-0.99138,45.58731,1.4200647213610322,0.5290114728585327,41.999999283557244
4.55543,4.57907,68.73401,4954.15823,-1.06457,45.60883,1.4466292101015747,0.5389074438681494,41.999999283557244
4.60167,4.62647,68.59123,4953.61892,-1.13743,45.63075,1.4756532965540026,0.549719679741354,41.999999283557244
4.64788,4.67388,68.43903,4953.08098,-1.20992,45.65308,1.507253402437477,0.561491550631774,41.999999283557244
4.69406,4.72131,68.27749,4952.54283,-1.28201,45.67585,1.5415570469942221,0.574270560812371,41.999999283557244
4.74022,4.76875,68.10664,4952.00283,-1.35366,45.6991,1.5787035033326957,0.5881085931805417,41.999999283557244
4.78636,4.81621,67.92655,4951.45923,-1.42484,45.72287,1.6188445074071807,0.6030621733716695,41.999999283557244
4.83247,4.86369,67.7373,4950.9102,-1.4955,45.74718,1.6621450204675234,0.6191927537917138,41.999999283557244
4.87856,4.91118,67.53895,4950.35377,-1.56562,45.77208,1.7087840454104901,0.6365670177295699,41.999999283557244
4.92462,4.9587,67.33157,4949.78791,-1.63513,45.7976,1.7589554969325407,0.6552572035118718,41.999999283557244
4.97066,5.00623,67.11525,4949.21041,-1.704,45.82379,1.81286912467925,0.6753414484004415,41.999999283557244
5.01666,5.05378,66.89009,4948.61896,-1.77217,45.85069,1.870751487705356,0.6969041516042961,41.999999283557244
5.06264,5.10135,66.65617,4948.01109,-1.8396,45.87835,1.9328469774364083,0.7200363553597785,41.999999283557244
5.10859,5.14894,66.41361,4947.3842,-1.90623,45.90683,1.9994188849210606,0.7448361425101168,41.999999283557244
5.15451,5.19655,66.16251,4946.73548,-1.97199,45.93617,2.070750506467245,0.7714090483839898,41.999999283557244
5.2004,5.24419,65.90298,4946.06199,-2.03684,45.96643,2.147146279653572,0.799868483989665,41.999999283557244
5.24625,5.29184,65.63517,4945.36055,-2.10069,45.99767,2.2289329392071253,0.830336166609889,41.999999283557244
5.29208,5.33952,65.3592,4944.62781,-2.16348,46.02997,2.316460679205087,0.8629425527525727,41.999999283557244
5.33787,5.38722,65.07523,4943.86018,-2.22514,46.06338,2.4101043044785544,0.8978272670790085,41.999999283557244
5.38362,5.43494,64.7834,4943.05385,-2.28558,46.09799,2.5102643498467625,0.935139519348067,41.999999283557244
5.42934,5.48269,64.4839,4942.20473,-2.34472,46.13386,2.617368140836202,0.9750384995619773,41.999999283557244
5.47502,5.53046,64.17688,4941.30848,-2.40247,46.1711,2.7318707637363837,1.017693739337623,41.999999283557244
5.52066,5.57825,63.86256,4940.36049,-2.45873,46.20977,2.8542559061402835,1.0632854250299744,41.999999283557244
5.56626,5.62608,63.54114,4939.35582,-2.51339,46.24999,2.9850365214226846,1.112004645267753,41.999999283557244
5.61181,5.67393,63.21282,4938.28921,-2.56635,46.29185,3.124755261859357,1.1640535523017244,41.999999283557244
5.65732,5.7218,62.87786,4937.15508,-2.61749,46.33547,3.2739846152368477,1.2196454128954377,41.999999283557244
5.70279,5.76971,62.5365,4935.94746,-2.66668,46.38094,3.4333266688049044,1.2790045203912928,41.999999283557244
5.7482,5.81765,62.18901,4934.66004,-2.7138,46.42841,3.6034124123509397,1.3423659350874413,41.999999283557244
5.79356,5.86561,61.83568,4933.28608,-2.75869,46.478,3.7849004790194716,1.4099750151598969,41.999999283557244
5.83887,5.91361,61.4768,4931.81845,-2.80122,46.52985,3.978475208552781,1.4820866951687217,41.999999283557244
5.88412,5.96164,61.11272,4930.2496,-2.84122,46.5841,4.1848439029997415,1.5589644637373588,41.999999283557244
5.92931,6.0097,60.74377,4928.5715,-2.87852,46.64092,4.404733130187116,1.6408789864984268,41.999999283557244
5.97444,6.0578,60.37033,4926.7757,-2.91294,46.70046,4.638883915793167,1.728106315014637,41.999999283557244
6.0195,6.10593,59.99279,4924.85328,-2.9443,46.76291,4.888045651621121,1.8209256174503767,41.999999283557244
6.06449,6.1541,59.61158,4922.79484,-2.97241,46.82844,5.152968536504284,1.9196163626099723,41.999999283557244
6.1094,6.20231,59.22713,4920.59053,-2.99705,46.89725,5.434394358620622,2.024454886107337,41.999999283557244
6.15424,6.25055,58.83993,4918.23002,-3.018,46.96953,5.733045425360124,2.1357102664502934,41.999999283557244
6.19899,6.29884,58.45047,4915.70254,-3.03504,47.04551,6.049611451238361,2.253639440443372,41.999999283557244
6.24366,6.34717,58.0593,4912.99687,-3.04794,47.12539,6.384734227975225,2.3784814923887905,41.999999283557244
6.28824,6.39554,57.66697,4910.10142,-3.05644,47.20941,6.738989926356079,2.5104510610640616,41.999999283557244
6.33272,6.44395,57.27409,4907.0042,-3.06031,47.2978,7.11286891965228,2.6497308234152617,41.999999283557244
6.37709,6.49242,56.88128,4903.69295,-3.05927,47.39081,7.506753076273395,2.7964630354725193,41.999999283557244
6.42136,6.54093,56.4892,4900.15513,-3.05307,47.48867,7.920890547808143,2.950740140231892,41.999999283557244
6.46552,6.58949,56.09856,4896.37806,-3.04144,47.59163,8.355368180424026,3.1125944901758356,41.999999283557244
6.50955,6.6381,55.71007,4892.34899,-3.02412,47.69995,8.81008180456802,3.281987279404981,41.999999283557244
6.55346,6.68676,55.32451,4888.05521,-3.00083,47.81388,9.284704811197857,3.4587968374574833,41.999999283557244
6.59723,6.73548,54.94266,4883.48422,-2.97132,47.93365,9.778655601253556,3.6428065033807093,41.999999283557244
6.64085,6.78425,54.56537,4878.62383,-2.93534,48.05952,10.29106469612764,3.833692373516012,41.999999283557244
6.68433,6.83308,54.19347,4873.46238,-2.89263,48.1917,10.820742514493581,4.031011297519493,41.999999283557244
6.72765,6.88197,53.82785,4867.9889,-2.84298,48.33042,11.366149045658382,4.234189580887889,41.999999283557244
6.77081,6.93092,53.46943,4862.19334,-2.78618,48.47586,11.925366868776573,4.442512933905884,41.999999283557244
6.81379,6.97993,53.11913,4856.06677,-2.72206,48.62821,12.496079163445678,4.655118280014344,41.999999283557244
6.85659,7.02901,52.77789,4849.60164,-2.65046,48.78761,13.075554509667997,4.87098809339614,41.999999283557244
6.89919,7.07815,52.44667,4842.792,-2.57127,48.95416,13.660640360277132,5.088947967283278,41.999999283557244
6.9416,7.12736,52.12644,4835.63377,-2.48443,49.12795,14.2477670613735,5.3076681116749205,41.999999283557244
6.98379,7.17663,51.81815,4828.12494,-2.38991,49.30901,14.83296417196009,5.525669432831087,41.999999283557244
7.02576,7.22598,51.52276,4820.26585,-2.28774,49.49731,15.411890572150918,5.7413347493725135,41.999999283557244
7.06751,7.27539,51.24121,4812.05935,-2.17802,49.6928,15.979879436763076,5.952925546127004,41.999999283557244
7.10901,7.32487,50.97442,4803.51104,-2.06089,49.89535,16.531998584992213,6.158604455971449,41.999999283557244
7.15027,7.37442,50.72328,4794.62934,-1.93658,50.10477,17.063126008995376,6.356463396216214,41.999999283557244
7.19127,7.42405,50.48862,4785.42565,-1.80538,50.32082,17.568039561940623,6.544556979763447,41.999999283557244
7.23201,7.47374,50.27125,4775.91438,-1.66763,50.54318,18.041518894896516,6.720940489280542,41.999999283557244
7.27248,7.52351,50.0719,4766.11291,-1.52377,50.77149,18.478456832437047,6.883711367543433,41.999999283557244
7.31267,7.57334,49.89124,4756.04154,-1.37429,51.0053,18.873976541520687,7.031052865926958,41.999999283557244
7.35257,7.62324,49.72988,4745.72334,-1.21976,51.24414,19.223550155734014,7.161278235056775,41.999999283557244
7.39218,7.67321,49.58833,4735.18394,-1.06079,51.48744,19.523114042620463,7.272873664922214,41.999999283557244
7.43149,7.72325,49.46702,4724.45125,-0.89806,51.7346,19.76917570868929,7.364538109804933,41.999999283557244
7.4705,7.77335,49.36628,4713.55511,-0.7323,51.98499,19.95890746767996,7.435218182171986,41.999999283557244
7.5092,7.82351,49.28635,4702.52695,-0.56426,52.23792,20.090222465447816,7.484136473946044,41.999999283557244
7.54759,7.87373,49.22738,4691.39932,-0.39475,52.49269,20.161829441559313,7.510811956640512,41.999999283557244
7.58567,7.92401,49.18938,4680.20549,-0.22455,52.74858,20.17326366105842,7.51507150425635,41.999999283557244
7.62344,7.97435,49.17231,4668.97894,-0.0545,53.00485,20.12489269096299,7.497052045178983,41.999999283557244
7.66089,8.02474,49.17599,4657.75294,0.1146,53.26079,20.017897025410807,7.457193344535403,41.999999283557244
7.69803,8.07518,49.20016,4646.56008,0.28196,53.51568,19.85422687359377,7.396221906562682,41.999999283557244
7.73486,8.12567,49.24445,4635.43184,0.44681,53.76882,19.636537611857005,7.315126928816541,41.999999283557244
7.77138,8.1762,49.30844,4624.39827,0.60841,54.01956,19.36810737774235,7.215129603784303,41.999999283557244
7.8076,8.22678,49.39158,4613.48759,0.76607,54.26726,19.052740984891678,7.0976473246582374,41.999999283557244
7.84351,8.27739,49.49327,4602.72595,0.91915,54.51136,18.694664729941717,6.96425449813608,41.999999283557244
7.87913,8.32804,49.61285,4592.13718,1.06708,54.75131,18.298416742313222,6.816641696832439,41.999999283557244
7.91445,8.37873,49.74958,4581.74268,1.20932,54.98665,17.868737319805984,6.65657480640247,41.999999283557244
7.94949,8.42944,49.90267,4571.56129,1.34542,55.21695,17.410463244640166,6.48585565548659,41.999999283557244
7.98425,8.48019,50.07131,4561.60924,1.475,55.44185,16.92842944722238,6.306285382875936,41.999999283557244
8.01873,8.53096,50.25464,4551.90017,1.59771,55.66104,16.427380646743607,6.119631521310222,41.999999283557244
8.05296,8.58175,50.45176,4542.44521,1.7133,55.87429,15.911894815259675,5.927599485833938,41.999999283557244
8.08692,8.63257,50.66177,4533.25301,1.82156,56.08138,15.386319544386039,5.731808868715863,41.999999283557244
8.12063,8.6834,50.88374,4524.32996,1.92237,56.2822,14.854721688777113,5.53377468032015,41.999999283557244
8.15419,8.7342,51.121,4515.67282,2.0868,56.29092,14.312325756653786,5.331717924308331,0.0
8.18767,8.7849,51.37661,4507.2828,2.24084,56.29965,13.7556783247292,5.124352109641015,0.0
8.22107,8.83552,51.64927,4499.1689,2.38424,56.30838,13.190532462662507,4.913820406138609,0.0
8.2544,8.88604,51.93768,4491.33712,2.51684,56.31712,12.622128206079479,4.702074864945351,0.0
8.28767,8.93648,52.24052,4483.79066,2.63859,56.32587,12.05518211818338,4.4908725299547,0.0
8.32086,8.98684,52.55649,4476.53029,2.74953,56.33463,11.493858812739614,4.281764829371853,0.0
8.35399,9.03713,52.88431,4469.55455,2.84976,56.34341,10.94176258139169,4.076094456668638,0.0
8.38706,9.08734,53.22272,4462.8601,2.93946,56.35219,10.401945869573144,3.8749985280837205,0.0
8.42007,9.13747,53.57048,4456.44199,3.01887,56.36099,9.876931214001768,3.6794167549164136,0.0
8.45302,9.18754,53.92642,4450.29393,3.08826,56.36981,9.368743344494376,3.490103402297327,0.0
8.48591,9.23755,54.28938,4444.40857,3.14795,56.37865,8.878948403120777,3.307641899355145,0.0
8.51875,9.2875,54.65825,4438.77768,3.19829,56.38751,8.408697587797441,3.13246109760359,0.0
8.55154,9.33738,55.03197,4433.39245,3.23964,56.39639,7.958772936295561,2.9648523266890847,0.0
8.58428,9.38722,55.40954,4428.24359,3.27238,56.40529,7.529633390824712,2.804986554660193,0.0
8.61697,9.437,55.78999,4423.32155,3.29691,56.41421,7.121459693493883,2.6529311127081225,0.0
8.64962,9.48673,56.1724,4418.61665,3.31361,56.42316,6.734197039341567,2.5086655845427086,0.0
8.68222,9.53642,56.55591,4414.11918,3.32288,56.43214,6.3675947441190575,2.372096583685406,0.0
8.71478,9.58606,56.9397,4409.81954,3.32511,56.44115,6.02124246347736,2.2430712460694084,0.0
8.74729,9.63567,57.32299,4405.70829,3.32068,56.45018,5.69460272805143,2.121389350214563,0.0
8.77977,9.68523,57.70506,4401.77621,3.30996,56.45925,5.387039737728815,2.0068140438500754,0.0
8.81222,9.73476,58.08521,4398.01438,3.29331,56.46834,5.097844493325737,1.8990812061250966,0.0
8.84462,9.78426,58.46281,4394.4142,3.27108,56.47747,4.82625644053944,1.7979075105504616,0.0
8.87699,9.83372,58.83725,4390.96741,3.24359,56.48663,4.571481865911485,1.7029972779790439,0.0
8.90933,9.88315,59.20797,4387.66613,3.21116,56.49582,4.332709323524528,1.6140482234562066,0.0
8.94163,9.93256,59.57442,4384.50284,3.17411,56.50505,4.109122390018722,1.530756207799015,0.0
8.97391,9.98194,59.93612,4381.47041,3.13271,56.51432,3.8999100489987137,1.452819106061073,0.0
9.00615,10.03129,60.2926,4378.56209,3.08724,56.52362,3.7042749983705012,1.3799399022340861,0.0
9.03836,10.08063,60.64342,4375.77151,3.03795,56.53295,3.5214401588426107,1.3118291138357925,0.0
9.07055,10.12994,60.98818,4373.09264,2.98509,56.54233,3.3506536417373414,1.2482066425503673,0.0
9.10271,10.17923,61.3265,4370.51984,2.92889,56.55174,3.191192411281522,1.1888031385280882,0.0
9.13484,10.2285,61.65802,4368.04776,2.86956,56.56119,3.042364852524615,1.133360957002395,0.0
9.16694,10.27775,61.98242,4365.67142,2.80731,56.57068,2.9035124319719006,1.0816347769194457,0.0
9.19902,10.32699,62.29938,4363.38612,2.74233,56.5802,2.77401061487137,1.033391942651619,0.0
9.23108,10.37622,62.60862,4361.18747,2.67479,56.58977,2.6532691813097737,0.9884125817516085,0.0
9.26311,10.42542,62.90986,4359.07135,2.60487,56.59938,2.5407320632433907,0.9464895442420973,0.0
9.29512,10.47462,63.20287,4357.03389,2.53272,56.60903,2.43587680643555,0.9074282021733276,0.0
9.32711,10.52381,63.4874,4355.07149,2.45848,56.61872,2.3382137450749636,0.8710461421467116,0.0
9.35907,10.57298,63.76324,4353.18075,2.38231,56.62845,2.2472849625383104,0.8371727781715506,0.0
9.39102,10.62214,64.03018,4351.35851,2.30432,56.63822,2.1626630992632228,0.8056489075663553,0.0
9.42294,10.6713,64.28804,4349.60178,2.22464,56.64803,2.083950057874735,0.7763262285843794,0.0
9.45484,10.72044,64.53665,4347.90778,2.14338,56.65789,2.0107756464311075,0.7490668349869886,0.0
9.48672,10.76958,64.77583,4346.27389,2.06066,56.66779,1.9427961927351587,0.7237426998381726,0.0
9.51859,10.81871,65.00544,4344.69764,1.97656,56.67773,1.8796931559724361,0.7002351583032352,0.0
9.55043,10.86783,65.22534,4343.17674,1.8912,56.68771,1.8211717563333143,0.6784343971469666,0.0
9.58225,10.91695,65.4354,4341.70899,1.80465,56.69774,1.7669596385913875,0.6582389568814342,0.0
9.61406,10.96606,65.63549,4340.29236,1.717,56.70781,1.7168055817509233,0.6395552510757049,0.0
9.64585,11.01517,65.8255,4338.92489,1.62833,56.71792,1.6704782637098312,0.6222971061602993,0.0
9.67762,11.06427,66.00534,4337.60475,1.53872,56.72808,1.6277650872953981,0.6063853240946133,0.0
9.70937,11.11337,66.1749,4336.33022,1.44823,56.73828,1.5884710719659958,0.591747269496644,0.0
9.7411,11.16247,66.33409,4335.09962,1.35694,56.74853,1.5524178138104736,0.5783164822153983,0.0
9.77282,11.21156,66.48285,4333.91141,1.26491,56.75881,1.5194425151850581,0.5660323158451066,0.0
9.80452,11.26065,66.62108,4332.76406,1.17219,56.76915,1.4893970843146689,0.5548396023030221,0.0
9.8362,11.30974,66.74874,4331.65615,1.07886,56.77953,1.4621473044417934,0.5446883423155164,0.0
9.86787,11.35883,66.86574,4330.58629,0.98495,56.78995,1.4375720715357274,0.5355334214447133,0.0
9.89952,11.40792,66.97204,4329.55315,0.89053,56.80041,1.4155626991982442,0.5273343511475618,0.0
9.93116,11.45701,67.0676,4328.55546,0.79565,56.81093,1.3960222891361889,0.5200550342603145,0.0
9.96278,11.5061,67.15235,4327.59196,0.70036,56.82148,1.378865165437092,0.5136635542513074,0.0
9.99438,11.55518,67.22628,4326.66143,0.60471,56.83208,1.3640163708201858,0.5081319875612098,0.0
10.02597,11.60427,67.28933,4325.7627,0.50873,56.84273,1.3514112230590716,0.5034362383587964,0.0
10.05754,11.65336,67.34149,4324.8946,0.41248,56.85342,1.3409949298300652,0.49955589506182196,0.0
10.0891,11.70245,67.38273,4324.05598,0.31601,56.86416,1.3327222603712536,0.49647410802138114,0.0
10.12065,11.75155,67.41303,4323.2457,0.21935,56.87494,1.3265572724721089,0.4941774878183556,0.0
10.15218,11.80064,67.43238,4322.46263,0.12254,56.88576,1.3224730934962161,0.4926560236886192,0.0
10.18369,11.84974,67.44077,4321.70566,0.02564,56.89663,1.320451754327379,0.49190302166359307,0.0
10.21519,11.89884,67.43818,4320.97364,-0.07132,56.90755,1.3204840753354088,0.491915062089501,0.0
10.24667,11.94794,67.42463,4320.26544,-0.1683,56.91851,1.3225696036727206,0.4926919762687027,0.0
10.27814,11.99705,67.40011,4319.57991,-0.26525,56.92952,1.3267166014199405,0.49423684204361984,0.0
10.3096,12.04615,67.36464,4318.91588,-0.36213,56.94057,1.33294208432127,0.49655599822667856,0.0
10.34104,12.09527,67.31823,4318.27216,-0.4589,56.95167,1.341271911051065,0.499659077854459,0.0
10.37247,12.14438,67.26089,4317.64754,-0.55552,56.96281,1.351740923148627,0.5035590603170873,0.0
10.40388,12.1935,67.19265,4317.04076,-0.65194,56.974,1.3643931359511665,0.5082723424857873,0.0
10.43528,12.24262,67.11354,4316.45053,-0.74811,56.98523,1.379281981001905,0.5138188290162777,0.0
10.46667,12.29175,67.02359,4315.87553,-0.844,56.99651,1.3964706005601704,0.520222042061531,0.0
10.49804,12.34088,66.92284,4315.31437,-0.93956,57.00783,1.416032194936282,0.5275092506631572,0.0
10.5294,12.39002,66.81132,4314.76561,-1.03473,57.0192,1.4380504234435336,0.5357116201165673,0.0
10.56074,12.43916,66.6891,4314.22775,-1.12946,57.03062,1.4626198597625861,0.5448643816061906,0.0
10.59207,12.48831,66.55622,4313.69923,-1.22371,57.04208,1.489846502472914,0.5550070223918717,0.0
10.62339,12.53746,66.41275,4313.17839,-1.31742,57.05358,1.5198483413702237,0.5661834967770102,0.0
10.65469,12.58661,66.25875,4312.66352,-1.41053,57.06513,1.5527559799754833,0.5784424580095516,0.0
10.68598,12.63577,66.09429,4312.15279,-1.50298,57.07672,1.5887133142982568,0.5918375111391906,0.0
10.71725,12.68494,65.91947,4311.64429,-1.59471,57.08836,1.6278782674550984,0.606427486682051,0.0
10.74851,12.73411,65.73435,4311.13598,-1.68566,57.10004,1.6704235790997874,0.6222767347042193,0.0
10.77976,12.78328,65.53905,4310.62573,-1.77575,57.11177,1.716537647791344,0.6394554386259947,0.0
10.81099,12.83246,65.33366,4310.11126,-1.86491,57.12354,1.7664254233616927,0.6580399476523243,0.0
10.8422,12.88165,65.11829,4309.59016,-1.95307,57.13536,1.8203093449846104,0.6781131262281664,0.0
10.87341,12.93084,64.89308,4309.05987,-2.04015,57.14722,1.8784303189867717,0.6997647182988344,0.0
10.9046,12.98003,64.65813,4308.51768,-2.12604,57.15912,1.9410487283628914,0.7230917233809482,0.0
10.93577,13.02923,64.41361,4307.96068,-2.21068,57.17107,2.008445463448816,0.7481987805152807,0.0
10.96693,13.07843,64.15966,4307.3858,-2.29395,57.18306,2.080922960171974,0.7751985550423669,0.0
10.99807,13.12764,63.89644,4306.78976,-2.37576,57.19509,2.1588062286473417,0.8042121217815662,0.0
11.0292,13.17685,63.62413,4306.16906,-2.45598,57.20717,2.2424438505689386,0.8353693365856372,0.0
11.06032,13.22607,63.34293,4305.51997,-2.53452,57.21929,2.3322089187342288,0.8688091863382978,0.0
11.09142,13.27529,63.05302,4304.83852,-2.61124,57.23145,2.428499886058538,0.904680105234434,0.0
11.1225,13.32451,62.75463,4304.12049,-2.686,57.24366,2.531741284491577,0.9431402425954206,0.0
11.15357,13.37373,62.44799,4303.36134,-2.75867,57.25591,2.6423842662559536,0.9843576644947087,0.0
11.18462,13.42296,62.13336,4302.55628,-2.8291,57.26819,2.7609069106859727,1.028510468063351,0.0
11.21565,13.47219,61.811,4301.70018,-2.89712,57.28052,2.887814229661313,1.0757867835141903,0.0
11.24667,13.52142,61.4812,4300.78758,-2.96256,57.29289,3.0236377931055785,1.1263846346302155,0.0
11.27767,13.57066,61.14427,4299.81268,-3.02525,57.3053,3.168934883371454,1.1805116237507827,0.0
11.30865,13.61989,60.80054,4298.76931,-3.08499,57.31775,3.324287073596106,1.238384402171597,0.0
11.33961,13.66912,60.45035,4297.65092,-3.14157,57.33024,3.490298110543388,1.3002278814477266,0.0
11.37055,13.71835,60.09409,4296.45056,-3.19478,57.34277,3.667590967334178,1.3662741354581083,0.0
11.40148,13.76758,59.73216,4295.16088,-3.24438,57.35534,3.856803916327267,1.436760937450348,0.0
11.43238,13.81681,59.36499,4293.77409,-3.29014,57.36794,4.058585457936849,1.5119298708918063,0.0
11.46327,13.86604,58.99303,4292.282,-3.3318,57.38058,4.273587928277059,1.5920239481489946,0.0
11.49413,13.91526,58.61677,4290.67598,-3.36909,57.39326,4.5024595984898585,1.677284667279333,0.0
11.52497,13.96447,58.23674,4288.94695,-3.40173,57.40597,4.745835072931941,1.7679484351031363,0.0
11.55579,14.01368,57.85349,4287.08544,-3.42942,57.41872,5.004323794083928,1.8642422849798317,0.0
11.58659,14.06287,57.4676,4285.08156,-3.45186,57.4315,5.278496471337614,1.9663788211741313,0.0
11.61736,14.11206,57.07969,4282.92503,-3.46872,57.44431,5.568869271463858,2.0745503293893455,0.0
11.6481,14.16124,56.69043,4280.60523,-3.47967,57.45716,5.875885643569692,2.1889220060856918,0.0
11.67882,14.21041,56.3005,4278.11122,-3.48439,57.47003,6.199895703944045,2.3096242787929095,0.0
11.70951,14.25956,55.91065,4275.43182,-3.48252,57.48294,6.541133179705226,2.4367442170122997,0.0
11.74017,14.3087,55.52165,4272.55567,-3.47371,57.49587,6.899690007650111,2.570316069619702,0.0
11.77076,14.35784,55.13179,4269.4765,-3.50294,57.61333,7.278095311147139,2.7112820016150994,46.99999919826643
11.80123,14.40702,54.73926,4266.18636,-3.52694,57.73666,7.679357184496328,2.860762607272974,46.99999919826643
11.83156,14.45624,54.34467,4262.67091,-3.54538,57.86622,8.104217028162697,3.019034077773967,46.99999919826643
11.86176,14.50549,53.94869,4258.91533,-3.55794,58.00239,8.553281041658302,3.1863222383863845,46.99999919826643
11.89182,14.55478,53.55201,4254.90444,-3.56427,58.14553,9.027010626105266,3.3627989731684154,46.99999919826643
11.92172,14.60412,53.15538,4250.62276,-3.56403,58.29603,9.525688020868433,3.5485694237096266,46.99999919826643
11.95147,14.65349,52.75957,4246.05461,-3.55688,58.45429,10.049378692816266,3.743657978141058,46.99999919826643
11.98105,14.7029,52.36539,4241.18427,-3.54245,58.62071,10.597890886145652,3.947993202380653,46.99999919826643
12.01045,14.75235,51.97369,4235.9961,-3.52041,58.79567,11.170732976617327,4.16139195346387,46.99999919826643
12.03966,14.80184,51.58537,4230.47477,-3.4904,58.97957,11.76706954794457,4.383543016842782,46.99999919826643
12.06868,14.85137,51.20134,4224.60539,-3.4521,59.17277,12.385677413961112,4.613990723486489,46.99999919826643
12.0975,14.90095,50.82255,4218.37385,-3.40519,59.37563,13.02490313724481,4.852119124450685,46.99999919826643
12.12609,14.95057,50.45,4211.76696,-3.34939,59.5885,13.682623926041835,5.0971374239530585,46.99999919826643
12.15447,15.00023,50.08468,4204.77281,-3.28442,59.81167,14.356214103739752,5.3480674883697645,46.99999919826643
12.1826,15.04993,49.72764,4197.38105,-3.21007,60.04541,15.042519608687554,5.603734346747447,46.99999919826643
12.21048,15.09967,49.37991,4189.58317,-3.12615,60.28993,15.737843162156572,5.8627606654784215,46.99999919826643
12.2381,15.14945,49.04256,4181.37285,-3.03253,60.5454,16.437942799263304,6.123566201030767,46.99999919826643
12.26545,15.19928,48.71664,4172.74625,-2.92915,60.81191,17.13804635319645,6.3843731957040095,46.99999919826643
12.29251,15.24914,48.40321,4163.70235,-2.81599,61.0895,17.832884181124584,6.643218568890795,46.99999919826643
12.31928,15.29904,48.10332,4154.24318,-2.69314,61.37811,18.516741895428726,6.897973560848468,46.99999919826643
12.34574,15.34898,47.81796,4144.37413,-2.56073,61.6776,19.183534105844636,7.146371203587343,46.99999919826643
12.37187,15.39895,47.54815,4134.1041,-2.41902,61.98774,19.826899197631132,7.386041628232172,46.99999919826643
12.39768,15.44895,47.2948,4123.44566,-2.26833,62.30819,20.44031400460108,7.614554783743416,46.99999919826643
12.42315,15.49898,47.05882,4112.41517,-2.10908,62.63854,21.01722594808795,7.829469662159069,46.99999919826643
12.44826,15.54904,46.84103,4101.03269,-1.94178,62.97825,21.551198894105553,8.028388634224404,46.99999919826643
12.47302,15.59913,46.64218,4089.322,-1.76705,63.32668,22.036067742034348,8.209015037745079,46.99999919826643
12.4974,15.64923,46.46294,4077.31036,-1.58558,63.68312,22.46609572055612,8.36921177446152,46.99999919826643
12.52141,15.69935,46.3039,4065.02825,-1.39816,64.04675,22.836127648262114,8.507058403657979,46.99999919826643
12.54504,15.74949,46.16553,4052.50907,-1.20563,64.41666,23.141732117302343,8.620904109312985,46.99999919826643
12.56828,15.79963,46.0482,4039.78868,-1.00892,64.79189,23.379325744050167,8.709413986741108,46.99999919826643
12.59112,15.84978,45.9522,4026.90492,-0.809,65.17141,23.54627332161397,8.77160635203876,46.99999919826643
12.61356,15.89993,45.87767,4013.89707,-0.6069,65.55414,23.64095887293025,8.806879211230864,46.99999919826643
12.63561,15.95007,45.82465,4000.80529,-0.40364,65.93897,23.662824156212736,8.815024604563819,46.99999919826643
12.65726,16.00021,45.79307,3987.67003,-0.2003,66.32479,23.612372990396377,8.79623021784716,46.99999919826643
12.6785,16.05033,45.78275,3974.5314,0.00209,66.71048,23.491141689941873,8.75106836864037,46.99999919826643
12.69935,16.10044,45.79339,3961.42869,0.20249,67.09493,23.301637761791664,8.680473169255981,46.99999919826643
12.7198,16.15053,45.8246,3948.39976,0.39991,67.47708,23.047250665882657,8.585707282702549,46.99999919826643
12.73987,16.20059,45.87588,3935.48062,0.59339,67.85591,22.732139748913355,8.468320175064267,46.99999919826643
12.75954,16.25063,45.94666,3922.705,0.78203,68.23044,22.361105343148825,8.330100096414219,46.99999919826643
12.77883,16.30064,46.03627,3910.10402,0.965,68.59979,21.93944944128348,8.173022178534888,46.99999919826643
12.79775,16.35061,46.14396,3897.70595,1.14156,68.96314,21.47283232560419,7.999195025509134,46.99999919826643
12.81631,16.40054,46.26895,3885.53599,1.31102,69.31975,20.967131096815493,7.810808011985215,46.99999919826643
12.8345,16.45044,46.41037,3873.61619,1.47279,69.66898,20.428305296765544,7.610081224106559,46.99999919826643
12.85235,16.50029,46.56732,3861.96543,1.62638,70.01026,19.86227384944252,7.39921961679502,46.99999919826643
12.86985,16.5501,46.73888,3850.59941,1.77135,70.34314,19.274806458808207,7.180372556586411,46.99999919826643
12.88702,16.59987,46.92408,3839.53081,1.90737,70.66722,18.671431496267843,6.955599507289394,46.99999919826643
12.90388,16.64959,47.12193,3828.76933,2.03419,70.98222,18.057361365292287,6.726842226343448,46.99999919826643
12.92042,16.69926,47.33146,3818.32196,2.15162,71.28792,17.437435406163793,6.4959034953344235,46.99999919826643
12.93666,16.74888,47.55167,3808.19309,2.25956,71.58419,16.81607963860663,6.264432123065193,46.99999919826643
12.95262,16.79846,47.78157,3798.38481,2.35798,71.87096,16.197282052336583,6.033913740635215,46.99999919826643
12.96829,16.84799,48.02017,3788.8971,2.44688,72.14823,15.58458174600873,5.805666755412796,46.99999919826643
12.98369,16.89747,48.26653,3779.72807,2.52634,72.41605,14.981069971178572,5.580842739938081,46.99999919826643
12.99884,16.94691,48.51968,3770.8742,2.59648,72.67454,14.389401037961754,5.360430494568252,46.99999919826643
13.01373,16.99629,48.7787,3762.33058,2.65746,72.92384,13.811811056875287,5.145263029306504,46.99999919826643
13.02839,17.04563,49.0427,3754.09111,2.70948,73.16413,13.25014259861105,4.936026750216515,46.99999919826643
13.04282,17.09493,49.3108,3746.14869,2.75277,73.39566,12.70587352368695,4.733272199226054,46.99999919826643
13.05702,17.14418,49.58217,3738.49545,2.78757,73.61864,12.180148442497446,4.53742577382357,46.99999919826643
13.07101,17.19338,49.85598,3731.1229,2.81414,73.83337,11.67381149371692,4.348801937875898,46.99999919826643
13.0848,17.24254,50.13147,3724.02208,2.83278,74.04011,11.187439358486227,4.167615520281397,46.99999919826643
13.09839,17.29166,50.40788,3717.18369,2.84377,74.23917,10.721373648301391,3.9939937803106775,46.99999919826643
13.1118,17.34074,50.68449,3710.59824,2.84742,74.43085,10.275752007045973,3.8279879939319934,46.99999919826643
13.12502,17.38978,50.96064,3704.25613,2.84402,74.61545,9.850537447978969,3.669584382611141,46.99999919826643
13.13807,17.43878,51.23567,3698.14773,2.83389,74.79329,9.445545601786879,3.5187142639277935,46.99999919826643
13.15095,17.48774,51.50896,3692.26349,2.81732,74.96467,9.060469681947847,3.3752633518305193,46.99999919826643
13.16367,17.53666,51.77992,3686.59399,2.7946,75.1299,8.69490307949585,3.239080173780952,46.99999919826643
13.17624,17.58555,52.048,3681.12995,2.76605,75.28929,8.348359582741146,3.109983603131659,46.99999919826643
13.18866,17.63441,52.31268,3675.86236,2.73194,75.44312,8.02029128113571,2.9877695287871098,46.99999919826643
13.20094,17.68323,52.57345,3670.7824,2.69255,75.59169,7.710104258896247,2.872216701491161,46.99999919826643
13.21308,17.73202,52.82985,3665.88156,2.64816,75.73528,7.417172215981998,2.7630918079996847,46.99999919826643
13.22509,17.78078,53.08143,3661.15161,2.59903,75.87415,7.140848174117248,2.6601538318819538,46.99999919826643
13.23696,17.8295,53.32777,3656.58461,2.54541,76.00857,6.8804744362258505,2.5631577636720517,46.99999919826643
13.24872,17.8782,53.56848,3652.17293,2.48756,76.1388,6.635390970893077,2.4718577243015214,46.99999919826643
13.26035,17.92687,53.80319,3647.90925,2.4257,76.26507,6.404942391194166,2.386009564896621,46.99999919826643
13.27187,17.97552,54.03155,3643.78655,2.36007,76.38762,6.18848369091893,2.3053730036729205,46.99999919826643
13.28328,18.02413,54.25323,3639.79811,2.29088,76.50667,5.9853848921083905,2.2297133572649828,46.99999919826643
13.29457,18.07273,54.46793,3635.93752,2.21833,76.62244,5.795034746993479,2.158802919795933,46.99999919826643
13.30576,18.12129,54.67535,3632.19863,2.14264,76.73513,5.6168436255353305,2.0924220385621943,46.99999919826643
13.31685,18.16984,54.87524,3628.57557,2.06398,76.84495,5.450245707592985,2.030359930673635,46.99999919826643
13.32788,18.21835,55.06926,3625.05788,2.02301,76.85892,5.293257343029444,1.9718776342612465,0.0
13.33888,18.26682,55.25903,3621.63657,1.97828,76.87289,5.144121398187793,1.9163205708048605,0.0
13.34987,18.31524,55.44421,3618.30823,1.92996,76.88686,5.0026602513116165,1.8636225715267012,0.0
13.36083,18.36363,55.62449,3615.0695,1.87823,76.90084,4.8686785475978285,1.8137108616225253,0.0
13.37177,18.41199,55.79957,3611.91709,1.82327,76.91483,4.741973873700562,1.7665100367951811,0.0
13.38269,18.4603,55.96916,3608.84779,1.76524,76.92882,4.622339688621191,1.7219431550882602,0.0
13.39359,18.50858,56.13299,3605.85846,1.7043,76.94282,4.50956787227058,1.679932686292591,0.0
13.40447,18.55683,56.2908,3602.94604,1.64063,76.95682,4.403450925813457,1.640401331632411,0.0
13.41532,18.60504,56.44237,3600.10752,1.57436,76.97084,4.30378385738395,1.6032727262440223,0.0
13.42616,18.65322,56.58746,3597.34001,1.50566,76.98485,4.210365785697963,1.568472036563595,0.0
13.43698,18.70137,56.72587,3594.64065,1.43467,76.99888,4.123001292550623,1.535926464168051,0.0
13.44778,18.74949,56.8574,3592.00668,1.36153,77.01291,4.041501553346398,1.5055656669272806,0.0
13.45856,18.79758,56.98186,3589.43539,1.28638,77.02695,3.965685272826651,1.4773221075872762,0.0
13.46932,18.84564,57.09909,3586.92415,1.20935,77.041,3.89537945100728,1.4511313391020564,0.0
13.48007,18.89367,57.20892,3584.47037,1.13058,77.05506,3.8304200022273305,1.426932235245562,0.0
13.49079,18.94168,57.31122,3582.07154,1.05018,77.06912,3.7706522480609204,1.4046671742343173,0.0
13.5015,18.98966,57.40584,3579.72519,0.96829,77.0832,3.715931302806625,1.3842821823323699,0.0
13.51218,19.03761,57.49266,3577.42889,0.88502,77.09728,3.6661223682873882,1.3657270436720128,0.0
13.52285,19.08554,57.57157,3575.18028,0.8005,77.11138,3.621100952831003,1.348955381829775,0.0
13.5335,19.13344,57.64247,3572.977,0.71483,77.12548,3.580753027550789,1.3339247180450886,0.0
13.54414,19.18132,57.70527,3570.81676,0.62812,77.13959,3.5449751314397773,1.3205965103706345,0.0
13.55475,19.22918,57.75988,3568.69727,0.5405,77.15371,3.51367443524754,1.3089361774681434,0.0
13.56535,19.27701,57.80624,3566.61627,0.45206,77.16784,3.486768772757971,1.298913110260193,0.0
13.57593,19.32482,57.84429,3564.57151,0.36291,77.18198,3.464186646785898,1.2905006741641014,0.0
13.58649,19.37261,57.87396,3562.56077,0.27315,77.19613,3.4458672160283763,1.2836762041936918,0.0
13.59704,19.42038,57.89523,3560.58181,0.1829,77.21029,3.431760267822608,1.278420994810897,0.0
13.60757,19.46813,57.90805,3558.63241,0.09224,77.22446,3.4218261808561024,1.2747202860343145,0.0
13.61808,19.51585,57.91241,3556.71032,0.00129,77.23864,3.4160358809093565,1.272563246952191,0.0
13.62857,19.56355,57.90829,3554.81331,-0.08986,77.25283,3.414370791855855,1.2719429574686318,0.0
13.63905,19.61124,57.89568,3552.93911,-0.1811,77.26703,3.4168227832624916,1.2728563887833808,0.0
13.64951,19.6589,57.8746,3551.08543,-0.27234,77.28124,3.4233941151405225,1.275304382810095,0.0
13.65996,19.70654,57.84505,3549.24994,-0.36347,77.29546,3.4340973795946867,1.2792916304391082,0.0
13.67038,19.75417,57.80706,3547.4303,-0.45439,77.3097,3.448955438326637,1.2848266482558128,0.0
13.68079,19.80177,57.76066,3545.62411,-0.54501,77.32394,3.4680013541520953,1.2919217530290015,0.0
13.69118,19.84935,57.7059,3543.82893,-0.63521,77.33819,3.4912783138739973,1.3005930329790802,0.0
13.70156,19.89691,57.64282,3542.04226,-0.72489,77.35245,3.518839539046027,1.31086031453514,0.0
13.71192,19.94446,57.57149,3540.26155,-0.81396,77.36672,3.550748180236347,1.3227471229454126,0.0
13.72226,19.99198,57.49197,3538.48418,-0.90229,77.381,3.587077189534693,1.3362806347828096,0.0
13.73259,20.03949,57.40435,3536.70746,-0.98979,77.39529,3.62790916503373,1.351491620010135,0.0
13.74289,20.08697,57.30872,3534.92863,-1.07633,77.40959,3.673336160018072,1.3684143708979761,0.0
13.75319,20.13444,57.20518,3533.14483,-1.16182,77.42391,3.723459448463028,1.3870866146668133,0.0
13.76346,20.18188,57.09384,3531.35314,-1.24612,77.43823,3.7783892373229753,1.4075494063068723,0.0
13.77372,20.22931,56.97483,3529.55051,-1.32913,77.45256,3.838244314831553,1.4298469975606893,0.0
13.78396,20.27671,56.84828,3527.73383,-1.41071,77.46689,3.903151622774375,1.454026677583446,0.0
13.79418,20.3241,56.71433,3525.89985,-1.49075,77.48124,3.9732457393342764,1.4801385802892126,0.0
13.80439,20.37146,56.57315,3524.04524,-1.56911,77.4956,4.048668257762161,1.5082354528894946,0.0
13.81458,20.4188,56.4249,3522.16654,-1.64567,77.50997,4.1295670447088995,1.5383723796023452,0.0
13.82475,20.46612,56.26976,3520.26018,-1.72029,77.52434,4.216095360709781,1.570606454009689,0.0
13.83491,20.51342,56.10793,3518.32246,-1.79282,77.53872,4.3084108239565735,1.6049963930351423,0.0
13.84505,20.5607,55.93961,3516.34956,-1.86313,77.55312,4.406674197317423,1.6416020850770159,0.0
13.85517,20.60795,55.76503,3514.33753,-1.93107,77.56752,4.511047977468048,1.6804840644225596,0.0
13.86527,20.65519,55.58442,3512.2823,-1.99648,77.58192,4.621694764227135,1.7217029037824922,0.0
13.87536,20.70239,55.39803,3510.17966,-2.05921,77.59634,4.738775387685252,1.765318516597246,0.0
13.88542,20.74958,55.20613,3508.02528,-2.1191,77.61076,4.862446770707033,1.8113893607627853,0.0
13.89547,20.79673,55.00898,3505.8147,-2.17599,77.62519,4.992859504910322,1.8599715356190611,0.0
13.90551,20.84387,54.80689,3503.54333,-2.2297,77.63962,5.130155119479369,1.9111177645110633,0.0
13.91552,20.89097,54.60016,3501.20646,-2.28007,77.65406,5.274463024299762,1.9648762560261528,0.0
13.92552,20.93805,54.38912,3498.79929,-2.32692,77.66851,5.42589711206857,2.0212894381906854,0.0
13.93549,20.9851,54.17411,3496.31689,-2.37008,77.68296,5.584552008426955,2.080392561545743,0.0
13.94545,21.03212,53.95549,3493.75426,-2.40936,77.69741,5.750498965007622,2.1422121691992526,0.0
13.95539,21.07911,53.73362,3491.1063,-2.44458,77.71187,5.923781397687459,2.2067644347076962,0.0
13.96531,21.12607,53.5089,3488.36787,-2.47557,77.72634,6.104410081565989,2.274053372079153,0.0
13.97521,21.173,53.28173,3485.53377,-2.50213,77.7408,6.292358025293882,2.3440689263258165,0.0
13.98509,21.21989,53.05255,3482.5988,-2.52409,77.75528,6.487555060516989,2.4167849578895226,0.0
13.99496,21.26675,52.82177,3479.55774,-2.54126,77.76975,6.689882197367401,2.4921571399136644,0.0
14.0048,21.31358,52.58986,3476.40543,-2.55346,77.78422,6.899165814083178,2.5701207937236568,0.0
14.01462,21.36036,52.35729,3473.13677,-2.56053,77.7987,7.115171767779463,2.6505886949342186,0.0
14.02442,21.40711,52.12454,3469.74676,-2.56229,77.81317,7.337599533792878,2.7334488902009624,0.0
14.0342,21.45382,51.89211,3466.23056,-2.55859,77.82765,7.566076502430346,2.8185625726092662,0.0
14.04396,21.50048,51.6605,3462.58349,-2.54927,77.84213,7.800152583626212,2.9057620717670916,0.0
14.0537,21.54711,51.43025,3458.80116,-2.53419,77.8566,8.03929529108331,2.994849022518186,0.0
14.06341,21.59368,51.20189,3454.87941,-2.51322,77.87107,8.282885496935972,3.0855927834423533,0.0
14.07311,21.64021,50.97595,3450.81445,-2.48626,77.88554,8.530214064309966,3.177729182395428,0.0
14.08278,21.68669,50.75298,3446.60289,-2.45321,77.9,8.780479577177774,3.2709596708206354,0.0
14.09243,21.73313,50.53355,3442.24177,-2.41399,77.91446,9.032787392780568,3.3649509707508445,0.0
14.10205,21.7795,50.31821,3437.72867,-2.36856,77.92892,9.286150240146913,3.4593352977725336,0.0
14.11166,21.82583,50.10752,3433.06171,-2.31689,77.94337,9.539490577251419,3.5537112391294046,0.0
14.12123,21.8721,49.90204,3428.23963,-2.25898,77.95781,9.791644897697763,3.647645358075135,0.0
14.13079,21.91831,49.70232,3423.26188,-2.19486,77.97225,10.041370144553458,3.7406745831955757,0.0
14.14032,21.96446,49.50891,3418.1286,-2.12459,77.98668,10.287352343374312,3.832309424437518,0.0
14.14982,22.01054,49.32234,3412.84073,-2.04826,78.00109,10.52821750881531,3.922038036108212,0.0
14.1593,22.05657,49.14314,3407.39998,-1.96601,78.0155,10.762544810153216,4.009331121378946,0.0
14.16875,22.10252,48.97182,3401.80894,-1.87799,78.0299,10.988881902570311,4.0936476435916305,0.0
14.17818,22.14841,48.80885,3396.07105,-1.78442,78.04428,11.20576224547615,4.174441277789316,0.0
14.18758,22.19423,48.65472,3390.19061,-1.68552,78.05866,11.411724140348143,4.251167502812735,0.0
14.19695,22.23997,48.50984,3384.17281,-1.58158,78.07302,11.60533113262496,4.323291201542401,0.0
14.2063,22.28564,48.37463,3378.0237,-1.47291,78.08737,11.78519334012311,4.390294606294961,0.0
14.21562,22.33124,48.24947,3371.75019,-1.35985,78.1017,11.949989199256366,4.4516853998621135,0.0
14.22491,22.37675,48.13469,3365.35996,-1.24279,78.11601,12.098487065315549,4.507004762183167,0.0
14.23417,22.42219,48.03059,3358.86149,-1.12214,78.13031,12.229566068467221,4.555835139753306,0.0
14.2434,22.46754,47.93743,3352.26392,-0.99835,78.1446,12.34223561689821,4.597807511058086,0.0
14.25261,22.51281,47.85543,3345.57706,-0.87188,78.15887,12.435652954786827,4.632607927379685,0.0
14.26179,22.558,47.78475,3338.81122,-0.74323,78.17312,12.509138226379505,4.65998312456182,0.0
14.27093,22.6031,47.72553,3331.97722,-0.6129,78.18735,12.56218656751243,4.679745027419695,0.0
14.28005,22.64811,47.67785,3325.08621,-0.48142,78.20156,12.594476839297208,4.691774003267708,0.0
14.28914,22.69304,47.64172,3318.1496,-0.34932,78.21576,12.605876731545054,4.696020763079248,0.0
14.2982,22.73787,47.61714,3311.17897,-0.21713,78.22994,12.596444089290895,4.692506855651819,0.0
14.30723,22.78262,47.60405,3304.18594,-0.08539,78.24409,12.566424448535159,4.681323749606022,0.0
14.31623,22.82727,47.60233,3297.1821,0.04537,78.25823,12.51624489922193,4.66263054718344,0.0
14.3252,22.87184,47.61182,3290.17885,0.17463,78.27235,12.44650451798311,4.636650420192112,0.0
14.33413,22.91631,47.63234,3283.18738,0.30188,78.28645,12.357961723556905,4.603665899567218,0.0
14.34304,22.9607,47.66363,3276.2185,0.42664,78.30053,12.251518999020766,4.564013184000867,0.0
14.35193,23.00499,47.70542,3269.28264,0.54844,78.31459,12.128205493027961,4.518075658444934,0.0
14.36078,23.04919,47.7574,3262.38971,0.66684,78.32863,11.989158055118942,4.466276829265546,0.0
14.3696,23.0933,47.81921,3255.54909,0.78143,78.34265,11.835601277255279,4.409072889189343,0.0
14.37839,23.13732,47.89047,3248.76954,0.89182,78.35666,11.668827106194406,4.346945122376633,0.0
14.38715,23.18125,47.97076,3242.05918,0.99768,78.37064,11.490174561676303,4.28039234891229,0.0
14.39589,23.22509,48.05967,3235.42547,1.09867,78.38461,11.301010047091376,4.209923590011478,0.0
14.40459,23.26885,48.15672,3228.87515,1.19454,78.39856,11.102708676624081,4.136051111889334,0.0
14.41327,23.31252,48.26144,3222.41429,1.28502,78.41249,10.896636970493502,4.059283979282782,0.0
14.42192,23.3561,48.37335,3216.04825,1.36991,78.42641,10.684137192072999,3.980122220615473,0.0
14.43054,23.3996,48.49193,3209.78169,1.44904,78.44031,10.466513521997744,3.899051677489065,0.0
14.43914,23.44302,48.61668,3203.6186,1.52226,78.45419,10.245020188212354,3.816539582813651,0.0
14.44771,23.48635,48.74707,3197.56232,1.58946,78.46806,10.020851600451994,3.7330308856423944,0.0
14.45625,23.52961,48.88259,3191.61556,1.65057,78.48192,9.7951344750607,3.648945317459135,0.0
14.46476,23.57279,49.02269,3185.78045,1.70554,78.49576,9.568921882877156,3.5646751748592482,0.0
14.47325,23.61589,49.16686,3180.05854,1.75434,78.50959,9.343189109734663,3.4805837774769506,0.0
14.48171,23.65892,49.31458,3174.45087,1.79698,78.5234,9.118831186314036,3.397004547790522,0.0
14.49015,23.70187,49.46533,3168.958,1.8335,78.5372,8.896661920989452,3.3142406508319304,0.0
14.49857,23.74475,49.61859,3163.58005,1.86393,78.551,8.677414255362251,3.2325651266325286,0.0
14.50695,23.78756,49.77386,3158.31672,1.88836,78.56478,8.46174175610071,3.152221445972623,0.0
14.51532,23.8303,49.93064,3153.16737,1.90686,78.57855,8.250221057545419,3.073424420316247,0.0
14.52366,23.87298,50.08846,3148.13101,1.91954,78.59231,8.043355075679285,2.9963613990995484,0.0
14.53198,23.91559,50.24684,3143.20638,1.92652,78.60606,7.84157682462958,2.921193691478224,0.0
14.54027,23.95814,50.40531,3138.39197,1.92793,78.61981,7.64525368030513,2.848058154644554,0.0
14.54855,24.00063,50.56344,3133.68601,1.9239,78.63354,7.454691951327218,2.77706889661943,0.0
14.5568,24.04305,50.72078,3129.08658,1.91459,78.64727,7.2701416339379,2.708319047580816,0.0
14.56502,24.08542,50.87693,3124.59158,1.90015,78.661,7.091801244440052,2.6418825600748104,0.0
14.57323,24.12773,51.03147,3120.19877,1.88075,78.67471,6.919822639298955,2.5778160046303156,0.0
14.58141,24.16998,51.18401,3115.9058,1.85654,78.68843,6.7543157487722985,2.51616033316076,0.0
14.58958,24.21218,51.33418,3111.71021,1.82769,78.70213,6.595353164617169,2.4569425880056612,0.0
14.59772,24.25433,51.48162,3107.6095,1.79439,78.71584,6.442974535804925,2.400177539450079,0.0
14.60585,24.29642,51.62599,3103.60107,1.7568,78.72953,6.2971907379919125,2.3458692389621567,0.0
14.61395,24.33847,51.76696,3099.68232,1.7151,78.74323,6.157987792983783,2.294012479296711,0.0
14.62203,24.38047,51.90421,3095.85058,1.66947,78.75692,6.025330523292078,2.2445941559137177,0.0
14.63009,24.42241,52.03744,3092.10319,1.62007,78.77061,5.899165934438242,2.1975945269755446,0.0
14.63814,24.46432,52.16637,3088.43746,1.56708,78.7843,5.779426323863232,2.1529883714975866,0.0
14.64616,24.50617,52.29074,3084.85071,1.51068,78.79798,5.666032120275431,2.1107460470800703,0.0
14.65417,24.54798,52.41027,3081.34026,1.45104,78.81167,5.558894461214246,2.0708344501183116,0.0
14.66216,24.58975,52.52474,3077.90344,1.38832,78.82535,5.4579175195802785,2.033217882496424,0.0
14.67013,24.63148,52.63392,3074.53758,1.3227,78.83903,5.36300059201756,1.9978588295646427,0.0
14.67808,24.67317,52.73759,3071.24004,1.25433,78.85272,5.27403996352239,1.9647186547551831,0.0
14.68601,24.71481,52.83555,3068.0082,1.18339,78.8664,5.19093056348268,1.9337582165004692,0.0
14.69393,24.75642,52.92761,3064.83944,1.11002,78.88008,5.113567428772934,1.9049384132745069,0.0
14.70183,24.79798,53.01361,3061.73118,1.0344,78.89376,5.0418469895008995,1.8782206625673443,0.0
14.70971,24.83951,53.09338,3058.68084,0.95666,78.90745,4.975668192696937,1.853567319488928,0.0
14.71757,24.881,53.16677,3055.68586,0.87698,78.92113,4.91493347867496,1.8309420404892396,0.0
14.72541,24.92246,53.23364,3052.74369,0.7955,78.93482,4.85954962403837,1.8103100974001916,0.0
14.73324,24.96388,53.29388,3049.85182,0.71236,78.94851,4.8094284644602245,1.791638646690255,0.0
14.74106,25.00527,53.34736,3047.00773,0.62771,78.96219,4.764487509349829,1.774896958443938,0.0
14.74885,25.04662,53.39399,3044.20889,0.54171,78.97589,4.724650459539292,1.7600566092136494,0.0
14.75663,25.08793,53.43368,3041.4528,0.45449,78.98958,4.689847638007611,1.7470916424757514,0.0
14.76439,25.12921,53.46634,3038.73696,0.36619,79.00327,4.6600163426200725,1.7359787000352727,0.0
14.77214,25.17046,53.49192,3036.05886,0.27696,79.01697,4.635101128737932,1.7266971273054441,0.0
14.77987,25.21168,53.51035,3033.41599,0.18693,79.03067,4.615054028523011,1.719229055004434,0.0
14.78758,25.25287,53.5216,3030.80582,0.09624,79.04437,4.5998347126699315,1.7135594594048613,0.0
14.79528,25.29402,53.52561,3028.2258,0.00504,79.05808,4.5894105992768015,1.70967620289099,0.0
14.80296,25.33514,53.52239,3025.67339,-0.08656,79.07178,4.583756913569041,1.7075700562074256,0.0
14.81063,25.37623,53.5119,3023.14599,-0.1784,79.08549,4.582856701165044,1.7072347034009228,0.0
14.81827,25.41729,53.49415,3020.64102,-0.27035,79.0992,4.586700796651949,1.7086667301140346,0.0
14.82591,25.45832,53.46915,3018.15581,-0.36227,79.11292,4.595287748253887,1.711865595522051,0.0
14.83353,25.49932,53.43691,3015.68771,-0.45404,79.12664,4.60862369848015,1.716833587871302,0.0
14.84113,25.54029,53.39747,3013.23399,-0.54551,79.14036,4.6267222197053,1.7235757632284237,0.0
14.84871,25.58122,53.35086,3010.7919,-0.63654,79.15408,4.649604102768449,1.7320998667280245,0.0
14.85629,25.62213,53.29714,3008.35862,-0.727,79.16781,4.67729709577971,1.7424162352712187,0.0
14.86384,25.66301,53.23637,3005.93131,-0.81674,79.18154,4.7098355894706545,1.75453768031039,0.0
14.87138,25.70385,53.16862,3003.50704,-0.90564,79.19527,4.747260244576914,1.7684793490394113,0.0
14.8789,25.74467,53.09398,3001.08284,-0.99353,79.209,4.78961755594068,1.7842585620103502,0.0
14.88641,25.78546,53.01254,2998.65566,-1.08029,79.22274,4.836959347197618,1.8018946248910557,0.0
14.8939,25.82621,52.92441,2996.22241,-1.16576,79.23647,4.889342189198793,1.8214086118120159,0.0
14.90138,25.86694,52.82971,2993.7799,-1.2498,79.25021,4.946826734591407,1.8428231174801835,0.0
14.90884,25.90763,52.72856,2991.32489,-1.33226,79.26396,5.009476960366944,1.8661619750082201,0.0
14.91629,25.9483,52.62111,2988.85406,-1.41299,79.2777,5.077359309647374,1.8914499362072843,0.0
14.92372,25.98893,52.50751,2986.364,-1.49183,79.29145,5.150541723552037,1.9187123109319686,0.0
14.93113,26.02953,52.38792,2983.85124,-1.56863,79.30519,5.229092553704746,1.9479745619605824,0.0
14.93853,26.0701,52.26253,2981.31223,-1.64324,79.31894,5.313079345867116,1.9792618518665634,0.0
14.94591,26.11064,52.13151,2978.74334,-1.71549,79.33269,5.402567485292198,2.0125985383770626,0.0
14.95328,26.15114,51.99508,2976.14087,-1.78521,79.34644,5.497618694813342,2.048007614871529,0.0
14.96063,26.19161,51.85344,2973.50102,-1.85226,79.3602,5.598289377409922,2.08551009294383,0.0
14.96796,26.23205,51.70683,2970.81995,-1.91646,79.37395,5.704628796082973,2.12512432435804,0.0
14.97528,26.27246,51.55547,2968.09375,-1.97764,79.3877,5.816677085477299,2.166865260325353,0.0
14.98258,26.31283,51.39963,2965.31842,-2.03563,79.40145,5.934463091685554,2.21074364677427,0.0
14.98987,26.35316,51.23957,2962.48993,-2.09028,79.4152,6.058002039380493,2.2567651552959775,0.0
14.99714,26.39346,51.07556,2959.60421,-2.1414,79.42895,6.187293028624812,2.3049294506401505,0.0
15.00439,26.43372,50.9079,2956.65712,-2.18882,79.4427,6.322316367724645,2.355229197132705,0.0
15.01163,26.47394,50.7369,2953.64453,-2.23238,79.45645,6.463030753149524,2.4076490081217794,0.0
15.01885,26.51413,50.56285,2950.56227,-2.27191,79.47019,6.609370313034981,2.462164344604668,0.0
15.02605,26.55427,50.38611,2947.40619,-2.30724,79.48394,6.761241536968401,2.5187403714922625,0.0
15.03323,26.59438,50.207,2944.17214,-2.33821,79.49768,6.918520121799794,2.5773307825905807,0.0
15.0404,26.63444,50.02588,2940.85603,-2.36465,79.51141,7.081047770832718,2.63787660821516,0.0
15.04755,26.67447,49.84311,2937.4538,-2.3864,79.52515,7.248628992050264,2.7003050224459972,0.0
15.05469,26.71445,49.65907,2933.9615,-2.40332,79.53888,7.421027949712578,2.764528170264786,0.0
15.0618,26.75438,49.47415,2930.37527,-2.41527,79.5526,7.597965432571227,2.830442038134994,0.0
15.0689,26.79427,49.28873,2926.69139,-2.42209,79.56632,7.7791160108579875,2.897925394905386,0.0
15.07598,26.83411,49.10323,2922.90629,-2.42368,79.58003,7.964105462616162,2.96683883305072,0.0
15.08304,26.87391,48.91805,2919.01661,-2.41991,79.59374,8.152508557685273,3.0370239431477395,0.0
15.09008,26.91365,48.73362,2915.0192,-2.41067,79.60744,8.343847294009974,3.1083026568538354,0.0
15.09711,26.95335,48.55036,2910.91117,-2.39589,79.62113,8.537589685592785,3.1804767953875537,0.0
15.10411,26.99299,48.3687,2906.68992,-2.37547,79.63481,8.733149203650754,3.253327861344744,0.0
15.1111,27.03258,48.18908,2902.35319,-2.34937,79.64849,8.929884971955463,3.326617111467851,0.0
15.11806,27.07211,48.01192,2897.89906,-2.31755,79.66215,9.12710281318212,3.4000859464384856,0.0
15.12501,27.11159,47.83767,2893.32601,-2.27998,79.67581,9.324057235139888,3.4734566508004816,0.0
15.13194,27.15101,47.66675,2888.63297,-2.23668,79.68945,9.519954433311304,3.546433511484828,0.0
15.13885,27.19037,47.4996,2883.81929,-2.18767,79.70309,9.71395636923456,3.6187043371143863,0.0
15.14573,27.22967,47.33664,2878.88485,-2.133,79.71671,9.905185962617033,3.6899423922027776,0.0
15.1526,27.2689,47.17829,2873.83002,-2.07276,79.73032,10.092733409004865,3.759808750652548,0.0
15.15945,27.30807,47.02495,2868.65571,-2.00704,79.74391,10.275663604672463,3.827955061721854,0.0
15.16627,27.34718,46.87702,2863.3634,-1.93598,79.75749,10.453024626947705,3.8940267091687355,0.0
15.17307,27.38622,46.73488,2857.95513,-1.85974,79.77106,10.623857182407281,3.957666330952483,0.0
15.17986,27.42519,46.59889,2852.43353,-1.77852,79.78461,10.787204898550225,4.018517653152808,0.0
15.18662,27.46409,46.46941,2846.8018,-1.69253,79.79815,10.94212529824403,4.076229578239788,0.0
15.19336,27.50291,46.34675,2841.06374,-1.60203,79.81166,11.087701262161259,4.130460455133093,0.0
15.20007,27.54167,46.23122,2835.2237,-1.50729,79.82517,11.223052754227357,4.1808824472398065,0.0
15.20677,27.58034,46.1231,2829.28659,-1.40861,79.83865,11.347348560798897,4.227185905607202,0.0
15.21344,27.61894,46.02265,2823.25784,-1.30632,79.85212,11.459817777254992,4.269083647980283,0.0
15.22009,27.65747,45.93008,2817.14339,-1.20079,79.86557,11.559760767470456,4.306315041493879,0.0
15.22671,27.69591,45.8456,2810.94964,-1.09238,79.87899,11.64655932315504,4.338649787293836,0.0
15.23332,27.73428,45.76936,2804.6834,-0.98149,79.8924,11.719685761940756,4.365891309813918,0.0
15.2399,27.77256,45.70151,2798.35186,-0.86854,79.90579,11.778710725090452,4.387879661627429,0.0
15.24645,27.81076,45.64214,2791.96252,-0.75394,79.91916,11.823309467646501,4.404493866693097,0.0
15.25299,27.84887,45.59131,2785.52315,-0.63815,79.93251,11.853266474178596,4.415653639842582,0.0
15.2595,27.8869,45.54907,2779.04171,-0.5216,79.94584,11.86847828058457,4.421320437975523,0.0
15.26598,27.92485,45.51541,2772.5263,-0.40474,79.95914,11.868954434697129,4.421497817910819,0.0
15.27245,27.96271,45.4903,2765.98511,-0.28803,79.97243,11.854816583071475,4.416231096190999,0.0
15.27888,28.00048,45.47367,2759.42635,-0.17191,79.98569,11.826295726116921,4.405606326546518,0.0
15.2853,28.03817,45.46542,2752.85815,-0.05684,79.99893,11.783727736172949,4.389748630261165,0.0
15.29169,28.07577,45.46543,2746.28859,0.05676,80.01215,11.727547280636829,4.368819932377211,0.0
15.29806,28.11328,45.47352,2739.72554,0.16846,80.02535,11.65828033343295,4.343016172020699,0.0
15.3044,28.15071,45.48952,2733.17668,0.27785,80.03852,11.576535490790121,4.312564067299989,0.0
15.31072,28.18805,45.51321,2726.64945,0.38455,80.05168,11.482994331062597,4.277717524085447,0.0
15.31702,28.2253,45.54434,2720.15095,0.48817,80.06481,11.378401072146465,4.238753783124918,0.0
15.3233,28.26246,45.58265,2713.68796,0.58837,80.07792,11.263551784402512,4.195969401573667,0.0
15.32955,28.29954,45.62784,2707.2669,0.68483,80.09101,11.13928341212446,4.149676163202433,0.0
15.33578,28.33653,45.67961,2700.89378,0.77724,80.10408,11.006462843581646,4.10019700670075,0.0
15.34198,28.37344,45.73764,2694.57419,0.86531,80.11713,10.865976249657193,4.04786205403914,0.0
15.34816,28.41026,45.80158,2688.31329,0.94882,80.13016,10.718718885806288,3.9930048114302465,0.0
15.35432,28.447,45.87107,2682.11581,1.02753,80.14317,10.565585522619934,3.9359586044620514,0.0
15.36046,28.48366,45.94575,2675.98603,1.10124,80.15616,10.407461638794642,3.8770532972473504,0.0
15.36657,28.52023,46.02523,2669.92778,1.16979,80.16913,10.245215477826493,3.8166123333332966,0.0
15.37267,28.55672,46.10914,2663.94445,1.23304,80.18208,10.079691037869212,3.754950124239081,0.0
15.37874,28.59313,46.19708,2658.03901,1.29087,80.19501,9.911702033965772,3.692369800228339,0.0
15.38479,28.62946,46.28865,2652.214,1.34319,80.20792,9.742026844134921,3.629161327593416,0.0
15.39082,28.66572,46.38345,2646.47156,1.38994,80.22082,9.571404426368385,3.5655999876293825,0.0
15.39683,28.7019,46.4811,2640.81345,1.43107,80.2337,9.400531172666406,3.501945204679505,0.0
15.40281,28.738,46.58118,2635.24104,1.46656,80.24656,9.23005864926861,3.438439704311785,0.0
15.40878,28.77403,46.6833,2629.75537,1.49642,80.25941,9.06059215899494,3.3753089777531264,0.0
15.41473,28.80998,46.78707,2624.35714,1.52067,80.27224,8.892690052074876,3.3127610251550905,0.0
15.42065,28.84586,46.8921,2619.04676,1.53933,80.28506,8.726863705753415,3.250986347996582,0.0
15.42656,28.88168,46.99801,2613.82433,1.55248,80.29786,8.563578089851495,3.1901581597699926,0.0
15.43244,28.91742,47.10442,2608.68972,1.56017,80.31065,8.403252835037465,3.1304327839404316,0.0
15.43831,28.95309,47.21097,2603.64252,1.5625,80.32343,8.246263722326178,3.0719502088233233,0.0
15.44416,28.9887,47.31729,2598.68213,1.55956,80.33619,8.092944515835251,3.014834770334343,0.0
15.44999,29.02425,47.42303,2593.80773,1.55145,80.34894,7.94358906569888,2.959195935380141,0.0
15.4558,29.05972,47.52786,2589.01832,1.53831,80.36168,7.798453613867017,2.9051291608292074,0.0
15.46159,29.09514,47.63143,2584.31275,1.52025,80.37441,7.6577592419567875,2.8527168054009255,0.0
15.46737,29.13049,47.73344,2579.6897,1.49741,80.38712,7.521694407078134,2.8020290743273573,0.0
15.47313,29.16579,47.83357,2575.14774,1.46993,80.39983,7.390417518385648,2.7531249791865835,0.0
15.47887,29.20102,47.93152,2570.6853,1.43797,80.41252,7.264059513796618,2.7060532977979763,0.0
15.48459,29.2362,48.02701,2566.30073,1.40168,80.42521,7.142726402721217,2.6608535214561004,0.0
15.49029,29.27132,48.11975,2561.99226,1.36121,80.43788,7.0265017466510855,2.6175567790152297,0.0
15.49598,29.30638,48.2095,2557.75807,1.31673,80.45055,6.915449054958225,2.5761867293874636,0.0
15.50165,29.34139,48.296,2553.59623,1.26839,80.46321,6.809614078270224,2.536760415885353,0.0
15.50731,29.37634,48.379,2549.50478,1.21638,80.47586,6.709026986176183,2.4992890774746463,0.0
15.51295,29.41124,48.45829,2545.48169,1.16086,80.4885,6.61370441994114,2.4637789134644277,0.0
15.51857,29.44609,48.53364,2541.52488,1.10199,80.50114,6.523651414200247,2.4302317993887614,0.0
15.52417,29.48088,48.60486,2537.63224,1.03994,80.51377,6.4388631844621615,2.3986459528987347,0.0
15.52976,29.51563,48.67175,2533.80161,0.9749,80.52639,6.359326779556795,2.369016549342724,0.0
15.53534,29.55033,48.73414,2530.03079,0.90704,80.539,6.285022600086041,2.3413362874292423,0.0
15.5409,29.58498,48.79185,2526.31756,0.83651,80.55161,6.215925785423446,2.3155959059208144,0.0
15.54644,29.61958,48.84473,2522.65966,0.76351,80.56422,6.152007472952206,2.2917846527332593,0.0
15.55197,29.65413,48.89265,2519.05483,0.68819,80.57681,6.093235934070461,2.2698907081275537,0.0
15.55748,29.68863,48.93546,2515.50075,0.61073,80.58941,6.039577592040666,2.249901563885506,0.0
15.56298,29.7231,48.97305,2511.9951,0.53131,80.60199,5.990997927084771,2.2318043604815228,0.0
15.56847,29.75751,49.00531,2508.53553,0.45008,80.61457,5.947462274277987,2.2155861843190294,0.0
15.57393,29.79188,49.03214,2505.11965,0.36724,80.62715,5.908936519714231,2.2012343270704218,0.0
15.57939,29.82621,49.05345,2501.74507,0.28293,80.63972,5.875387700275666,2.1887365091069904,0.0
15.58483,29.86049,49.06917,2498.40937,0.19734,80.65229,5.846784512042237,2.1780810688948615,0.0
15.59025,29.89473,49.07924,2495.11009,0.11063,80.66485,5.823097731989266,2.169257120088438,0.0
15.59566,29.92893,49.08361,2491.84476,0.02297,80.67741,5.8043005572014,2.162254677896523,0.0
15.60106,29.96308,49.08223,2488.61086,-0.06548,80.68997,5.790368865315045,2.1570647561039813,0.0
15.60644,29.99719,49.07507,2485.40587,-0.15453,80.70252,5.7812813993843175,2.1536794359391656,0.0
15.61181,30.03126,49.06211,2482.22722,-0.24403,80.71507,5.777019879807422,2.1520919077694436,0.0
15.61717,30.06529,49.04335,2479.0723,-0.33381,80.72761,5.777569045390362,2.1522964863985052,0.0
15.62251,30.09928,49.01879,2475.93847,-0.4237,80.74015,5.782916625055264,2.1542886005269697,0.0
15.62783,30.13322,48.98843,2472.82308,-0.51354,80.75268,5.793053241143205,2.158064756730149,0.0
15.63314,30.16713,48.95231,2469.7234,-0.60314,80.76521,5.807972244752108,2.163622478117075,0.0
15.63844,30.20099,48.91045,2466.6367,-0.69236,80.77774,5.827669482994739,2.1709602176279845,0.0
15.64373,30.23482,48.86291,2463.56017,-0.78101,80.79026,5.85214299764155,2.1800772457708466,0.0
15.649,30.2686,48.80973,2460.49099,-0.86893,80.80278,5.881392654167297,2.190973512431469,0.0
15.65426,30.30235,48.75099,2457.42629,-0.95594,80.8153,5.915419699852049,2.2036494822544945,0.0
15.6595,30.33605,48.68676,2454.36314,-1.04189,80.82781,5.954226249313396,2.2181059429906136,0.0
15.66473,30.36971,48.61713,2451.29857,-1.1266,80.84032,5.997814695614641,2.234343786118875,0.0
15.66995,30.40333,48.54221,2448.22959,-1.20989,80.85282,6.046187044992555,2.252363759015258,0.0
15.67515,30.43691,48.46209,2445.15314,-1.29161,80.86532,6.099344173241456,2.272166187936195,0.0
15.68034,30.47045,48.3769,2442.06613,-1.37156,80.87782,6.157285001904082,2.2937506711279765,0.0
15.68551,30.50395,48.28677,2438.96541,-1.44959,80.89031,6.220005592693095,2.317115741474948,0.0
15.69067,30.53741,48.19185,2435.84782,-1.52553,80.90279,6.287498159010332,2.342258498264416,0.0
15.69582,30.57083,48.09228,2432.71013,-1.59919,80.91528,6.359749994003244,2.3691742078594675,0.0
15.70096,30.6042,47.98823,2429.54909,-1.6704,80.92775,6.436742315465645,2.3978558733941107,0.0
15.70608,30.63753,47.87988,2426.36143,-1.739,80.94022,6.518449028868459,2.428293773969674,0.0
15.71118,30.67082,47.7674,2423.14384,-1.80482,80.95269,6.604835411112976,2.46047497431827,0.0
15.71627,30.70407,47.651,2419.89298,-1.86767,80.96515,6.6958567190835705,2.4943828064520654,0.0
15.72135,30.73727,47.53087,2416.60552,-1.9274,80.9776,6.791456728900733,2.5299963254966027,0.0
15.72642,30.77043,47.40724,2413.27809,-1.98384,80.99005,6.8915662137757545,2.5672897426516226,0.0
15.73147,30.80354,47.28032,2409.90736,-2.03682,81.00249,6.9961013707206225,2.606231839099101,0.0
15.7365,30.83661,47.15036,2406.48998,-2.08617,81.01492,7.10496220893992,2.6467853656368283,0.0
15.74153,30.86964,47.0176,2403.02262,-2.13174,81.02735,7.218030915522674,2.6889064338556232,0.0
15.74653,30.90261,46.88229,2399.50201,-2.17337,81.03977,7.335170217101997,2.73254390581444,0.0
15.75153,30.93555,46.74469,2395.92488,-2.21091,81.05218,7.456221759332465,2.7776387903530555,0.0
15.75651,30.96843,46.60509,2392.28806,-2.24422,81.06459,7.5810045293235895,2.824123655407026,0.0
15.76147,31.00126,46.46375,2388.58842,-2.27315,81.07698,7.70931334944313,2.8719220669097942,0.0
15.76642,31.03405,46.32097,2384.82293,-2.29758,81.08937,7.840917474217355,2.9209480661011167,0.0
15.77136,31.06678,46.17703,2380.98866,-2.31737,81.10175,7.9755593250051495,2.9711056981598754,0.0
15.77628,31.09947,46.03224,2377.08282,-2.33242,81.11411,8.11295339991269,3.0222886061186136,0.0
15.78119,31.1321,45.88691,2373.10273,-2.3426,81.12647,8.252785398607765,3.074379704833844,0.0
15.78608,31.16468,45.74135,2369.04588,-2.34784,81.13882,8.394711603318674,3.1272509503918493,0.0
15.79095,31.1972,45.59587,2364.90994,-2.34805,81.15116,8.538358558091012,3.1807632206233967,0.0
15.79581,31.22968,45.45078,2360.69278,-2.34316,81.16348,8.68332308815012,3.234766322316757,0.0
15.80066,31.26209,45.30643,2356.39249,-2.33311,81.17579,8.829172699900644,3.2890991402280707,0.0
15.80549,31.29445,45.16311,2352.00738,-2.31787,81.18809,8.975446399395787,3.3435899419826765,0.0
15.8103,31.32675,45.02116,2347.53603,-2.2974,81.20038,9.12165596300716,3.3980568514330596,0.0
15.8151,31.35899,44.8809,2342.97729,-2.27171,81.21266,9.267287688383481,3.4523085009370478,0.0
15.81989,31.39117,44.74265,2338.33032,-2.24081,81.22492,9.411804646551218,3.5061448703245475,0.0
15.82465,31.42329,44.60673,2333.59458,-2.20473,81.23717,9.554649447214858,3.55935831704466,0.0
15.8294,31.45535,44.47343,2328.76985,-2.16353,81.2494,9.695247519009811,3.6117347981461903,0.0
15.83414,31.48735,44.34308,2323.85626,-2.11727,81.26161,9.833010894890043,3.6630552804341496,0.0
15.83886,31.51928,44.21597,2318.8543,-2.06606,81.27381,9.967342480055573,3.713097330385035,0.0
15.84356,31.55114,44.09238,2313.7648,-2.01002,81.286,10.097640766454742,3.761636870422973,0.0
15.84824,31.58294,43.9726,2308.58897,-1.94927,81.29817,10.223304943973334,3.8084500829721533,0.0
15.85291,31.61466,43.85689,2303.3284,-1.88399,81.31032,10.343740344782285,3.853315438619598,0.0
15.85756,31.64632,43.74551,2297.98505,-1.81437,81.32245,10.458364144142394,3.8960158198149104,0.0
15.8622,31.67791,43.63869,2292.56125,-1.7406,81.33456,10.566611229106172,3.9363407071161367,0.0
15.86681,31.70943,43.53667,2287.05968,-1.66293,81.34666,10.667940136305743,3.9740883911719846,0.0
15.87141,31.74087,43.43965,2281.48339,-1.58159,81.35874,10.761838952110205,4.0090681706856826,0.0
15.876,31.77224,43.34782,2275.83578,-1.49686,81.37079,10.847831063182237,4.041102494648629,0.0
15.88056,31.80354,43.26136,2270.12056,-1.40903,81.38283,10.925480643441219,4.070029006378517,0.0
15.88511,31.83476,43.18041,2264.34175,-1.3184,81.39485,10.994397764620686,4.0957024473364605,0.0
15.88964,31.8659,43.1051,2258.50365,-1.2253,81.40684,11.054243022562193,4.1179963805431745,0.0
15.89415,31.89696,43.03555,2252.61085,-1.13007,81.41882,11.104731579552857,4.136804696456082,0.0
15.89864,31.92795,42.97185,2246.66811,-1.03305,81.43077,11.145636534803558,4.152042868561115,0.0
15.90312,31.95886,42.91405,2240.68045,-0.93459,81.44271,11.176791549680734,4.16364893134064,0.0
15.90758,31.98969,42.86222,2234.65303,-0.83508,81.45462,11.198092671489034,4.171584159680479,0.0
15.91202,32.02043,42.81635,2228.59113,-0.73487,81.46651,11.20949931863667,4.175833435869922,0.0
15.91644,32.0511,42.77646,2222.50016,-0.63435,81.47837,11.211034410217222,4.176405297874368,0.0
15.92084,32.08168,42.74252,2216.38557,-0.53389,81.49022,11.202783643697819,4.173331670255157,0.0
15.92523,32.11218,42.71449,2210.25286,-0.43387,81.50204,11.184893944817306,4.16666728671586,0.0
15.9296,32.1426,42.69229,2204.10752,-0.33465,81.51384,11.157571132952427,4.156488820389747,0.0
15.93395,32.17294,42.67583,2197.955,-0.23661,81.52561,11.12107686283721,4.14289374454979,0.0
15.93828,32.20319,42.66502,2191.80068,-0.1401,81.53737,11.075724918586436,4.125998952034907,0.0
15.94259,32.23336,42.65971,2185.64985,-0.04547,81.5491,11.021876948458786,4.105939166336993,0.0
15.94689,32.26345,42.65976,2179.50765,0.04695,81.56081,10.95993773796014,4.082865180707536,0.0
15.95116,32.29345,42.66501,2173.37909,0.13683,81.57249,10.890350124881824,4.056941963875569,0.0
15.95542,32.32337,42.67527,2167.269,0.22387,81.58416,10.813589662588495,4.028346671981987,0.0
15.95966,32.35321,42.69034,2161.182,0.30778,81.5958,10.730159137315141,3.997266606128428,0.0
15.96389,32.38297,42.71002,2155.1225,0.38828,81.60742,10.640583041786714,3.9638971536551675,0.0
15.96809,32.41264,42.73408,2149.09469,0.46514,81.61901,10.545402101484413,3.9284397490312983,0.0
15.97228,32.44223,42.76228,2143.1025,0.5381,81.63059,10.445167941669483,3.8910998871807685,0.0
15.97645,32.47174,42.79438,2137.1496,0.60697,81.64214,10.340437973378945,3.8520852183812324,0.0
15.98061,32.50117,42.83011,2131.23943,0.67154,81.65368,10.231770565504808,3.8116037497365367,0.0
15.98474,32.53052,42.86922,2125.37514,0.73166,81.66519,10.119720558261301,3.7698621738252034,0.0
15.98886,32.55979,42.91144,2119.55961,0.78716,81.67668,10.004835161218068,3.7270643406098776,0.0
15.99296,32.58898,42.95649,2113.79547,0.83792,81.68815,9.887650267116506,3.6834098842369145,0.0
15.99705,32.6181,43.00408,2108.08508,0.88384,81.6996,9.768687201266419,3.639093012101112,0.0
16.00112,32.64713,43.05395,2102.43052,0.92482,81.71103,9.648449915583345,3.5943014595507807,0.0
16.00517,32.67609,43.10579,2096.83364,0.96079,81.72244,9.52742262672281,3.5492156100306094,0.0
16.00921,32.70497,43.15933,2091.29601,0.99172,81.73383,9.406067889235786,3.5040077772813794,0.0
16.01323,32.73378,43.21428,2085.81899,1.01757,81.7452,9.284825087453374,3.458841643527323,0.0
16.01723,32.76251,43.27036,2080.40369,1.03832,81.75656,9.164109323885715,3.413871845375472,0.0
16.02122,32.79117,43.32729,2075.05099,1.05399,81.76789,9.044310677259638,3.369243697415161,0.0
16.02519,32.81976,43.38478,2069.76156,1.06459,81.77921,8.925793799858148,3.325093042216385,0.0
16.02915,32.84828,43.44256,2064.53588,1.07015,81.79051,8.80889782159606,3.2815462145954597,0.0
16.03309,32.87672,43.50037,2059.37422,1.07074,81.8018,8.693936526955461,3.238720107528129,0.0
16.03702,32.9051,43.55792,2054.27667,1.06641,81.81307,8.58119877055901,3.196722326961554,0.0
16.04093,32.9334,43.61498,2049.24315,1.05724,81.82432,8.470949097583583,3.155651422934728,0.0
16.04483,32.96164,43.67127,2044.27341,1.04331,81.83555,8.36342853622798,3.115597184793533,0.0
16.04871,32.98982,43.72657,2039.36708,1.02473,81.84678,8.258855531045503,3.076640988881698,0.0
16.05257,33.01792,43.78061,2034.5236,1.00161,81.85798,8.157426987830632,3.038856187788571,0.0
16.05643,33.04596,43.83318,2029.74231,0.97406,81.86917,8.059319403014289,3.0023085310785698,0.0
16.06027,33.07394,43.88405,2025.02241,0.9422,81.88035,7.964690052854669,2.9670566082960583,0.0
16.06409,33.10186,43.93301,2020.363,0.90618,81.89152,7.873678220197875,2.933152305965965,0.0
16.0679,33.12971,43.97984,2015.76306,0.86612,81.90267,7.786406439054819,2.9006412712314167,0.0
16.0717,33.1575,44.02436,2011.22147,0.82219,81.9138,7.702981739669327,2.8695633756743733,0.0
16.07548,33.18522,44.06636,2006.73701,0.77452,81.92493,7.623496879084076,2.839953173733818,0.0
16.07925,33.21289,44.10568,2002.30839,0.72328,81.93604,7.5480315444337425,2.811840350964112,0.0
16.083,33.2405,44.14213,1997.93424,0.66863,81.94714,7.476653518227933,2.785250158133548,0.0
16.08675,33.26805,44.17557,1993.61308,0.61074,81.95822,7.409419796752894,2.760203827858417,0.0
16.09048,33.29555,44.20584,1989.34341,0.54976,81.9693,7.3463776544646935,2.7367189711174693,0.0
16.09419,33.32298,44.23279,1985.12361,0.48588,81.98036,7.287565648689573,2.714809951529234,0.0
16.0979,33.35036,44.2563,1980.95203,0.41927,81.99142,7.233014560318549,2.6944882357855082,0.0
16.10159,33.37769,44.27624,1976.82696,0.35011,82.00246,7.182748267327401,2.6757627190605384,0.0
16.10527,33.40495,44.2925,1972.74661,0.27858,82.01349,7.136784548900759,2.6586400245683977,0.0
16.10893,33.43217,44.30498,1968.70916,0.20485,82.02451,7.095135818813459,2.643124776766837,0.0
16.11259,33.45933,44.31358,1964.71273,0.12912,82.03552,7.057809787345875,2.6292198479381668,0.0
16.11623,33.48643,44.31823,1960.75538,0.05156,82.04652,7.024810051613042,2.616926578102383,0.0
16.11985,33.51348,44.31886,1956.83514,-0.02764,82.05751,6.996136614578785,2.6062449683635878,0.0
16.12347,33.54048,44.31538,1952.94999,-0.10829,82.06849,6.971786333394109,2.5971738479278383,0.0
16.12707,33.56743,44.30777,1949.09785,-0.1902,82.07946,6.95175329790553,2.589711015107456,0.0
16.13067,33.59433,44.29596,1945.2766,-0.27319,82.09042,6.936029140400659,2.583853352709408,0.0
16.13425,33.62117,44.27993,1941.48411,-0.35707,82.10137,6.92460327774139,2.57959691823629,0.0
16.13782,33.64796,44.25965,1937.71815,-0.44165,82.11231,6.917463087111313,2.5769370093568646,0.0
16.14137,33.67471,44.23512,1933.97651,-0.52673,82.12324,6.914594016655031,2.5758682051221125,0.0
16.14492,33.7014,44.20632,1930.25689,-0.61213,82.13416,6.9159796322783285,2.5763843833995317,0.0
16.14845,33.72804,44.17326,1926.557,-0.69766,82.14508,6.921601601922344,2.578478715014852,0.0
16.15197,33.75463,44.13595,1922.87446,-0.78312,82.15598,6.931439618599567,2.582143635080915,0.0
16.15548,33.78117,44.09442,1919.2069,-0.86834,82.16688,6.945471263509697,2.5873707920047355,0.0
16.15898,33.80766,44.04871,1915.55189,-0.95311,82.17776,6.963671810603845,2.594150974682521,0.0
16.16246,33.8341,43.99885,1911.90697,-1.03725,82.18864,6.986013974035952,2.6024740184186808,0.0
16.16594,33.8605,43.9449,1908.26965,-1.12057,82.19951,7.012467600049617,2.612328690145562,0.0
16.1694,33.88684,43.88691,1904.63741,-1.20287,82.21037,7.042999305010202,2.6237025535808853,0.0
16.17286,33.91313,43.82497,1901.0077,-1.28398,82.22121,7.077572061516865,2.6365818150435882,0.0
16.1763,33.93937,43.75915,1897.37796,-1.36371,82.23205,7.116144734810735,2.6509511507536705,0.0
16.17973,33.96557,43.68954,1893.74558,-1.44187,82.24288,7.158671572049286,2.666793516573461,0.0
16.18314,33.99171,43.61623,1890.10794,-1.51827,82.25371,7.2051016474353595,2.6840899413035815,0.0
16.18655,34.01781,43.53933,1886.46242,-1.59273,82.26452,7.255378266706841,2.702819304839676,0.0
16.18994,34.04385,43.45897,1882.80636,-1.66507,82.27532,7.309438335097675,2.7229581027212677,0.0
16.19333,34.06984,43.37525,1879.13712,-1.73512,82.28611,7.367211693513284,2.744480198839628,0.0
16.1967,34.09579,43.28832,1875.45204,-1.80269,82.29689,7.428620428459899,2.767356568368302,0.0
16.20006,34.12168,43.19831,1871.74846,-1.86762,82.30766,7.493578162081893,2.7915550332833297,0.0
16.20341,34.14752,43.10537,1868.02373,-1.92973,82.31842,7.561989329554969,2.817039993173198,0.0
16.20675,34.17331,43.00965,1864.27521,-1.98886,82.32917,7.633748452081644,2.843772154410531,0.0
16.21008,34.19905,42.91132,1860.5003,-2.04484,82.33991,7.708739414684117,2.87170826111093,0.0
16.21339,34.22474,42.81055,1856.6964,-2.09753,82.35064,7.786834759103071,2.900800831719169,0.0
16.21669,34.25038,42.70751,1852.86097,-2.14676,82.36136,7.867895003099266,2.9309979054311333,0.0
16.21999,34.27596,42.60239,1848.99149,-2.19239,82.37207,7.95176799849227,2.962242803046352,0.0
16.22327,34.30149,42.49538,1845.08552,-2.23429,82.38276,8.03828834127267,2.9944739072192785,0.0
16.22654,34.32697,42.38666,1841.14065,-2.27232,82.39345,8.1272768479431,3.027624467382541,0.0
16.22979,34.35239,42.27644,1837.15456,-2.30635,82.40412,8.218540113081199,3.061622434927507,0.0
16.23304,34.37776,42.16493,1833.12502,-2.33627,82.41478,8.31187016361406,3.0963903344124195,0.0
16.23627,34.40307,42.05234,1829.04987,-2.36197,82.42542,8.407044225737378,3.1318451767336426,0.0
16.2395,34.42833,41.93887,1824.92708,-2.38337,82.43606,8.503824620451367,3.1678984202100433,0.0
16.24271,34.45353,41.82474,1820.7547,-2.40036,82.44668,8.60195880352334,3.2044559854701093,0.0
16.24591,34.47868,41.71017,1816.53093,-2.41288,82.45728,8.701179565067097,3.2414183298005153,0.0
16.24909,34.50376,41.59538,1812.2541,-2.42086,82.46788,8.801205403022609,3.278680586277135,0.0
16.25227,34.52879,41.4806,1807.92269,-2.42426,82.47845,8.901741083357061,3.3161327724546696,0.0
16.25543,34.55376,41.36604,1803.53533,-2.42303,82.48902,9.002478398000347,3.3536600727175636,0.0
16.25858,34.57867,41.25193,1799.09081,-2.41716,82.49957,9.103097129153387,3.3911431975102215,0.0
16.26172,34.60352,41.13848,1794.58813,-2.40664,82.5101,9.203266225832284,3.4284588216306657,0.0
16.26485,34.62831,41.02593,1790.02644,-2.39149,82.52062,9.302645195227,3.4654801025482533,0.0
16.26796,34.65304,40.91448,1785.40512,-2.37171,82.53112,9.400885707772135,3.5020772783347685,0.0
16.27106,34.67771,40.80434,1780.72372,-2.34736,82.54161,9.497633410759017,3.538118343282652,0.0
16.27415,34.70231,40.69574,1775.98203,-2.3185,82.55208,9.59252994096199,3.5734697976612426,0.0
16.27723,34.72685,40.58887,1771.18005,-2.2852,82.56253,9.685215122194958,3.607997466364411,0.0
16.28029,34.75132,40.48394,1766.31801,-2.24755,82.57296,9.775329329060556,3.641567379469328,0.0
16.28335,34.77573,40.38113,1761.39633,-2.20567,82.58338,9.862515993508685,3.6740467059954613,0.0
16.28638,34.80007,40.28063,1756.41571,-2.15969,82.59378,9.946424226413603,3.705304730511024,0.0
16.28941,34.82434,40.18261,1751.37705,-2.10974,82.60416,10.026711522228778,3.735213860688067,0.0
16.29243,34.84855,40.08726,1746.28147,-2.05601,82.61452,10.103046511132948,3.763650652549308,0.0
16.29543,34.87268,39.99471,1741.13033,-1.99865,82.62487,10.175111720082413,3.7904968390327487,0.0
16.29841,34.89675,39.90513,1735.92521,-1.93788,82.63519,10.242606301856865,3.8156403466330597,0.0
16.30139,34.92075,39.81865,1730.6679,-1.87391,82.6455,10.305248689852249,3.8389762843817654,0.0
16.30435,34.94467,39.73539,1725.36039,-1.80695,82.65578,10.362779135908704,3.860407889254932,0.0
16.3073,34.96853,39.65547,1720.0049,-1.73727,82.66604,10.41496208906702,3.8798474123225355,0.0
16.31023,34.99231,39.57899,1714.60379,-1.6651,82.67629,10.461588374854337,3.8972169305897255,0.0
16.31316,35.01602,39.50604,1709.15962,-1.59071,82.68651,10.502477137403401,3.912449070487343,0.0
16.31607,35.03965,39.43668,1703.67513,-1.51439,82.69671,10.537477510426767,3.925487630353785,0.0
16.31896,35.06321,39.37098,1698.15317,-1.43642,82.70689,10.566469987805121,3.9362880910152134,0.0
16.32184,35.0867,39.30899,1692.59674,-1.35709,82.71705,10.589367469953709,3.944818005584576,0.0
16.32471,35.11011,39.25073,1687.00896,-1.27671,82.72719,10.606115968285124,3.9510572618925424,0.0
16.32757,35.13344,39.19622,1681.39305,-1.19557,82.73731,10.616694956644885,3.9549982134064883,0.0
16.33041,35.1567,39.14548,1675.75228,-1.11399,82.7474,10.62111736554195,3.9566456770812266,0.0
16.33324,35.17989,39.09848,1670.09003,-1.03228,82.75747,10.619429221819052,3.956016799126712,0.0
16.33606,35.20299,39.0552,1664.40967,-0.95075,82.76752,10.61170894329298,3.953140792242997,0.0
16.33886,35.22602,39.01561,1658.71465,-0.8697,82.77755,10.598066304287112,3.9480585502538754,0.0
16.34165,35.24897,38.97965,1653.00839,-0.78944,82.78755,10.57864109393905,3.9408221482911774,0.0
16.34442,35.27184,38.94726,1647.29431,-0.71027,82.79754,10.553601494361834,3.9314942386171485,0.0
16.34719,35.29463,38.91837,1641.57582,-0.63249,82.8075,10.523142210216283,3.920147353840931,0.0
16.34994,35.31735,38.89287,1635.85627,-0.55637,82.81744,10.4874823846801,3.906863130562224,0.0
16.35267,35.33999,38.87068,1630.13895,-0.48221,82.82735,10.44686333941646,3.891731467450116,0.0
16.35539,35.36255,38.85167,1624.42709,-0.41025,82.83724,10.401546177627248,3.8748496323173462,0.0
16.3581,35.38503,38.83574,1618.72384,-0.34077,82.84712,10.351809289850332,3.856321332964167,0.0
16.3608,35.40744,38.82275,1613.03224,-0.274,82.85696,10.297945801764685,3.836255766418597,0.0
16.36348,35.42976,38.81255,1607.35523,-0.21017,82.86679,10.240261002022482,3.814766660736199,0.0
16.36615,35.45201,38.80501,1601.69564,-0.1495,82.8766,10.179069786105707,3.7919713227694105,0.0
16.36881,35.47418,38.79996,1596.05616,-0.09218,82.88638,10.114694149495511,3.767989704307172,0.0
16.37145,35.49628,38.79725,1590.43935,-0.03841,82.89614,10.047460760292779,3.7429434978122185,0.0
16.37408,35.51829,38.79671,1584.84765,0.01164,82.90588,9.97769863774717,3.7169552716120635,0.0
16.3767,35.54023,38.79816,1579.28333,0.05784,82.9156,9.905736959337258,3.690147652978658,0.0
16.37931,35.5621,38.80143,1573.74854,0.10002,82.9253,9.83190301497795,3.6626425660168205,0.0
16.3819,35.58389,38.80634,1568.24525,0.13809,82.93497,9.756520322930827,3.6345605297912678,0.0
16.38448,35.6056,38.81271,1562.77532,0.17192,82.94463,9.679906918013627,3.6060200206396074,0.0
16.38705,35.62724,38.82034,1557.34042,0.20145,82.95426,9.60237381887786,3.5771369011929193,0.0
16.3896,35.6488,38.82907,1551.94209,0.22658,82.96388,9.524223677674481,3.548023917340692,0.0
16.39214,35.67029,38.83869,1546.58171,0.24727,82.97347,9.44574961209294,3.5187902631346346,0.0
16.39467,35.69171,38.84903,1541.26052,0.26348,82.98305,9.367234216915834,3.4895412125667833,0.0
16.39719,35.71305,38.8599,1535.97961,0.27519,82.9926,9.288948749713194,3.4603778162191903,0.0
16.3997,35.73432,38.8711,1530.73992,0.28238,83.00214,9.211152483153796,3.431396659982848,0.0
16.40219,35.75552,38.88247,1525.54225,0.28506,83.01166,9.134092214663497,3.4026896823925195,0.0
16.40468,35.77665,38.89381,1520.38727,0.28325,83.02116,9.058001922806522,3.3743440466197256,0.0
16.40715,35.79771,38.90496,1515.27551,0.27698,83.03064,8.983102558713139,3.3464420627740643,0.0
16.40961,35.81869,38.91573,1510.20738,0.2663,83.0401,8.909601960231145,3.3190611559223844,0.0
16.41205,35.83961,38.92596,1505.18315,0.25127,83.04954,8.83769487604343,3.2922738750732092,0.0
16.41449,35.86046,38.93548,1500.20298,0.23194,83.05897,8.767563086915734,3.266147938344713,0.0
16.41692,35.88124,38.94412,1495.2669,0.20842,83.06838,8.69937561127999,3.2407463095499374,0.0
16.41933,35.90196,38.95174,1490.37485,0.18078,83.07777,8.63328898274837,3.216127301578061,0.0
16.42173,35.9226,38.95818,1485.52664,0.14912,83.08715,8.569447587479038,3.1923447020720297,0.0
16.42412,35.94318,38.96329,1480.72197,0.11357,83.09651,8.507984050049462,3.1694479171765138,0.0
16.42651,35.9637,38.96694,1475.96048,0.07423,83.10585,8.449019657031043,3.1474821293305997,0.0
16.42888,35.98415,38.96899,1471.24166,0.03123,83.11518,8.392664808293341,3.1264884653904943,0.0
16.43123,36.00453,38.96931,1466.56496,-0.01528,83.12449,8.33901948682319,3.1065041716495068,0.0
16.43358,36.02486,38.96777,1461.9297,-0.06518,83.13378,8.288173738657497,3.087562792625635,0.0
16.43592,36.04511,38.96428,1457.33513,-0.1183,83.14306,8.24020815534394,3.0696943507908823,0.0
16.43825,36.06531,38.95871,1452.78043,-0.17449,83.15233,8.195194352150347,3.0529255247168265,0.0
16.44057,36.08544,38.95097,1448.26468,-0.2336,83.16158,8.153195436026746,3.0372798234027942,0.0
16.44287,36.10551,38.94097,1443.78692,-0.29545,83.17081,8.114266458072946,3.0227777548319485,0.0
16.44517,36.12552,38.92861,1439.34607,-0.35988,83.18003,8.078454845978467,3.0094369870665316,0.0
16.44746,36.14547,38.91382,1434.94103,-0.4267,83.18924,8.045800812557626,2.99727250043794,0.0
16.44973,36.16536,38.89653,1430.57061,-0.49575,83.19843,8.016337737175855,2.986296729638062,0.0
16.452,36.18519,38.87667,1426.23354,-0.56683,83.20761,7.990092517362823,2.9765196947044132,0.0
16.45426,36.20495,38.85418,1421.92854,-0.63977,83.21677,7.967085888531949,2.967949120124076,0.0
16.4565,36.22466,38.82902,1417.65421,-0.71436,83.22593,7.947332710144401,2.9605905414373117,0.0
16.45874,36.24432,38.80115,1413.40916,-0.79043,83.23506,7.930842217176985,2.954447398915965,0.0
16.46097,36.26391,38.77052,1409.19189,-0.86777,83.24419,7.917618236101835,2.9495211180215897,0.0
16.46319,36.28344,38.73711,1405.00088,-0.9462,83.2533,7.9076593650213605,2.945811176510444,0.0
16.46539,36.30292,38.70091,1400.83456,-1.0255,83.26239,7.900959117953299,2.9433151581834807,0.0
16.46759,36.32234,38.66189,1396.69131,-1.1055,83.27148,7.897506033555118,2.9420287933890403,0.0
16.46978,36.3417,38.62007,1392.56948,-1.18598,83.28055,7.897283748946372,2.941945986523622,0.0
16.47196,36.361,38.57543,1388.46735,-1.26676,83.2896,7.900271039545034,2.94305883087197,0.0
16.47413,36.38025,38.52799,1384.3832,-1.34762,83.29865,7.906441826165957,2.9453576112514313,0.0
16.47629,36.39944,38.47776,1380.31524,-1.42837,83.30768,7.915765150851652,2.9488307950082886,0.0
16.47844,36.41858,38.42477,1376.26168,-1.50882,83.3167,7.928205123271463,2.9534650120500423,0.0
16.48059,36.43766,38.36906,1372.22068,-1.58876,83.3257,7.943720839724051,2.9592450246717004,0.0
16.48272,36.45668,38.31065,1368.19038,-1.668,83.3347,7.962266277133861,2.966153688066681,0.0
16.48484,36.47565,38.2496,1364.1689,-1.74634,83.34368,7.983790164668691,2.9741719025009696,0.0
16.48696,36.49456,38.18595,1360.15435,-1.82359,83.35264,8.008235835932153,2.983278558250931,0.0
16.48906,36.51342,38.11977,1356.14479,-1.89956,83.3616,8.035541064980224,2.9934504745151527,0.0
16.49116,36.53222,38.05111,1352.13831,-1.97407,83.37054,8.065637889710944,3.0046623336224636,0.0
16.49325,36.55096,37.98006,1348.13298,-2.04692,83.37947,8.098452426476317,3.016886611969991,0.0
16.49533,36.56965,37.90668,1344.12684,-2.11794,83.38838,8.133904680094007,3.030093509247514,0.0
16.4974,36.58828,37.83107,1340.11797,-2.18695,83.39728,8.17190835373138,3.0442508776142687,0.0
16.49946,36.60686,37.7533,1336.10443,-2.25378,83.40617,8.212370663419637,3.059324152600586,0.0
16.50151,36.62538,37.67347,1332.0843,-2.31825,83.41505,8.255192162232499,3.0752762876098196,0.0
16.50355,36.64385,37.59168,1328.05568,-2.38021,83.42391,8.300266579453403,3.0920676940039007,0.0
16.50558,36.66225,37.50804,1324.01668,-2.43951,83.43276,8.347480680216034,3.1096561888157375,0.0
16.50761,36.68061,37.42265,1319.96543,-2.49598,83.44159,8.396714151342328,3.127996952220871,0.0
16.50962,36.6989,37.33563,1315.90012,-2.54949,83.45042,8.447839519223082,3.147042496945839,0.0
16.51163,36.71714,37.24709,1311.81896,-2.59991,83.45922,8.500722105616335,3.166742651801916,0.0
16.51363,36.73533,37.15715,1307.7202,-2.64709,83.46802,8.555220027286847,3.1870445615508003,0.0
16.51562,36.75345,37.06594,1303.60214,-2.69094,83.4768,8.61118424529387,3.2078927052656137,0.0
16.51759,36.77152,36.97359,1299.46315,-2.73132,83.48556,8.668458669573187,3.229228935290459,0.0
16.51957,36.78954,36.88022,1295.30165,-2.76815,83.49431,8.726880324143448,3.250992538784126,0.0
16.52153,36.80749,36.78596,1291.11613,-2.80134,83.50305,8.786279577906917,3.2731203236994455,0.0
16.52348,36.82539,36.69096,1286.90516,-2.8308,83.51177,8.846480445477733,3.29554673084973,0.0
16.52542,36.84322,36.59534,1282.66739,-2.85646,83.52047,8.907300961826005,3.3182039734735578,0.0
16.52736,36.861,36.49924,1278.40155,-2.87827,83.52916,8.968553633756011,3.3410222054222807,0.0
16.52928,36.87872,36.4028,1274.10647,-2.89618,83.53784,9.030045970352866,3.36392971876536,0.0
16.5312,36.89638,36.30616,1269.78108,-2.91016,83.5465,9.091581093518316,3.386853171231025,0.0
16.53311,36.91399,36.20945,1265.42441,-2.92019,83.55514,9.152958428535461,3.409717843459789,0.0
16.535,36.93153,36.1128,1261.0356,-2.92627,83.56377,9.213974473441386,3.432447925616008,0.0
16.53689,36.94901,36.01636,1256.6139,-2.92839,83.57238,9.27442364461585,3.4549668323919134,0.0
16.53877,36.96643,35.92026,1252.1587,-2.92659,83.58098,9.33409919463194,3.477197544931126,0.0
16.54064,36.98378,35.82461,1247.66949,-2.9209,83.58956,9.392794196982946,3.4990629776653335,0.0
16.54251,37.00108,35.72956,1243.14589,-2.91136,83.59812,9.450302590887677,3.520486367531757,0.0
16.54436,37.01832,35.63523,1238.58765,-2.89804,83.60666,9.506420277957526,3.5413916825104863,0.0
16.5462,37.03549,35.54174,1233.99465,-2.88103,83.61519,9.560946261149581,3.5617040459144897,0.0
16.54804,37.0526,35.4492,1229.36692,-2.8604,83.6237,9.613683815176758,3.5813501723981718,0.0
16.54986,37.06964,35.35773,1224.7046,-2.83627,83.63219,9.664441676429652,3.6002588112345806,0.0
16.55168,37.08662,35.26743,1220.00798,-2.80876,83.64066,9.713035239470232,3.6183611920407905,0.0
16.55348,37.10354,35.17841,1215.27747,-2.77801,83.64912,9.759287746423471,3.6355914678575725,0.0
16.55528,37.12039,35.09076,1210.51361,-2.74416,83.65756,9.803031455006572,3.6518871502710204,0.0
16.55707,37.13718,35.00458,1205.7171,-2.70737,83.66597,9.844108770701023,3.6671895311764273,0.0
16.55884,37.1539,34.91993,1200.88873,-2.66781,83.67437,9.882373328517446,3.6814440857641544,0.0
16.56061,37.17055,34.83691,1196.02943,-2.62567,83.68275,9.917691010079686,3.6946008514102164,0.0
16.56237,37.18714,34.75558,1191.14026,-2.58115,83.69112,9.949940882325762,3.7066147773670886,0.0
16.56412,37.20366,34.67601,1186.22237,-2.53446,83.69946,9.979016044974017,3.717446040467134,0.0
16.56586,37.22012,34.59824,1181.27705,-2.4858,83.70778,10.004824374992513,3.7270603224570555,0.0
16.56759,37.23651,34.52232,1176.30565,-2.4354,83.71608,10.027289157713513,3.735429045104635,0.0
16.56931,37.25282,34.44829,1171.30967,-2.38349,83.72437,10.046349595825614,3.7425295598117034,0.0
16.57102,37.26907,34.37619,1166.29066,-2.33031,83.73263,10.061961189266484,3.748345289134172,0.0
16.57273,37.28525,34.30603,1161.25025,-2.27611,83.74087,10.074095981007803,3.7528658183433996,0.0
16.57442,37.30137,34.23784,1156.19018,-2.22114,83.74909,10.082742665695777,3.7560869358976365,0.0
16.5761,37.31741,34.17161,1151.11221,-2.16563,83.7573,10.087906560315602,3.7580106225137655,0.0
16.57778,37.33338,34.10734,1146.0182,-2.10986,83.76548,10.08960943807522,3.7586449892846345,0.0
16.57944,37.34929,34.04503,1140.91001,-2.05407,83.77364,10.087889228780396,3.7580041660608816,0.0
16.58109,37.36512,33.98465,1135.78958,-1.99851,83.78178,10.08279959096695,3.7561081420589426,0.0
16.58274,37.38088,33.92619,1130.65887,-1.94345,83.7899,10.07440936284617,3.752982561323764,0.0
16.58438,37.39658,33.86961,1125.51985,-1.88912,83.798,10.062801900775877,3.748658476291872,0.0
16.586,37.4122,33.81487,1120.3745,-1.83578,83.80608,10.0480743154282,3.7431720632437697,0.0
16.58762,37.42775,33.76192,1115.22483,-1.78368,83.81414,10.03033661699466,3.7365643038703418,0.0
16.58922,37.44323,33.71071,1110.07283,-1.73304,83.82218,10.009710781706369,3.728880637527065,0.0
16.59082,37.45864,33.66118,1104.92047,-1.6841,83.83019,9.986329752653957,3.7201705890131427,0.0
16.59241,37.47398,33.61327,1099.76972,-1.63708,83.83819,9.960336388259917,3.710487376849784,0.0
16.59399,37.48925,33.5669,1094.6225,-1.5922,83.84617,9.931882371904905,3.6998875070873143,0.0
16.59556,37.50445,33.522,1089.48071,-1.54965,83.85412,9.901127096075623,3.6884303576208963,0.0
16.59712,37.51957,33.47848,1084.34622,-1.50965,83.86206,9.8682365340949,3.676177757880308,0.0
16.59867,37.53463,33.43627,1079.22084,-1.47236,83.86997,9.83338211185769,3.663193568521905,0.0
16.60021,37.54961,33.39526,1074.10634,-1.43797,83.87787,9.796739591286105,3.6495432654862485,0.0
16.60174,37.56453,33.35537,1069.0044,-1.40663,83.88574,9.758487976312157,3.63529353244789,0.0
16.60327,37.57937,33.3165,1063.91669,-1.3785,83.89359,9.71880845110544,3.6205118652772463,0.0
16.60478,37.59415,33.27856,1058.84478,-1.35371,83.90143,9.677883359202328,3.605266191739362,0.0
16.60628,37.60885,33.24143,1053.79018,-1.33239,83.90924,9.635895230934482,3.589624509185445,0.0
16.60778,37.62349,33.20501,1048.75433,-1.31464,83.91704,9.593025865375715,3.5736545425539106,0.0
16.60927,37.63806,33.16921,1043.7386,-1.30057,83.92481,9.549455471761384,3.557423424526521,0.0
16.61074,37.65255,33.13391,1038.74426,-1.29025,83.93257,9.50536187414398,3.5409973992416615,0.0
16.61221,37.66698,33.099,1033.77253,-1.28376,83.9403,9.460919781897227,3.5244415505379223,0.0
16.61367,37.68134,33.06439,1028.82454,-1.28115,83.94802,9.416300127532917,3.5078195552734535,0.0
16.61512,37.69563,33.02996,1023.90133,-1.28246,83.95572,9.37166947230308,3.4911934618971254,0.0
16.61656,37.70985,32.9956,1019.00387,-1.28772,83.9634,9.327189479140793,3.4746234941051184,0.0
16.618,37.72401,32.96122,1014.13303,-1.29696,83.97106,9.28301645160315,3.458167879085041,0.0
16.61942,37.73809,32.92671,1009.28961,-1.31017,83.9787,9.239300936796768,3.441882699595245,0.0
16.62084,37.75211,32.89196,1004.47432,-1.32733,83.98633,9.19618738961139,3.4258217688829924,0.0
16.62225,37.76607,32.85687,999.68779,-1.34844,83.99393,9.153813895063958,3.410036527250333,0.0
