0.04735,0.04735,55.99848,5005.18678,-0.43831,45.0001,8.854657446091172,3.298592878728072,0.0
0.09465,0.09465,55.94516,5000.32747,-0.37577,45.00023,8.903998513970588,3.3169737247547824,0.0
0.14191,0.14191,55.90013,4995.42757,-0.31255,45.00041,8.943029899603888,3.3315139428807505,0.0
0.18912,0.18912,55.86343,4990.49276,-0.24883,45.00063,8.971556278442021,3.342140769572156,0.0
0.23629,0.23629,55.83511,4985.52883,-0.18479,45.00088,8.989449261397663,3.348806376515849,0.0
0.2834,0.28341,55.81519,4980.54168,-0.12061,45.00118,8.99664894356494,3.3514884475581974,0.0
0.33047,0.33048,55.80365,4975.5373,-0.05648,45.00151,8.993164485541058,3.350190395262693,0.0
0.3775,0.37751,55.80046,4970.52165,0.00742,45.00188,8.979073717621683,3.3449412134623087,0.0
0.42447,0.42449,55.80556,4965.50071,0.07091,45.00229,8.954521781307905,3.3357949711851025,0.0
0.4714,0.47142,55.81887,4960.4804,0.1338,45.00274,8.919718846023114,3.322829962071179,0.0
0.51828,0.51831,55.84027,4955.46655,0.19593,45.00323,8.874936960915454,3.3061475315862645,0.0
0.56511,0.56515,55.86966,4950.46485,0.25711,45.00375,8.820506121207657,3.285870611633525,0.0
0.61189,0.61194,55.90687,4945.48085,0.31719,45.00432,8.756809645161375,3.262141998351134,0.0
0.65863,0.65869,55.95173,4940.51992,0.37601,45.00492,8.684278970841156,3.2351224137699552,0.0
0.70532,0.70538,56.00407,4935.5872,0.43341,45.00557,8.603387991068798,3.20498839543498,0.0
0.75196,0.75204,56.06366,4930.68759,0.48925,45.00625,8.514647050371025,3.171930060110385,0.0
0.79855,0.79864,56.1303,4925.82574,0.5434,45.00697,8.41859672899773,3.136148788162778,0.0
0.84509,0.8452,56.20373,4921.00603,0.59573,45.00773,8.315801536797665,3.0978548743639656,0.0
0.89159,0.89172,56.2837,4916.23254,0.64613,45.00853,8.2068436339599,3.0572651887019355,0.0
0.93804,0.93819,56.36995,4911.50904,0.69449,45.00936,8.092316687057005,3.014600887595277,0.0
0.98444,0.98462,56.4622,4906.83902,0.74072,45.01024,7.972819957736578,2.9700852117752414,0.0
1.0308,1.031,56.56016,4902.22562,0.78473,45.01116,7.848952708657549,2.923941402349831,0.0
1.07712,1.07734,56.66352,4897.67171,0.82645,45.01212,7.721308997280234,2.876390761353606,0.0
1.12339,1.12364,56.77198,4893.1798,0.86581,45.01312,7.590472913538103,2.827650877655115,0.0
1.16961,1.1699,56.88523,4888.75213,0.90277,45.01416,7.4570143027782345,2.7779340336396774,0.0
1.21579,1.21611,57.00295,4884.39063,0.93728,45.01524,7.321485001201009,2.7274458028116215,0.0
1.26193,1.26229,57.12482,4880.09692,0.96929,45.01636,7.184415597613089,2.6763838434620575,0.0
1.30802,1.30842,57.25051,4875.87235,0.9988,45.01752,7.046312723098205,2.624936888999943,0.0
1.35408,1.35451,57.37969,4871.71802,1.02578,45.01873,6.9076568594144705,2.5732839315224116,0.0
1.40009,1.40057,57.51204,4867.63473,1.05021,45.01998,6.7689006475996045,2.521593591725715,0.0
1.44606,1.44659,57.64723,4863.62306,1.07212,45.02127,6.6304676706078,2.470023665405429,0.0
1.49199,1.49257,57.78494,4859.68337,1.09149,45.0226,6.492751677730415,2.4187208345327518,0.0
1.53789,1.53852,57.92484,4855.81578,1.10834,45.02397,6.356116214066582,2.367820529222558,0.0
1.58374,1.58443,58.06661,4852.02024,1.1227,45.02539,6.220894615301267,2.3174469257880848,0.0
1.62956,1.63031,58.20994,4848.2965,1.13459,45.02686,6.087390326305199,2.2677130654277966,0.0
1.67534,1.67615,58.35451,4844.64413,1.14404,45.02836,5.95587750163096,2.21872107792597,0.0
1.72108,1.72196,58.50002,4841.06256,1.15108,45.02992,5.826601846413594,2.1705624949102993,0.0
1.76678,1.76773,58.64617,4837.55109,1.15576,45.03151,5.699781657569536,2.1233186377258946,0.0
1.81246,1.81348,58.79265,4834.10888,1.15812,45.03315,5.575609027161869,2.0770610657205,0.0
1.85809,1.85919,58.93919,4830.73499,1.15821,45.03484,5.454251172346259,2.0318520716843502,0.0
1.9037,1.90488,59.08549,4827.42836,1.15607,45.03657,5.335851859137428,1.9877452122406398,0.0
1.94927,1.95053,59.23129,4824.18786,1.15176,45.03835,5.220532890400701,1.9447858621615293,0.0
1.9948,1.99616,59.37631,4821.01228,1.14534,45.04017,5.10839563162415,1.9030117827584123,0.0
2.04031,2.04176,59.5203,4817.90035,1.13686,45.04204,4.99952255130463,1.8624536957162425,0.0
2.08578,2.08733,59.663,4814.85074,1.12638,45.04396,4.8939787559151355,1.8231358549092667,0.0
2.13122,2.13287,59.80417,4811.86206,1.11396,45.04592,4.79181350247291,1.7850766098724367,0.0
2.17663,2.17839,59.94357,4808.9329,1.09966,45.04794,4.693061674592019,1.748288955669836,0.0
2.22202,2.22388,60.08096,4806.06182,1.08353,45.04999,4.597745210561226,1.7127810648912594,0.0
2.26737,2.26935,60.21614,4803.24733,1.06565,45.0521,4.505874474405335,1.6785567984086407,0.0
2.31269,2.3148,60.34889,4800.48796,1.04607,45.05425,4.417449563084501,1.645616192342189,0.0
2.35799,2.36022,60.47899,4797.7822,1.02485,45.05646,4.332461544931352,1.6139559194108013,0.0
2.40326,2.40562,60.60626,4795.12853,1.00205,45.05871,4.250893626104477,1.58356972346668,0.0
2.4485,2.451,60.7305,4792.52544,0.97774,45.061,4.1727222433438,1.5544488265754595,0.0
2.49372,2.49635,60.85154,4789.97142,0.95198,45.06335,4.097918082523033,1.5265823084537973,0.0
2.53891,2.54169,60.9692,4787.46495,0.92482,45.06575,4.026447023571048,1.499957458477445,0.0
2.58407,2.587,61.0833,4785.00452,0.89633,45.06819,3.9582710131733574,1.474560100785512,0.0
2.62921,2.63229,61.1937,4782.58863,0.86656,45.07068,3.893348867379543,1.4503748932728535,0.0
2.67432,2.67757,61.30025,4780.21579,0.83558,45.07323,3.831637006749514,1.4273856014513915,0.0
2.71941,2.72282,61.40279,4777.88451,0.80343,45.07582,3.7730901271071593,1.4055753483234996,0.0
2.76447,2.76806,61.50119,4775.59333,0.77019,45.07846,3.7176618092438902,1.384926841512616,0.0
2.80951,2.81328,61.59532,4773.34078,0.73589,45.08115,3.665305071118389,1.365422578972178,0.0
2.85453,2.85848,61.68507,4771.12542,0.7006,45.0839,3.6159728661746775,1.3470450346222134,0.0
2.89952,2.90367,61.7703,4768.94582,0.66438,45.08669,3.569618531482627,1.329776825293475,0.0
2.94449,2.94883,61.85092,4766.80055,0.62727,45.08953,3.5261961893280365,1.313600860330307,0.0
2.98944,2.99398,61.92683,4764.6882,0.58933,45.09242,3.485661105836366,1.298500475187424,0.0
3.03436,3.03912,61.99792,4762.60737,0.55061,45.09536,3.4479700100923028,1.2844595503103464,0.0
3.07927,3.08424,62.0641,4760.55668,0.51116,45.09836,3.413081377069383,1.271462616534126,0.0
3.12415,3.12934,62.1253,4758.53475,0.47103,45.1014,3.3809556775186125,1.2594949481734365,0.0
3.16901,3.17443,62.18143,4756.54021,0.43027,45.10449,3.3515555977772573,1.2485426449071277,0.0
3.21385,3.21951,62.23244,4754.57169,0.38894,45.10764,3.324846232260475,1.2385927034864241,0.0
3.25867,3.26456,62.27808,4752.62816,0.34446,45.09332,3.3008713056318717,1.2296614124989844,-16.999999710011267
3.30349,3.30959,62.31813,4750.70853,0.29951,45.07917,3.279674740481295,1.2217651342651998,-16.999999710011267
3.3483,3.35459,62.35256,4748.81136,0.25415,45.06516,3.261226103069163,1.2148925314163166,-16.999999710011267
3.3931,3.39956,62.38131,4746.93522,0.20841,45.05129,3.2454987189551883,1.2090336670214799,-16.999999710011267
3.4379,3.44451,62.40435,4745.07869,0.16236,45.03754,3.2324696661985675,1.2041800020546287,-16.999999710011267
3.48269,3.48943,62.42164,4743.24034,0.11603,45.02389,3.222119834154825,1.2003244172978642,-16.999999710011267
3.52747,3.53432,62.43316,4741.41873,0.06947,45.01034,3.2144339700948303,1.1974612307082617,-16.999999710011267
3.57225,3.57919,62.43888,4739.61245,0.02273,44.99686,3.2094007147609123,1.1955862106634594,-16.999999710011267
3.61702,3.62403,62.4388,4737.82003,-0.02415,44.98345,3.2070126277098088,1.194696585402571,-16.999999710011267
3.66179,3.66885,62.43289,4736.04005,-0.07112,44.97008,3.207266203083775,1.1947910489013434,-16.999999710011267
3.70654,3.71364,62.42116,4734.27103,-0.11813,44.95676,3.2101618762047806,1.195869763328663,-16.999999710011267
3.75129,3.75841,62.40361,4732.51151,-0.16513,44.94345,3.215704021192654,1.1979343581592568,-16.999999710011267
3.79604,3.80316,62.38024,4730.76,-0.21209,44.93015,3.2239009395540488,1.2009879259227783,-16.999999710011267
3.84078,3.84788,62.35108,4729.01499,-0.25896,44.91685,3.2347648394899973,1.2050350144953301,-16.999999710011267
3.88551,3.89257,62.31613,4727.27497,-0.30568,44.90352,3.248311805439219,1.2100816157535415,-16.999999710011267
3.93024,3.93724,62.27543,4725.53838,-0.35222,44.89016,3.2645617571501244,1.2161351503278155,-16.999999710011267
3.97496,3.98189,62.22899,4723.80365,-0.39852,44.87675,3.2835383973490164,1.2232044481073567,-16.999999710011267
4.01967,4.02651,62.17687,4722.06919,-0.44453,44.86327,3.3052691468401267,1.231299724063226,-16.999999710011267
4.06438,4.0711,62.1191,4720.33337,-0.49022,44.84971,3.329785065637611,1.2404325488679344,-16.999999710011267
4.10909,4.11568,62.05573,4718.59455,-0.53552,44.83606,3.3571207584887097,1.2506158137003347,-16.999999710011267
4.15379,4.16022,61.98681,4716.85102,-0.58039,44.8223,3.3873142629108197,1.2618636885364847,-16.999999710011267
4.19848,4.20475,61.91241,4715.10108,-0.62479,44.80841,3.420406917601464,1.274191573128898,-16.999999710011267
4.24316,4.24925,61.83259,4713.34295,-0.66865,44.79438,3.4564432088359784,1.2876160397856422,-16.999999710011267
4.28784,4.29372,61.74743,4711.57484,-0.71193,44.78019,3.4954705922221305,1.302154766969242,-16.999999710011267
4.33252,4.33817,61.65699,4709.79492,-0.75458,44.76583,3.5375392869032125,1.3178264626319196,-16.999999710011267
4.37719,4.38259,61.56138,4708.00131,-0.79653,44.75128,3.582702039060838,1.3346507761141613,-16.999999710011267
4.42185,4.42699,61.46068,4706.19207,-0.83775,44.73652,3.6310138513322663,1.352648197345553,-16.999999710011267
4.46651,4.47136,61.35499,4704.36525,-0.87817,44.72153,3.682531674484412,1.3718399419852347,-16.999999710011267
4.51117,4.51571,61.24441,4702.51882,-0.91773,44.7063,3.737314057509098,1.3922478210731777,-16.999999710011267
4.55581,4.56002,61.12907,4700.65072,-0.95639,44.69081,3.7954207520562324,1.413894093671133,-16.999999710011267
4.60046,4.60432,61.00907,4698.75885,-0.99407,44.67504,3.8569122669984406,1.4368013009262381,-16.999999710011267
4.64509,4.64858,60.88456,4696.84105,-1.03072,44.65897,3.9218493687469325,1.4609920799255292,-16.999999710011267
4.68972,4.69282,60.75565,4694.8951,-1.06629,44.64258,3.9902925228819024,1.4864889556885732,-16.999999710011267
4.73435,4.73703,60.6225,4692.91875,-1.1007,44.62585,4.0623012726453664,1.5133141096396983,-16.999999710011267
4.77897,4.78121,60.48525,4690.90969,-1.13391,44.60877,4.137933549877013,1.541489122913467,-16.999999710011267
4.82358,4.82536,60.34407,4688.86556,-1.16583,44.59131,4.217244914157085,1.571034692915381,-16.999999710011267
4.86819,4.86948,60.19911,4686.78398,-1.19641,44.57345,4.300287716162516,1.6019703216500267,-16.999999710011267
4.9128,4.91357,60.05055,4684.66249,-1.22559,44.55516,4.387110181637744,1.6343139744761022,-16.999999710011267
4.95739,4.95763,59.89857,4682.49861,-1.25329,44.53644,4.477755412926764,1.668081708150838,-16.999999710011267
5.00199,5.00166,59.74336,4680.28981,-1.27945,44.51726,4.572260305718617,1.7032872672891846,-16.999999710011267
5.04657,5.04565,59.58512,4678.03354,-1.304,44.49758,4.670654379579092,1.739941648706106,-16.999999710011267
5.09115,5.08962,59.42406,4675.72718,-1.32688,44.47741,4.772958521926902,1.778052633514653,-16.999999710011267
5.13573,5.13354,59.26038,4673.36814,-1.34801,44.4567,4.879183646523092,1.8176242873779735,-16.999999710011267
5.1803,5.17744,59.09431,4670.95377,-1.36733,44.43544,4.989329269087735,1.8586564298890529,-16.999999710011267
5.22486,5.22129,58.92608,4668.48141,-1.38477,44.41361,5.103382004590857,1.901144074772044,-16.999999710011267
5.26942,5.26511,58.75593,4665.9484,-1.40025,44.39118,5.221313992892776,1.9450768433918708,-16.999999710011267
5.31397,5.3089,58.5841,4663.3521,-1.41372,44.36813,5.343081261871713,1.9904383549761953,-16.999999710011267
5.35851,5.35264,58.41086,4660.68985,-1.4251,44.34444,5.468622039893783,2.0372055979660852,-16.999999710011267
5.40305,5.39634,58.23646,4657.95903,-1.43433,44.32009,5.597855032494379,2.0853482880344876,-16.999999710011267
5.44758,5.44001,58.06117,4655.15706,-1.44134,44.29505,5.730677681363333,2.1348282195123947,-16.999999710011267
5.4921,5.48363,57.88527,4652.28141,-1.44608,44.26931,5.86696442719639,2.185598618255306,-16.999999710011267
5.53662,5.52721,57.70905,4649.32958,-1.44847,44.24285,6.006565001555982,2.2376035053164296,-16.999999710011267
5.58113,5.57074,57.53279,4646.29918,-1.44847,44.21564,6.14930277654856,2.2907770821580553,-16.999999710011267
5.62563,5.61423,57.3568,4643.1879,-1.44602,44.18766,6.294973204802183,2.3450431495021724,-16.999999710011267
5.67013,5.65767,57.18138,4639.99355,-1.44106,44.15891,6.443342385703277,2.400314573215928,-16.999999710011267
5.71461,5.70106,57.00684,4636.71404,-1.43356,44.12935,6.594145797149427,2.456492811856177,-16.999999710011267
5.75909,5.7444,56.83348,4633.34745,-1.42347,44.09899,6.747087234829081,2.5134675215232627,-16.999999710011267
5.80356,5.78769,56.66164,4629.89202,-1.41075,44.0678,6.901838003341675,2.5711162545319772,-16.999999710011267
5.84803,5.83093,56.49163,4626.34616,-1.39537,44.03577,7.058036404875487,2.629304268930613,-16.999999710011267
5.89248,5.87411,56.32378,4622.70851,-1.37732,44.0029,7.215287571651824,2.68788446608201,-16.999999710011267
5.93693,5.91724,56.1584,4618.97791,-1.35656,43.96917,7.373163687686615,2.746697473275586,-16.999999710011267
5.98136,5.96031,55.99583,4615.15345,-1.3331,43.93459,7.531204643389456,2.805571887582703,-16.999999710011267
6.02579,6.00333,55.8364,4611.2345,-1.30693,43.89914,7.688919162986828,2.864324695851481,-16.999999710011267
6.0702,6.04628,55.68042,4607.2207,-1.27807,43.86284,7.845786439641548,2.9227618838318192,-16.999999710011267
6.11461,6.08917,55.52822,4603.11199,-1.24652,43.82567,8.00125830622779,2.9806792448462,-16.999999710011267
6.15901,6.132,55.38011,4598.90863,-1.21231,43.78766,8.154761961101787,3.037863395211003,-16.999999710011267
6.20339,6.17477,55.23642,4594.61123,-1.17549,43.7488,8.305703257910402,3.0940929997767523,-16.999999710011267
6.24776,6.21747,55.09744,4590.22073,-1.1361,43.70911,8.45347055649433,3.149140206490887,-16.999999710011267
6.29213,6.2601,54.96348,4585.73843,-1.0942,43.66861,8.597439118688735,3.2027722839491544,-16.999999710011267
6.33648,6.30266,54.83483,4581.166,-1.04986,43.62731,8.736976018414714,3.254753450533875,-16.999999710011267
6.38081,6.34515,54.71176,4576.5055,-1.00316,43.58524,8.871445520337362,3.3048468781055953,-16.999999710011267
6.42514,6.38757,54.59455,4571.75933,-0.95419,43.54242,9.000214866083649,3.3528168475214843,-16.999999710011267
6.46945,6.42992,54.48344,4566.93032,-0.90307,43.49889,9.122660391956535,3.398431027644817,-16.999999710011267
6.51375,6.4722,54.37869,4562.02162,-0.8499,43.45468,9.238173888014476,3.4414628442694024,-16.999999710011267
6.55803,6.5144,54.28051,4557.03677,-0.79482,43.40982,9.346169095734814,3.4816939006701584,-16.999999710011267
6.6023,6.55652,54.18911,4551.97966,-0.73796,43.36436,9.44608823105123,3.5189164076061985,-16.999999710011267
6.64655,6.59856,54.10469,4546.85452,-0.67946,43.31833,9.537408411728535,3.552935577687058,-16.999999710011267
6.69079,6.64053,54.02741,4541.6659,-0.61949,43.27179,9.619647863517779,3.583571937328757,-16.999999710011267
6.73501,6.68241,53.95742,4536.41864,-0.55821,43.22478,9.692371778475824,3.610663509131993,-16.999999710011267
6.77922,6.72422,53.89486,4531.11785,-0.49579,43.17736,9.755197701750925,3.634067818601497,-16.999999710011267
6.82341,6.76594,53.83983,4525.76891,-0.43242,43.12958,9.807800329909977,3.6536636816491894,-16.999999710011267
6.86758,6.80758,53.79241,4520.37737,-0.36828,43.08149,9.849915614616707,3.669352733322278,-16.999999710011267
6.91174,6.84914,53.75268,4514.94898,-0.30355,43.03315,9.8813440796926,3.6810606634957317,-16.999999710011267
6.95588,6.89061,53.72066,4509.48964,-0.23844,42.98463,9.901953277158805,3.688738131812515,-16.999999710011267
7.0,6.93201,53.69638,4504.00534,-0.17315,42.93597,9.911679327908296,3.692361341624497,-16.999999710011267
7.0441,6.97331,53.67982,4498.50213,-0.10786,42.88724,9.910527514649951,3.6919322608797325,-16.999999710011267
7.08818,7.01454,53.67096,4492.98611,-0.04278,42.8385,9.898571917756,3.6874784864660493,-16.999999710011267
7.13224,7.05568,53.66974,4487.46335,0.0219,42.78981,9.875954107989164,3.679052757217512,-16.999999710011267
7.17628,7.09673,53.67607,4481.93988,0.08598,42.74123,9.842880932588939,3.6667321291733104,-16.999999710011267
7.22031,7.1377,53.68987,4476.42165,0.14927,42.69282,9.799621452344569,3.6506168345568546,-16.999999710011267
7.26431,7.17859,53.71102,4470.91449,0.21158,42.64463,9.746503106190485,3.6308288529866557,-16.999999710011267
7.30829,7.21939,53.73935,4465.42406,0.27275,42.59671,9.683907195794681,3.6075102293666923,-16.999999710011267
7.35225,7.26011,53.77473,4459.95587,0.33259,42.54913,9.612263795445797,3.58082117768542,-16.999999710011267
7.39619,7.30074,53.81696,4454.51518,0.39094,42.50193,9.532046201478606,3.550938013280717,-16.999999710011267
7.44011,7.3413,53.86584,4449.10706,0.44764,42.45516,9.443765040837166,3.518050958124647,-16.999999710011267
7.48401,7.38177,53.92116,4443.73628,0.50255,42.40886,9.347962159922837,3.4823618642585545,-16.999999710011267
7.52789,7.42216,53.98269,4438.40737,0.55554,42.36309,9.245204412793939,3.444081899733992,-16.999999710011267
7.57174,7.46247,54.05018,4433.12456,0.60646,42.31787,9.13607746264431,3.4034292395003902,-16.999999710011267
7.61558,7.5027,54.12337,4427.89177,0.65521,42.27324,9.021179702317426,3.3606268006366062,-16.999999710011267
7.65939,7.54286,54.20199,4422.71262,0.70169,42.22925,8.901116389372133,3.3159000575085957,-16.999999710011267
7.70318,7.58293,54.28576,4417.59042,0.74579,42.18591,8.776494079042125,3.269474967900339,-16.999999710011267
7.74695,7.62294,54.37439,4412.52816,0.78744,42.14326,8.647915425218454,3.22157603624303,-16.999999710011267
7.79069,7.66286,54.46758,4407.52851,0.82656,42.10132,8.51597440563643,3.172424534871567,-16.999999710011267
7.83442,7.70271,54.56503,4402.59384,0.86309,42.06011,8.38125201347536,3.1222368990320923,-16.999999710011267
7.87812,7.74249,54.66643,4397.7262,0.89699,42.01964,8.24431244391078,3.0712233062723624,-16.999999710011267
7.92181,7.7822,54.77147,4392.92735,0.9282,41.97993,8.105699791233238,3.0195864460315867,-16.999999710011267
7.96547,7.82184,54.87982,4388.19877,0.95671,41.94099,7.965935260260324,2.967520480818044,-16.999999710011267
8.0091,7.86141,54.99117,4383.54164,0.98248,41.90283,7.825514885225524,2.9152101964351527,-16.999999710011267
8.05272,7.90091,55.1052,4378.95689,1.00551,41.86546,7.68490774010805,2.8628303352822493,-16.999999710011267
8.09632,7.94034,55.22159,4374.4452,1.0258,41.82887,7.544554616805766,2.810545103939219,-16.999999710011267
8.13988,7.97973,55.3404,4370.00626,1.04976,41.83603,7.404481950338626,2.758364350146544,0.0
8.18339,8.01909,55.46167,4365.63983,1.07088,41.84323,7.264723752632807,2.7063007442416316,0.0
8.22685,8.05841,55.58507,4361.34635,1.08916,41.85046,7.125693038258148,2.6545081450188155,0.0
8.27027,8.09771,55.71027,4357.12602,1.10461,41.85771,6.9877713193391235,2.6031286757826493,0.0
8.31363,8.13698,55.83695,4352.97882,1.11725,41.86501,6.851309439160023,2.552293034887774,0.0
8.35695,8.17622,55.96479,4348.90457,1.12712,41.87233,6.716627851319521,2.5021205997313376,0.0
8.40023,8.21543,56.09348,4344.90287,1.13424,41.87969,6.584017193314896,2.452719640428209,0.0
8.44345,8.25462,56.22271,4340.97319,1.13866,41.88708,6.4537391119534275,2.4041876272984406,0.0
8.48664,8.29378,56.35217,4337.11483,1.14043,41.89451,6.326027299315173,2.3566116167906634,0.0
8.52977,8.33291,56.48158,4333.32696,1.13959,41.90197,6.201088699956877,2.3100687011973036,0.0
8.57287,8.37202,56.61063,4329.60864,1.1362,41.90946,6.079104852574811,2.2646265084592936,0.0
8.61592,8.41111,56.73904,4325.9588,1.13031,41.91699,5.960233332311611,2.220343739463315,0.0
8.65893,8.45017,56.86654,4322.37629,1.122,41.92456,5.8446092629782225,2.1772707313842687,0.0
8.7019,8.48921,56.99287,4318.85987,1.11131,41.93217,5.732346871804749,2.135450036870866,0.0
8.74483,8.52823,57.11775,4315.40821,1.09832,41.93981,5.623541062622578,2.094917010097369,0.0
8.78772,8.56723,57.24094,4312.01995,1.0831,41.94749,5.518268986611479,2.055700391908213,0.0
8.83057,8.6062,57.36219,4308.69364,1.06571,41.9552,5.416591592900614,2.0178228874576765,0.0
8.87339,8.64516,57.48127,4305.42779,1.04622,41.96296,5.318555144237496,1.9813017308364562,0.0
8.91616,8.6841,57.59796,4302.22089,1.02471,41.97075,5.224192685678366,1.9461492321974687,0.0
8.9589,8.72302,57.71202,4299.07137,1.00126,41.97858,5.1335254567543736,1.9123733038249136,0.0
9.0016,8.76192,57.82326,4295.97764,0.97592,41.98645,5.046564239837237,1.8799779624359567,0.0
9.04426,8.8008,57.93146,4292.93811,0.94878,41.99436,4.963310639398815,1.848963805738581,0.0
9.08689,8.83967,58.03645,4289.95115,0.91991,42.00231,4.883758288644775,1.819328461934379,0.0
9.12949,8.87852,58.13803,4287.01511,0.88938,42.01029,4.8078939815216115,1.791067011420946,0.0
9.17204,8.91735,58.23602,4284.12835,0.85727,42.01832,4.735698729335177,1.7641723804100902,0.0
9.21457,8.95617,58.33026,4281.28922,0.82364,42.02639,4.667148742380908,1.7386357066109164,0.0
9.25706,8.99497,58.4206,4278.49606,0.78858,42.0345,4.602216337787166,1.7144466774253595,0.0
9.29952,9.03376,58.50687,4275.74721,0.75214,42.04266,4.5408707755471855,1.6915938413920808,0.0
9.34194,9.07254,58.58893,4273.04101,0.71442,42.05085,4.48307902521958,1.6700648938025817,0.0
9.38434,9.1113,58.66666,4270.3758,0.67547,42.05908,4.428806466230675,1.6498469375822444,0.0
9.4267,9.15004,58.73992,4267.74993,0.63536,42.06736,4.378017524967624,1.6309267206242868,0.0
9.46903,9.18878,58.8086,4265.16173,0.59417,42.07567,4.330676252066116,1.6132908508446187,0.0
9.51133,9.2275,58.87257,4262.60957,0.55196,42.08403,4.286746843369,1.596925990252636,0.0
9.55359,9.26621,58.93175,4260.09178,0.50881,42.09244,4.246194108063843,1.5818190293447827,0.0
9.59583,9.30491,58.98604,4257.60672,0.46477,42.10088,4.208983887466024,1.5679572431122668,0.0
9.63804,9.3436,59.03533,4255.15275,0.41993,42.10937,4.175083427791598,1.5553284299087662,0.0
9.68022,9.38228,59.07957,4252.72822,0.37434,42.11789,4.144461710162558,1.543921034386067,0.0
9.72236,9.42094,59.11867,4250.33149,0.32807,42.12647,4.1170897408657225,1.5337242556231394,0.0
9.76448,9.4596,59.15256,4247.9609,0.28118,42.13508,4.092940804715177,1.5247281415103104,0.0
9.80657,9.49824,59.18119,4245.61482,0.23375,42.14374,4.07199068412789,1.516923670360698,0.0
9.84863,9.53688,59.20451,4243.29159,0.18584,42.15244,4.054217846281079,1.5103028206312532,0.0
9.89066,9.5755,59.22246,4240.98956,0.1375,42.16118,4.039603600460453,1.5048586295391202,0.0
9.93266,9.61412,59.23503,4238.70706,0.08881,42.16997,4.0281322274659175,1.5005852412686667,0.0
9.97464,9.65272,59.24217,4236.44242,0.03983,42.1788,4.019791082629516,1.4974779453483782,0.0
10.01658,9.69132,59.24386,4234.19396,-0.00938,42.18767,4.014570673769019,1.4955332056906192,0.0
10.0585,9.72991,59.24008,4231.95999,-0.05876,42.19659,4.0124647151068125,1.49474868067784,0.0
10.10039,9.76849,59.23083,4229.73881,-0.10823,42.20554,4.013470157888277,1.4951232345687273,0.0
10.14225,9.80706,59.21611,4227.52868,-0.15775,42.21455,4.017587198190984,1.4966569404073355,0.0
10.18409,9.84563,59.19592,4225.32788,-0.20724,42.22359,4.0248192621087595,1.4993510745037608,0.0
10.22589,9.88418,59.17027,4223.13464,-0.25663,42.23268,4.035172968241782,1.5032081024607158,0.0
10.26767,9.92273,59.13918,4220.9472,-0.30588,42.24181,4.048658067126766,1.5082316566096776,0.0
10.30942,9.96127,59.10268,4218.76374,-0.3549,42.25099,4.065287357001732,1.5144265046310523,0.0
10.35115,9.9998,59.0608,4216.58245,-0.40365,42.2602,4.0850765750011675,1.5217985090215047,0.0
10.39284,10.03832,59.01357,4214.40147,-0.45205,42.26946,4.108044262647999,1.530354576986182,0.0
10.43451,10.07684,58.96106,4212.21894,-0.50003,42.27877,4.134211604225635,1.5401026002280451,0.0
10.47615,10.11535,58.90331,4210.03294,-0.54754,42.28811,4.163602236391374,1.5510513840238562,0.0
10.51777,10.15384,58.84039,4207.84153,-0.5945,42.2975,4.196242027140558,1.5632105648825083,0.0
10.55935,10.19234,58.77236,4205.64275,-0.64085,42.30693,4.232158822028205,1.5765905160059062,0.0
10.60091,10.23082,58.6993,4203.4346,-0.68653,42.31641,4.271382155323792,1.591202239686523,0.0
10.64244,10.2693,58.62129,4201.21503,-0.73146,42.32592,4.3139429236256,1.6070572457201573,0.0
10.68394,10.30776,58.53843,4198.98199,-0.77557,42.33548,4.3598730192861685,1.624167414847268,0.0
10.72541,10.34622,58.45082,4196.73336,-0.8188,42.34508,4.4092049208774124,1.6425448461904562,0.0
10.76685,10.38467,58.35855,4194.46701,-0.86107,42.35472,4.461971237859874,1.6622016876317804,0.0
10.80827,10.42312,58.26175,4192.18076,-0.90232,42.3644,4.518204206569908,1.683149948054722,0.0
10.84966,10.46155,58.16054,4189.87238,-0.94247,42.37412,4.577935134673002,1.7054012903884292,0.0
10.89101,10.49998,58.05505,4187.53964,-0.98145,42.38388,4.641193791325215,1.7289668044268076,0.0
10.93234,10.5384,57.94541,4185.18026,-1.01919,42.39369,4.708007740447393,1.7538567584556226,0.0
10.97364,10.5768,57.83177,4182.79191,-1.05561,42.40353,4.778401614795171,1.7800803288244762,0.0
11.01491,10.6152,57.71428,4180.37225,-1.09065,42.41341,4.852396328854492,1.8076453067296734,0.0
11.05615,10.65359,57.59311,4177.91891,-1.12422,42.42334,4.930008229103278,1.8365577816643426,0.0
11.09735,10.69197,57.46843,4175.42947,-1.15625,42.4333,5.011248180767887,1.866821801211185,0.0
11.13853,10.73034,57.34041,4172.90152,-1.18666,42.4433,5.096120590997892,1.8984390071493742,0.0
11.17967,10.7687,57.20923,4170.33261,-1.21539,42.45334,5.184622369278163,1.9314082481807073,0.0
11.22079,10.80705,57.0751,4167.72028,-1.24235,42.46342,5.276741826999719,1.9657251699907945,0.0
11.26187,10.84539,56.93821,4165.06206,-1.26748,42.47354,5.372457519389502,2.001381783837425,0.0
11.30292,10.88372,56.79878,4162.35547,-1.29069,42.48369,5.471737034468309,2.038366015405536,0.0
11.34393,10.92203,56.65702,4159.59804,-1.31191,42.49388,5.574535735331335,2.076661236273619,0.0
11.38491,10.96033,56.51315,4156.78732,-1.33107,42.50411,5.680795463930188,2.1162457810384168,0.0
11.42586,10.99862,56.36742,4153.92085,-1.3481,42.51437,5.79044321654494,2.157092453893415,0.0
11.46678,11.0369,56.22005,4150.99623,-1.36293,42.52467,5.903389803332594,2.1991680292753704,0.0
11.50765,11.07516,56.0713,4148.01107,-1.37549,42.535,6.01952850669318,2.242432752070384,0.0
11.5485,11.11341,55.92143,4144.96305,-1.38571,42.54537,6.13873375565333,2.286839843786906,0.0
11.5893,11.15165,55.77068,4141.84989,-1.39353,42.55577,6.260859835976988,2.3323350220380337,0.0
11.63007,11.18987,55.61934,4138.66938,-1.39889,42.5662,6.385739658267428,2.3788560416270994,0.0
11.6708,11.22807,55.46766,4135.41943,-1.40173,42.57667,6.513183608795466,2.4263322664509444,0.0
11.7115,11.26626,55.31594,4132.098,-1.40201,42.58717,6.6429785101437355,2.4746842823125648,0.0
11.75215,11.30443,55.16446,4128.7032,-1.39966,42.5977,6.774886720836356,2.523823561509471,0.0
11.79277,11.34259,55.01349,4125.23325,-1.39465,42.60826,6.908645404916037,2.5736521907319423,0.0
11.83334,11.38072,54.86334,4121.68652,-1.38695,42.61885,7.043966003727922,2.6240626742886097,0.0
11.87387,11.41884,54.7143,4118.06153,-1.37651,42.62947,7.1805339429056305,2.6749378249510465,0.0
11.91437,11.45693,54.56667,4114.35699,-1.36331,42.64013,7.318008607606539,2.72615075472826,0.0
11.95481,11.49501,54.42073,4110.57179,-1.34734,42.65081,7.45602361819712,2.777564977566733,0.0
11.99522,11.53307,54.27681,4106.70504,-1.32859,42.66151,7.594187436927637,2.8290346353527087,0.0
12.03558,11.5711,54.13518,4102.75606,-1.30704,42.67225,7.7320843332986335,2.8804048575366132,0.0
12.0759,11.60911,53.99615,4098.72442,-1.28272,42.68301,7.869275731979145,2.931512263268052,0.0
12.11617,11.6471,53.86002,4094.60994,-1.25563,42.6938,8.00530196204052,2.98218561303143,0.0
12.15639,11.68507,53.72707,4090.4127,-1.2258,42.70461,8.139684420081101,3.0322466144668168,0.0
12.19657,11.72301,53.5976,4086.13308,-1.19326,42.71544,8.271928152405877,3.081510884299807,0.0
12.2367,11.76092,53.47188,4081.77173,-1.15807,42.7263,8.401524853048246,3.129789065183505,0.0
12.27678,11.79881,53.3502,4077.3296,-1.12028,42.73719,8.527956265047818,3.176888092764004,0.0
12.31681,11.83668,53.23282,4072.80797,-1.07995,42.74809,8.650697962378485,3.2226126045481003,0.0
12.35679,11.87451,53.12,4068.20841,-1.03717,42.75902,8.76922347941636,3.266766478238752,0.0
12.39671,11.91232,53.01198,4063.53282,-0.99203,42.76997,8.883008744188789,3.3091544832369815,0.0
12.43659,11.95009,52.90902,4058.78339,-0.94463,42.78094,8.991536761197539,3.349584025116727,0.0
12.47641,11.98784,52.81132,4053.96265,-0.89507,42.79193,9.094302479756434,3.3878669592087047,0.0
12.51618,12.02556,52.7191,4049.07343,-0.84349,42.80294,9.190817774901987,3.423821446120675,0.0
12.5559,12.06324,52.63256,4044.11886,-0.79002,42.81397,9.280616460459552,3.4572738192364834,0.0
12.59556,12.1009,52.55188,4039.10234,-0.73479,42.82501,9.363259248112584,3.48806043209985,0.0
12.63516,12.13852,52.47722,4034.02758,-0.67797,42.83608,9.438338562717984,3.51602945224602,0.0
12.67471,12.17611,52.40872,4028.89851,-0.61971,42.84716,9.505483122808677,3.5410425675595043,0.0
12.7142,12.21366,52.34653,4023.71933,-0.56018,42.85826,9.564362196591183,3.562976571745156,0.0
12.75363,12.25118,52.29074,4018.49443,-0.49957,42.86938,9.614689447637156,3.5817247969494526,0.0
12.79301,12.28867,52.24144,4013.2284,-0.43804,42.88051,9.656226291108668,3.597198364042717,0.0
12.83233,12.32612,52.19871,4007.92602,-0.3758,42.89166,9.688784690409717,3.609327224445401,0.0
12.87158,12.36354,52.16253,4002.5923,-0.31417,42.92458,9.71231148322038,3.6180915737945467,5.999999897651034
12.91076,12.40095,52.13288,3997.23232,-0.2522,42.9576,9.726807323806586,3.6234916558214296,5.999999897651034
12.94986,12.43833,52.10975,3991.85107,-0.19009,42.99069,9.732244651731921,3.6255172035383256,5.999999897651034
12.9889,12.47569,52.09314,3986.45361,-0.12803,43.02383,9.72864942885622,3.62417788842112,5.999999897651034
13.02785,12.51303,52.08301,3981.045,-0.06622,43.05699,9.716100675380487,3.6195031475738326,5.999999897651034
13.06674,12.55034,52.07931,3975.63029,-0.00483,43.09017,9.694729261633526,3.6115417336373525,5.999999897651034
13.10555,12.58764,52.08198,3970.21449,0.05593,43.12334,9.664716066118118,3.600361028613162,5.999999897651034
13.14429,12.62491,52.09091,3964.80255,0.11588,43.15648,9.62628954355565,3.5860461378959845,5.999999897651034
13.18295,12.66216,52.10599,3959.39934,0.17485,43.18957,9.57972275860869,3.5686987852573893,5.999999897651034
13.22154,12.69939,52.12711,3954.00957,0.23266,43.22259,9.52532995094865,3.548436033243121,5.999999897651034
13.26005,12.7366,52.15411,3948.63785,0.28914,43.25553,9.463462705195724,3.5253888563749514,5.999999897651034
13.2985,12.77379,52.18683,3943.28861,0.34412,43.28837,9.394505804748828,3.4997005965932355,5.999999897651034
13.33686,12.81095,52.2251,3937.96607,0.39747,43.32109,9.318872851662531,3.4715253315458257,5.999999897651034
13.37516,12.84809,52.26872,3932.6743,0.44903,43.35368,9.237001735424222,3.4410261865883416,5.999999897651034
13.41338,12.88521,52.31749,3927.41712,0.49867,43.38613,9.149350032071673,3.4083736208344027,5.999999897651034
13.45154,12.9223,52.37119,3922.19812,0.54627,43.41841,9.056390411516448,3.3737437162627586,5.999999897651034
13.48962,12.95938,52.42959,3917.02067,0.5917,43.45053,8.958606125653425,3.3373164969193763,5.999999897651034
13.52763,12.99643,52.49246,3911.8879,0.63487,43.48246,8.8564866431141,3.2992743027481812,5.999999897651034
13.56557,13.03346,52.55955,3906.80267,0.67569,43.5142,8.750523488623882,3.2598002396421846,5.999999897651034
13.60344,13.07047,52.63059,3901.7676,0.71406,43.54574,8.641206336259447,3.219076724079046,5.999999897651034
13.64124,13.10746,52.70533,3896.78506,0.74991,43.57708,8.529019396823948,3.177284137323293,5.999999897651034
13.67897,13.14443,52.7835,3891.85716,0.78319,43.60819,8.414438130320093,3.134599600736041,5.999999897651034
13.71663,13.18138,52.86483,3886.98577,0.81384,43.63909,8.297926305466564,3.0911958803674895,5.999999897651034
13.75423,13.2183,52.94904,3882.17251,0.84181,43.66976,8.179933419502897,3.0472404257663466,5.999999897651034
13.79176,13.25521,53.03585,3877.41877,0.86708,43.70021,8.060892483557554,3.002894544971176,5.999999897651034
13.82923,13.2921,53.12497,3872.72571,0.88962,43.73042,7.941218171540664,2.9583127149242254,5.999999897651034
13.86663,13.32897,53.21614,3868.09426,0.90941,43.7604,7.82130532413499,2.9136420241687104,5.999999897651034
13.90397,13.36582,53.30906,3863.52515,0.92645,43.79015,7.701527794038498,2.8690217426712774,5.999999897651034
13.94124,13.40266,53.40345,3859.01889,0.94075,43.81967,7.582237614101084,2.824583011931056,5.999999897651034
13.97845,13.43947,53.49904,3854.57582,0.9523,43.84895,7.463764466487846,2.780448647229004,5.999999897651034
14.01561,13.47627,53.59555,3850.19607,0.96114,43.87801,7.346415428411295,2.7367330429064705,5.999999897651034
14.0527,13.51305,53.6927,3845.87964,0.96727,43.90684,7.230474968209718,2.693542170904279,5.999999897651034
14.08973,13.54982,53.79023,3841.62633,0.97074,43.93545,7.116205164586126,2.650973662435007,5.999999897651034
14.1267,13.58656,53.88787,3837.43581,0.97157,43.96383,7.003846121557131,2.609116962562359,5.999999897651034
14.16361,13.6233,53.98535,3833.30762,0.96982,43.992,6.8936165519803705,2.568053547580487,5.999999897651034
14.20047,13.66002,54.08243,3829.24116,0.96552,44.01996,6.785714503298246,2.527857195372628,5.999999897651034
14.23727,13.69672,54.17884,3825.23571,0.95872,44.04771,6.68031820040038,2.4885942993995442,5.999999897651034
14.27401,13.73341,54.27436,3821.29045,0.94948,44.07527,6.577586981989849,2.450324217520586,5.999999897651034
14.3107,13.77008,54.36873,3817.40446,0.93786,44.10263,6.4776623085748195,2.413099647497095,5.999999897651034
14.34733,13.80675,54.46173,3813.57673,0.92392,44.1298,6.3806688221133445,2.376967021737974,5.999999897651034
14.38391,13.84339,54.55314,3809.80617,0.90772,44.15679,6.286715439293032,2.3419669145751265,5.999999897651034
14.42044,13.88003,54.64273,3806.09162,0.88933,44.18361,6.1958964624106505,2.3081344560953423,5.999999897651034
14.45692,13.91665,54.73029,3802.43185,0.86881,44.21026,6.108292693804473,2.275499747295665,5.999999897651034
14.49334,13.95327,54.81563,3798.82557,0.84625,44.23675,6.023972541667664,2.2440882720279762,5.999999897651034
14.52971,13.98987,54.89855,3795.27142,0.82171,44.2631,5.942993106900631,2.2139213018800943,5.999999897651034
14.56604,14.02646,54.97885,3791.76804,0.79526,44.2893,5.865401242352398,2.185016290771051,5.999999897651034
14.60231,14.06303,55.05637,3788.31398,0.76698,44.31536,5.791234577352572,2.157387256616214,5.999999897651034
14.63853,14.0996,55.13093,3784.90776,0.73695,44.3413,5.7205225018721855,2.1310451479530887,5.999999897651034
14.67471,14.13616,55.20236,3781.5479,0.70524,44.36711,5.653287105940059,2.1059981938986345,5.999999897651034
14.71084,14.17271,55.27051,3778.23286,0.67193,44.39282,5.589544071041764,2.082252236218832,5.999999897651034
14.74692,14.20925,55.33523,3774.96106,0.63709,44.41842,5.529303511265807,2.0598110426777665,5.999999897651034
14.78295,14.24578,55.39639,3771.73094,0.60082,44.44393,5.472570762782969,2.0386766011394584,5.999999897651034
14.81894,14.2823,55.45384,3768.54088,0.56317,44.46935,5.4193471209819455,2.01884939417028,5.999999897651034
14.85488,14.31882,55.50747,3765.38926,0.52425,44.49469,5.369630525199706,2.0003286541190324,5.999999897651034
14.89077,14.35532,55.55716,3762.27443,0.48411,44.51997,5.3234161914534885,1.9831125988262635,5.999999897651034
14.92662,14.39182,55.6028,3759.19474,0.44284,44.54518,5.280697194003531,1.9671986482716846,5.999999897651034
14.96243,14.42831,55.64429,3756.14851,0.40053,44.57033,5.241464996845064,1.9525836225689222,5.999999897651034
14.99819,14.4648,55.68154,3753.13404,0.35724,44.59544,5.205709936476103,1.9392639218092262,5.999999897651034
15.03391,14.50128,55.71447,3750.14964,0.31306,44.62052,5.173421657390812,1.9272356882942028,5.999999897651034
15.06958,14.53775,55.74299,3747.19357,0.26806,44.64556,5.144589501878986,1.9164949517463794,5.999999897651034
15.10521,14.57421,55.76704,3744.26412,0.22233,44.67059,5.1192028556943185,1.9070377580797286,5.999999897651034
15.1408,14.61067,55.78656,3741.35954,0.17594,44.6956,5.0972514511594715,1.8988602823142842,5.999999897651034
15.17634,14.64712,55.80149,3738.47806,0.12897,44.72061,5.078725629188022,1.8919589261862064,5.999999897651034
15.21184,14.68357,55.81179,3735.6179,0.0815,44.74562,5.063616561641365,1.8863304009815838,5.999999897651034
15.2473,14.72001,55.81742,3732.77729,0.0336,44.77064,5.051916435281736,1.88197179606377,5.999999897651034
15.28272,14.75644,55.81835,3729.95441,-0.01463,44.79569,5.043618598445693,1.8788806335131172,5.999999897651034
15.31809,14.79287,55.81455,3727.14743,-0.06314,44.82076,5.038717671411227,1.877054909241627,5.999999897651034
15.35343,14.8293,55.80602,3724.35453,-0.11183,44.84587,5.037209621226839,1.8764931208687545,5.999999897651034
15.38872,14.86572,55.79274,3721.57384,-0.16064,44.87102,5.039091801621434,1.8771942825888874,5.999999897651034
15.42397,14.90213,55.77472,3718.80349,-0.20948,44.89623,5.0443629583773,1.8791579271729288,5.999999897651034
15.45917,14.93854,55.75196,3716.04159,-0.25827,44.92149,5.05302320039255,1.8823840951882909,5.999999897651034
15.49434,14.97495,55.72447,3713.28621,-0.30694,44.94683,5.0650739364555335,1.8868733114457008,5.999999897651034
15.52946,15.01135,55.69229,3710.53542,-0.35541,44.97224,5.08051777755674,1.8926265486078158,5.999999897651034
15.56455,15.04774,55.65544,3707.78726,-0.4036,44.99774,5.099358404408284,1.899645177836743,5.999999897651034
15.59959,15.08413,55.61395,3705.03976,-0.45143,45.02333,5.1216003996613475,1.907930906290625,5.999999897651034
15.63459,15.12052,55.56788,3702.29091,-0.49882,45.04903,5.147249044176633,1.9174857012290223,5.999999897651034
15.66954,15.1569,55.51727,3699.53869,-0.5457,45.07483,5.176310076569255,1.9283117004370554,5.999999897651034
15.70446,15.19328,55.46219,3696.78105,-0.59198,45.10075,5.208789415157309,1.9404111086439364,5.999999897651034
15.73934,15.22965,55.40275,3694.01583,-0.63691,45.1141,5.244668899426769,1.9537771605803576,0.0
15.77418,15.26601,55.33903,3691.24088,-0.68109,45.12747,5.283929193521313,1.9684026531310832,0.0
15.80899,15.30235,55.27114,3688.45411,-0.72443,45.14088,5.326573470879006,1.98428876848529,0.0
15.84376,15.33868,55.19916,3685.6534,-0.76685,45.15432,5.372603468770937,2.001436153822169,0.0
15.8785,15.375,55.12319,3682.83663,-0.80828,45.16778,5.422018992736191,2.0198447366999135,0.0
15.91321,15.41131,55.04334,3680.00164,-0.84863,45.18128,5.474817400087516,2.0395135326479874,0.0
15.94788,15.4476,54.95972,3677.14625,-0.88782,45.19481,5.530993041553476,2.060440437164141,0.0
15.98252,15.48388,54.87245,3674.26829,-0.92578,45.20837,5.590536661106542,2.082622002134578,0.0
16.01711,15.52014,54.78167,3671.36555,-0.96242,45.22197,5.653434754421195,2.106053196842723,0.0
16.05168,15.5564,54.6875,3668.43582,-0.99767,45.23559,5.719668886900428,2.1307271539161476,0.0
16.08621,15.59263,54.59009,3665.47688,-1.03144,45.24924,5.789214972760537,2.156634900766686,0.0
16.1207,15.62886,54.4896,3662.48651,-1.06366,45.26292,5.862042517336865,2.1837650773293915,0.0
16.15516,15.66507,54.38618,3659.46249,-1.09426,45.27662,5.938113825530476,2.212103641188092,0.0
16.18957,15.70126,54.28,3656.40259,-1.12314,45.29036,6.017383180189702,2.2416335615009007,0.0
16.22396,15.73744,54.17123,3653.30459,-1.15024,45.30412,6.099795995172408,2.2723345034936253,0.0
16.2583,15.7736,54.06005,3650.16631,-1.17549,45.31791,6.18528794889925,2.3041825056855556,0.0
16.29261,15.80975,53.94665,3646.98556,-1.1988,45.33173,6.273784105343485,2.3371496524350475,0.0
16.32688,15.84588,53.83122,3643.76019,-1.22011,45.34558,6.365198030666414,2.3712037448629704,0.0
16.36111,15.88199,53.71395,3640.48808,-1.23935,45.35945,6.459430914942458,2.4063079736722037,0.0
16.3953,15.91809,53.59506,3637.16716,-1.25646,45.37334,6.556370709820401,2.4424205979037494,0.0
16.42945,15.95416,53.47476,3633.7954,-1.27135,45.38727,6.655891294284601,2.4794946341608353,0.0
16.46356,15.99022,53.35326,3630.37084,-1.28399,45.40121,6.757851682051852,2.5174775613433966,0.0
16.49763,16.02626,53.23079,3626.89156,-1.2943,45.41518,6.862095285446671,2.556311046422246,0.0
16.53166,16.06229,53.10757,3623.35576,-1.30223,45.42918,6.968449251811666,2.595930697234478,0.0
16.56565,16.09829,52.98383,3619.7617,-1.30773,45.44319,7.076723889611212,2.6362658486919863,0.0
16.5996,16.13427,52.85981,3616.10773,-1.31076,45.45723,7.186712202281667,2.6772393891284083,0.0
16.6335,16.17023,52.73576,3612.39234,-1.31128,45.47129,7.298189548551072,2.7187676337592706,0.0
16.66737,16.20617,52.6119,3608.61411,-1.30924,45.48538,7.410913448306379,2.7607602523624286,0.0
16.70118,16.24209,52.48848,3604.77178,-1.30462,45.49948,7.524623553105456,2.803120258293006,0.0
16.73496,16.27798,52.36576,3600.86422,-1.29739,45.5136,7.639041799987134,2.8457440657816924,0.0
16.76869,16.31385,52.24398,3596.89044,-1.28754,45.52774,7.7538727663699865,2.888521622143869,0.0
16.80237,16.3497,52.12338,3592.84964,-1.27506,45.5419,7.868804242405674,2.9313366209962957,0.0
16.83601,16.38552,52.00421,3588.74119,-1.25994,45.55608,7.983508035160823,2.9740668018360146,0.0
16.86961,16.42132,51.88673,3584.56464,-1.24219,45.57027,8.09764101647291,3.01658434039424,0.0
16.90315,16.45709,51.77117,3580.31975,-1.22182,45.58449,8.210846423108565,3.058756332979535,0.0
16.93665,16.49283,51.65778,3576.00648,-1.19886,45.59871,8.322755414144929,3.1004453766433473,0.0
16.9701,16.52855,51.54679,3571.625,-1.17333,45.61296,8.432988886145083,3.1415102453806116,0.0
17.0035,16.56424,51.43845,3567.17571,-1.14528,45.62722,8.541159541889757,3.1818066607867483,0.0
17.03685,16.5999,51.33297,3562.65925,-1.11475,45.64149,8.646874203177678,3.22118815363664,0.0
17.07015,16.63553,51.23059,3558.07648,-1.08181,45.65577,8.749736352675646,3.259507010790673,0.0
17.1034,16.67113,51.13151,3553.42849,-1.04652,45.67007,8.849348883991976,3.2966152996694458,0.0
17.1366,16.70669,51.03595,3548.71664,-1.00896,45.68438,8.945317033439569,3.3323659604126545,0.0
17.16974,16.74223,50.94411,3543.94249,-0.96921,45.6987,9.037251461276252,3.3666139537221986,0.0
17.20284,16.77774,50.85618,3539.10787,-0.92739,45.71304,9.124771444929276,3.3992174504223107,0.0
17.23588,16.81321,50.77233,3534.21484,-0.88358,45.72738,9.207508141902629,3.4300390469783983,0.0
17.26887,16.84865,50.69273,3529.26569,-0.83792,45.74173,9.285107876039579,3.4589469897162997,0.0
17.3018,16.88405,50.61754,3524.26291,-0.79052,45.7561,9.357235397581203,3.4858163892798633,0.0
17.33468,16.91942,50.5469,3519.20924,-0.74151,45.77047,9.423577065372367,3.510530406086406,0.0
17.3675,16.95476,50.48095,3514.10759,-0.69104,45.78485,9.483843898633719,3.5329813871920783,0.0
17.40027,16.99005,50.41979,3508.9611,-0.63925,45.79924,9.537774446076197,3.5530719351125057,0.0
17.43298,17.02532,50.36354,3503.77303,-0.5863,45.81363,9.585137421837661,3.5707158897785445,0.0
17.46564,17.06054,50.31226,3498.54686,-0.53235,45.82803,9.625734060775246,3.585839205944652,0.0
17.49823,17.09573,50.26604,3493.28618,-0.47756,45.84244,9.659400150032516,3.5983807100011047,0.0
17.53078,17.13088,50.22493,3487.99469,-0.42211,45.85686,9.686007699396564,3.6082927222259706,0.0
17.56326,17.16599,50.18896,3482.67624,-0.36616,45.87128,9.705466219586732,3.6155415329812883,0.0
17.59569,17.20107,50.15816,3477.33472,-0.3099,45.88571,9.717723585237353,3.6201077241968447,0.0
17.62805,17.2361,50.13254,3471.97411,-0.25349,45.90014,9.722766467490583,3.6219863305223905,0.0
17.66036,17.2711,50.11207,3466.59842,-0.19712,45.91458,9.720620329789773,3.6211868377605563,0.0
17.69262,17.30606,50.09674,3461.21168,-0.14096,45.92903,9.711348989245364,3.6177330194641137,0.0
17.72481,17.34097,50.08651,3455.81792,-0.08519,45.94348,9.695053754570049,3.6116626157941303,0.0
17.75694,17.37585,50.08131,3450.42115,-0.02998,45.95793,9.671872159898943,3.603026861834678,0.0
17.78902,17.41069,50.08107,3445.02533,0.02449,45.97239,9.641976321379778,3.591889875379436,0.0
17.82104,17.44549,50.08569,3439.63438,0.07806,45.98686,9.605570950251808,3.578327916751304,0.0
17.853,17.48025,50.09509,3434.2521,0.13057,46.00133,9.562891061841091,3.5624285353428626,0.0
17.8849,17.51497,50.10913,3428.88223,0.18187,46.01581,9.514199424482028,3.5442896192725275,0.0
17.91674,17.54964,50.12769,3423.52837,0.23179,46.03029,9.45978379572499,3.5240183657991686,0.0
17.94852,17.58428,50.15063,3418.194,0.28021,46.04478,9.39995399518703,3.501730190881984,0.0
17.98025,17.61888,50.17779,3412.88245,0.32697,46.05927,9.335038864156498,3.4775475965532174,0.0
18.01192,17.65344,50.209,3407.5969,0.37196,46.07377,9.26538316159573,3.4515990145974946,0.0
18.04353,17.68797,50.2441,3402.34037,0.41506,46.08828,9.191344444525388,3.4240176444129027,0.0
18.07508,17.72245,50.28288,3397.1157,0.45614,46.10279,9.11328997819332,3.3949403019675963,0.0
18.10658,17.75689,50.32516,3391.92554,0.49512,46.11731,9.031593717877044,3.3645062954418052,0.0
18.13802,17.7913,50.37074,3386.77239,0.5319,46.13183,8.946633400022588,3.3328563416005195,0.0
18.1694,17.82566,50.41941,3381.65851,0.5664,46.14637,8.858787775690418,3.3001315351793026,0.0
18.20073,17.85999,50.47096,3376.58601,0.59853,46.16091,8.768434014242459,3.2664723816893955,0.0
18.232,17.89429,50.52516,3371.55679,0.62824,46.17546,8.675945299930547,3.232017902083675,0.0
18.26322,17.92854,50.58179,3366.57255,0.65547,46.19002,8.581688638867599,3.196904815795715,0.0
18.29438,17.96276,50.64062,3361.63483,0.68018,46.20459,8.486022888656736,3.1612668067247895,0.0
18.32549,17.99694,50.70143,3356.74496,0.70232,46.21916,8.389297018152531,3.125233874951152,0.0
18.35654,18.03109,50.76398,3351.90408,0.72186,46.23375,8.291848600212072,3.0889317752461416,0.0
18.38754,18.0652,50.82804,3347.11316,0.7388,46.24835,8.19400253622159,3.052481541924799,0.0
18.41849,18.09928,50.89337,3342.37302,0.7531,46.26296,8.096070007525686,3.015999098225666,0.0
18.44938,18.13333,50.95975,3337.68426,0.76478,46.27758,7.998347645721235,2.979594947223421,0.0
18.48023,18.16734,51.02695,3333.04737,0.77383,46.29221,7.901116911188561,2.943373940315406,0.0
18.51102,18.20131,51.09472,3328.46266,0.78026,46.30685,7.804643667092482,2.9074351185257954,0.0
18.54176,18.23526,51.16285,3323.93029,0.7841,46.32151,7.709177934515318,2.8718716212862034,0.0
18.57246,18.26917,51.23111,3319.4503,0.78535,46.33618,7.614953813182728,2.836770656903974,0.0
18.6031,18.30305,51.29927,3315.02256,0.78407,46.35086,7.522189551615598,2.8022135286956003,0.0
18.63369,18.3369,51.36712,3310.64685,0.78027,46.36556,7.43108775014893,2.768275710616607,0.0
18.66423,18.37072,51.43445,3306.32282,0.77399,46.38027,7.341835680324347,2.735026966243658,0.0
18.69473,18.40451,51.50104,3302.05,0.7653,46.39499,7.254605704432831,2.7025315050652705,0.0
18.72518,18.43827,51.5667,3297.82783,0.75423,46.40974,7.169555779570505,2.6708481702558506,0.0
18.75558,18.47201,51.63121,3293.65564,0.74084,46.42449,7.086830031282682,2.6400306523732002,0.0
18.78594,18.50571,51.69439,3289.53267,0.72518,46.43927,7.006559382757442,2.610127723749673,0.0
18.81624,18.53938,51.75605,3285.45809,0.70733,46.45406,6.928862226565208,2.581183488732851,0.0
18.84651,18.57303,51.81601,3281.43097,0.68734,46.46886,6.853845126932078,2.5532376453008254,0.0
18.87672,18.60665,51.87409,3277.45032,0.66528,46.48369,6.781603541707077,2.526325754014008,0.0
18.9069,18.64025,51.93012,3273.51507,0.64122,46.49853,6.712222554243967,2.5004795106603517,0.0
18.93702,18.67382,51.98394,3269.62412,0.61524,46.51339,6.645777606525333,2.4757270193633683,0.0
18.96711,18.70736,52.03539,3265.77626,0.58741,46.52827,6.582335225912617,2.4520930633156337,0.0
18.99715,18.74088,52.08433,3261.97027,0.55781,46.54317,6.521953738910907,2.429599370674957,0.0
19.02715,18.77437,52.13062,3258.20485,0.52652,46.55809,6.464683966291995,2.4082648735160057,0.0
19.0571,18.80784,52.17411,3254.47869,0.49361,46.57303,6.4105698947874545,2.3881059580536514,0.0
19.08701,18.84129,52.21469,3250.79039,0.45917,46.58798,6.359649321360925,2.3691367046513476,0.0
19.11688,18.87471,52.25223,3247.13854,0.42328,46.60296,6.311954466808594,2.351369116403454,0.0
19.14671,18.90811,52.28662,3243.52168,0.38602,46.61796,6.267512556084863,2.334813335321818,0.0
19.1765,18.94149,52.31775,3239.93834,0.34749,46.63297,6.226346363289686,2.3194778453578935,0.0
19.20625,18.97484,52.34553,3236.38697,0.30776,46.64801,6.188474719795057,2.305369661693233,0.0
19.23595,19.00817,52.36987,3232.86604,0.26692,46.66307,6.1539129843835125,2.2924945058784436,0.0
19.26562,19.04148,52.39069,3229.37394,0.22506,46.67815,6.122673474628646,2.2808569665337854,0.0
19.29524,19.07477,52.40791,3225.90909,0.18227,46.69325,6.094765859066681,2.2704606454433955,0.0
19.32483,19.10804,52.42145,3222.46982,0.13863,46.70837,6.070197509929478,2.261308288957616,0.0
19.35437,19.14128,52.43128,3219.05448,0.09424,46.72352,6.048973816397478,2.253401904687961,0.0
19.38388,19.17451,52.43732,3215.66138,0.04917,46.73868,6.031098458490417,2.246742863538608,0.0
19.41334,19.20771,52.43954,3212.28881,0.00353,46.75387,6.016573641809128,2.2413319871539,0.0
19.44277,19.2409,52.43791,3208.93502,-0.0426,46.76908,6.005400293402657,2.2371696208839995,0.0
19.47216,19.27406,52.43238,3205.59826,-0.08914,46.78431,5.997578219107254,2.234255692397801,0.0
19.50151,19.30721,52.42294,3202.27675,-0.13598,46.79957,5.993106222671156,2.2325897560600474,0.0
19.53082,19.34033,52.40957,3198.96867,-0.18305,46.81484,5.991982187051336,2.232171023216506,0.0
19.56009,19.37343,52.39228,3195.67221,-0.23024,46.83014,5.9942031181784285,2.2329983784975638,0.0
19.58932,19.40652,52.37105,3192.38552,-0.27748,46.84546,5.999765151534248,2.2350703822685114,0.0
19.61852,19.43958,52.3459,3189.10674,-0.32467,46.8608,6.008663521819474,2.2383852593299713,0.0
19.64768,19.47263,52.31684,3185.83397,-0.37172,46.87616,6.020892495989982,2.2429408739721617,0.0
19.6768,19.50565,52.2839,3182.56531,-0.41854,46.89155,6.036445269922417,2.2487346914801036,0.0
19.70588,19.53866,52.24711,3179.29883,-0.46504,46.90696,6.0553138289567725,2.255763726182068,0.0
19.73492,19.57164,52.2065,3176.0326,-0.51113,46.92238,6.077488772598835,2.264024476146619,0.0
19.76392,19.60461,52.16213,3172.76466,-0.55672,46.93783,6.102959103659367,2.2735128446314103,0.0
19.79289,19.63755,52.11404,3169.49302,-0.60172,46.95331,6.131711982224999,2.284224048430875,0.0
19.82181,19.67048,52.06229,3166.21571,-0.64604,46.9688,6.16373244486833,2.2961525132745932,0.0
19.8507,19.70339,52.00696,3162.93071,-0.68959,46.98431,6.1990030896874,2.3092917564962145,0.0
19.87955,19.73627,51.94812,3159.636,-0.73228,46.99985,6.237503727888797,2.3236342572389934,0.0
19.90837,19.76914,51.88585,3156.32957,-0.77402,47.0154,6.279211002829001,2.3391713145386683,0.0
19.93714,19.80199,51.82024,3153.00938,-0.81473,47.03098,6.324097977682675,2.35589289371905,0.0
19.96587,19.83481,51.75138,3149.67338,-0.85431,47.04657,6.372133693185926,2.3737874616397527,0.0
19.99457,19.86762,51.67939,3146.31954,-0.89269,47.06219,6.423282697253767,2.3928418114663175,0.0
20.02323,19.9004,51.60436,3142.9458,-0.92976,47.07782,6.47750454866226,2.4130408777787538,0.0
20.05184,19.93317,51.52643,3139.55012,-0.96545,47.09347,6.534753297418216,2.434367542995583,0.0
20.08042,19.96591,51.44571,3136.13047,-0.99968,47.10915,6.594976944977621,2.456802436290995,0.0
20.10896,19.99863,51.36233,3132.68483,-1.03236,47.12484,6.658116887977725,2.4803237263704188,0.0
20.13746,20.03133,51.27643,3129.21116,-1.06341,47.14055,6.724107349808065,2.50490690971577,0.0
20.16592,20.06401,51.18815,3125.70749,-1.09274,47.15627,6.7928748049467,2.530524596135552,0.0
20.19434,20.09667,51.09765,3122.17184,-1.12029,47.17202,6.864337401696476,2.5571462937189278,0.0
20.22272,20.1293,51.00507,3118.60227,-1.14598,47.18778,6.938404389684031,2.5847381955640336,0.0
20.25105,20.16191,50.91059,3114.99687,-1.16972,47.20355,7.014975559214944,2.613262970923023,0.0
20.27935,20.19449,50.81436,3111.35377,-1.19146,47.21935,7.093940700301645,2.6426795636757254,0.0
20.3076,20.22706,50.71656,3107.67115,-1.21113,47.23515,7.175179089949122,2.6729430013300868,0.0
20.33582,20.25959,50.61736,3103.94725,-1.22866,47.25098,7.258559016955548,2.704004217997895,0.0
20.36399,20.29211,50.51695,3100.18035,-1.24398,47.26681,7.343937354164564,2.7358098950475056,0.0
20.39211,20.32459,50.41551,3096.36883,-1.25705,47.28267,7.431159188638002,2.768302323333445,0.0
20.4202,20.35706,50.31323,3092.51112,-1.2678,47.29853,7.520057520742988,2.8014192910984446,0.0
20.44824,20.38949,50.21031,3088.60574,-1.2762,47.31441,7.610453043445616,2.8350940017545208,0.0
20.47624,20.4219,50.10693,3084.6513,-1.2822,47.3303,7.702154013287874,2.869255025818491,0.0
20.50419,20.45429,50.0033,3080.64653,-1.28575,47.3462,7.794956224558455,2.903826291289916,0.0
20.5321,20.48664,49.89962,3076.59023,-1.28684,47.36211,7.888643097848083,2.9387271166402957,0.0
20.55997,20.51897,49.79609,3072.48137,-1.28542,47.37803,7.982985893797994,2.973872290439995,0.0
20.58778,20.55127,49.69291,3068.31899,-1.28149,47.39397,8.077744062017777,3.009172201339323,0.0
20.61556,20.58353,49.59029,3064.10229,-1.27502,47.40991,8.172665734133618,3.0445330217419797,0.0
20.64328,20.61577,49.48844,3059.83063,-1.26602,47.42586,8.267488368585592,3.0798569480090086,0.0
20.67096,20.64798,49.38755,3055.50347,-1.25447,47.44182,8.361939553062308,3.115042499386815,0.0
20.6986,20.68016,49.28782,3051.12048,-1.2404,47.45778,8.455737968528126,3.1499848771326775,0.0
20.72618,20.7123,49.18947,3046.68145,-1.22381,47.47376,8.548594516469192,3.1845763844435426,0.0
20.75372,20.74442,49.09268,3042.18636,-1.20474,47.48974,8.640213608405759,3.2187069068333054,0.0
20.78121,20.7765,48.99764,3037.63537,-1.18321,47.50572,8.730294613897255,3.2522644515527883,0.0
20.80865,20.80854,48.90456,3033.02879,-1.15927,47.52171,8.818533460226798,3.2851357435143203,0.0
20.83603,20.84055,48.81362,3028.36713,-1.13297,47.5377,8.90462437379391,3.3172068740063336,0.0
20.86337,20.87253,48.72498,3023.6511,-1.10436,47.5537,8.988261749965666,3.3483639972621235,0.0
20.89066,20.90447,48.63884,3018.88157,-1.07351,47.5697,9.069142134907876,3.3784940687441014,0.0
20.9179,20.93638,48.55536,3014.0596,-1.04051,47.5857,9.146966299770602,3.4074856178324815,0.0
20.94509,20.96825,48.4747,3009.18646,-1.00543,47.60171,9.22144138464989,3.4352295465074336,0.0
20.97222,21.00008,48.397,3004.26358,-0.96837,47.61771,9.292283087015877,3.461619944596134,0.0
20.9993,21.03188,48.32242,2999.29257,-0.92943,47.63372,9.359217867092623,3.486554911334779,0.0
21.02633,21.06363,48.25109,2994.27523,-0.88872,47.64972,9.421985140748012,3.5099373722777774,0.0
21.05331,21.09535,48.18313,2989.21353,-0.84636,47.66573,9.480339429271876,3.5316758801466532,0.0
21.08023,21.12703,48.11867,2984.10959,-0.80247,47.68174,9.534052434712239,3.551685387947418,0.0
21.1071,21.15866,48.05779,2978.96569,-0.75719,47.69774,9.58291500947541,3.569887982698418,0.0
21.13392,21.19026,48.00059,2973.78426,-0.71065,47.71374,9.626738989677749,3.586213568402104,0.0
21.16068,21.22182,47.94716,2968.56787,-0.663,47.72974,9.665358863125222,3.6006004874113153,0.0
21.18738,21.25333,47.89756,2963.31919,-0.61438,47.74574,9.698633245016707,3.6129960701675716,0.0
21.21403,21.28481,47.85185,2958.04102,-0.56495,47.76174,9.726446137301417,3.6233571043448656,0.0
21.24063,21.31624,47.81007,2952.73626,-0.51487,47.77773,9.748707951012834,3.631650215695939,0.0
21.26716,21.34763,47.77226,2947.40788,-0.46429,47.79372,9.765356274967637,3.6378521544128697,0.0
21.29365,21.37897,47.73843,2942.05891,-0.41339,47.8097,9.776356378522662,3.64194998241726,0.0
21.32007,21.41028,47.70858,2936.69247,-0.36231,47.82569,9.781701440878036,3.643941158781692,0.0
21.34645,21.44154,47.68271,2931.31167,-0.31122,47.84166,9.781412504235735,3.643833522280054,0.0
21.37276,21.47275,47.6608,2925.91968,-0.2603,47.85764,9.775538153091354,3.641645171915292,0.0
21.39902,21.50392,47.64282,2920.51965,-0.2097,47.87361,9.764153926773183,3.637404248074751,0.0
21.42522,21.53505,47.62872,2915.11475,-0.15958,47.88957,9.747361476921471,3.631148618669041,0.0
21.45137,21.56614,47.61844,2909.70809,-0.11011,47.90553,9.725287485942129,3.622925476227578,0.0
21.47746,21.59717,47.61192,2904.30278,-0.06143,47.92149,9.698082366205668,3.612790853315966,0.0
21.50349,21.62817,47.60907,2898.90185,-0.01371,47.93744,9.665918763079725,3.6008090648762217,0.0
21.52946,21.65912,47.60981,2893.50829,0.03292,47.95339,9.62898988755652,3.5870520870866347,0.0
21.55538,21.69003,47.61402,2888.12498,0.07831,47.96933,9.58750770619765,3.5715988830685754,0.0
21.58125,21.72089,47.62161,2882.75476,0.12232,47.98527,9.541701017458003,3.5545346862665395,0.0
21.60705,21.75171,47.63244,2877.40031,0.16483,48.00121,9.491813444115525,3.5359502525754123,0.0
21.63281,21.78248,47.6464,2872.06427,0.20572,48.01714,9.43810137144186,3.5159410922547853,0.0
21.6585,21.81321,47.66333,2866.7491,0.24486,48.03307,9.380831860161642,3.4946066924513737,0.0
21.68414,21.8439,47.6831,2861.45719,0.28214,48.04899,9.32028056200721,3.4720497406883073,0.0
21.70973,21.87454,47.70555,2856.19077,0.31748,48.06491,9.256729663961178,3.4483753590413975,0.0
21.73525,21.90514,47.73053,2850.95194,0.35077,48.08083,9.19046588514505,3.423690357927439,0.0
21.76073,21.93569,47.75786,2845.74266,0.38194,48.09675,9.121778547889857,3.3981025175272674,0.0
21.78615,21.96621,47.78738,2840.56476,0.4109,48.11266,9.050957741764726,3.3717199038380987,0.0
21.81152,21.99668,47.81891,2835.41991,0.43759,48.12857,8.978292596523648,3.3446502253007573,0.0
21.83683,22.02711,47.85228,2830.30965,0.46195,48.14448,8.904069676988337,3.317000234851306,0.0
21.86209,22.05749,47.88731,2825.23537,0.48393,48.16039,8.828571509910347,3.288875181138425,0.0
21.88729,22.08784,47.92381,2820.19831,0.50349,48.1763,8.752075250067131,3.260378311609095,0.0
21.91244,22.11814,47.9616,2815.19957,0.5206,48.19221,8.674851490049607,3.2316104291231547,0.0
21.93754,22.1484,48.00048,2810.2401,0.53522,48.20812,8.597163215679029,3.202669502818593,0.0
21.96259,22.17862,48.04029,2805.32073,0.54734,48.22403,8.519264906657318,3.17365033308014,0.0
21.98759,22.2088,48.08082,2800.44214,0.55696,48.23994,8.441401779956497,3.1446442696819217,0.0
22.01253,22.23894,48.12189,2795.60488,0.56406,48.25585,8.363809171629352,3.115738981495665,0.0
22.03743,22.26905,48.16332,2790.80937,0.56865,48.27176,8.286712051174188,3.087018275578791,0.0
22.06227,22.29911,48.20492,2786.05591,0.57075,48.28768,8.210324661292736,3.05856196297476,0.0
22.08707,22.32913,48.24652,2781.34466,0.57037,48.30359,8.134850274892832,3.0304457681901726,0.0
22.11181,22.35912,48.28793,2776.67571,0.56754,48.31951,8.060481060383413,3.0027412790136134,0.0
22.1365,22.38907,48.32897,2772.04898,0.56228,48.33544,7.9873980458240394,2.9755159331604033,0.0
22.16115,22.41898,48.36948,2767.46433,0.55463,48.35136,7.91577117213152,2.948833038093469,0.0
22.18575,22.44885,48.40928,2762.9215,0.54464,48.3673,7.845759425493166,2.922751820350762,0.0
22.2103,22.47869,48.44822,2758.42013,0.53234,48.38323,7.77751103911147,2.89732750070046,0.0
22.2348,22.50849,48.48612,2753.95977,0.5178,48.39917,7.711163754656417,2.872611391538836,0.0
22.25925,22.53826,48.52283,2749.53988,0.50106,48.41512,7.6468451340881245,2.848651013052388,0.0
22.28366,22.56799,48.5582,2745.15985,0.48219,48.43107,7.584672912918083,2.825490224816957,0.0
22.30802,22.59769,48.59209,2740.81899,0.46125,48.44703,7.524755386493828,2.803169369698919,0.0
22.33234,22.62735,48.62435,2736.5165,0.4383,48.463,7.467191821368222,2.7817254271010783,0.0
22.35661,22.65698,48.65484,2732.25157,0.41342,48.47897,7.412072884476857,2.761192172842533,0.0
22.38083,22.68658,48.68345,2728.02326,0.38668,48.49495,7.359481083353049,2.741600343150345,0.0
22.40501,22.71614,48.71004,2723.83062,0.35816,48.51093,7.309491211279084,2.7229778004900984,0.0
22.42915,22.74567,48.73449,2719.67261,0.32794,48.52693,7.262170791837123,2.7053496991727983,0.0
22.45324,22.77516,48.7567,2715.54814,0.29609,48.54293,7.217580517905874,2.6887386488926905,0.0
22.47728,22.80463,48.77656,2711.45607,0.26271,48.55894,7.175774680718153,2.6731648745624863,0.0
22.50128,22.83406,48.79397,2707.39522,0.22787,48.57496,7.136801585129092,2.658646371011701,0.0
22.52524,22.86346,48.80883,2703.36433,0.19167,48.59099,7.100703947725107,2.6451990512927144,0.0
22.54916,22.89283,48.82107,2699.36213,0.1542,48.60703,7.067519274883505,2.6328368875179264,0.0
22.57303,22.92217,48.8306,2695.38729,0.11554,48.62308,7.037280218307815,2.621572043306019,0.0
22.59686,22.95147,48.83735,2691.43845,0.07579,48.63913,7.010014905969413,2.6114149970664204,0.0
22.62065,22.98075,48.84126,2687.5142,0.03503,48.6552,6.985747246707249,2.60237465547072,0.0
22.6444,23.01,48.84226,2683.61311,-0.00662,48.67127,6.964497207089509,2.5944584565909192,0.0
22.6681,23.03921,48.84031,2679.73369,-0.04909,48.68736,6.946281059404859,2.587672462282695,0.0
22.69176,23.0684,48.83536,2675.87444,-0.09226,48.70346,6.931111599898364,2.5820214394840257,0.0
22.71538,23.09756,48.82737,2672.03383,-0.13606,48.71956,6.91899833660832,2.577508930189345,0.0
22.73896,23.12668,48.81632,2668.21029,-0.18037,48.73568,6.90994764634796,2.5741373099293674,0.0
22.7625,23.15578,48.80217,2664.40223,-0.2251,48.75181,6.90396290056323,2.5719078346564177,0.0
22.786,23.18485,48.78491,2660.60802,-0.27016,48.76794,6.901044559947919,2.570820675991051,0.0
22.80945,23.21389,48.76453,2656.82602,-0.31543,48.78409,6.901190237862482,2.570874944847243,0.0
22.83287,23.2429,48.74103,2653.05457,-0.36083,48.80025,6.904394732715031,2.5720687034951513,0.0
22.85624,23.27188,48.71441,2649.29198,-0.40626,48.81642,6.910650029630737,2.5743989661830193,0.0
22.87957,23.30083,48.68468,2645.53654,-0.45161,48.8326,6.9199452718258,2.5778616884732215,0.0
22.90287,23.32976,48.65186,2641.78652,-0.49679,48.84879,6.9322667022575954,2.582451745505411,0.0
22.92612,23.35865,48.61597,2638.04018,-0.54169,48.86499,6.947597576255215,2.588162899449096,0.0
22.94933,23.38751,48.57705,2634.29576,-0.58622,48.8812,6.965918045962209,2.594987756455521,0.0
22.9725,23.41635,48.53513,2630.5515,-0.63029,48.89741,6.987205017594511,2.6029177134824857,0.0
22.99563,23.44516,48.49026,2626.8056,-0.67378,48.91364,7.011431982671672,2.6119428954235446,0.0
23.01872,23.47394,48.44248,2623.05629,-0.71661,48.92988,7.038568824568722,2.622052083043478,0.0
23.04177,23.50268,48.39186,2619.30177,-0.75868,48.94613,7.06858160193205,2.633232632295016,0.0
23.06478,23.5314,48.33845,2615.54022,-0.79989,48.96239,7.10143231072716,2.645470385675364,0.0
23.08775,23.56009,48.28234,2611.76986,-0.84015,48.97865,7.137078626930045,2.6587495763719646,0.0
23.11068,23.58876,48.22359,2607.98887,-0.87937,48.99493,7.175473632132803,2.6730527260433794,0.0
23.13356,23.61739,48.16229,2604.19547,-0.91745,49.01121,7.216565524615716,2.688360537186026,0.0
23.15641,23.64599,48.09853,2600.38786,-0.95429,49.02751,7.260297318761681,2.7046517811581525,0.0
23.17921,23.67456,48.0324,2596.56425,-0.98982,49.04381,7.306606535986358,2.7219031830431826,0.0
23.20198,23.7031,47.964,2592.72289,-1.02395,49.06011,7.355424890713584,2.7400893046672934,0.0
23.2247,23.73161,47.89343,2588.86203,-1.05659,49.07643,7.406677975273723,2.7591824272157615,0.0
23.24738,23.76009,47.82082,2584.97994,-1.08765,49.09275,7.460284947975936,2.7791524350316754,0.0
23.27002,23.78854,47.74627,2581.07492,-1.11706,49.10908,7.516158228932611,2.799966702302537,0.0
23.29262,23.81696,47.66991,2577.1453,-1.14473,49.12541,7.574203208607113,2.82158998448662,0.0
23.31518,23.84534,47.59185,2573.18946,-1.1706,49.14176,7.634317974384029,2.8439843164532035,0.0
23.33769,23.8737,47.51224,2569.20579,-1.19459,49.1581,7.696393060774204,2.8671089194273653,0.0
23.36016,23.90202,47.43121,2565.19275,-1.21664,49.17445,7.760311229160454,2.8909201189394707,0.0
23.38259,23.93031,47.34889,2561.14885,-1.23667,49.19081,7.825947283232231,2.9153712760697275,0.0
23.40498,23.95857,47.26543,2557.07264,-1.25463,49.20717,7.893167926438482,2.940412734345625,0.0
23.42732,23.98679,47.18098,2552.96274,-1.27047,49.22353,7.961831667901695,2.965991784692442,0.0
23.44962,24.01498,47.09567,2548.81786,-1.28412,49.2399,8.031788783245974,2.9920526508406695,0.0
23.47188,24.04313,47.00967,2544.63674,-1.29555,49.25626,8.102881336773766,3.018536497587434,0.0
23.49409,24.07125,46.92312,2540.41823,-1.30471,49.27263,8.17494327118161,3.045381464217963,0.0
23.51626,24.09934,46.83619,2536.16127,-1.31157,49.28901,8.247800570762674,3.072522725302834,0.0
23.53838,24.12739,46.74902,2531.86486,-1.31609,49.30538,8.32127150356577,3.099892580908574,0.0
23.56046,24.15541,46.66178,2527.52813,-1.31825,49.32175,8.395166947431674,3.1274205780547666,0.0
23.58249,24.18338,46.57463,2523.15029,-1.31804,49.33813,8.469290804099979,3.155033664979757,0.0
23.60448,24.21133,46.48772,2518.73066,-1.31544,49.3545,8.543440504694077,3.1826563794471006,0.0
23.62643,24.23923,46.40122,2514.26869,-1.31045,49.37087,8.617407608879034,3.210211071947638,0.0
23.64832,24.2671,46.31527,2509.76393,-1.30307,49.38724,8.69097849880813,3.2376181642128428,0.0
23.67017,24.29493,46.23005,2505.21606,-1.29331,49.4036,8.763935167671619,3.2647964429699803,0.0
23.69198,24.32272,46.14569,2500.62488,-1.28119,49.41997,8.83605610124134,3.2916633883406696,0.0
23.71373,24.35047,46.06236,2495.99033,-1.26673,49.43633,8.907117249264333,3.3181355357105677,0.0
23.73544,24.37818,45.98021,2491.31247,-1.24997,49.45268,8.976893081934964,3.3441288692930287,0.0
23.75711,24.40585,45.89937,2486.59151,-1.23094,49.46904,9.045157725059232,3.369559245007678,0.0
23.77872,24.43348,45.82,2481.82778,-1.2097,49.48538,9.111686165833643,3.394342839664773,0.0
23.80028,24.46106,45.74223,2477.02176,-1.1863,49.50172,9.176255519486768,3.418396622822505,0.0
23.8218,24.48861,45.66619,2472.17407,-1.16081,49.51806,9.238646345510404,3.441638847117741,0.0
23.84327,24.51611,45.59202,2467.28547,-1.13329,49.53438,9.298644000676836,3.4639895523005526,0.0
23.86469,24.54357,45.51984,2462.35684,-1.10383,49.5507,9.35604001473732,3.485371077718102,0.0
23.88606,24.57099,45.44975,2457.38922,-1.07251,49.56701,9.410633473587971,3.5057085775803225,0.0
23.90737,24.59837,45.38188,2452.38376,-1.03943,49.58332,9.462232393735542,3.524930532984592,0.0
23.92864,24.62569,45.31632,2447.34176,-1.00469,49.59961,9.510655071325855,3.5429692544643094,0.0
23.94986,24.65298,45.25318,2442.26463,-0.9684,49.6159,9.555731388614442,3.559761368683596,0.0
23.97103,24.68022,45.19252,2437.15391,-0.93066,49.63217,9.597304060791583,3.5752482829124177,0.0
23.99214,24.70741,45.13445,2432.01124,-0.89161,49.64844,9.635229806396753,3.5893766210367675,0.0
24.01321,24.73456,45.07901,2426.83838,-0.85137,49.66469,9.669380425195655,3.6020986250962177,0.0
24.03422,24.76166,45.02629,2421.63718,-0.81006,49.68094,9.699643768449462,3.613372516734745,0.0
24.05518,24.78872,44.97632,2416.4096,-0.76783,49.69717,9.725924587847953,3.6231628134506577,0.0
24.07609,24.81572,44.92915,2411.15766,-0.72481,49.71339,9.748145250976775,3.631440595126979,0.0
24.09695,24.84268,44.88483,2405.88346,-0.68114,49.7296,9.766246313154406,3.6381837170557554,0.0
24.11775,24.86959,44.84336,2400.58918,-0.63697,49.74579,9.78018693758568,3.6433769664563096,0.0
24.1385,24.89646,44.80477,2395.27703,-0.59245,49.76198,9.789945158099231,3.647012160351841,0.0
24.1592,24.92327,44.76906,2389.94928,-0.54772,49.77815,9.795517981191535,3.649088183583526,0.0
24.17985,24.95004,44.73622,2384.60824,-0.50293,49.79431,9.796921326586766,3.649610966667488,0.0
24.20044,24.97675,44.70626,2379.25623,-0.45823,49.81045,9.794189808039718,3.6485934041381345,0.0
24.22098,25.00342,44.67913,2373.89559,-0.41378,49.82659,9.787376358555596,3.6460552149326535,0.0
24.24147,25.03004,44.65481,2368.52865,-0.36971,49.84271,9.776551706566071,3.64202274725282,0.0
24.2619,25.05661,44.63327,2363.15776,-0.32617,49.85881,9.761803711688481,3.636528731117819,0.0
24.28228,25.08313,44.61444,2357.78522,-0.2833,49.87491,9.743236570760988,3.6296119825914483,0.0
24.30261,25.1096,44.59827,2352.41334,-0.24126,49.89098,9.720969906419816,3.6213170642531627,0.0
24.32289,25.13602,44.5847,2347.04435,-0.20016,49.90705,9.69513775200831,3.6116939070499883,0.0
24.34311,25.16239,44.57365,2341.68048,-0.16014,49.9231,9.665887447591647,3.600797399032953,0.0
24.36328,25.18871,44.56504,2336.32388,-0.12133,49.93914,9.633378462720529,3.5886869468055895,0.0
24.3834,25.21498,44.55877,2330.97664,-0.08385,49.95517,9.59778116195199,3.575426015647957,0.0
24.40346,25.2412,44.55477,2325.64079,-0.04782,49.97119,9.559275529336555,3.5610816543545374,0.0
24.42347,25.26737,44.55292,2320.31829,-0.01334,49.98719,9.518049867828658,3.5457240107304093,0.0
24.44343,25.2935,44.55311,2315.01101,0.01948,50.00318,9.474299489172418,3.5294258435392165,0.0
24.46334,25.31957,44.55524,2309.72073,0.05054,50.01915,9.428225409059884,3.5122620364152897,0.0
24.48319,25.34559,44.55918,2304.44916,0.07976,50.03512,9.380033061455364,3.4943091189156266,0.0
24.503,25.37156,44.56482,2299.19789,0.10705,50.05107,9.329931044773382,3.47564479943819,0.0
24.52275,25.39749,44.57203,2293.96844,0.13233,50.06701,9.278129911427822,3.4563475142971214,0.0
24.54245,25.42336,44.58067,2288.76221,0.15555,50.08294,9.224841010798631,3.436495996697388,0.0
24.5621,25.44919,44.59063,2283.58051,0.17663,50.09886,9.170275394241967,3.4161688688222513,0.0
24.58169,25.47497,44.60175,2278.42454,0.19552,50.11477,9.114642789268592,3.3954442596877357,0.0
24.60124,25.5007,44.61391,2273.2954,0.21219,50.13067,9.058150648532637,3.3743994508659125,0.0
24.62074,25.52638,44.62696,2268.19409,0.22658,50.14655,9.001003277806989,3.3531105516327893,0.0
24.64018,25.55202,44.64077,2263.12148,0.23868,50.16243,8.94340104570862,3.3316522045702057,0.0
24.65958,25.5776,44.65519,2258.07837,0.24846,50.1783,8.885539676619082,3.3100973221601064,0.0
24.67892,25.60314,44.6701,2253.06543,0.2559,50.19416,8.827609627025675,3.288516854455223,0.0
24.69822,25.62864,44.68534,2248.08326,0.26099,50.21001,8.769795544387044,3.2669795874922674,0.0
24.71747,25.65408,44.70077,2243.13232,0.26374,50.22585,8.71227580662465,3.2455519717403902,0.0
24.73667,25.67948,44.71627,2238.213,0.26415,50.24169,8.65522213948909,3.2242979795600655,0.0
24.75582,25.70484,44.73168,2233.32559,0.26223,50.25751,8.598799308304294,3.203278990369692,0.0
24.77492,25.73015,44.74688,2228.47027,0.25799,50.27333,8.543164879976025,3.1825537019875045,0.0
24.79398,25.75541,44.76174,2223.64715,0.25148,50.28915,8.488469050680553,3.162178066441059,0.0
24.81299,25.78063,44.77612,2218.85623,0.2427,50.30495,8.434854534270562,3.142205248395509,0.0
24.83195,25.8058,44.7899,2214.09745,0.23171,50.32075,8.382456506165575,3.122685604251308,0.0
24.85086,25.83093,44.80294,2209.37064,0.21854,50.33655,8.331402597355023,3.1036666799101904,0.0
24.86973,25.85602,44.81514,2204.67556,0.20323,50.35234,8.281812933080896,3.0851932251854848,0.0
24.88855,25.88106,44.82636,2200.01191,0.18585,50.36812,8.23380021075024,3.0673072228265603,0.0
24.90732,25.90606,44.83651,2195.37928,0.16645,50.3839,8.187469811735738,3.050047930167494,0.0
24.92605,25.93102,44.84546,2190.77722,0.14508,50.39967,8.14291994187144,3.03345193146542,0.0
24.94474,25.95593,44.85312,2186.20519,0.12181,50.41544,8.100241795614794,3.0175531990552087,0.0
24.96337,25.9808,44.85937,2181.6626,0.09672,50.43121,8.05951973910945,3.0023831615451773,0.0
24.98197,26.00563,44.86413,2177.14879,0.06986,50.44697,8.020831507624635,2.987970777368448,0.0
25.00052,26.03042,44.86731,2172.66303,0.04133,50.46273,7.984248413148305,2.9743426121168692,0.0
25.01902,26.05516,44.86881,2168.20454,0.0112,50.47849,7.949835558193712,2.9615229181895746,0.0
25.03748,26.07986,44.86855,2163.7725,-0.02046,50.49425,7.917652052219663,2.9495337154152357,0.0
25.0559,26.10453,44.86646,2159.36602,-0.05355,50.51,7.887751227336908,2.938394871408358,0.0
25.07427,26.12915,44.86247,2154.98416,-0.08799,50.52575,7.860180850332319,2.9281241805538705,0.0
25.0926,26.15373,44.85651,2150.62593,-0.12368,50.5415,7.83498332832027,2.918737440617677,0.0
25.11089,26.17827,44.84853,2146.29031,-0.16054,50.55724,7.8121959056358525,2.9102485260945556,0.0
25.12913,26.20277,44.83846,2141.97623,-0.19847,50.57299,7.791850849912894,2.9026694575271206,0.0
25.14733,26.22723,44.82625,2137.68256,-0.23738,50.58873,7.773975625507233,2.8960104661105515,0.0
25.16549,26.25165,44.81187,2133.40817,-0.27717,50.60447,7.7585930527704186,2.89028005302624,0.0
25.18361,26.27603,44.79528,2129.15186,-0.31774,50.62021,7.745721451865924,2.885485043017114,0.0
25.20168,26.30037,44.77644,2124.91241,-0.359,50.63595,7.735374770147083,2.8816306318392653,0.0
25.21972,26.32467,44.75533,2120.68857,-0.40083,50.65169,7.727562692264076,2.8787204272797053,0.0
25.23771,26.34894,44.73193,2116.47906,-0.44314,50.66743,7.722290732468124,2.8767564835421027,0.0
25.25566,26.37316,44.70622,2112.28255,-0.48583,50.68316,7.7195603087566464,2.8757393288678053,0.0
25.27356,26.39734,44.67819,2108.09773,-0.52879,50.6989,7.719368798712645,2.8756679863374823,0.0
25.29143,26.42149,44.64785,2103.92321,-0.57193,50.71463,7.721709577118689,2.87653998788332,0.0
25.30925,26.4456,44.61519,2099.75764,-0.61513,50.73036,7.72657203558772,2.878351381602017,0.0
25.32703,26.46966,44.58023,2095.59959,-0.6583,50.7461,7.73394158466893,2.881096732539274,0.0
25.34478,26.49369,44.54297,2091.44766,-0.70133,50.76183,7.743799639058825,2.8847691171805314,0.0
25.36248,26.51768,44.50343,2087.30042,-0.74411,50.77756,7.756123586746051,2.889360111956602,0.0
25.38014,26.54163,44.46165,2083.15641,-0.78655,50.79329,7.770886743093905,2.894859776138199,0.0
25.39775,26.56555,44.41766,2079.01419,-0.82855,50.80901,7.78805829105802,2.9012566295654514,0.0
25.41533,26.58942,44.37148,2074.87229,-0.87,50.82474,7.807603208914276,2.908537625724646,0.0
25.43287,26.61325,44.32316,2070.72924,-0.9108,50.84047,7.829482187061199,2.9166881207549356,0.0
25.45036,26.63705,44.27274,2066.58358,-0.95086,50.85619,7.853651535645861,2.9256918390365563,0.0
25.46782,26.66081,44.22029,2062.43384,-0.99008,50.87191,7.880063084962662,2.9355308360867505,0.0
25.48523,26.68452,44.16585,2058.27856,-1.02835,50.88763,7.908664080718861,2.9461854595434245,0.0
25.5026,26.7082,44.10949,2054.11628,-1.0656,50.90335,7.939397076509381,2.957634309109179,0.0
25.51993,26.73184,44.05127,2049.94555,-1.10172,50.91906,7.972199825949315,2.9698541963678364,0.0
25.53722,26.75544,43.99127,2045.76494,-1.13663,50.93477,8.007005177141396,2.982820105470793,0.0
25.55447,26.779,43.92956,2041.57303,-1.17024,50.95048,8.0437409722924,2.9965051557414837,0.0
25.57168,26.80252,43.86621,2037.36842,-1.20246,50.96618,8.082329955435956,3.0108805672997123,0.0
25.58884,26.826,43.80132,2033.14974,-1.23322,50.98189,8.122689691387906,3.025915630870378,0.0
25.60597,26.84944,43.73497,2028.91564,-1.26243,50.99758,8.164732499123186,3.0415776829646175,0.0
25.62305,26.87284,43.66725,2024.66481,-1.29002,51.01328,8.208365402911609,3.057832087676598,0.0
25.64009,26.8962,43.59826,2020.39597,-1.31592,51.02896,8.253490104550126,3.0746422263393027,0.0
25.65709,26.91952,43.52809,2016.10787,-1.34006,51.04465,8.30000298010875,3.0919694963123017,0.0
25.67405,26.94279,43.45684,2011.79931,-1.36237,51.06033,8.347795104560566,3.109773320157078,0.0
25.69096,26.96603,43.38463,2007.46915,-1.38281,51.076,8.396752307606006,3.1280111664330423,0.0
25.70784,26.98922,43.31154,2003.11628,-1.40131,51.09166,8.446755263933468,3.146638583321985,0.0
25.72467,27.01237,43.2377,1998.73965,-1.41782,51.10732,8.4976796209515,3.165609246211675,0.0
25.74146,27.03548,43.16322,1994.33828,-1.43231,51.12297,8.549396166825503,3.184875020293958,0.0
25.7582,27.05855,43.08819,1989.91123,-1.44472,51.13862,8.601771041411343,3.2043860391430723,0.0
25.7749,27.08157,43.01274,1985.45766,-1.45503,51.15425,8.654665992263046,3.2240908000852504,0.0
25.79156,27.10455,42.93698,1980.97678,-1.46321,51.16988,8.707938677573505,3.243936277052106,0.0
25.80818,27.12749,42.86103,1976.46786,-1.46924,51.1855,8.761443017351757,3.26386805140341,0.0
25.82475,27.15038,42.78499,1971.93028,-1.4731,51.20111,8.815029593692417,3.2838304610379856,0.0
25.84128,27.17323,42.70898,1967.36348,-1.47478,51.21671,8.86854610034938,3.303766767871741,0.0
25.85777,27.19603,42.63313,1962.76698,-1.47428,51.2323,8.921837841196998,3.3236193435275694,0.0
25.87421,27.21879,42.55753,1958.14042,-1.47161,51.24788,8.974748276494225,3.3433298728331247,0.0
25.89061,27.2415,42.4823,1953.48349,-1.46677,51.26345,9.027119615112587,3.362839574441317,0.0
25.90696,27.26417,42.40755,1948.79599,-1.45978,51.279,9.078793450150926,3.382089437613524,0.0
25.92327,27.28679,42.3334,1944.07781,-1.45067,51.29455,9.129611434592007,3.4010204739194703,0.0
25.93953,27.30936,42.25994,1939.32895,-1.43947,51.31008,9.179415992885486,3.4195739823205877,0.0
25.95575,27.33189,42.18728,1934.54948,-1.42622,51.32559,9.228051063581148,3.437691825820447,0.0
25.97192,27.35437,42.11552,1929.73959,-1.41097,51.3411,9.275362867432245,3.4553167176034596,0.0
25.98805,27.3768,42.04476,1924.89956,-1.39376,51.35659,9.321200694668025,3.4723925143146097,0.0
26.00413,27.39919,41.97509,1920.02976,-1.37466,51.37206,9.365417704594275,3.488864513931688,0.0
26.02017,27.42152,41.9066,1915.13067,-1.35373,51.38752,9.40787173005468,3.5046797554483264,0.0
26.03615,27.44381,41.83938,1910.20285,-1.33105,51.40297,9.44842607895576,3.519787317463117,0.0
26.0521,27.46605,41.77351,1905.24697,-1.30669,51.41839,9.486950324621919,3.5341386126076695,0.0
26.06799,27.48823,41.70907,1900.26379,-1.28075,51.43381,9.52332107666405,3.547687674715443,0.0
26.08384,27.51037,41.64611,1895.25415,-1.25332,51.4492,9.557422723859702,3.560391435564164,0.0
26.09965,27.53246,41.58472,1890.21898,-1.22448,51.46458,9.589148140708227,3.572209988086195,0.0
26.1154,27.55449,41.52495,1885.15929,-1.19435,51.47994,9.618399349500491,3.583106833006936,0.0
26.13111,27.57648,41.46686,1880.07617,-1.16304,51.49528,9.645088130101215,3.593049106004787,0.0
26.14677,27.59841,41.41049,1874.9708,-1.13065,51.51061,9.669136570173245,3.6020077826841588,0.0
26.16238,27.62029,41.35588,1869.84441,-1.0973,51.52592,9.69047754920333,3.609957858887817,0.0
26.17795,27.64212,41.30307,1864.6983,-1.06312,51.5412,9.709055150438962,3.6168785041541978,0.0
26.19347,27.6639,41.2521,1859.53382,-1.02822,51.55647,9.724824995767912,3.6227531864688345,0.0
26.20894,27.68562,41.20297,1854.3524,-0.99274,51.57172,9.737754499507265,3.627569766807461,0.0
26.22436,27.7073,41.15572,1849.15549,-0.9568,51.58695,9.747823038135373,3.631320562365626,0.0
26.23973,27.72892,41.11034,1843.9446,-0.92053,51.60216,9.755022034113066,3.6340023777843014,0.0
26.25505,27.75048,41.06684,1838.72125,-0.88406,51.61735,9.7593549530681,3.63561650410101,0.0
26.27033,27.77199,41.02523,1833.48702,-0.84752,51.63252,9.760837214767195,3.636168685584576,0.0
26.28556,27.79345,40.98548,1828.24349,-0.81106,51.64767,9.75949601941995,3.635669055028753,0.0
26.30074,27.81485,40.94758,1822.99226,-0.77479,51.6628,9.755370091963885,3.634132038491684,0.0
26.31587,27.8362,40.91152,1817.73494,-0.73885,51.67791,9.748509348001617,3.6315762308487014,0.0
26.33095,27.8575,40.87725,1812.47313,-0.70337,51.693,9.738974486001485,3.6280242438763333,0.0
26.34599,27.87874,40.84476,1807.20846,-0.66848,51.70807,9.72683651125549,3.6235025289141145,0.0
26.36097,27.89993,40.81399,1801.94251,-0.6343,51.72312,9.712176197768862,3.6180411764042826,0.0
26.37591,27.92106,40.7849,1796.67687,-0.60095,51.73815,9.69508349494259,3.611673694865418,0.0
26.3908,27.94214,40.75744,1791.41309,-0.56855,51.75315,9.675656886331879,3.6044367720130928,0.0
26.40564,27.96316,40.73155,1786.1527,-0.53721,51.76814,9.654002708139686,3.596370020880782,0.0
26.42043,27.98413,40.70717,1780.8972,-0.50706,51.78311,9.630234435297172,3.587515713866049,0.0
26.43517,28.00505,40.68425,1775.64806,-0.47818,51.79805,9.604471943086937,3.5779185076657707,0.0
26.44987,28.02591,40.66269,1770.40668,-0.45068,51.81298,9.576840752148673,3.567625162020879,0.0
26.46451,28.04671,40.64244,1765.17444,-0.42465,51.82789,9.547471264605225,3.556684255153219,0.0
26.47911,28.06746,40.62342,1759.95266,-0.40019,51.84277,9.516497998674833,3.545145898638474,0.0
26.49366,28.08816,40.60554,1754.7426,-0.37738,51.85764,9.48405882882978,3.5330614543452636,0.0
26.50816,28.1088,40.58872,1749.54547,-0.3563,51.87249,9.450294238006759,3.5204832558638373,0.0
26.52262,28.12939,40.57287,1744.36242,-0.33701,51.88732,9.41534658789799,3.507464336670305,0.0
26.53703,28.14992,40.55791,1739.19453,-0.31958,51.90213,9.379359412694527,3.494058167027448,0.0
26.55139,28.1704,40.54374,1734.04283,-0.30407,51.91692,9.342476741063505,3.4803184014033977,0.0
26.5657,28.19083,40.53027,1728.90827,-0.29053,51.93169,9.30484245042624,3.466298637923234,0.0
26.57997,28.2112,40.51741,1723.79174,-0.27901,51.94645,9.2665996569607,3.452052191128865,0.0
26.59419,28.23152,40.50505,1718.69404,-0.26953,51.96118,9.227890144056307,3.437631879063397,0.0
26.60836,28.25178,40.49312,1713.61594,-0.26215,51.9759,9.188853831296022,3.4230898254529865,0.0
26.62249,28.272,40.4815,1708.55809,-0.25686,51.9906,9.149628285380814,3.408477277513342,0.0
26.63657,28.29215,40.47011,1703.52112,-0.25371,52.00529,9.110348273836006,3.393844439693597,0.0
26.6506,28.31226,40.45884,1698.50555,-0.25269,52.01995,9.071145361733642,3.379240323444768,0.0
26.66459,28.33231,40.4476,1693.51185,-0.25381,52.03461,9.03214755118918,3.364712612922807,0.0
26.67853,28.35231,40.4363,1688.54041,-0.25707,52.04924,8.99347896285015,3.350307546334726,0.0
26.69243,28.37226,40.42484,1683.59155,-0.26246,52.06386,8.95525955826761,3.336069812514674,0.0
26.70628,28.39216,40.41314,1678.66554,-0.26996,52.07846,8.917604901579361,3.322042462144656,0.0
26.72009,28.412,40.40109,1673.76255,-0.27956,52.09305,8.880625958705528,3.3082668329496077,0.0
26.73385,28.4318,40.38861,1668.88272,-0.29122,52.10762,8.844428931951203,3.2947824880825283,0.0
26.74757,28.45154,40.37561,1664.02609,-0.30493,52.12218,8.809115127712172,3.2816271668413792,0.0
26.76124,28.47123,40.36201,1659.19265,-0.32063,52.13673,8.774780854859312,3.2688367468146002,0.0
26.77487,28.49087,40.34773,1654.38234,-0.33828,52.15126,8.74151735122439,3.256445216495137,0.0
26.78845,28.51046,40.33268,1649.59503,-0.35784,52.16577,8.709410735570339,3.244484657388103,0.0
26.80199,28.52999,40.3168,1644.83052,-0.37926,52.18028,8.678541982417233,3.2329852346327934,0.0
26.81549,28.54948,40.29999,1640.08855,-0.40247,52.19476,8.648986917063265,3.221975195147869,0.0
26.82895,28.56892,40.28221,1635.36884,-0.42742,52.20924,8.620816228233343,3.211480872343291,0.0
26.84236,28.58831,40.26337,1630.67101,-0.45404,52.2237,8.594095495825005,3.201526696456402,0.0
26.85573,28.60765,40.24342,1625.99466,-0.48225,52.23816,8.56888523132494,3.1921352096081472,0.0
26.86905,28.62694,40.2223,1621.33931,-0.512,52.25259,8.54524092859245,3.183327084721249,0.0
26.88234,28.64618,40.19994,1616.70447,-0.54319,52.26702,8.523213122820408,3.1751211474847114,0.0
26.89558,28.66537,40.1763,1612.08957,-0.57574,52.28144,8.502847455648348,3.167534400610166,0.0
26.90878,28.68451,40.15133,1607.494,-0.60959,52.29584,8.484184744549673,3.1605820496804267,0.0
26.92193,28.70361,40.12498,1602.91712,-0.64463,52.31023,8.467261054779131,3.1542775299518233,0.0
26.93505,28.72265,40.09721,1598.35825,-0.68078,52.32461,8.452107772342272,3.1486325335372363,0.0
26.94812,28.74165,40.068,1593.81666,-0.71794,52.33898,8.438751676606635,3.1436570364556835,0.0
26.96116,28.7606,40.03729,1589.29157,-0.75604,52.35334,8.4272150113811,3.13935932511124,0.0
26.97415,28.7795,40.00508,1584.7822,-0.79496,52.36769,8.417515553437648,3.135746021819206,0.0
26.9871,28.79835,39.97132,1580.28771,-0.83461,52.38203,8.409666677642976,3.1328221090693393,0.0
27.00001,28.81716,39.93601,1575.80724,-0.8749,52.39635,8.40367741803528,3.1305909522785678,0.0
27.01288,28.83591,39.89913,1571.3399,-0.91573,52.41067,8.39955252435975,3.1290543208519495,0.0
27.0257,28.85462,39.86067,1566.88477,-0.95699,52.42497,8.397292513745626,3.1282124074337294,0.0
27.03849,28.87329,39.82062,1562.4409,-0.99859,52.43927,8.396893717365115,3.128063845289025,0.0
27.05124,28.8919,39.77898,1558.00733,-1.04041,52.45355,8.398348322090271,3.1286057238220994,0.0
27.06394,28.91047,39.73575,1553.58307,-1.08237,52.46783,8.401644407312814,3.1298336022927185,0.0
27.07661,28.92899,39.69094,1549.16712,-1.12436,52.48209,8.4067659772371,3.13174152184613,0.0
27.08924,28.94746,39.64456,1544.75846,-1.16628,52.49634,8.41369298913105,3.1343220160372787,0.0
27.10182,28.96589,39.59662,1540.35606,-1.20803,52.51058,8.422401378117018,3.137566120066055,0.0
27.11437,28.98427,39.54715,1535.95887,-1.2495,52.52482,8.432863079261063,3.1414633790061366,0.0
27.12687,29.0026,39.49615,1531.56584,-1.29059,52.53904,8.445046047822482,3.146001855348459,0.0
27.13934,29.02089,39.44367,1527.1759,-1.33122,52.55325,8.458914278649159,3.1511681362265107,0.0
27.15176,29.03912,39.38972,1522.78801,-1.37128,52.56745,8.474427825815592,3.1569473407319997,0.0
27.16415,29.05731,39.33435,1518.40109,-1.41067,52.58164,8.491542823710159,3.163323127770422,0.0
27.1765,29.07546,39.27759,1514.01409,-1.44931,52.59581,8.510211510849599,3.170277704932585,0.0
27.1888,29.09355,39.21949,1509.62594,-1.4871,52.60998,8.530382257798111,3.1777918388951996,0.0
27.20107,29.1116,39.16008,1505.23559,-1.52395,52.62414,8.551999600622699,3.1858448678838793,0.0
27.21329,29.1296,39.09941,1500.84201,-1.55978,52.63828,8.575004281363874,3.194414716749546,0.0
27.22548,29.14756,39.03754,1496.44417,-1.59449,52.65241,8.599333297057575,3.2034779152303794,0.0
27.23763,29.16546,38.97451,1492.04105,-1.62803,52.66653,8.624919958844545,3.2130096199716145,0.0
27.24974,29.18332,38.91039,1487.63165,-1.66029,52.68064,8.651693962689317,3.2229836408702313,0.0
27.2618,29.20113,38.84522,1483.21502,-1.69122,52.69473,8.679581473269991,3.2333724723260966,0.0
27.27383,29.2189,38.77908,1478.79018,-1.72073,52.70881,8.708505222480426,3.2441473299366277,0.0
27.28582,29.23661,38.71203,1474.35624,-1.74877,52.72288,8.738384623986326,3.2552781931719434,0.0
27.29777,29.25428,38.64413,1469.91228,-1.77528,52.73694,8.769135905152092,3.2667338545210947,0.0
27.30967,29.2719,38.57544,1465.45745,-1.80019,52.75098,8.800672257577155,3.278481975570802,0.0
27.32154,29.28947,38.50604,1460.99093,-1.82345,52.76501,8.832904007289441,3.2904891504070037,0.0
27.33337,29.30699,38.436,1456.51193,-1.84502,52.77902,8.865738805557061,3.3027209766972305,0.0
27.34516,29.32447,38.36538,1452.0197,-1.86486,52.79302,8.899081841023579,3.3151421347165715,0.0
27.3569,29.34189,38.29427,1447.51354,-1.88292,52.80701,8.932836073691147,3.327716474512553,0.0
27.36861,29.35927,38.22272,1442.9928,-1.89917,52.82098,8.966902491061804,3.340407111324509,0.0
27.38028,29.37659,38.15083,1438.45686,-1.9136,52.83493,9.001180386438792,3.3531765292581452,0.0
27.3919,29.39387,38.07865,1433.90517,-1.92617,52.84887,9.035567659166936,3.365986693132977,0.0
27.40349,29.41109,38.00626,1429.33722,-1.93687,52.86279,9.069961136273598,3.3787991683020553,0.0
27.41503,29.42827,37.93375,1424.75257,-1.94571,52.87669,9.10425691465527,3.3915752481254655,0.0
27.42654,29.4454,37.86117,1420.15082,-1.95266,52.89058,9.138350722677192,3.40427608867571,0.0
27.438,29.46247,37.7886,1415.53164,-1.95774,52.90445,9.172138299696726,3.4168628501201423,0.0
27.44942,29.4795,37.71612,1410.89476,-1.96097,52.9183,9.205515791736767,3.429296844119728,0.0
27.4608,29.49647,37.64379,1406.23996,-1.96234,52.93214,9.238380161177883,3.4415396864501453,0.0
27.47214,29.51339,37.57168,1401.56709,-1.9619,52.94595,9.270629608092495,3.453553453959854,0.0
27.48344,29.53026,37.49986,1396.87606,-1.95966,52.95975,9.302164000512128,3.465300844855969,0.0
27.4947,29.54708,37.4284,1392.16686,-1.95566,52.97353,9.33288531067366,3.476745341217459,0.0
27.50592,29.56385,37.35735,1387.43951,-1.94995,52.98729,9.362698054078583,3.4878513725562805,0.0
27.51709,29.58057,37.28679,1382.69413,-1.94257,53.00103,9.3915097279466,3.498584479152881,0.0
27.52822,29.59723,37.21676,1377.93088,-1.93359,53.01475,9.419231245547348,3.5089114738561857,0.0
27.53931,29.61384,37.14733,1373.15,-1.92304,53.02844,9.445777362731956,3.5188006009778325,0.0
27.55036,29.6304,37.07854,1368.35177,-1.91102,53.04212,9.471067092949593,3.528221690896751,0.0
27.56137,29.6469,37.01045,1363.53656,-1.89757,53.05578,9.495024106989153,3.537146308973464,0.0
27.57233,29.66335,36.94311,1358.70477,-1.88279,53.06941,9.517577113753875,3.5455478973986443,0.0
27.58325,29.67975,36.87655,1353.85688,-1.86676,53.08302,9.538660218442894,3.5534019086251747,0.0
27.59413,29.6961,36.81081,1348.99342,-1.84955,53.09661,9.558213254674097,3.5606859290926427,0.0
27.60497,29.71239,36.74594,1344.11497,-1.83126,53.11018,9.576182087299657,3.5673797920341053,0.0
27.61577,29.72862,36.68196,1339.22218,-1.81199,53.12373,9.59251888286614,3.573465678229581,0.0
27.62652,29.7448,36.61891,1334.31572,-1.79183,53.13725,9.607182345036898,3.5789282037070995,0.0
27.63723,29.76093,36.55681,1329.39633,-1.77089,53.15075,9.620137912602928,3.583754493506943,0.0
27.6479,29.777,36.49567,1324.46478,-1.74928,53.16423,9.63135791808088,3.5879342407635915,0.0
27.65852,29.79301,36.43552,1319.5219,-1.72709,53.17768,9.640821705353565,3.591459750529896,0.0
27.6691,29.80898,36.37637,1314.56854,-1.70445,53.19111,9.648515705201742,3.5943259679146613,0.0
27.67964,29.82488,36.31822,1309.60558,-1.68146,53.20451,9.654433468070845,3.5965304902891146,0.0
27.69013,29.84073,36.26108,1304.63394,-1.65824,53.21789,9.658575653860154,3.5980735634831005,0.0
27.70059,29.85652,36.20496,1299.65458,-1.63489,53.23125,9.660949978996213,3.5989580620685357,0.0
27.711,29.87226,36.14984,1294.66845,-1.61155,53.24458,9.661571121515534,3.5991894540002263,0.0
27.72136,29.88795,36.09573,1289.67655,-1.58832,53.25789,9.660460585323758,3.598775750048824,0.0
27.73169,29.90357,36.0426,1284.67987,-1.56531,53.27118,9.65764652522631,3.597727438620147,0.0
27.74197,29.91914,35.99044,1279.67944,-1.54265,53.28444,9.65316353470159,3.5960574066951105,0.0
27.7522,29.93465,35.93924,1274.67627,-1.52044,53.29767,9.647052398775333,3.593780847768915,0.0
27.7624,29.95011,35.88897,1269.67139,-1.49879,53.31088,9.639359814635144,3.5909151577726255,0.0
27.77255,29.96551,35.8396,1264.66583,-1.47782,53.32407,9.630138082936229,3.5874798200764144,0.0
27.78266,29.98086,35.79111,1259.66061,-1.45763,53.33723,9.619444772925279,3.583496280739417,0.0
27.79272,29.99614,35.74346,1254.65674,-1.43832,53.35037,9.607342364737784,3.5789878152560504,0.0
27.80274,30.01138,35.69662,1249.65524,-1.42,53.36348,9.59389787226874,3.573979388065444,0.0
27.81272,30.02655,35.65055,1244.65709,-1.40275,53.37657,9.579182450195766,3.568497506157204,0.0
27.82266,30.04167,35.6052,1239.66328,-1.38668,53.38964,9.563270988622863,3.5625700680655474,0.0
27.83255,30.05673,35.56053,1234.67475,-1.37188,53.40268,9.546241698893319,3.5562262095737136,0.0
27.8424,30.07173,35.5165,1229.69244,-1.35842,53.4157,9.528175693997026,3.5494961474046476,0.0
27.85221,30.08668,35.47306,1224.71726,-1.34639,53.42869,9.509156566866467,3.5424110221251626,0.0
27.86198,30.10157,35.43015,1219.75009,-1.33586,53.44166,9.489269969755453,3.5350027414534475,0.0
27.8717,30.11641,35.38773,1214.79178,-1.3269,53.4546,9.468603197652763,3.5273038250696955,0.0
27.88138,30.13119,35.34575,1209.84314,-1.31957,53.46753,9.4472447784989,3.519347251961052,0.0
27.89102,30.14591,35.30413,1204.90498,-1.31393,53.48043,9.425284072746074,3.51116631124718,0.0
27.90061,30.16057,35.26284,1199.97802,-1.31004,53.4933,9.402810884523824,3.5027944573292213,0.0
27.91017,30.17518,35.22181,1195.06298,-1.30794,53.50616,9.379915086413815,3.4942651701085388,0.0
27.91968,30.18974,35.18099,1190.16054,-1.30767,53.51899,9.356686259592465,3.48561182093037,0.0
27.92915,30.20424,35.14031,1185.27132,-1.30926,53.5318,9.333213350763776,3.47686754478228,0.0
27.93858,30.21868,35.09972,1180.39592,-1.31275,53.54459,9.309584347119838,3.4680651192084104,0.0
27.94796,30.23306,35.05916,1175.53487,-1.31815,53.55735,9.28588597022092,3.4592368502717394,0.0
27.95731,30.24739,35.01857,1170.68869,-1.32549,53.5701,9.262203389451889,3.4504144658090734,0.0
27.96661,30.26167,34.9779,1165.85784,-1.33477,53.58282,9.2386199555183,3.4416290161513197,0.0
27.97587,30.27589,34.93708,1161.04273,-1.346,53.59552,9.215216954130439,3.432910782364315,0.0
27.98509,30.29005,34.89606,1156.24373,-1.35917,53.6082,9.19207337989755,3.4242891920184775,0.0
27.99428,30.30416,34.85479,1151.46118,-1.37427,53.62086,9.169265730192167,3.415792742397841,0.0
28.00342,30.31822,34.8132,1146.69535,-1.3913,53.6335,9.146867818625227,3.407448931014635,0.0
28.01251,30.33222,34.77124,1141.94648,-1.41023,53.64613,9.124950607596295,3.399284193229829,0.0
28.02157,30.34616,34.72887,1137.21476,-1.43105,53.65873,9.103582059246074,3.3913238467290263,0.0
28.03059,30.36005,34.68602,1132.50035,-1.4537,53.67131,9.082827004074993,3.3835920425794304,0.0
28.03957,30.37389,34.64266,1127.80334,-1.47818,53.68387,9.062747026330095,3.3761117225334445,0.0
28.04851,30.38767,34.59873,1123.12381,-1.50442,53.69641,9.04340036528109,3.368904582251402,0.0
28.05741,30.4014,34.55418,1118.46176,-1.53239,53.70894,9.024841831379282,3.361991040068562,0.0
28.06627,30.41507,34.50898,1113.81719,-1.56204,53.72144,9.007122736320413,3.3553902109416844,0.0
28.07509,30.42869,34.46308,1109.19002,-1.5933,53.73393,8.990290835998257,3.3491198851977297,0.0
28.08387,30.44226,34.41645,1104.58015,-1.62613,53.7464,8.974390285332257,3.3431965117059774,0.0
28.09261,30.45578,34.36904,1099.98745,-1.66046,53.75885,8.959461603991224,3.3376351851091965,0.0
28.10131,30.46924,34.32082,1095.41172,-1.69621,53.77129,8.945541652029666,3.332449636747538,0.0
28.10997,30.48264,34.27175,1090.85275,-1.73333,53.7837,8.932663614555562,3.3276522289468753,0.0
28.1186,30.496,34.22182,1086.31028,-1.77173,53.7961,8.92085699452099,3.323253952333128,0.0
28.12718,30.5093,34.17099,1081.78403,-1.81134,53.80849,8.910147612859433,3.3192644258834076,0.0
28.13573,30.52255,34.11923,1077.27368,-1.85208,53.82085,8.90055761523778,3.3156918994413176,0.0
28.14424,30.53575,34.06653,1072.77887,-1.89386,53.8332,8.892105484722022,3.31254325843526,0.0
28.15271,30.5489,34.01286,1068.29921,-1.9366,53.84554,8.88480605981004,3.3098240305961184,0.0
28.16115,30.56199,33.95822,1063.8343,-1.98021,53.85785,8.878670557309,3.3075383944796948,0.0
28.16954,30.57503,33.90258,1059.38368,-2.0246,53.87015,8.873706599646523,3.305689189640835,0.0
28.1779,30.58802,33.84594,1054.94689,-2.06969,53.88244,8.869918246261731,3.304277928327423,0.0
28.18622,30.60096,33.78828,1050.52344,-2.11537,53.8947,8.867306028852573,3.303304808610935,0.0
28.1945,30.61385,33.72961,1046.1128,-2.16156,53.90696,8.865866990296372,3.302768728885366,0.0
28.20275,30.62668,33.66991,1041.71446,-2.20816,53.91919,8.865594727147538,3.3026673036987515,0.0
28.21095,30.63947,33.60919,1037.32783,-2.25507,53.93141,8.866479435737945,3.302996880926763,0.0
28.21912,30.6522,33.54746,1032.95237,-2.30221,53.94362,8.868507961913625,3.303752560300939,0.0
28.22726,30.66488,33.48471,1028.58746,-2.34948,53.95581,8.871663854571745,3.304928213352622,0.0
28.23535,30.67751,33.42096,1024.23251,-2.39677,53.96798,8.8759274231876,3.306516504843269,0.0
28.24341,30.69009,33.35622,1019.88691,-2.44401,53.98014,8.881275799596212,3.30850891577973,0.0
28.25144,30.70262,33.29049,1015.55002,-2.4911,53.99228,8.887683004346254,3.310895768132825,0.0
28.25942,30.7151,33.2238,1011.22122,-2.53794,54.0044,8.895120017989885,3.3136662513946824,0.0
28.26737,30.72753,33.15617,1006.89985,-2.58445,54.01651,8.903554857674823,3.3168084511113114,0.0
28.27528,30.7399,33.0876,1002.58529,-2.63053,54.02861,8.912952659509648,3.320309379565831,0.0
28.28316,30.75223,33.01813,998.27688,-2.67611,54.04069,8.923275767086045,3.3241550087553464,0.0
