0.04643,0.04643,50.67704,4903.97063,-0.43342,45.0001,9.240321840217733,3.44226301298114,0.0
0.09281,0.09281,50.62574,4898.89455,-0.36598,45.00023,9.287975738873193,3.4600153440798342,0.0
0.13915,0.13915,50.58319,4893.77787,-0.29789,45.0004,9.32422936303299,3.4735207729696187,0.0
0.18544,0.18544,50.54943,4888.62686,-0.22934,45.00061,9.348900415228485,3.4827113890468917,0.0
0.23168,0.23168,50.52449,4883.44795,-0.16053,45.00085,9.361884400005227,3.4875482650054286,0.0
0.27787,0.27787,50.50837,4878.24764,-0.09168,45.00113,9.363155851498297,3.4880219141404982,0.0
0.32401,0.32402,50.50106,4873.03247,-0.02298,45.00145,9.352768388759458,3.4841523109596877,0.0
0.3701,0.37011,50.50249,4867.809,0.04536,45.0018,9.330853603305652,3.475988476765437,0.0
0.41614,0.41616,50.51259,4862.58372,0.11313,45.00219,9.297618813399112,3.4636076430652993,0.0
0.46213,0.46215,50.53125,4857.36305,0.18014,45.00262,9.253343748156436,3.447114016315325,0.0
0.50807,0.5081,50.55836,4852.15328,0.2462,45.00308,9.198376250436002,3.4266371771325557,0.0
0.55396,0.554,50.59375,4846.96056,0.31111,45.00358,9.133127109844914,3.402330155454161,0.0
0.5998,0.59985,50.63725,4841.79079,0.37471,45.00411,9.058064155236519,3.3743672298373326,0.0
0.6456,0.64565,50.68867,4836.64969,0.43681,45.00468,8.973705749265983,3.3429415040100627,0.0
0.69134,0.6914,50.74779,4831.54269,0.49725,45.00529,8.880613835731024,3.308262316822631,0.0
0.73703,0.73711,50.81438,4826.47495,0.55589,45.00594,8.77938669347551,3.2705525428860414,0.0
0.78267,0.78276,50.88818,4821.4513,0.61257,45.00662,8.670651548787742,3.2300458404960044,0.0
0.82827,0.82837,50.96893,4816.47629,0.66717,45.00734,8.555057191923977,3.186983901093675,0.0
0.87381,0.87393,51.05634,4811.5541,0.71958,45.00809,8.433266733239385,3.141613750733837,0.0
0.91931,0.91945,51.15011,4806.68858,0.76967,45.00889,8.305950620972878,3.0941851490260386,0.0
0.96476,0.96492,51.24994,4801.88322,0.81736,45.00972,8.173780027013441,3.044948125158524,0.0
1.01016,1.01035,51.35549,4797.1412,0.86237,45.01818,8.037434845675415,2.99415595765248,2.999999948825517
1.0555,1.05574,51.46643,4792.46532,0.90481,45.02657,7.897582548641358,2.942057297271898,2.999999948825517
1.1008,1.10109,51.58242,4787.85801,0.94465,45.03486,7.754859347871887,2.8888891497118485,2.999999948825517
1.14604,1.14641,51.70312,4783.32139,0.98181,45.04307,7.609880904266795,2.834880864856522,2.999999948825517
1.19124,1.19168,51.82819,4778.85723,1.01627,45.05118,7.463238516114488,2.780252716876342,2.999999948825517
1.23638,1.23692,51.95728,4774.46698,1.048,45.05921,7.315495979672735,2.7252147347116984,2.999999948825517
1.28148,1.28213,52.09005,4770.1518,1.07697,45.06714,7.167187067811766,2.6699657628011635,2.999999948825517
1.32652,1.3273,52.22614,4765.91257,1.10319,45.07498,7.018813603475284,2.614692743395022,2.999999948825517
1.37153,1.37244,52.36521,4761.74989,1.12665,45.08272,6.87084409524262,2.559570208266277,2.999999948825517
1.41648,1.41754,52.50691,4757.6641,1.14736,45.09037,6.723712894984889,2.5047599649154053,2.999999948825517
1.46139,1.46261,52.65089,4753.65533,1.16533,45.09793,6.577819832200216,2.4504109603506055,2.999999948825517
1.50625,1.50765,52.79682,4749.72346,1.18059,45.1054,6.433530276110669,2.3966593042205404,2.999999948825517
1.55107,1.55266,52.94437,4745.86818,1.19317,45.11278,6.291175574766497,2.3436284323922196,2.999999948825517
1.59585,1.59763,53.09319,4742.08901,1.2031,45.12007,6.151053819996914,2.291429391915293,2.999999948825517
1.64058,1.64258,53.24296,4738.38528,1.21043,45.12728,6.013430887929107,2.2401612286427612,2.999999948825517
1.68528,1.6875,53.39337,4734.75619,1.21519,45.13441,5.87854170667727,2.1899114594784908,2.999999948825517
1.72993,1.73239,53.5441,4731.20079,1.21745,45.14146,5.746591705475982,2.1407566122175314,2.999999948825517
1.77454,1.77725,53.69484,4727.71801,1.21724,45.14843,5.617758402813782,2.092762817167656,2.999999948825517
1.81912,1.82208,53.84529,4724.30669,1.21464,45.15533,5.492193094809564,2.0459864361139934,2.999999948825517
1.86365,1.86689,53.99518,4720.96556,1.20969,45.16216,5.370022608986266,2.0004747156458715,2.999999948825517
1.90815,1.91167,54.1442,4717.69328,1.20246,45.16892,5.251351092633447,1.9562664533689305,2.999999948825517
1.95261,1.95642,54.29209,4714.48843,1.19301,45.17562,5.136261808948276,1.9133926670149015,2.999999948825517
1.99704,2.00115,54.43859,4711.34955,1.18141,45.18226,5.024818918041502,1.8718772579131946,2.999999948825517
2.04143,2.04586,54.58343,4708.27513,1.16773,45.18885,4.917069223588028,1.831737661664188,2.999999948825517
2.08579,2.09054,54.72636,4705.2636,1.15202,45.19538,4.813043869370148,1.7929854801462297,2.999999948825517
2.13011,2.1352,54.86715,4702.31339,1.13436,45.20186,4.712759973151231,1.7556270901765707,2.999999948825517
2.1744,2.17984,55.00556,4699.42288,1.11482,45.2083,4.616222188186265,1.7196642252151269,2.999999948825517
2.21865,2.22446,55.14137,4696.59045,1.09346,45.21469,4.523424185251056,1.6850945274593547,2.999999948825517
2.26288,2.26906,55.27437,4693.81446,1.07035,45.22105,4.43435005034966,1.6519120685270428,2.999999948825517
2.30707,2.31363,55.40435,4691.09328,1.04555,45.22738,4.348975595200854,1.6201078376470042,2.999999948825517
2.35123,2.35819,55.53111,4688.42525,1.01915,45.23367,4.267269579294041,1.589670196907053,2.999999948825517
2.39537,2.40272,55.65446,4685.80874,0.99119,45.23994,4.189194843705249,1.5605853036303003,2.999999948825517
2.43947,2.44724,55.77422,4683.24212,0.96175,45.24618,4.114709358032341,1.5328375003860633,2.999999948825517
2.48354,2.49174,55.89023,4680.72375,0.9309,45.2524,4.043767182724486,1.5064096734829153,2.999999948825517
2.52759,2.53622,56.0023,4678.25202,0.89869,45.25861,3.9763193498593767,1.481283581081373,2.999999948825517
2.5716,2.58069,56.1103,4675.82531,0.8652,45.2648,3.9123146659289425,1.4574401522526979,2.999999948825517
2.61559,2.62513,56.21407,4673.44205,0.83048,45.27098,3.851700440635732,1.4348597584747245,2.999999948825517
2.65955,2.66957,56.31347,4671.10065,0.7946,45.27716,3.7944231459693953,1.4135224591551903,2.999999948825517
2.70349,2.71398,56.40836,4668.79954,0.75761,45.28334,3.7404290099771442,1.3934082228268574,2.999999948825517
2.74739,2.75838,56.49863,4666.53718,0.71958,45.28951,3.6896645497108147,1.3744971256843121,2.999999948825517
2.79127,2.80276,56.58414,4664.31204,0.68057,45.29569,3.6420770478356275,1.3567695291332738,2.999999948825517
2.83513,2.84713,56.6648,4662.12258,0.64063,45.30187,3.597614977272399,1.3402062379809871,2.999999948825517
2.87896,2.89149,56.74049,4659.96731,0.59982,45.30806,3.5562283781407253,1.3247886408574785,2.999999948825517
2.92277,2.93583,56.81112,4657.84473,0.55821,45.31426,3.5178691910937605,1.3104988343915296,2.999999948825517
2.96655,2.98016,56.87659,4655.75336,0.51583,45.32048,3.482491550912965,1.2973197325824481,2.999999948825517
3.0103,3.02447,56.93684,4653.69173,0.47276,45.32672,3.4500520440320286,1.285235162734504,2.999999948825517
3.05404,3.06877,56.99176,4651.65837,0.42904,45.33298,3.420509933401061,1.2742299492247566,2.999999948825517
3.09774,3.11306,57.04131,4649.65185,0.38473,45.33926,3.393827353847778,1.2642899862802377,2.999999948825517
3.14143,3.15733,57.08541,4647.6707,0.33987,45.34557,3.369969480843389,1.2554023008476842,2.999999948825517
3.18509,3.2016,57.124,4645.7135,0.29453,45.35191,3.3489046753059095,1.2475551065365824,2.999999948825517
3.22873,3.24585,57.15703,4643.7788,0.24875,45.35827,3.330604606823398,1.2407378495230665,2.999999948825517
3.27234,3.29009,57.18447,4641.86517,0.20259,45.36468,3.3150443574122876,1.2349412472026258,2.999999948825517
3.31593,3.33431,57.20626,4639.97118,0.15609,45.37112,3.3022025076628716,1.2301573202815657,2.999999948825517
3.3595,3.37853,57.22238,4638.09539,0.1093,45.3776,3.2920612068854758,1.2263794189083033,2.999999948825517
3.40305,3.42274,57.2328,4636.23635,0.06229,45.38412,3.2846062286080753,1.2236022433476876,2.999999948825517
3.44657,3.46693,57.23749,4634.39264,0.01508,45.39069,3.2798270125329596,1.2218218596109638,2.999999948825517
3.49007,3.51112,57.23645,4632.56279,-0.03225,45.39731,3.2777166938288884,1.2210357103678706,2.999999948825517
3.53355,3.55529,57.22967,4630.74533,-0.07967,45.40397,3.278272120382306,1.2212426213731709,2.999999948825517
3.57701,3.59946,57.21713,4628.93881,-0.12713,45.41069,3.2814938584115714,1.2224428035581016,2.999999948825517
3.62045,3.64361,57.19886,4627.14172,-0.17457,45.41746,3.2873861866038214,1.2246378508462001,2.999999948825517
3.66386,3.68776,57.17484,4625.35256,-0.22195,45.42429,3.295957078712001,1.2278307336702408,2.999999948825517
3.70725,3.73189,57.14511,4623.56981,-0.26921,45.43118,3.307218174312501,1.2320257880786847,2.999999948825517
3.75062,3.77602,57.10968,4621.79194,-0.31631,45.43814,3.321184737196491,1.237228700235357,2.999999948825517
3.79397,3.82014,57.06857,4620.01737,-0.3632,45.44516,3.337875600638424,1.2434464860305245,2.999999948825517
3.83729,3.86424,57.02183,4618.24451,-0.40981,45.45225,3.357313098545589,1.2506874654322937,2.999999948825517
3.8806,3.90834,56.96949,4616.47176,-0.45611,45.45941,3.379522981261027,1.258961231120979,2.999999948825517
3.92388,3.95243,56.9116,4614.69746,-0.50205,45.46664,3.40453431455511,1.2682786108608104,2.999999948825517
3.96714,3.99651,56.84821,4612.91995,-0.54756,45.47395,3.4323793601043056,1.2786516229751277,2.999999948825517
4.01037,4.04058,56.77937,4611.13751,-0.59259,45.48133,3.4630934355033602,1.2900934241972364,2.999999948825517
4.05359,4.08464,56.70516,4609.34842,-0.6371,45.4888,3.4967147516307486,1.3026182490847564,2.999999948825517
4.09678,4.12869,56.62564,4607.55088,-0.68102,45.49635,3.5332842249375744,1.316241340092301,2.999999948825517
4.13995,4.17274,56.54089,4605.7431,-0.72431,45.50399,3.572845261995136,1.3309788673097742,2.999999948825517
4.1831,4.21677,56.451,4603.92322,-0.7669,45.51172,3.615443513402369,1.346847836786419,2.999999948825517
4.22622,4.2608,56.35606,4602.08934,-0.80874,45.51955,3.6611265939422375,1.36386598628171,2.999999948825517
4.26932,4.30482,56.25616,4600.23953,-0.84977,45.52747,3.7099437656480214,1.382051667199206,2.999999948825517
4.3124,4.34882,56.15142,4598.37182,-0.88993,45.53548,3.7619455802826183,1.4014237114006831,2.999999948825517
4.35545,4.39282,56.04194,4596.48419,-0.92917,45.5436,3.817183477533048,1.4220012815230165,2.999999948825517
4.39849,4.43681,55.92785,4594.57456,-0.96741,45.55183,3.8757093351324032,1.443803703386768,2.999999948825517
4.44149,4.48079,55.80926,4592.64085,-1.00461,45.56016,3.9375749670055016,1.4668502790422382,2.999999948825517
4.48447,4.52476,55.68633,4590.68088,-1.04069,45.5686,4.002831565523133,1.4911600789944994,2.999999948825517
4.52743,4.56872,55.55918,4588.69247,-1.0756,45.57716,4.071529083966312,1.516751712155079,2.999999948825517
4.57036,4.61267,55.42797,4586.67337,-1.10927,45.58583,4.143715555434603,1.543643072117392,2.999999948825517
4.61327,4.65662,55.29285,4584.6213,-1.14163,45.59463,4.219436344617277,1.5718510584218084,2.999999948825517
4.65615,4.70055,55.15399,4582.53394,-1.17261,45.60355,4.298733329176626,1.6013912715993992,2.999999948825517
4.69901,4.74447,55.01157,4580.40892,-1.20216,45.61259,4.38164400794089,1.6322776809503385,2.999999948825517
4.74184,4.78838,54.86576,4578.24384,-1.2302,45.62177,4.468200533669374,1.6645222642234563,2.999999948825517
4.78464,4.83228,54.71676,4576.03627,-1.25666,45.63108,4.5584286689383715,1.6981346186562765,2.999999948825517
4.82741,4.87617,54.56476,4573.78375,-1.28148,45.64053,4.652346664605078,1.7331215431733138,2.999999948825517
4.87016,4.92005,54.40996,4571.48379,-1.30458,45.65012,4.7499640614675975,1.7694865919728946,2.999999948825517
4.91288,4.96391,54.25259,4569.13387,-1.3259,45.65986,4.851280417080756,1.8072296002325505,2.999999948825517
4.95557,5.00776,54.09286,4566.73147,-1.34536,45.66974,4.95628396128209,1.8463461832570731,2.999999948825517
4.99823,5.05161,53.931,4564.27408,-1.3629,45.67977,5.06495018582849,1.8868272110810522,2.999999948825517
5.04086,5.09544,53.76726,4561.75914,-1.37845,45.68996,5.177240375593459,1.928658261301212,2.999999948825517
5.08346,5.13925,53.60187,4559.18415,-1.39195,45.70031,5.293100091157801,1.9718190538015143,2.999999948825517
5.12602,5.18305,53.43509,4556.54659,-1.40331,45.71082,5.412457615151791,2.016282871974739,2.999999948825517
5.16856,5.22684,53.26719,4553.844,-1.41249,45.72149,5.535222377534124,2.06201597609746,2.999999948825517
5.21106,5.27062,53.09843,4551.07394,-1.4194,45.73234,5.661283377962493,2.1089770156215706,2.999999948825517
5.25353,5.31438,52.92908,4548.23402,-1.42401,45.74335,5.790507626560646,2.157116448318995,2.999999948825517
5.29596,5.35812,52.75944,4545.32192,-1.42623,45.75453,5.922738627594707,2.2063759754112127,2.999999948825517
5.33836,5.40185,52.58978,4542.33541,-1.42603,45.7659,6.057794933826381,2.256688003027796,2.999999948825517
5.38073,5.44556,52.42041,4539.27235,-1.42334,45.77744,6.195468802456251,2.307975141509918,2.999999948825517
5.42306,5.48926,52.25162,4536.1307,-1.41812,45.78916,6.335524986542222,2.3601497551819297,2.999999948825517
5.46535,5.53293,52.08373,4532.90855,-1.41032,45.80106,6.477699698430186,2.413113576202006,2.999999948825517
5.5076,5.57659,51.91703,4529.60415,-1.39991,45.81315,6.621699783933678,2.466757396922336,2.999999948825517
5.54981,5.62023,51.75185,4526.2159,-1.38684,45.82543,6.767202147559031,2.5209608557703755,2.999999948825517
5.59198,5.66385,51.5885,4522.74238,-1.37111,45.83789,6.913853469864798,2.575592331957792,2.999999948825517
5.63411,5.70745,51.4273,4519.18238,-1.35267,45.85054,7.061270257921246,2.6305089642779524,2.999999948825517
5.6762,5.75104,51.26856,4515.5349,-1.33153,45.86338,7.209039268536441,2.68555680876878,2.999999948825517
5.71825,5.79459,51.11261,4511.79918,-1.30768,45.87641,7.356718341413885,2.7405711490858913,2.999999948825517
5.76025,5.83813,50.95977,4507.9747,-1.28111,45.88963,7.503837675502914,2.795376971976704,2.999999948825517
5.80221,5.88164,50.81036,4504.06124,-1.25185,45.90303,7.649901576404937,2.8497896182352376,2.999999948825517
5.84413,5.92513,50.66467,4500.05886,-1.21991,45.91662,7.794390695790001,2.9036156169437097,2.999999948825517
5.88599,5.9686,50.52304,4495.96789,-1.18533,45.93039,7.93676477533228,2.956653707660697,2.999999948825517
5.92781,6.01204,50.38576,4491.78903,-1.14815,45.94434,8.076465897784622,3.008696051531948,2.999999948825517
5.96958,6.05546,50.25312,4487.52326,-1.10842,45.95847,8.212922236615498,3.0595296281288085,2.999999948825517
6.0113,6.09885,50.12543,4483.17192,-1.06621,45.97278,8.345552283312658,3.1089378102300538,2.999999948825517
6.05297,6.14221,50.00295,4478.7367,-1.02159,45.98725,8.473769518392444,3.1567021038957663,2.999999948825517
6.09459,6.18554,49.88596,4474.21963,-0.97465,46.00189,8.596987478657065,3.2026040361539923,2.999999948825517
6.13616,6.22885,49.77471,4469.62308,-0.92549,46.01669,8.714625159698898,3.246427167575747,2.999999948825517
6.17768,6.27212,49.66946,4464.94979,-0.87421,46.03165,8.826112679753706,3.2879592022093616,2.999999948825517
6.21914,6.31537,49.57042,4460.20282,-0.82094,46.04675,8.930897119010027,3.3269941628768676,2.999999948825517
6.26054,6.35858,49.47781,4455.38558,-0.76581,46.06199,9.02844843816057,3.3633345959901284,2.999999948825517
6.3019,6.40177,49.39183,4450.5018,-0.70895,46.07736,9.118265371698907,3.396793766958908,2.999999948825517
6.34319,6.44492,49.31267,4445.55551,-0.65053,46.09286,9.19988118578884,3.4271978051487197,2.999999948825517
6.38443,6.48804,49.24047,4440.55104,-0.59069,46.10848,9.27286918782552,3.4543877563372964,2.999999948825517
6.42561,6.53112,49.17537,4435.49298,-0.5296,46.1242,9.336847875324683,3.478221500811315,2.999999948825517
6.46673,6.57417,49.11751,4430.38616,-0.46745,46.14002,9.391485615803534,3.49857549674516,2.999999948825517
6.50779,6.61719,49.06697,4425.23564,-0.4044,46.15592,9.436504756724137,3.5153463112629715,2.999999948825517
6.5488,6.66018,49.02383,4420.04665,-0.34066,46.17191,9.471685075383766,3.5284519056135766,2.999999948825517
6.58974,6.70313,48.98814,4414.82459,-0.27641,46.18796,9.496866492423786,3.5378326460239427,2.999999948825517
6.63063,6.74604,48.95994,4409.57496,-0.21183,46.20407,9.511950989110353,3.543452017936683,2.999999948825517
6.67145,6.78892,48.93923,4404.30337,-0.14714,46.22022,9.5169036870088,3.545297028217179,2.999999948825517
6.71221,6.83176,48.926,4399.01547,-0.08253,46.23642,9.511753068607815,3.543378287341887,2.999999948825517
6.75292,6.87456,48.92021,4393.71692,-0.01819,46.25264,9.496590337971705,3.5377297712244813,2.999999948825517
6.79356,6.91733,48.92179,4388.41337,0.04569,46.26887,9.471567941059826,3.5284082699959196,2.999999948825517
6.83414,6.96007,48.93067,4383.11042,0.10891,46.28512,9.436897284922448,3.5154925383448807,2.999999948825517
6.87466,7.00276,48.94675,4377.81357,0.17128,46.30136,9.392845713159987,3.499082168796754,2.999999948825517
6.91512,7.04542,48.96989,4372.52822,0.23263,46.31758,9.339732810975592,3.479296215248504,2.999999948825517
6.95551,7.08804,48.99995,4367.25962,0.29277,46.33378,9.277926126448465,3.456271599030406,2.999999948825517
6.99585,7.13063,49.03678,4362.01284,0.35153,46.34996,9.207836404961188,3.430161333604833,2.999999948825517
7.03612,7.17318,49.08018,4356.79275,0.40877,46.36609,9.12991244070559,3.401132606616728,2.999999948825517
7.07634,7.21569,49.12996,4351.60399,0.46432,46.38217,9.04463565294955,3.3693647594102774,2.999999948825517
7.11649,7.25817,49.1859,4346.451,0.51803,46.3982,8.952514495117255,3.335047204264207,2.999999948825517
7.15659,7.30061,49.24777,4341.33792,0.56979,46.41417,8.854078802190855,3.298377318650166,2.999999948825517
7.19662,7.34302,49.31533,4336.26865,0.61946,46.43007,8.7498741765088,3.259558353794887,2.999999948825517
7.2366,7.38539,49.38833,4331.24679,0.66693,46.4459,8.640456504350263,3.21879739196361,2.999999948825517
7.27651,7.42772,49.46649,4326.27568,0.71211,46.46165,8.52638668608187,3.17630338330108,2.999999948825517
7.31637,7.47002,49.54954,4321.35835,0.75489,46.47731,8.408225651558416,3.1322852889371635,2.999999948825517
7.35618,7.51229,49.63719,4316.49755,0.79521,46.49289,8.286529720577887,3.0869503526342617,2.999999948825517
7.39592,7.55452,49.72916,4311.69573,0.83298,46.50837,8.161846355755378,3.0405025186211074,2.999999948825517
7.43561,7.59672,49.82514,4306.95506,0.86816,46.52376,8.034710342809195,2.9931410086488284,2.999999948825517
7.47524,7.63889,49.92483,4302.27744,0.9007,46.53906,7.905640421219018,2.9450590668224637,2.999999948825517
7.51482,7.68102,50.02793,4297.66448,0.93055,46.55425,7.7751363769679145,2.8964428765708643,2.999999948825517
7.55435,7.72313,50.13411,4293.11752,0.95769,46.56935,7.643676598714219,2.847470650256425,2.999999948825517
7.59382,7.7652,50.24309,4288.63767,0.9821,46.58435,7.511716089584215,2.7983118885155394,2.999999948825517
7.63324,7.80724,50.35453,4284.22577,1.00377,46.59925,7.379684918936552,2.7491268035001086,2.999999948825517
7.6726,7.84926,50.46814,4279.88245,1.02271,46.61404,7.247987091868145,2.700065897738748,2.999999948825517
7.71192,7.89124,50.5836,4275.6081,1.03891,46.62874,7.116999809053427,2.6512696884074307,2.999999948825517
7.75118,7.93319,50.70061,4271.40292,1.05239,46.64334,6.987073085651044,2.6028685653622063,2.999999948825517
7.7904,7.97512,50.81885,4267.26691,1.06317,46.65784,6.8585296953094135,2.5549827702797954,2.999999948825517
7.82956,8.01702,50.93804,4263.19989,1.07128,46.67224,6.731665403800453,2.507722483692303,2.999999948825517
7.86868,8.05889,51.05787,4259.20153,1.07676,46.68656,6.606749456241172,2.4611880064900817,2.999999948825517
7.90775,8.10074,51.17806,4255.27131,1.07964,46.70078,6.484025282172178,2.4154700225820225,2.999999948825517
7.94677,8.14256,51.29831,4251.40862,1.07996,46.71491,6.36371138379012,2.3706499297855177,2.999999948825517
7.98575,8.18436,51.41836,4247.61268,1.07778,46.72895,6.246002374233918,2.3268002266153944,2.999999948825517
8.02468,8.22613,51.53791,4243.88262,1.07314,46.74291,6.1310701348504395,2.2839849433958306,2.999999948825517
8.06357,8.26788,51.65671,4240.21746,1.0661,46.75679,6.019065062731111,2.2422601070005688,2.999999948825517
8.10242,8.30961,51.7745,4236.61613,1.05672,46.77059,5.910117382394602,2.2016742294892264,2.999999948825517
8.14122,8.35131,51.89103,4233.07747,1.04506,46.78432,5.804338498165601,2.162268811903974,2.999999948825517
8.17997,8.39299,52.00604,4229.60025,1.03118,46.79798,5.701822366501607,2.1240788554973746,2.999999948825517
8.21869,8.43466,52.1193,4226.18317,1.01515,46.81157,5.60264687022933,2.087133373671596,2.999999948825517
8.25736,8.4763,52.23059,4222.82489,0.99704,46.8251,5.506875179217688,2.05145589886491,2.999999948825517
8.296,8.51792,52.33967,4219.52401,0.97691,46.83857,5.4145570844675746,2.0170649795352307,2.999999948825517
8.33459,8.55952,52.44634,4216.27909,0.95483,46.85198,5.325730294904662,1.9839746632495516,2.999999948825517
8.37315,8.6011,52.55039,4213.08865,0.93087,46.86534,5.240421688242617,1.952194962663409,2.999999948825517
8.41166,8.64266,52.65161,4209.95119,0.90511,46.87866,5.158648509219914,1.9217323018956205,2.999999948825517
8.45014,8.68421,52.74983,4206.86518,0.87761,46.89192,5.0804195101911125,1.8925899414285492,2.999999948825517
8.48858,8.72574,52.84486,4203.82906,0.84845,46.90515,5.005736030575963,1.864768380231293,2.999999948825517
8.52698,8.76725,52.93652,4200.84126,0.8177,46.91835,4.934593012968744,1.838265734287153,2.999999948825517
8.56535,8.80874,53.02466,4197.90021,0.78543,46.93151,4.866979954850929,1.8130780911316395,2.999999948825517
8.60368,8.85022,53.1091,4195.0043,0.7517,46.94464,4.802881795759103,1.789199840345867,2.999999948825517
8.64197,8.89169,53.18972,4192.15193,0.71674,46.95263,4.742274812825096,1.766622144537255,0.0
8.68024,8.93313,53.26638,4189.34146,0.68046,46.96065,4.685132640499279,1.7453351818448473,0.0
8.71847,8.97455,53.33894,4186.5713,0.64294,46.96871,4.631431778502287,1.7253301977962505,0.0
8.75667,9.01596,53.40727,4183.83982,0.60426,46.97682,4.581147032948504,1.7065978070061831,0.0
8.79484,9.05735,53.47127,4181.14542,0.56447,46.98496,4.534252117379556,1.6891282170772615,0.0
8.83298,9.09872,53.53081,4178.48647,0.52366,46.99314,4.490720185931618,1.6729114272188539,0.0
8.87109,9.14008,53.5858,4175.86136,0.48188,47.00136,4.4505243158508625,1.6579374079967786,0.0
8.90917,9.18142,53.63614,4173.26847,0.43922,47.00961,4.413637942131602,1.644196263247451,0.0
8.94722,9.22275,53.68175,4170.70616,0.39572,47.01791,4.380035246992913,1.6316783751681685,0.0
8.98525,9.26406,53.72253,4168.17281,0.35147,47.02625,4.349691506874522,1.6203745335822153,0.0
9.02324,9.30535,53.75843,4165.66678,0.30653,47.03462,4.322583399523462,1.6102760503367142,0.0
9.0612,9.34663,53.78937,4163.18645,0.26097,47.04304,4.298689273587678,1.6013748597333437,0.0
9.09914,9.3879,53.8153,4160.73016,0.21485,47.05149,4.2779893829731455,1.5936636058325295,0.0
9.13705,9.42915,53.83616,4158.29628,0.16823,47.05999,4.260466088035045,1.587135717402448,0.0
9.17492,9.47038,53.85191,4155.88315,0.12119,47.06853,4.246104025460653,1.5817854712048778,0.0
9.21278,9.51161,53.86252,4153.4891,0.07379,47.0771,4.23489024847235,1.577608044224505,0.0
9.2506,9.55282,53.86795,4151.11246,0.0261,47.08571,4.226814338770287,1.5745995553705134,0.0
9.28839,9.59401,53.86819,4148.75154,-0.02183,47.09437,4.22186849136465,1.5727570970788374,0.0
9.32616,9.6352,53.86321,4146.40466,-0.06992,47.10306,4.220047573238179,1.5720787571654868,0.0
9.3639,9.67637,53.85301,4144.07008,-0.11811,47.1118,4.221349156488118,1.5725636311728055,0.0
9.40162,9.71753,53.83758,4141.7461,-0.16634,47.12057,4.225773526402405,1.5742118253780566,0.0
9.4393,9.75867,53.81694,4139.43097,-0.21453,47.12939,4.23332366461706,1.5770244505191076,0.0
9.47696,9.7998,53.79109,4137.12291,-0.26263,47.13824,4.244005207307456,1.5810036062195834,0.0
9.51459,9.84092,53.76005,4134.82015,-0.31058,47.14713,4.257826378075907,1.5861523559877202,0.0
9.55219,9.88203,53.72386,4132.52088,-0.35829,47.15607,4.274797894996961,1.5924746925882982,0.0
9.58977,9.92313,53.68254,4130.22327,-0.40571,47.16504,4.294932851014184,1.599975493487291,0.0
9.62732,9.96421,53.63614,4127.92546,-0.45278,47.17405,4.318246566670042,1.608660465989875,0.0
9.66484,10.00528,53.5847,4125.62559,-0.49942,47.1831,4.344756413938909,1.6185360816135896,0.0
9.70234,10.04634,53.52827,4123.32174,-0.54557,47.1922,4.374481609715314,1.629609499157272,0.0
9.73981,10.08739,53.46693,4121.01198,-0.59116,47.20133,4.4074429773170705,1.6418884758547037,0.0
9.77725,10.12842,53.40074,4118.69433,-0.63612,47.2105,4.443662674210723,1.6553812659451692,0.0
9.81466,10.16944,53.32978,4116.36682,-0.68039,47.2197,4.4831638839931065,1.6700965059284887,0.0
9.85204,10.21045,53.25413,4114.02742,-0.72389,47.22895,4.525970470560589,1.6860430857339543,0.0
9.8894,10.25145,53.17388,4111.67406,-0.76656,47.23824,4.572106592296638,1.703230004995054,0.0
9.92673,10.29243,53.08914,4109.30467,-0.80833,47.24756,4.6215962740624015,1.7216662136046972,0.0
9.96403,10.3334,53.0,4106.91712,-0.84912,47.25692,4.674462934778797,1.7413604357271137,0.0
10.00131,10.37436,52.90659,4104.50927,-0.88886,47.26632,4.730728868420277,1.7623209764543792,0.0
10.03855,10.41531,52.80903,4102.07894,-0.92749,47.27576,4.7904146763741,1.7845555103453,0.0
10.07577,10.45624,52.70743,4099.62393,-0.96493,47.28524,4.853538649293458,1.8080708511494477,0.0
10.11295,10.49716,52.60196,4097.142,-1.0011,47.29475,4.920116096834724,1.8328727021166429,0.0
10.15011,10.53806,52.49273,4094.63088,-1.03594,47.3043,4.990158624043466,1.8589653864317048,0.0
10.18724,10.57895,52.37992,4092.08829,-1.06937,47.31388,5.063673353592069,1.8863515574775074,0.0
10.22434,10.61983,52.26368,4089.51194,-1.10133,47.32351,5.140662093674793,1.9150318888539881,0.0
10.26141,10.66069,52.14417,4086.89948,-1.13172,47.33316,5.22112045204889,1.9450047443351575,0.0
10.29845,10.70154,52.02157,4084.2486,-1.16049,47.34286,5.305036897543959,1.9762658282566363,0.0
10.33546,10.74237,51.89608,4081.55693,-1.18755,47.35259,5.392391771344506,2.0088078171924004,0.0
10.37243,10.78319,51.76787,4078.82213,-1.21285,47.36235,5.48315625148445,2.042619974201731,0.0
10.40938,10.82399,51.63714,4076.04184,-1.23629,47.37215,5.5772912752516834,2.077687747396567,0.0
10.44629,10.86478,51.50411,4073.21373,-1.25782,47.38198,5.6747464256546785,2.113992355121014,0.0
10.48317,10.90554,51.36898,4070.33545,-1.27736,47.39185,5.775458789669231,2.151510360618214,0.0
10.52002,10.94629,51.23197,4067.4047,-1.29484,47.40175,5.879351797724478,2.190213239708354,0.0
10.55684,10.98703,51.09331,4064.41919,-1.3102,47.41168,5.98633405573182,2.2300669456887077,0.0
10.59362,11.02774,50.95325,4061.37669,-1.32337,47.42164,6.096298182910158,2.2710314763929573,0.0
10.63037,11.06844,50.812,4058.275,-1.33429,47.43164,6.209119670713689,2.3130604491117746,0.0
10.66708,11.10912,50.66983,4055.11199,-1.34289,47.44167,6.324655780203861,2.3561006898348604,0.0
10.70376,11.14977,50.52698,4051.88558,-1.34912,47.45172,6.442744497291433,2.4000918440511256,0.0
10.7404,11.19041,50.38372,4048.59381,-1.35293,47.46181,6.563203567228707,2.4449660170716414,0.0
10.77701,11.23103,50.2403,4045.23477,-1.35427,47.47193,6.685829631607939,2.490647452538843,0.0
10.81358,11.27162,50.09699,4041.80669,-1.35308,47.48208,6.81039749269625,2.5370522583719217,0.0
10.85011,11.31219,49.95407,4038.30792,-1.34933,47.49225,6.936659531322348,2.58408818991432,0.0
10.8866,11.35274,49.8118,4034.73691,-1.34299,47.50246,7.064345305402261,2.6316545003739993,0.0
10.92306,11.39327,49.67047,4031.09231,-1.33402,47.51269,7.193161356655367,2.679641868820076,0.0
10.95947,11.43377,49.53035,4027.37289,-1.3224,47.52295,7.322791252904772,2.7279324159408236,0.0
10.99585,11.47424,49.39173,4023.57762,-1.30811,47.53324,7.452895892501001,2.7763998174495126,0.0
11.03218,11.51469,49.25488,4019.70566,-1.29115,47.54355,7.583114095828383,2.824909524436097,0.0
11.06847,11.55512,49.1201,4015.75637,-1.2715,47.55388,7.7130635063439055,2.8733190990279005,0.0
11.10472,11.59551,48.98765,4011.72934,-1.24919,47.56424,7.842341820304847,2.921478672495509,0.0
11.14093,11.63588,48.85781,4007.62439,-1.22422,47.57463,7.970528359988839,2.9692315313186426,0.0
11.17709,11.67622,48.73087,4003.44157,-1.19662,47.58504,8.09718599999515,3.016414834784069,0.0
11.21321,11.71653,48.60709,3999.1812,-1.16642,47.59547,8.221863450118352,3.0628604654161076,0.0
11.24929,11.75681,48.48673,3994.84386,-1.13367,47.60592,8.34409789125256,3.108396010920309,0.0
11.28532,11.79706,48.37006,3990.43042,-1.09841,47.61639,8.46341795316314,3.152845873481777,0.0
11.3213,11.83728,48.25733,3985.942,-1.06072,47.62689,8.579347014722888,3.1960324991899713,0.0
11.35724,11.87746,48.14878,3981.38002,-1.02066,47.63741,8.691406798592217,3.237777717151661,0.0
11.39313,11.91761,48.04464,3976.74619,-0.97832,47.64794,8.799121223694605,3.2779041746393953,0.0
11.42897,11.95773,47.94515,3972.0425,-0.9338,47.6585,8.90202047026309,3.316236851428278,0.0
11.46476,11.99781,47.85051,3967.27124,-0.8872,47.66907,8.999645204216433,3.3526046334872417,0.0
11.5005,12.03785,47.76093,3962.43496,-0.83864,47.67966,9.091550900356996,3.386841923484003,0.0
11.53619,12.07786,47.67658,3957.53649,-0.78823,47.69027,9.17731219769778,3.418790263258984,0.0
11.57183,12.11784,47.59765,3952.57893,-0.73612,47.7009,9.256527215445074,3.4482999416424085,0.0
11.60742,12.15777,47.52429,3947.56562,-0.68245,47.71154,9.3288217550471,3.4752315598279813,0.0
11.64296,12.19767,47.45664,3942.50016,-0.62736,47.7222,9.393853312507545,3.4994575260652536,0.0
11.67844,12.23753,47.39483,3937.38636,-0.57101,47.73288,9.451314825859333,3.520863451692204,0.0
11.71388,12.27734,47.33896,3932.22821,-0.51358,47.74357,9.50093808569943,3.539349421649187,0.0
11.74927,12.31711,47.28875,3927.03072,-0.46233,47.70037,9.542990689673486,3.5550151231001244,-14.999999744127583
11.78465,12.35679,47.24391,3921.79867,-0.41036,47.65688,9.577788832556655,3.567978346918349,-14.999999744127583
11.82002,12.3964,47.2045,3916.536,-0.35782,47.61316,9.605200979029222,3.578190092736362,-14.999999744127583
11.85536,12.43594,47.17054,3911.24674,-0.30488,47.56924,9.625133708526958,3.5856155589359466,-14.999999744127583
11.89069,12.4754,47.14207,3905.935,-0.25168,47.52516,9.637533557687211,3.5902348290078083,-14.999999744127583
11.926,12.51479,47.11907,3900.60495,-0.19839,47.48097,9.642387474279106,3.5920430406525203,-14.999999744127583
11.96129,12.5541,47.10154,3895.2608,-0.14517,47.4367,9.639722812340002,3.5910503839687284,-14.999999744127583
11.99656,12.59333,47.08945,3889.90676,-0.09218,47.3924,9.62960687088596,3.5872819296106586,-14.999999744127583
12.03181,12.63248,47.08275,3884.54706,-0.03958,47.34812,9.612145987776326,3.580777291228837,-14.999999744127583
12.06705,12.67156,47.08138,3879.18588,0.01248,47.30388,9.587484209017505,3.5715901297507235,-14.999999744127583
12.10226,12.71057,47.08526,3873.82734,0.06385,47.25974,9.555801561817331,3.55978751004804,-14.999999744127583
12.13746,12.74949,47.09429,3868.47551,0.11437,47.21573,9.517311966924046,3.545449123228099,-14.999999744127583
12.17264,12.78834,47.10838,3863.13436,0.1639,47.17189,9.472260831788729,3.5286663900234876,-14.999999744127583
12.20779,12.82711,47.1274,3857.80775,0.21231,47.12826,9.420922370964158,3.509541462570135,-14.999999744127583
12.24293,12.86581,47.15122,3852.4994,0.25944,47.08488,9.363596703657963,3.4881861431694934,-14.999999744127583
12.27805,12.90443,47.17969,3847.21293,0.30519,47.04178,9.30060678048691,3.4647207394236506,-14.999999744127583
12.31314,12.94298,47.21264,3841.95175,0.34942,46.999,9.23229519225092,3.439272875419683,-14.999999744127583
12.34822,12.98145,47.24992,3836.71916,0.39202,46.95655,9.15902091306671,3.4119762784612466,-14.999999744127583
12.38327,13.01985,47.29133,3831.51823,0.43289,46.91449,9.081156028419127,3.3829695601816048,-14.999999744127583
12.41831,13.05818,47.3367,3826.35189,0.47192,46.87282,8.99908249592924,3.352395009844516,-14.999999744127583
12.45332,13.09643,47.38581,3821.22285,0.50903,46.83158,8.91318898294306,3.3203974162628214,-14.999999744127583
12.48832,13.13461,47.43847,3816.13365,0.54413,46.79079,8.823867820559697,3.2871229330937917,-14.999999744127583
12.52329,13.17272,47.49447,3811.08659,0.57715,46.75048,8.73151210875988,3.2527180004233336,-14.999999744127583
12.55824,13.21076,47.55357,3806.08381,0.60802,46.71065,8.636513001959425,3.21732833356323,-14.999999744127583
12.59318,13.24873,47.61556,3801.12722,0.63669,46.67133,8.539257198728002,3.1810979879053334,-14.999999744127583
12.62809,13.28662,47.68021,3796.21855,0.6631,46.63253,8.44012465391945,3.1441685066299128,-14.999999744127583
12.66298,13.32446,47.74728,3791.35931,0.68721,46.59426,8.339486525986636,3.1066781560264296,-14.999999744127583
12.69785,13.36222,47.81655,3786.55084,0.70899,46.55653,8.237703367151164,3.0687612512841302,-14.999999744127583
12.7327,13.39992,47.88777,3781.79427,0.72842,46.51936,8.135123559259172,3.0305475738071785,-14.999999744127583
12.76753,13.43755,47.9607,3777.09054,0.74547,46.48274,8.032081993858105,2.9921618795085245,-14.999999744127583
12.80234,13.47512,48.03511,3772.44044,0.76014,46.44669,7.928898991138383,2.9537234960872323,-14.999999744127583
12.83713,13.51262,48.11076,3767.84455,0.77242,46.4112,7.825879449121987,2.9153460060788383,-14.999999744127583
12.87189,13.55006,48.18741,3763.30332,0.78231,46.37627,7.723312211714566,2.8771370114381387,-14.999999744127583
12.90664,13.58744,48.26483,3758.81701,0.78983,46.34191,7.6214696420311485,2.8391979745917855,-14.999999744127583
12.94137,13.62476,48.34278,3754.38574,0.79498,46.30811,7.520607385748351,2.801624130280761,-14.999999744127583
12.97608,13.66202,48.42103,3750.00951,0.79779,46.27486,7.420964308019495,2.764504462059598,-14.999999744127583
13.01077,13.69922,48.49934,3745.68814,0.79829,46.24217,7.322762586845493,2.7279217370794924,-14.999999744127583
13.04544,13.73636,48.57751,3741.42137,0.7965,46.21003,7.226207945398862,2.691952592635108,-14.999999744127583
13.08009,13.77344,48.6553,3737.20879,0.79245,46.17842,7.131490005895831,2.656667667991251,-14.999999744127583
13.11472,13.81047,48.7325,3733.0499,0.7862,46.14733,7.038782747965089,2.6221317751372877,-14.999999744127583
13.14933,13.84744,48.8089,3728.94407,0.77778,46.11677,6.948245055044485,2.588404102334292,-14.999999744127583
13.18392,13.88436,48.88429,3724.8906,0.76724,46.08671,6.860021333151893,2.5555384446234726,-14.999999744127583
13.21849,13.92123,48.95847,3720.88868,0.75463,46.05714,6.7742421873567595,2.523583455829624,-14.999999744127583
13.25304,13.95804,49.03124,3716.93744,0.74,46.02806,6.691025142320721,2.4925829169814677,-14.999999744127583
13.28758,13.9948,49.10242,3713.03592,0.72341,45.99944,6.610475394442098,2.4625760165052606,-14.999999744127583
13.3221,14.03151,49.17182,3709.18309,0.70492,45.97128,6.532686584298484,2.4335976379799877,-14.999999744127583
13.35659,14.06817,49.23926,3705.37785,0.68459,45.94355,6.4577415792885695,2.405678651692035,-14.999999744127583
13.39107,14.10478,49.30458,3701.61905,0.66247,45.91625,6.385713257517388,2.3788462066530642,-14.999999744127583
13.42554,14.14134,49.3676,3697.9055,0.63864,45.88935,6.316665285113213,2.353124020171014,-14.999999744127583
13.45998,14.17785,49.42818,3694.23593,0.61316,45.86285,6.2506528802369665,2.3285326624637066,-14.999999744127583
13.4944,14.21432,49.48615,3690.60904,0.58609,45.83671,6.1877235580515695,2.3050898341795287,-14.999999744127583
13.52881,14.25074,49.54139,3687.02349,0.55751,45.81093,6.127917851840919,2.2828106350332265,-14.999999744127583
13.5632,14.28711,49.59374,3683.4779,0.52748,45.78549,6.07127000634214,2.261707822090412,-14.999999744127583
13.59758,14.32344,49.64308,3679.97085,0.49608,45.76037,6.017808640117339,2.24179205651847,-14.999999744127583
13.63193,14.35973,49.68928,3676.5009,0.46337,45.73555,5.967557374463587,2.223072137872073,-14.999999744127583
13.66627,14.39597,49.73224,3673.06657,0.42943,45.71101,5.920535426989722,2.2055552252161594,-14.999999744127583
13.70059,14.43216,49.77183,3669.66634,0.39433,45.68674,5.876758168496238,2.1892470445783427,-14.999999744127583
13.7349,14.46832,49.80797,3666.29869,0.35814,45.66272,5.836237642247669,2.174152082391539,-14.999999744127583
13.76918,14.50443,49.84055,3662.96207,0.32094,45.63892,5.798983045110111,2.1602737647303543,-14.999999744127583
13.80346,14.5405,49.8695,3659.65488,0.28279,45.61533,5.76500117032962,2.1476146222576835,-14.999999744127583
13.83771,14.57652,49.89472,3656.37554,0.24377,45.59193,5.734296811985745,2.136176440894301,-14.999999744127583
13.87195,14.61251,49.91614,3653.12241,0.20397,45.5687,5.706873131333934,2.1259603982910367,-14.999999744127583
13.90617,14.64846,49.93371,3649.89386,0.16344,45.54562,5.68273198541678,2.1169671862451187,-14.999999744127583
13.94038,14.68436,49.94736,3646.68822,0.12226,45.52267,5.661874218403104,2.109197119231646,-14.999999744127583
13.97457,14.72022,49.95704,3643.50381,0.08052,45.49983,5.644299916189222,2.102650229249254,-14.999999744127583
14.00874,14.75605,49.96271,3640.33894,0.03828,45.47709,5.630008624805575,2.0973263471823387,-14.999999744127583
14.0429,14.79183,49.96432,3637.19189,-0.00439,45.45442,5.618999533196387,2.0932251708912823,-14.999999744127583
14.07704,14.82758,49.96186,3634.06091,-0.0474,45.4318,5.611271620880711,2.0903463202200827,-14.999999744127583
14.11117,14.86329,49.9553,3630.94425,-0.09068,45.40921,5.60682377099354,2.088689379107137,-14.999999744127583
14.14528,14.89895,49.94462,3627.84015,-0.13416,45.38663,5.605654849104076,2.088253924947126,-14.999999744127583
14.17937,14.93458,49.92981,3624.74681,-0.17776,45.36405,5.607763748177541,2.0890395453404653,-14.999999744127583
14.21345,14.97017,49.91088,3621.66241,-0.22141,45.34144,5.613149399938618,2.091045842326493,-14.999999744127583
14.24752,15.00572,49.88783,3618.58514,-0.26503,45.31878,5.621810752816682,2.094272424167482,-14.999999744127583
14.28157,15.04123,49.86067,3615.51314,-0.30854,45.29605,5.633746716593385,2.098718884728412,-14.999999744127583
14.3156,15.0767,49.82943,3612.44455,-0.35188,45.27324,5.648956073770389,2.1043847704591174,-14.999999744127583
14.34962,15.11214,49.79413,3609.37748,-0.39496,45.25031,5.667437357607277,2.1112695349602015,-14.999999744127583
14.38363,15.14753,49.7548,3606.31004,-0.43771,45.22726,5.689188696767768,2.1193724811096626,-14.999999744127583
14.41761,15.18289,49.71149,3603.24031,-0.48005,45.20405,5.714207626404089,2.128692690686849,-14.999999744127583
14.45159,15.21821,49.66425,3600.16634,-0.52191,45.18068,5.742490865541998,2.13922894144253,-14.999999744127583
14.48555,15.25349,49.61313,3597.08619,-0.56322,45.15711,5.774034060622354,2.1509796115613744,-14.999999744127583
14.51949,15.28873,49.5582,3593.99787,-0.60389,45.13334,5.808831495075195,2.163942571470662,-14.999999744127583
14.55342,15.32393,49.49952,3590.89942,-0.64385,45.10932,5.8468757648712035,2.1781150629746575,-14.999999744127583
14.58733,15.35909,49.43717,3587.78882,-0.68303,45.08506,5.888157420121579,2.193493565741144,-14.999999744127583
14.62123,15.39421,49.37124,3584.66407,-0.72134,45.06052,5.932664572894216,2.210073651202619,-14.999999744127583
14.65512,15.42929,49.30181,3581.52313,-0.75873,45.03568,5.980382471662405,2.2278498240272495,-14.999999744127583
14.68899,15.46433,49.22899,3578.36398,-0.7951,45.01053,6.031293042972008,2.2468153513778266,-14.999999744127583
14.72284,15.49932,49.15288,3575.18457,-0.83038,44.98504,6.085374401262688,2.266962080307281,-14.999999744127583
14.75668,15.53428,49.07359,3571.98284,-0.86451,44.95919,6.142600328103185,2.2882802437601213,-14.999999744127583
14.79051,15.5692,48.99124,3568.75676,-0.8974,44.93296,6.202939722485961,2.3107582557927215,-14.999999744127583
14.82431,15.60407,48.90596,3565.50427,-0.92898,44.90633,6.266356024341419,2.3343824968172036,-14.999999744127583
14.85811,15.6389,48.81786,3562.22332,-0.95919,44.87928,6.332806613919838,2.359137089855404,-14.999999744127583
14.89189,15.67369,48.72711,3558.91188,-0.98794,44.85179,6.40224219031133,2.3850036690212026,-14.999999744127583
14.92565,15.70843,48.63383,3555.56791,-1.01518,44.82384,6.474606133015813,2.4119611416885474,-14.999999744127583
14.9594,15.74313,48.53817,3552.1894,-1.04082,44.79541,6.549833851195154,2.4399854460707426,-14.999999744127583
14.99314,15.77778,48.4403,3548.77436,-1.06481,44.76648,6.627852126010485,2.4690493062238086,-14.999999744127583
15.02685,15.81239,48.34038,3545.32084,-1.08707,44.73703,6.708578452256444,2.4991219867879058,-14.999999744127583
15.06056,15.84695,48.23858,3541.82689,-1.10755,44.70704,6.7919203863465585,2.5301690500947345,-14.999999744127583
15.09425,15.88147,48.13506,3538.29062,-1.12618,44.67649,6.877774908589426,2.5621521185986373,-14.999999744127583
15.12792,15.91594,48.03001,3534.71018,-1.14289,44.64537,6.9660278085774365,2.5950286459177216,-14.999999744127583
15.16157,15.95036,47.92361,3531.08379,-1.15764,44.61365,7.056553103347075,2.628751700083268,-14.999999744127583
15.19521,15.98473,47.81606,3527.40969,-1.17037,44.58133,7.149212498827965,2.6632697629153244,-14.999999744127583
15.22884,16.01905,47.70753,3523.68623,-1.18103,44.54839,7.24385490586309,2.6985265497275077,-14.999999744127583
15.26245,16.05332,47.59824,3519.91181,-1.18957,44.51481,7.340316022745702,2.7344608538110156,-14.999999744127583
15.29604,16.08753,47.48837,3516.08492,-1.19595,44.48058,7.438417996798028,2.7710064203637925,-14.999999744127583
15.32961,16.1217,47.37814,3512.20415,-1.20012,44.44568,7.537969177887494,2.8080918546688367,-14.999999744127583
15.36317,16.15581,47.26776,3508.26817,-1.20206,44.41011,7.6387639770272315,2.845640569419166,-14.999999744127583
15.39672,16.18987,47.15742,3504.27579,-1.20173,44.37386,7.740582843160536,2.8835707760694245,-14.999999744127583
15.43024,16.22387,47.04735,3500.22592,-1.19911,44.33691,7.8431923709488025,2.921795524989717,-14.999999744127583
15.46375,16.25782,46.93775,3496.1176,-1.19418,44.29926,7.94634555184893,2.9602227989985503,-14.999999744127583
15.49724,16.29171,46.82883,3491.95002,-1.18692,44.2609,8.049782179818457,2.9987556644986775,-14.999999744127583
15.53072,16.32554,46.72082,3487.7225,-1.17733,44.22183,8.15322942177853,3.0372924839895528,-14.999999744127583
15.56417,16.35931,46.61392,3483.43452,-1.16541,44.18205,8.256402561341607,3.07572719312548,-14.999999744127583
15.59761,16.39302,46.50834,3479.08573,-1.15116,44.14155,8.359005922326636,3.1139496447493076,-14.999999744127583
15.63103,16.42668,46.4043,3474.67594,-1.1346,44.10034,8.460733976236574,3.151846021456948,-14.999999744127583
15.66443,16.46026,46.302,3470.20514,-1.11574,44.05842,8.561272635142352,3.1892993172306734,-14.999999744127583
15.69781,16.49379,46.20165,3465.67352,-1.09461,44.01579,8.660300728424476,3.2261898875642134,-14.999999744127583
15.73118,16.52725,46.10345,3461.08143,-1.07126,43.97247,8.757491658433318,3.2623960662397815,-14.999999744127583
15.76452,16.56065,46.00759,3456.42943,-1.04572,43.92846,8.852515226627903,3.297794845612817,-14.999999744127583
15.79784,16.59399,45.91427,3451.71829,-1.01804,43.88377,8.94503961803734,3.3322626158760857,-14.999999744127583
15.83115,16.62725,45.82367,3446.94895,-0.98828,43.83842,9.03473352807091,3.365675957352398,-14.999999744127583
15.86443,16.66045,45.73597,3442.12256,-0.95652,43.79243,9.121268411997976,3.3979124784850567,-14.999999744127583
15.8977,16.69358,45.65134,3437.24049,-0.92282,43.7458,9.204320833762733,3.428851690833164,-14.999999744127583
15.93094,16.72664,45.56995,3432.30429,-0.88727,43.69857,9.283574887431739,3.458375911124522,-14.999999744127583
15.96416,16.75963,45.49194,3427.3157,-0.84996,43.65074,9.358724661567672,3.486371179299718,-14.999999744127583
15.99737,16.79255,45.41747,3422.27668,-0.81099,43.60236,9.429476714253985,3.512728180523914,-14.999999744127583
16.03055,16.82539,45.34667,3417.18934,-0.77047,43.55344,9.495552524559578,3.53734315842195,-14.999999744127583
16.0637,16.85817,45.27966,3412.056,-0.7285,43.50402,9.55669088492121,3.5601188063037337,-14.999999744127583
16.09684,16.89087,45.21656,3406.87913,-0.68521,43.45412,9.612650198395746,3.580965122951149,-14.999999744127583
16.12995,16.9235,45.15747,3401.66136,-0.64072,43.40377,9.663210644997271,3.599800219635632,-14.999999744127583
16.16304,16.95605,45.10247,3396.40549,-0.59516,43.35301,9.708176182443916,3.6165510654490025,-14.999999744127583
16.19611,16.98853,45.05165,3391.11443,-0.54867,43.30187,9.747376348607771,3.631154158763486,-14.999999744127583
16.22916,17.02093,45.00507,3385.79122,-0.50139,43.2504,9.780667835722479,3.643556113665459,-14.999999744127583
16.26218,17.05326,44.96278,3380.43902,-0.45347,43.19862,9.807935809947528,3.653714151527871,-14.999999744127583
16.29517,17.08551,44.92482,3375.06107,-0.40504,43.14657,9.829094954157847,3.661596489476806,-14.999999744127583
16.32815,17.11768,44.89121,3369.6607,-0.35626,43.0943,9.844090216596992,3.667182619284488,-14.999999744127583
16.36109,17.14977,44.86196,3364.24128,-0.30728,43.04184,9.852897253343379,3.6704634721995992,-14.999999744127583
16.39402,17.18179,44.83708,3358.80625,-0.25825,42.98924,9.855522558066692,3.6714414672849585,-14.999999744127583
16.42692,17.21373,44.81654,3353.35905,-0.20932,42.93652,9.852003278344073,3.67013044299046,-14.999999744127583
16.45979,17.24559,44.80032,3347.90314,-0.16064,42.88374,9.84240672344683,3.666555473790681,-14.999999744127583
16.49264,17.27738,44.78836,3342.44198,-0.11238,42.83093,9.826829574113374,3.6607525758045028,-14.999999744127583
16.52546,17.30908,44.78063,3336.979,-0.06466,42.77814,9.805396809999914,3.6527683072422756,-14.999999744127583
16.55826,17.34071,44.77704,3331.51759,-0.01764,42.72539,9.778260375270087,3.642659271302846,-14.999999744127583
16.59103,17.37226,44.77752,3326.06108,0.02855,42.67273,9.745597606969204,3.63049153070161,-14.999999744127583
16.62378,17.40373,44.78198,3320.61273,0.07375,42.62019,9.707609454274875,3.61633994429452,-14.999999744127583
16.65649,17.43513,44.79031,3315.17572,0.11785,42.56782,9.66451851952856,3.600287437310788,-14.999999744127583
16.68919,17.46645,44.8024,3309.75313,0.16071,42.51564,9.616566953839452,3.582424217409969,-14.999999744127583
16.72185,17.49769,44.81812,3304.34794,0.20221,42.46368,9.564014241204749,3.5628469492084536,-14.999999744127583
16.75449,17.52885,44.83734,3298.96301,0.24224,42.41199,9.507134905478662,3.541657900065091,-14.999999744127583
16.78711,17.55994,44.85991,3293.60105,0.28069,42.36058,9.446216174023695,3.5189640697298246,-14.999999744127583
16.8197,17.59095,44.88569,3288.26466,0.31745,42.30949,9.381555630870393,3.494876316083936,-14.999999744127583
16.85226,17.62189,44.91451,3282.95628,0.35243,42.25875,9.313458890365963,3.4695084885129606,-14.999999744127583
16.88479,17.65275,44.94621,3277.67821,0.38554,42.20836,9.242237320064827,3.44297657962349,-14.999999744127583
16.9173,17.68354,44.98062,3272.43259,0.4167,42.15837,9.168205838911533,3.415397905008387,-14.999999744127583
16.94978,17.71426,45.01755,3267.2214,0.44584,42.10879,9.091680813689324,3.3868903196185207,-14.999999744127583
16.98223,17.7449,45.05683,3262.04648,0.4729,42.05964,9.012978073441108,3.3575714780823347,-14.999999744127583
17.01466,17.77547,45.09826,3256.90949,0.49781,42.01093,8.93241105819379,3.3275581450569565,-14.999999744127583
17.04706,17.80596,45.14165,3251.81192,0.52054,41.96267,8.850289114830245,3.296965560395663,-14.999999744127583
17.07943,17.83639,45.18682,3246.75514,0.54103,41.91489,8.766915949652853,3.2659068626870833,-14.999999744127583
17.11178,17.86675,45.23356,3241.74032,0.55925,41.86759,8.682588243841394,3.2344925734768393,-14.999999744127583
17.1441,17.89703,45.28168,3236.76849,0.57518,41.82078,8.597594435037283,3.2028301433756075,-14.999999744127583
17.1764,17.92725,45.33097,3231.84053,0.5888,41.77446,8.51221366541405,3.1710235601877,-14.999999744127583
17.20867,17.9574,45.38125,3226.95717,0.60009,41.72865,8.426714894098165,3.139173018264469,-14.999999744127583
17.24091,17.98748,45.4323,3222.119,0.60905,41.68333,8.34135616955092,3.107374647447408,-14.999999744127583
17.27313,18.0175,45.48393,3217.32645,0.61569,41.63853,8.25638405564979,3.075720299268364,-14.999999744127583
17.30532,18.04745,45.53595,3212.57984,0.62001,41.59422,8.172033203575257,3.0442973874661097,-14.999999744127583
17.33748,18.07734,45.58816,3207.87934,0.62201,41.55041,8.088526060405734,3.0131887794302883,-14.999999744127583
17.36962,18.10716,45.64036,3203.22499,0.62173,41.50711,8.00607270429271,2.9824727347998192,-14.999999744127583
17.40174,18.13692,45.69237,3198.61675,0.61919,41.46429,7.924870795495557,2.9522228872220726,-14.999999744127583
17.43383,18.16661,45.744,3194.05441,0.61442,41.42196,7.845105632036558,2.9225082650858343,-14.999999744127583
17.46589,18.19624,45.79506,3189.5377,0.60744,41.38011,7.7669502986627705,2.8933933470135154,-14.999999744127583
17.49793,18.22582,45.84538,3185.06621,0.59831,41.33872,7.690565897754544,2.864938147880655,-14.999999744127583
17.52995,18.25533,45.89478,3180.63946,0.58706,41.29779,7.616101851057491,2.8371983312190174,-14.999999744127583
17.56194,18.28478,45.94309,3176.25687,0.57375,41.25731,7.543696261448173,2.8102253439838263,-14.999999744127583
17.5939,18.31417,45.99015,3171.91777,0.55842,41.21726,7.4734763244290665,2.78406656984647,-14.999999744127583
17.62583,18.34353,46.03607,3167.62058,0.548,41.22985,7.405257928118334,2.7586534222866894,0.0
17.65771,18.37285,46.08098,3163.36391,0.53562,41.24245,7.33886212706657,2.7339192394162413,0.0
17.68954,18.40215,46.12473,3159.14718,0.52132,41.25507,7.274410379141858,2.7099092674867356,0.0
17.72133,18.43142,46.16716,3154.96976,0.50516,41.2677,7.2120145464422105,2.6866651780729525,0.0
17.75306,18.46066,46.20813,3150.83093,0.48719,41.28035,7.151777516536051,2.664225299501264,0.0
17.78475,18.48988,46.24749,3146.72992,0.46746,41.29302,7.093793607562139,2.642624767760017,0.0
17.81639,18.51907,46.2851,3142.66587,0.44603,41.3057,7.038148990425242,2.6218956837785306,0.0
17.84798,18.54824,46.32084,3138.63789,0.42297,41.3184,6.984922121777391,2.602067274724005,0.0
17.87952,18.57738,46.35457,3134.64499,0.39835,41.33112,6.9341841820953825,2.5831660571969177,0.0
17.91102,18.6065,46.38618,3130.68618,0.37222,41.34386,6.885999513688881,2.5652160004005675,0.0
17.94248,18.63559,46.41555,3126.76036,0.34466,41.35662,6.840426054031904,2.548238687568453,0.0
17.97388,18.66466,46.44257,3122.86643,0.31573,41.3694,6.797515760327241,2.532253474125689,0.0
18.00525,18.69371,46.46714,3119.00321,0.28551,41.38219,6.757315021710051,2.5172776412456925,0.0
18.03657,18.72273,46.48917,3115.16951,0.25407,41.395,6.7198650559548145,2.5033265436339645,0.0
18.06784,18.75173,46.50855,3111.36406,0.22149,41.40784,6.685202287991,2.490413750535129,0.0
18.09907,18.78071,46.52522,3107.5856,0.18784,41.42069,6.653358707930019,2.478551179107396,0.0
18.13025,18.80966,46.53909,3103.83278,0.15319,41.43356,6.6243622066344505,2.467749219430931,0.0
18.16139,18.8386,46.5501,3100.10427,0.11764,41.44646,6.5982368872251405,2.4580168505524385,0.0
18.19249,18.86751,46.55817,3096.39866,0.08125,41.45937,6.575003351182448,2.4493617470654114,0.0
18.22355,18.8964,46.56325,3092.71454,0.0441,41.4723,6.554678957958342,2.4417903758224617,0.0
18.25456,18.92526,46.56529,3089.05046,0.00627,41.48526,6.537278057252321,2.4353080824642164,0.0
18.28553,18.95411,46.56425,3085.40494,-0.03214,41.49823,6.5228121932838725,2.429919167516181,0.0
18.31645,18.98293,46.56009,3081.77649,-0.07108,41.51123,6.511290280578123,2.42562695187352,0.0
18.34734,19.01173,46.55277,3078.16357,-0.11044,41.52424,6.502718750922382,2.4224338315462384,0.0
18.37818,19.04051,46.54228,3074.56464,-0.15016,41.53728,6.497101671292967,2.4203413215900214,0.0
18.40898,19.06927,46.5286,3070.97811,-0.19014,41.55033,6.494440832638948,2.41935008918052,0.0
18.43973,19.09801,46.51171,3067.40241,-0.23031,41.56341,6.494735809553671,2.4194599758425652,0.0
18.47045,19.12673,46.49161,3063.8359,-0.27057,41.57651,6.497983990919022,2.420670008865953,0.0
18.50112,19.15543,46.4683,3060.27697,-0.31086,41.58963,6.504180581704221,2.4229784019755556,0.0
18.53175,19.1841,46.4418,3056.72395,-0.35109,41.60277,6.513318576201207,2.426382545360789,0.0
18.56234,19.21276,46.41212,3053.17518,-0.39117,41.61593,6.525388703052314,2.430878985196977,0.0
18.59289,19.24139,46.37928,3049.62898,-0.43101,41.62911,6.540379342518832,2.4364633928257176,0.0
18.6234,19.27001,46.3433,3046.08365,-0.47055,41.64231,6.55827641652117,2.4431305237919467,0.0
18.65386,19.2986,46.30424,3042.53748,-0.50969,41.65553,6.5790632521250085,2.450874166988938,0.0
18.68428,19.32718,46.26212,3038.98875,-0.54836,41.66877,6.602720419241875,2.4596870841975,0.0
18.71466,19.35573,46.217,3035.43574,-0.58646,41.68203,6.629225543440456,2.4695609403532606,0.0
18.745,19.38426,46.16894,3031.8767,-0.62393,41.69531,6.658553094962098,2.480486224949394,0.0
18.7753,19.41277,46.11798,3028.3099,-0.66067,41.70861,6.690674155156207,2.4924521650276583,0.0
18.80555,19.44126,46.0642,3024.73359,-0.69661,41.72193,6.7255561618024045,2.5054466303041987,0.0
18.83577,19.46972,46.00768,3021.14603,-0.73167,41.73526,6.763162634948753,2.5194560310370733,0.0
18.86594,19.49817,45.94849,3017.54547,-0.76578,41.74862,6.803452885203848,2.534465209357382,0.0
18.89606,19.5266,45.88672,3013.93017,-0.79884,41.762,6.846381706633338,2.550457324865138,0.0
18.92615,19.555,45.82246,3010.2984,-0.8308,41.77539,6.891899056731478,2.5674137354102546,0.0
18.95619,19.58338,45.75581,3006.64844,-0.86156,41.7888,6.9399497262696395,2.5853138741024253,0.0
18.98619,19.61174,45.68687,3002.97858,-0.89106,41.80223,6.9904730021093995,2.604135123700129,0.0
19.01615,19.64008,45.61575,2999.28712,-0.91923,41.81568,7.043402326486139,2.6238526896848047,0.0
19.04607,19.6684,45.54256,2995.5724,-0.946,41.82914,7.09866495657494,2.6444394734401913,0.0
19.07594,19.69669,45.46742,2991.83276,-0.97129,41.84262,7.1561816285871105,2.6658659471194452,0.0
19.10577,19.72496,45.39045,2988.0666,-0.99505,41.85612,7.215866230974317,2.688100031905082,0.0
19.13555,19.75321,45.31179,2984.27233,-1.0172,41.86963,7.277625491728323,2.711106981519898,0.0
19.16529,19.78143,45.23156,2980.4484,-1.03769,41.88316,7.341358685102898,2.7348492729731686,0.0
19.19498,19.80963,45.14991,2976.59332,-1.05645,41.89671,7.406957363448369,2.759286506661962,0.0
19.22464,19.83781,45.06697,2972.70562,-1.07344,41.91026,7.4743051201311275,2.7843753180524153,0.0
19.25424,19.86596,44.98288,2968.78391,-1.0886,41.92384,7.543277389778432,2.8100693032656716,0.0
19.2838,19.89408,44.89781,2964.82685,-1.10187,41.93742,7.613741292295739,2.836318960970226,0.0
19.31332,19.92219,44.81189,2960.83316,-1.11323,41.95102,7.685555527227354,2.8630716530284936,0.0
19.34279,19.95026,44.72529,2956.80163,-1.12262,41.96464,7.758570325060574,2.890271586356321,0.0
19.37221,19.97831,44.63816,2952.73114,-1.13001,41.97826,7.832627462053573,2.9178598184467606,0.0
19.40158,20.00634,44.55065,2948.62064,-1.13537,41.9919,7.907560344933036,2.9457742889221685,0.0
19.43091,20.03434,44.46293,2944.46917,-1.13866,42.00555,7.983194171582978,2.9739498793950196,0.0
19.46019,20.06231,44.37517,2940.27586,-1.13987,42.01921,8.059346173335213,3.002318503727483,0.0
19.48943,20.09026,44.28751,2936.03995,-1.13899,42.03288,8.135825943959462,3.03080923058889,0.0
19.51861,20.11817,44.20013,2931.76077,-1.13599,42.04656,8.212435859654038,3.059348439913316,0.0
19.54775,20.14606,44.1132,2927.43777,-1.13087,42.06025,8.288971593494939,3.0878600145454063,0.0
19.57684,20.17392,44.02686,2923.07052,-1.12363,42.07395,8.365222726709376,3.116265567955846,0.0
19.60587,20.20175,43.94129,2918.65869,-1.11429,42.08765,8.440973457961201,3.1444847084688443,0.0
19.63486,20.22956,43.85664,2914.20209,-1.10284,42.10137,8.516003410493964,3.1724353399441623,0.0
19.6638,20.25733,43.77307,2909.70067,-1.08932,42.11509,8.590088535494726,3.2000339983039017,0.0
19.69269,20.28507,43.69074,2905.15448,-1.07375,42.12881,8.663002108442814,3.2271962226986313,0.0
19.72152,20.31278,43.6098,2900.56373,-1.05615,42.14255,8.73451581361853,3.253836959515413,0.0
19.75031,20.34046,43.5304,2895.92876,-1.03657,42.15629,8.804400910123027,3.279870996750893,0.0
19.77904,20.36811,43.45268,2891.25004,-1.01506,42.17003,8.872429471132673,3.3052134256661514,0.0
19.80772,20.39573,43.37679,2886.52818,-0.99166,42.18378,8.938375686337746,3.329780125979393,0.0
19.83635,20.42331,43.30285,2881.76396,-0.96645,42.19753,9.002017215899905,3.353488270250717,0.0
19.86492,20.45086,43.23101,2876.95825,-0.93947,42.21129,9.063136582728637,3.3762568425417463,0.0
19.89344,20.47838,43.16138,2872.11209,-0.91082,42.22505,9.12152258847725,3.398007165911373,0.0
19.92191,20.50586,43.09408,2867.22665,-0.88056,42.23881,9.176971737516283,3.41866343288333,0.0
19.95032,20.53331,43.02922,2862.30323,-0.84879,42.25258,9.229289652155334,3.438153232653558,0.0
19.97868,20.56072,42.96691,2857.34326,-0.81559,42.26635,9.278292461768203,3.4564080685758705,0.0
20.00698,20.5881,42.90724,2852.34828,-0.78106,42.28011,9.323808148102225,3.473363859325077,0.0
20.03523,20.61545,42.85029,2847.31997,-0.74531,42.29388,9.365677829019505,3.488961417124371,0.0
20.06342,20.64276,42.79615,2842.26011,-0.70845,42.30765,9.40375696331011,3.5031468965699446,0.0
20.09156,20.67003,42.74489,2837.17059,-0.67058,42.32142,9.437916459847523,3.515872207820578,0.0
20.11964,20.69726,42.69656,2832.05338,-0.63182,42.33519,9.46804367545556,3.5270953883293217,0.0
20.14766,20.72446,42.65121,2826.91055,-0.5923,42.34896,9.494043287218721,3.5367809278020568,0.0
20.17563,20.75162,42.6089,2821.74427,-0.55214,42.36273,9.515838026672442,3.544900041702675,0.0
20.20354,20.77875,42.56965,2816.55674,-0.51146,42.3765,9.533369265347417,3.551430889383754,0.0
20.23139,20.80583,42.53348,2811.35024,-0.4704,42.39026,9.546597443291741,3.5563587337223237,0.0
20.25918,20.83288,42.50041,2806.12711,-0.42908,42.40403,9.555502334658085,3.559676040058081,0.0
20.28692,20.85989,42.47043,2800.88972,-0.38763,42.41779,9.560083146988331,3.561382513179524,0.0
20.3146,20.88686,42.44355,2795.64045,-0.34619,42.43156,9.560358453409778,3.5614850720652593,0.0
20.34222,20.9138,42.41975,2790.38172,-0.30489,42.44532,9.556365959576778,3.5599977630636332,0.0
20.36978,20.94069,42.399,2785.11597,-0.26386,42.45908,9.548162109768088,3.5569416131536156,0.0
20.39729,20.96755,42.38126,2779.84559,-0.22322,42.47283,9.535821538960038,3.5523444258276573,0.0
20.42474,20.99437,42.36649,2774.573,-0.18312,42.48659,9.51943637995055,3.5462405229771425,0.0
20.45213,21.02114,42.35464,2769.30058,-0.14366,42.50034,9.499115436676371,3.5386704369313153,0.0
20.47946,21.04788,42.34564,2764.03067,-0.10497,42.51409,9.474983236572076,3.5296805574360657,0.0
20.50673,21.07458,42.33942,2758.76557,-0.06718,42.52784,9.447178976330646,3.5193227389220176,0.0
20.53395,21.10124,42.33591,2753.50753,-0.03039,42.54158,9.415855376543458,3.5076538738277776,0.0
20.56111,21.12786,42.33501,2748.25876,0.00528,42.55533,9.381177461483857,3.494735438037217,0.0
20.58821,21.15445,42.33663,2743.02136,0.03973,42.56907,9.343321280765112,3.4806330146634226,0.0
20.61525,21.18099,42.34068,2737.79738,0.07285,42.58281,9.30247258973028,3.4654158024592,0.0
20.64223,21.20749,42.34704,2732.5888,0.10456,42.59655,9.258825505233053,3.4491561150600747,0.0
20.66916,21.23396,42.3556,2727.39748,0.13475,42.61029,9.212581152952227,3.4319288770733283,0.0
20.69603,21.26039,42.36624,2722.22523,0.16336,42.62403,9.163946321646412,3.413811122752485,0.0
20.72285,21.28677,42.37884,2717.07372,0.1903,42.63777,9.11313213873765,3.394881502617352,0.0
20.7496,21.31312,42.39327,2711.94455,0.21549,42.65151,9.060352780468982,3.3752198029537803,0.0
20.7763,21.33944,42.4094,2706.83921,0.23888,42.66524,9.005824228452763,3.3549064825951866,0.0
20.80295,21.36571,42.42708,2701.75908,0.26041,42.67898,8.949763083072735,3.3340222308836163,0.0
20.82954,21.39195,42.44619,2696.70543,0.28003,42.69272,8.892385442597428,3.312647550109983,0.0
20.85607,21.41814,42.46658,2691.67944,0.29768,42.70645,8.833905855329334,3.2908623651620728,0.0
20.88255,21.4443,42.4881,2686.68215,0.31334,42.72019,8.774536350566716,3.268745662532313,0.0
20.90897,21.47043,42.51061,2681.71453,0.32697,42.73393,8.714485552595887,3.2463751602565925,0.0
20.93534,21.49651,42.53396,2676.77741,0.33855,42.74767,8.653957880487113,3.2238270098171724,0.0
20.96165,21.52256,42.55801,2671.87152,0.34805,42.76142,8.593152835093539,3.2011755305310343,0.0
20.98791,21.54858,42.5826,2666.99749,0.35547,42.77516,8.532264373341322,3.1784929764564858,0.0
21.01412,21.57455,42.60759,2662.15585,0.3608,42.78891,8.47148036879754,3.155849335440514,0.0
21.04027,21.60049,42.63284,2657.34703,0.36404,42.80266,8.410982156412247,3.133312159523223,0.0
21.06637,21.6264,42.6582,2652.57132,0.36519,42.81642,8.350944158475222,3.1109464255968824,0.0
21.09241,21.65227,42.68351,2647.82898,0.36426,42.83017,8.291533588058336,3.0888144249304057,0.0
21.11841,21.6781,42.70865,2643.12011,0.36129,42.84394,8.232910225582824,3.066975679934778,0.0
21.14435,21.7039,42.73347,2638.44476,0.35627,42.8577,8.175226263663976,3.0454868863636246,0.0
21.17024,21.72967,42.75782,2633.80288,0.34925,42.87147,8.118626214985305,3.024401878993911,0.0
21.19608,21.7554,42.78159,2629.19432,0.34025,42.88525,8.063246877763286,3.003771618760651,0.0
21.22187,21.7811,42.80462,2624.61887,0.32931,42.89903,8.009217353127076,2.983644199231311,0.0
21.24761,21.80676,42.8268,2620.07622,0.31647,42.91282,7.956659108733638,2.9640648703041177,0.0
21.27329,21.8324,42.84799,2615.56599,0.30177,42.92661,7.905686082957295,2.9450760770214033,0.0
21.29893,21.85799,42.86809,2611.08774,0.28527,42.94041,7.856404824082613,2.926717511422625,0.0
21.32452,21.88356,42.88696,2606.64094,0.26702,42.95422,7.808914659070647,2.9090261754142235,0.0
21.35006,21.90909,42.90449,2602.225,0.24706,42.96803,7.763307886719204,2.8920364527269107,0.0
21.37555,21.93459,42.92058,2597.83927,0.22547,42.98185,7.719669990236254,2.8757801881048533,0.0
21.40099,21.96006,42.93513,2593.48304,0.20231,42.99568,7.678079864559817,2.8602867719883145,0.0
21.42638,21.9855,42.94802,2589.15552,0.17763,43.00951,7.638610054042149,2.845583229057266,0.0
21.45173,22.01091,42.95918,2584.8559,0.1515,43.02335,7.6013269964269,2.8316943091193005,0.0
21.47703,22.03628,42.9685,2580.58328,0.12401,43.03721,7.566291269377713,2.818642578948019,0.0
21.50228,22.06163,42.9759,2576.33675,0.09521,43.05107,7.533557836123738,2.80644851379245,0.0
21.52748,22.08694,42.98132,2572.11531,0.06519,43.06493,7.503176287143702,2.795130587410723,0.0
21.55263,22.11222,42.98466,2567.91795,0.03401,43.07881,7.475191075072268,2.784705359578868,0.0
21.57774,22.13748,42.98587,2563.74358,0.00177,43.0927,7.4496417403534965,2.7751875601526708,0.0
21.60281,22.1627,42.98488,2559.59112,-0.03147,43.10659,7.426563125454875,2.7665901688680306,0.0
21.62782,22.18789,42.98163,2555.4594,-0.06562,43.1205,7.405985575717035,2.7589244901627654,0.0
21.65279,22.21305,42.97608,2551.34724,-0.1006,43.13441,7.3879351251809435,2.7522002224021347,0.0
21.67772,22.23819,42.96818,2547.25343,-0.13632,43.14834,7.3724336660081145,2.746425520992318,0.0
21.7026,22.26329,42.95789,2543.1767,-0.1727,43.16227,7.35949910031309,2.7416070549420155,0.0
21.72743,22.28837,42.94517,2539.11579,-0.20966,43.17621,7.349145473463441,2.737750056520203,0.0
21.75222,22.31341,42.93001,2535.06938,-0.2471,43.19017,7.341383088114306,2.7348583637369996,0.0
21.77696,22.33843,42.91237,2531.03613,-0.28494,43.20413,7.336218598437141,2.7329344554463546,0.0
21.80166,22.36342,42.89224,2527.01468,-0.3231,43.2181,7.3336550841874,2.731979478938207,0.0
21.82631,22.38838,42.86961,2523.00364,-0.36148,43.23208,7.3336921044315675,2.7319932699532203,0.0
21.85092,22.41331,42.84449,2519.00162,-0.39999,43.24608,7.336325730944156,2.732974365124044,0.0
21.87549,22.43821,42.81686,2515.00717,-0.43855,43.26008,7.34154856142251,2.7349200068981707,0.0
21.90001,22.46308,42.78674,2511.01887,-0.47707,43.27409,7.349349712861655,2.7378261410699003,0.0
21.92448,22.48792,42.75414,2507.03525,-0.51547,43.28811,7.359714795566608,2.7416874070992345,0.0
21.94891,22.51274,42.71908,2503.05483,-0.55364,43.30215,7.37262586845484,2.7464971214608744,0.0
21.9733,22.53752,42.68159,2499.07615,-0.59151,43.31619,7.3880613764798815,2.75224725433286,0.0
21.99764,22.56228,42.6417,2495.0977,-0.62898,43.33024,7.405996071128477,2.7589283999796796,0.0
22.02194,22.58701,42.59944,2491.11798,-0.66597,43.3443,7.42640091517596,2.7665297412711256,0.0
22.04619,22.61171,42.55485,2487.13549,-0.7024,43.35837,7.449242972995925,2.7750390088197747,0.0
22.0704,22.63638,42.50798,2483.14873,-0.73818,43.37245,7.474485287961429,2.7844424353097046,0.0
22.09456,22.66102,42.45889,2479.1562,-0.77321,43.38653,7.502086748601537,2.794724705636282,0.0
22.11868,22.68563,42.40764,2475.15637,-0.80743,43.40063,7.532001945435809,2.805868903573249,0.0
22.14275,22.71022,42.35428,2471.14777,-0.84075,43.41473,7.564181020529536,2.8178564557280845,0.0
22.16678,22.73477,42.29888,2467.1289,-0.87309,43.42885,7.5985695120738255,2.8306670736440007,0.0
22.19077,22.75929,42.24152,2463.09828,-0.90436,43.44297,7.635108196464652,2.8442786949702303,0.0
22.21471,22.78379,42.18228,2459.05446,-0.9345,43.4571,7.673732930575715,2.858667424704519,0.0
22.2386,22.80826,42.12123,2454.99598,-0.96342,43.47123,7.714374497071828,2.8738074775682936,0.0
22.26245,22.83269,42.05847,2450.92143,-0.99106,43.48537,7.756958455880644,2.8896711226759666,0.0
22.28626,22.8571,41.99409,2446.8294,-1.01735,43.49952,7.801405005028063,2.906228631692472,0.0
22.31002,22.88147,41.92817,2442.71853,-1.04221,43.51368,7.847628854293268,2.9234482317664314,0.0
22.33373,22.90582,41.86083,2438.58748,-1.06558,43.52784,7.895539115222597,2.9412960645574397,0.0
22.3574,22.93013,41.79216,2434.43495,-1.08741,43.54201,7.945039211195659,2.959736152733316,0.0
22.38102,22.95441,41.72227,2430.25968,-1.10762,43.55618,7.996026811335448,2.9787303753498886,0.0
22.4046,22.97866,41.65126,2426.06046,-1.12618,43.57036,8.048393792057839,2.9982384535271667,0.0
22.42813,23.00288,41.57926,2421.83611,-1.14301,43.58454,8.102026230152019,3.0182179478716233,0.0
22.45161,23.02707,41.50637,2417.58551,-1.15808,43.59872,8.156804431154134,3.0386242690461236,0.0
22.47505,23.05123,41.43271,2413.30762,-1.17135,43.61291,8.212602996744465,3.0594107028771416,0.0
22.49844,23.07535,41.35841,2409.00144,-1.18276,43.62711,8.269290934741994,3.080528451330638,0.0
22.52178,23.09944,41.28357,2404.66603,-1.1923,43.6413,8.326731814994396,3.1019266905851763,0.0
22.54508,23.1235,41.20834,2400.30052,-1.19993,43.6555,8.38478397425521,3.1235526473540682,0.0
22.56832,23.14752,41.13282,2395.90414,-1.20561,43.6697,8.443300772703303,3.145351694445614,0.0
22.59152,23.17151,41.05715,2391.47617,-1.20934,43.6839,8.50213090436247,3.1672674664025777,0.0
22.61467,23.19547,40.98144,2387.01597,-1.2111,43.6981,8.561118763136653,3.1892419958599336,0.0
22.63778,23.21939,40.90583,2382.52301,-1.21088,43.7123,8.620104865612866,3.2112158710500873,0.0
22.66083,23.24328,40.83044,2377.99683,-1.20867,43.72651,8.678926331084428,3.233128414624146,0.0
22.68383,23.26713,40.75539,2373.43705,-1.20449,43.74071,8.737417418551154,3.254917883698636,0.0
22.70679,23.29095,40.68081,2368.84342,-1.19832,43.75491,8.795410119645055,3.276521690735913,0.0
22.72969,23.31473,40.60681,2364.21576,-1.1902,43.76911,8.852734805589861,3.297876644553617,0.0
22.75255,23.33847,40.53352,2359.55398,-1.18014,43.7833,8.909220925426943,3.3189192104321905,0.0
22.77535,23.36218,40.46106,2354.85813,-1.16817,43.7975,8.964697751875143,3.3395857879672985,0.0
22.79811,23.38585,40.38953,2350.12833,-1.15432,43.81169,9.01899517020784,3.359813004947287,0.0
22.82081,23.40949,40.31906,2345.36482,-1.13863,43.82588,9.071944504734933,3.379538025239467,0.0
22.84346,23.43308,40.24975,2340.56792,-1.12115,43.84006,9.12337937652266,3.398698868313322,0.0
22.86606,23.45664,40.18171,2335.7381,-1.10192,43.85424,9.17313658524851,3.4172347377546557,0.0
22.88861,23.48016,40.11503,2330.87588,-1.08101,43.86842,9.221057007278185,3.435086355822897,0.0
22.91111,23.50364,40.04982,2325.98193,-1.05848,43.88259,9.26698650145347,3.452196300880914,0.0
22.93355,23.52708,39.98616,2321.057,-1.0344,43.89675,9.310776813520448,3.468509344318317,0.0
22.95594,23.55049,39.92414,2316.10193,-1.00884,43.91091,9.352286469709933,3.4839727834336864,0.0
22.97828,23.57385,39.86385,2311.11767,-0.9819,43.92506,9.391381649744172,3.4985367666525358,0.0
23.00057,23.59717,39.80535,2306.10526,-0.95364,43.93921,9.427937029397112,3.512154607403181,0.0
23.0228,23.62045,39.74872,2301.06584,-0.92417,43.95334,9.461836582843848,3.524783083013024,0.0
23.04498,23.64369,39.69403,2296.00062,-0.89358,43.96747,9.492974335238982,3.536382715063784,0.0
23.0671,23.66689,39.64132,2290.91091,-0.86197,43.98159,9.521255056366696,3.5469180277944137,0.0
23.08917,23.69005,39.59065,2285.79807,-0.82945,43.99571,9.546594886822726,3.556357781370351,0.0
23.11119,23.71317,39.54207,2280.66354,-0.79611,44.00981,9.568921888890292,3.5646751770992995,0.0
23.13315,23.73624,39.4956,2275.50885,-0.76209,44.02391,9.58817651521289,3.5718480320241763,0.0
23.15506,23.75927,39.45128,2270.33556,-0.72748,44.03799,9.604311989353615,3.5778589206914724,0.0
23.17691,23.78226,39.40913,2265.14528,-0.6924,44.05207,9.617294593524262,3.5826952823379123,0.0
23.19871,23.80521,39.36916,2259.93968,-0.65697,44.06614,9.627103860000219,3.5863494921975403,0.0
23.22045,23.82811,39.33139,2254.72046,-0.62131,44.0802,9.633732664006185,3.588818896104094,0.0
23.24213,23.85097,39.29581,2249.48936,-0.58555,44.09425,9.63718721726367,3.590105808087273,0.0
23.26377,23.87379,39.26242,2244.24812,-0.54979,44.10828,9.637486962719535,3.5902174711563606,0.0
23.28534,23.89656,39.23121,2238.99853,-0.51416,44.12231,9.634664372313907,3.589165981963441,0.0
23.30686,23.91929,39.20214,2233.74237,-0.47878,44.13633,9.628764650942893,3.5869681805217266,0.0
23.32833,23.94197,39.1752,2228.4814,-0.44376,44.15034,9.619845350978158,3.5836455066039563,0.0
23.34974,23.96462,39.15035,2223.21742,-0.40923,44.16433,9.607975902861021,3.5792238248763466,0.0
23.37109,23.98721,39.12755,2217.95218,-0.3753,44.17832,9.59323706823282,3.573733221175264,0.0
23.39239,24.00977,39.10675,2212.68742,-0.34207,44.1923,9.57572032297777,3.567207772674451,0.0
23.41363,24.03228,39.0879,2207.42488,-0.30967,44.20626,9.5555271782435,3.559685294947321,0.0
23.43482,24.05474,39.07094,2202.16622,-0.27818,44.22022,9.532768448063413,3.5512070691370097,0.0
23.45595,24.07716,39.0558,2196.9131,-0.24772,44.23416,9.507563472589863,3.5418175525902944,0.0
23.47703,24.09954,39.04242,2191.66713,-0.21838,44.2481,9.480039306175968,3.5315640763967133,0.0
23.49805,24.12187,39.03071,2186.42985,-0.19026,44.26202,9.450329879606588,3.5204965332975613,0.0
23.51902,24.14416,39.02061,2181.20278,-0.16344,44.27594,9.41857514567187,3.5086670593895435,0.0
23.53993,24.1664,39.01202,2175.98735,-0.13801,44.28985,9.384920217055042,3.4961297129653093,0.0
23.56078,24.1886,39.00485,2170.78495,-0.11404,44.30374,9.349514505114945,3.482940153687276,0.0
23.58159,24.21076,38.99902,2165.5969,-0.09161,44.31763,9.312510867675362,3.469155325116733,0.0
23.60233,24.23287,38.99443,2160.42444,-0.07078,44.33151,9.27406477334196,3.454833143399918,0.0
23.62303,24.25494,38.99098,2155.26874,-0.05162,44.34538,9.234333489176237,3.440032194655184,0.0
23.64366,24.27696,38.98857,2150.13093,-0.03418,44.35924,9.193475297872034,3.4248114433506536,0.0
23.66425,24.29894,38.9871,2145.01201,-0.01851,44.37309,9.151648749747325,3.4092299536514847,0.0
23.68478,24.32088,38.98646,2139.91296,-0.00465,44.38693,9.109011954121781,3.3933466254393596,0.0
23.70526,24.34277,38.98654,2134.83463,0.00736,44.40077,9.0657219137942,3.3772199463878234,0.0
23.72568,24.36462,38.98725,2129.77782,0.01748,44.41459,9.0219339055483,3.360907761184389,0.0
23.74605,24.38643,38.98846,2124.74326,0.0257,44.42841,8.977800908844062,3.34446705870303,0.0
23.76637,24.4082,38.99007,2119.73158,0.032,44.44223,8.933473084063607,3.3279537776370463,0.0
23.78663,24.42992,38.99197,2114.74333,0.03636,44.45603,8.889097301026771,3.311422630858702,0.0
23.80685,24.4516,38.99406,2109.779,0.03877,44.46983,8.844816717769445,3.2949269485030825,0.0
23.82701,24.47324,38.99622,2104.83899,0.03923,44.48363,8.80077040903824,3.278518539572577,0.0
23.84712,24.49484,38.99835,2099.92363,0.03776,44.49741,8.757093043380637,3.2622475716444637,0.0
23.86717,24.51639,39.00034,2095.03315,0.03435,44.5112,8.713914607227203,3.2461624680842807,0.0
23.88718,24.5379,39.00208,2090.16775,0.02902,44.52497,8.671360174016419,3.2303098220387385,0.0
23.90713,24.55937,39.00348,2085.32752,0.02179,44.53875,8.62954971597925,3.2147343263205346,0.0
23.92704,24.5808,39.00443,2080.51249,0.0127,44.55251,8.588597955997507,3.199478718221681,0.0
23.94689,24.60219,39.00483,2075.72262,0.00176,44.56628,8.54861425671666,3.1845837382051214,0.0
23.96669,24.62354,39.00459,2070.95781,-0.01099,44.58003,8.509702543877912,3.1700881013439046,0.0
23.98644,24.64485,39.00361,2066.21788,-0.0255,44.59379,8.471961260835313,3.156028480377615,0.0
24.00615,24.66612,39.0018,2061.5026,-0.04174,44.60754,8.435483351055666,3.1424394991931255,0.0
24.0258,24.68735,38.99907,2056.81167,-0.05965,44.62129,8.40035626548556,3.1293537355690146,0.0
24.0454,24.70854,38.99534,2052.14472,-0.07919,44.63503,8.36666199161064,3.1168017320009054,0.0
24.06496,24.72968,38.99054,2047.50135,-0.10029,44.64878,8.334477101170437,3.104812013476497,0.0
24.08446,24.75079,38.98457,2042.88107,-0.12291,44.66252,8.303872813540309,3.0934111110870024,0.0
24.10392,24.77186,38.97737,2038.28337,-0.14697,44.67625,8.274915071921354,3.0826235904099044,0.0
24.12333,24.79289,38.96886,2033.70766,-0.17241,44.68999,8.247664629619983,3.0724720836503545,0.0
24.14269,24.81389,38.95898,2029.15332,-0.19917,44.70372,8.222177143868919,3.062977324591973,0.0
24.162,24.83484,38.94768,2024.61967,-0.22717,44.71746,8.198503274765086,3.0541581854538102,0.0
24.18127,24.85575,38.93488,2020.106,-0.25634,44.73119,8.176688787151706,3.046031714844113,0.0
24.20049,24.87663,38.92055,2015.61153,-0.2866,44.74492,8.156774653364016,3.0386131760358035,0.0
24.21966,24.89747,38.90462,2011.13547,-0.31787,44.75864,8.138797155060772,3.031916084901397,0.0
24.23878,24.91827,38.88706,2006.67697,-0.35008,44.77237,8.122787982434469,3.025952246871416,0.0
24.25786,24.93903,38.86783,2002.23515,-0.38314,44.7861,8.108774329386442,3.020731792389623,0.0
24.27689,24.95975,38.84688,1997.80909,-0.41698,44.79982,8.096778983398886,3.0162632103927107,0.0
24.29587,24.98044,38.8242,1993.39785,-0.45149,44.81355,8.086820409016191,3.0125533794092947,0.0
24.31481,25.00109,38.79975,1989.00045,-0.48661,44.82727,8.07891282407871,3.009607595959002,0.0
24.3337,25.0217,38.77352,1984.61587,-0.52223,44.841,8.0730662679722,3.007429599977177,0.0
24.35254,25.04228,38.74548,1980.24309,-0.55828,44.85472,8.06928666142073,3.0060215970893207,0.0
24.37134,25.06281,38.71563,1975.88105,-0.59467,44.86844,8.06757585744326,3.005384277593751,0.0
24.3901,25.08331,38.68396,1971.52866,-0.63129,44.88217,8.06793168330981,3.0055168320913834,0.0
24.4088,25.10377,38.65046,1967.18482,-0.66808,44.89589,8.070347973519635,3.0064169637709646,0.0
24.42746,25.1242,38.61515,1962.84841,-0.70493,44.90961,8.074814593939946,3.0080808974013875,0.0
24.44608,25.14459,38.57802,1958.5183,-0.74175,44.92333,8.081317457431611,3.0105033851526684,0.0
24.46465,25.16494,38.53909,1954.19333,-0.77847,44.93705,8.08983853145927,3.0136777094309224,0.0
24.48317,25.18525,38.49838,1949.87234,-0.81497,44.95077,8.100355838294867,3.0175956829541803,0.0
24.50165,25.20552,38.4559,1945.55416,-0.85119,44.96449,8.11284344862017,3.022247646369157,0.0
24.52009,25.22576,38.41168,1941.23762,-0.88703,44.97821,8.127271469445716,3.0276224637507485,0.0
24.53847,25.24597,38.36575,1936.92153,-0.9224,44.99193,8.143606027403202,3.0337075163779983,0.0
24.55682,25.26613,38.31815,1932.6047,-0.95721,45.00565,8.161809248632824,3.040488695241609,0.0
24.57511,25.28626,38.26891,1928.28596,-0.99139,45.01936,8.181839236589166,3.0479503927760474,0.0
24.59337,25.30635,38.21807,1923.96412,-1.02485,45.03308,8.203650049202485,3.056075494351527,0.0
24.61157,25.3264,38.16569,1919.63801,-1.0575,45.04679,8.227191677005623,3.064845370125702,0.0
24.62973,25.34641,38.1118,1915.30646,-1.08927,45.0605,8.252410023850873,3.0742398678601974,0.0
24.64785,25.36639,38.05647,1910.96832,-1.12008,45.07421,8.279246892020414,3.0842373073738507,0.0
24.66592,25.38633,37.99976,1906.62244,-1.14986,45.08792,8.307639973574837,3.0948144773198107,0.0
24.68394,25.40623,37.94171,1902.26771,-1.17852,45.10162,8.337522849851267,3.1059466349985763,0.0
24.70192,25.4261,37.8824,1897.90301,-1.20601,45.11532,8.368825001090617,3.117607509944402,0.0
24.71986,25.44592,37.8219,1893.52728,-1.23225,45.12902,8.401471828196323,3.1297693120309953,0.0
24.73775,25.46571,37.76026,1889.13945,-1.25717,45.14272,8.435384688663696,3.1424027448561533,0.0
24.75559,25.48546,37.69758,1884.7385,-1.28072,45.15641,8.470480948648584,3.1554770251387003,0.0
24.77338,25.50517,37.63391,1880.32344,-1.30284,45.1701,8.506674053201596,3.1689599088825915,0.0
24.79113,25.52484,37.56935,1875.8933,-1.32348,45.18378,8.54387361654512,3.1828177250074727,0.0
24.80884,25.54447,37.50396,1871.44718,-1.34258,45.19746,8.581985534234494,3.197015417131671,0.0
24.82649,25.56407,37.43783,1866.98418,-1.3601,45.21113,8.620912118912388,3.211516594144271,0.0
24.84411,25.58362,37.37104,1862.50348,-1.37599,45.2248,8.660552261178028,3.226283590133137,0.0
24.86167,25.60313,37.30368,1858.00429,-1.39022,45.23846,8.700801616976099,3.2412775341922053,0.0
24.87919,25.62261,37.23584,1853.48587,-1.40276,45.25212,8.741552822604362,3.256458430517485,0.0
24.89666,25.64204,37.16759,1848.94753,-1.41357,45.26577,8.782695738273647,3.2717852491395556,0.0
24.91408,25.66144,37.09903,1844.38866,-1.42264,45.27942,8.824117720789632,3.2872160275047144,0.0
24.93146,25.68079,37.03025,1839.80868,-1.42994,45.29305,8.86570392565651,3.302707983016529,0.0
24.94879,25.7001,36.96132,1835.20707,-1.43547,45.30668,8.907337638556127,3.318217636520552,0.0
24.96607,25.71938,36.89235,1830.5834,-1.43921,45.3203,8.94890063575291,3.3337009465646266,0.0
24.98331,25.73861,36.82342,1825.93729,-1.44116,45.33391,8.990273572614456,3.349113454133037,0.0
25.00049,25.75779,36.75461,1821.26842,-1.44133,45.34752,9.031336399032288,3.3644104374016663,0.0
25.01763,25.77694,36.68602,1816.57654,-1.43972,45.36111,9.071968800045553,3.3795470758819226,0.0
25.03472,25.79605,36.61772,1811.86147,-1.43636,45.3747,9.112050659648734,3.394478623201304,0.0
25.05176,25.81511,36.54979,1807.12313,-1.43125,45.38827,9.151462545243623,3.4091605875745206,0.0
25.06875,25.83413,36.48233,1802.36147,-1.42444,45.40184,9.190086209836045,3.4235489188849755,0.0
25.0857,25.8531,36.41541,1797.57653,-1.41594,45.41539,9.227805108675293,3.437600201146553,0.0
25.10259,25.87204,36.3491,1792.76844,-1.40579,45.42893,9.264504926656508,3.4512718489748826,0.0
25.11944,25.89093,36.28348,1787.93737,-1.39405,45.44246,9.30007411246977,3.464522306571927,0.0
25.13624,25.90977,36.21863,1783.0836,-1.38076,45.45598,9.334404415196268,3.477311247622175,0.0
25.15299,25.92858,36.15461,1778.20745,-1.36596,45.46948,9.367391418818825,3.48959977441188,0.0
25.16968,25.94733,36.09148,1773.30933,-1.34973,45.48298,9.398935069882093,3.501350614396356,0.0
25.18633,25.96605,36.02932,1768.38971,-1.33213,45.49646,9.428940193497734,3.5125283124254993,0.0
25.20293,25.98471,35.96817,1763.44915,-1.31322,45.50992,9.45731699272856,3.5230994167775056,0.0
25.21948,26.00334,35.90809,1758.48824,-1.29308,45.52338,9.483981526525316,3.533032657202906,0.0
25.23597,26.02191,35.84914,1753.50767,-1.2718,45.53681,9.508856161369373,3.5422991131733492,0.0
25.25242,26.04045,35.79135,1748.50818,-1.24944,45.55024,9.531869992022378,3.5508723706219216,0.0
25.26882,26.05893,35.73477,1743.49056,-1.22611,45.56365,9.55295922698626,3.5587286655371364,0.0
25.28516,26.07737,35.67944,1738.45567,-1.20188,45.57704,9.57206753460772,3.565847012895962,0.0
25.30146,26.09576,35.62539,1733.40441,-1.17686,45.59042,9.58914634614503,3.572209319564186,0.0
25.3177,26.11411,35.57264,1728.33774,-1.15114,45.60378,9.604155112552387,3.577800479955339,0.0
25.33389,26.13241,35.52123,1723.25665,-1.12482,45.61713,9.617061512234852,3.5826084534248697,0.0
25.35003,26.15066,35.47116,1718.1622,-1.098,45.63046,9.627841607601653,3.5866243225903824,0.0
25.36612,26.16887,35.42246,1713.05545,-1.07079,45.64377,9.636479948785256,3.5898423319697104,0.0
25.38216,26.18703,35.37512,1707.93753,-1.04329,45.65707,9.642969623552604,3.592259906574168,0.0
25.39815,26.20514,35.32916,1702.80956,-1.0156,45.67035,9.647312253009291,3.593877650308241,0.0
25.41408,26.2232,35.28458,1697.67272,-0.98784,45.68362,9.649517933364418,3.594699324275469,0.0
25.42996,26.24121,35.24136,1692.52819,-0.96011,45.69687,9.649605124637988,3.594731805319015,0.0
25.44579,26.25918,35.19949,1687.37717,-0.93252,45.7101,9.64760048776852,3.593985025339966,0.0
25.46157,26.2771,35.15897,1682.22085,-0.90517,45.72332,9.64353867218391,3.592471892161899,0.0
25.4773,26.29497,35.11976,1677.06047,-0.87816,45.73651,9.63746205639464,3.590208192895012,0.0
25.49298,26.31279,35.08185,1671.89722,-0.85161,45.74969,9.629420444671418,3.5872124809405737,0.0
25.5086,26.33056,35.0452,1666.73232,-0.82561,45.76286,9.619470723305291,3.583505947938766,0.0
25.52417,26.34829,35.00979,1661.56698,-0.80027,45.776,9.607676480275112,3.579112282084814,0.0
25.53969,26.36597,34.97557,1656.40238,-0.77567,45.78913,9.594107592468998,3.574057514358111,0.0
25.55516,26.38359,34.9425,1651.23969,-0.75192,45.80225,9.578839784841858,3.568369854296806,0.0
25.57058,26.40117,34.91054,1646.08006,-0.72911,45.81534,9.561954166008523,3.562079516994018,0.0
25.58594,26.4187,34.87964,1640.92464,-0.70731,45.82842,9.543536744911123,3.5552185430437224,0.0
25.60126,26.43618,34.84976,1635.77451,-0.68663,45.84148,9.523677933150402,3.54782061314607,0.0
25.61652,26.45362,34.82082,1630.63075,-0.66712,45.85453,9.502472037584191,3.5399208590869633,0.0
25.63173,26.471,34.79278,1625.49439,-0.64888,45.86756,9.480016747638324,3.5315556727478903,0.0
25.64689,26.48834,34.76557,1620.36644,-0.63197,45.88057,9.45641262161822,3.5227625147434685,0.0
25.662,26.50562,34.73914,1615.24785,-0.61646,45.89357,9.431762576114936,3.5135797242117635,0.0
25.67705,26.52286,34.71342,1610.13955,-0.6024,45.90655,9.406171382292886,3.5040463311682157,0.0
25.69206,26.54005,34.68833,1605.0424,-0.58986,45.91951,9.379745172588411,3.4942018727378743,0.0
25.70701,26.55719,34.66382,1599.95724,-0.57889,45.93246,9.35259096099157,3.484086214447744,0.0
25.72192,26.57429,34.63981,1594.88484,-0.56952,45.9454,9.324816179759218,3.473739377640216,0.0
25.73677,26.59133,34.61624,1589.82594,-0.5618,45.95831,9.29652823500865,3.4632013739200076,0.0
25.75157,26.60833,34.59302,1584.78121,-0.55576,45.97122,9.267834083310253,3.452512047423786,0.0
25.76633,26.62528,34.5701,1579.7513,-0.55144,45.98411,9.238839831004297,3.441710925555126,0.0
25.78103,26.64218,34.54739,1574.73676,-0.54886,45.99698,9.209650357580028,3.430837078683316,0.0
25.79568,26.65903,34.52482,1569.73813,-0.54803,46.00984,9.180368964142755,3.4199289891881026,0.0
25.81028,26.67584,34.50232,1564.75588,-0.54896,46.02269,9.151097047622523,3.40902443009384,0.0
25.82483,26.69259,34.47982,1559.79043,-0.55167,46.03552,9.121933801061031,3.398160353418485,0.0
25.83934,26.7093,34.45724,1554.84213,-0.55615,46.04834,9.092975940011893,3.3873727882505014,0.0
25.85379,26.72597,34.43452,1549.91131,-0.5624,46.06114,9.06431745481958,3.376696748466237,0.0
25.8682,26.74258,34.41158,1544.9982,-0.57041,46.07393,9.03604938830611,3.366166149912376,0.0
25.88255,26.75915,34.38835,1540.10303,-0.58018,46.08671,9.008259638135446,3.3558137367814704,0.0
25.89686,26.77567,34.36477,1535.22593,-0.59167,46.09948,8.981032782990965,3.3456710168584785,0.0
25.91112,26.79215,34.34077,1530.36701,-0.60486,46.11223,8.954449931467055,3.335768205228903,0.0
25.92533,26.80858,34.31629,1525.52632,-0.61973,46.12498,8.928588592531145,3.3261341760224967,0.0
25.93949,26.82496,34.29125,1520.70385,-0.63624,46.13771,8.903522566224604,3.316796421696466,0.0
25.9536,26.84129,34.26561,1515.89956,-0.65435,46.15043,8.879321853230685,3.3077810193471486,0.0
25.96767,26.85758,34.2393,1511.11334,-0.67403,46.16314,8.856052581887408,3.2991126035204,0.0
25.98169,26.87383,34.21226,1506.34505,-0.69522,46.17583,8.833776951176361,3.290814344973418,0.0
25.99566,26.89002,34.18445,1501.59449,-0.71788,46.18852,8.812553188208478,3.2829079348370684,0.0
26.00958,26.90618,34.1558,1496.86143,-0.74195,46.20119,8.792435518761158,3.275413573640202,0.0
26.02346,26.92228,34.12628,1492.14558,-0.76737,46.21386,8.773474149420327,3.2683499646570886,0.0
26.03729,26.93834,34.09584,1487.44663,-0.79408,46.22651,8.75571525993567,3.26173431105955,0.0
26.05107,26.95436,34.06442,1482.76422,-0.82203,46.23916,8.739201004475666,3.255582316384486,0.0
26.06481,26.97033,34.03201,1478.09793,-0.85113,46.2518,8.723969520510169,3.249908187842877,0.0
26.0785,26.98625,33.99854,1473.44733,-0.88133,46.26442,8.710054944137523,3.244724642029527,0.0
26.09214,27.00213,33.964,1468.81195,-0.91255,46.27704,8.697487430781926,3.240042912633389,0.0
26.10574,27.01797,33.92836,1464.19127,-0.94471,46.28964,8.686293180262467,3.235872759776433,0.0
26.11929,27.03376,33.89157,1459.58475,-0.97774,46.30224,8.676494465340426,3.232222480648266,0.0
26.1328,27.04951,33.85363,1454.99182,-1.01157,46.31483,8.668109662981651,3.2290989211521954,0.0
26.14626,27.06521,33.81451,1450.41187,-1.0461,46.32741,8.661153287633073,3.2265074883015985,0.0
26.15967,27.08086,33.77418,1445.84428,-1.08126,46.33998,8.655636025989082,3.224452163171321,0.0
26.17304,27.09648,33.73265,1441.28838,-1.11696,46.35254,8.651564772762713,3.22293551422338,0.0
26.18636,27.11205,33.68989,1436.7435,-1.15313,46.36509,8.648942667170148,3.2219587108983987,0.0
26.19964,27.12757,33.64591,1432.20893,-1.18967,46.37763,8.647769129869541,3.2215215373762978,0.0
26.21288,27.14305,33.60069,1427.68395,-1.2265,46.39017,8.648039900257949,3.2216224064703782,0.0
26.22606,27.15849,33.55423,1423.16782,-1.26354,46.4027,8.649747074131241,3.222258373656627,0.0
26.23921,27.17388,33.50654,1418.65978,-1.30069,46.41521,8.652879141775895,3.22342515126392,0.0
26.25231,27.18923,33.45762,1414.15905,-1.33787,46.42772,8.657421026728434,3.2251171229129265,0.0
26.26536,27.20453,33.40749,1409.66485,-1.37501,46.44022,8.66335412545514,3.2273273582978477,0.0
26.27837,27.21979,33.35615,1405.17638,-1.412,46.45271,8.670656348375259,3.23004762846864,0.0
26.29134,27.23501,33.30362,1400.69285,-1.44876,46.46519,8.679302162639623,3.233268421767179,0.0
26.30426,27.25018,33.24991,1396.21343,-1.48522,46.47767,8.689262637276286,3.2369789606451964,0.0
26.31713,27.26531,33.19506,1391.73733,-1.52129,46.49013,8.70050549123523,3.2411672195621946,0.0
26.32997,27.28039,33.13908,1387.26371,-1.55689,46.50259,8.712995145054693,3.2458199442325157,0.0
26.34275,27.29543,33.082,1382.79176,-1.59193,46.51503,8.72669277685827,3.2509226724857307,0.0
26.3555,27.31043,33.02384,1378.32068,-1.62635,46.52747,8.741556383421877,3.2564597570157003,0.0
26.3682,27.32538,32.96465,1373.84964,-1.66006,46.5399,8.757540847126116,3.2624143903220806,0.0
26.38085,27.34029,32.90445,1369.37786,-1.69299,46.55231,8.77459800959687,3.268768632143392,0.0
26.39346,27.35516,32.84329,1364.90454,-1.72508,46.56472,8.792676752848974,3.2755034396851643,0.0
26.40603,27.36998,32.7812,1360.42889,-1.75624,46.57712,8.811723088747806,3.2825987009467377,0.0
26.41855,27.38475,32.71823,1355.95016,-1.78643,46.58951,8.83168025758224,3.290033271442279,0.0
26.43103,27.39949,32.65441,1351.46759,-1.81556,46.60188,8.852488836520633,3.2977850146034937,0.0
26.44346,27.41417,32.58979,1346.98045,-1.8436,46.61425,8.874086858640645,3.3058308461213612,0.0
26.45585,27.42882,32.52442,1342.48802,-1.87047,46.6266,8.896409943225125,3.314146782484785,0.0
26.4682,27.44342,32.45835,1337.98963,-1.89613,46.63895,8.919391437865722,3.322707993917923,0.0
26.4805,27.45797,32.39162,1333.48461,-1.92053,46.65128,8.942962572892705,3.331488861909363,0.0
26.49275,27.47248,32.3243,1328.97231,-1.94363,46.6636,8.967052628506684,3.340463041473081,0.0
26.50496,27.48695,32.25642,1324.45215,-1.96538,46.67591,8.991589114879494,3.3496035282407637,0.0
26.51713,27.50137,32.18805,1319.92353,-1.98575,46.68821,9.016497965380204,3.3588827304435793,0.0
26.52926,27.51574,32.11923,1315.38592,-2.00472,46.70049,9.041703742892286,3.3682725457707505,0.0
26.54133,27.53007,32.05002,1310.83882,-2.02225,46.71276,9.067129859108318,3.377744443062603,0.0
26.55337,27.54435,31.98048,1306.28175,-2.03832,46.72502,9.092698806444579,3.387269548704855,0.0
26.56536,27.55859,31.91065,1301.71428,-2.05292,46.73727,9.118332402119544,3.3968187375542724,0.0
26.5773,27.57279,31.8406,1297.13603,-2.06603,46.7495,9.143952043719496,3.4063627281435944,0.0
26.5892,27.58694,31.77038,1292.54664,-2.07766,46.76172,9.16947897540528,3.4158721818505446,0.0
26.60106,27.60104,31.70004,1287.9458,-2.08779,46.77392,9.194834563765678,3.4253178056604745,0.0
26.61287,27.61509,31.62964,1283.33327,-2.09643,46.78611,9.219940582091217,3.434670458065836,0.0
26.62463,27.6291,31.55922,1278.70882,-2.1036,46.79829,9.24471950173881,3.4439012576071804,0.0
26.63635,27.64307,31.48884,1274.07227,-2.1093,46.81045,9.269094789011387,3.4529816934686215,0.0
26.64803,27.65698,31.41856,1269.42352,-2.11355,46.82259,9.292991205919101,3.461883737519315,0.0
26.65965,27.67085,31.34841,1264.76247,-2.11639,46.83472,9.316335112958136,3.4705799571065157,0.0
26.67124,27.68468,31.27845,1260.08911,-2.11783,46.84683,9.3390547719881,3.479043627885383,0.0
26.68278,27.69845,31.20873,1255.40345,-2.11792,46.85893,9.36108064715797,3.4872488459218145,0.0
26.69427,27.71218,31.13928,1250.70556,-2.1167,46.871,9.382345701724669,3.49517063826517,0.0
26.70572,27.72587,31.07016,1245.99555,-2.11421,46.88307,9.402785688625519,3.502785071194159,0.0
26.71712,27.7395,31.00139,1241.27359,-2.1105,46.89511,9.422339432558676,3.5100693552992284,0.0
26.72848,27.75309,30.93303,1236.53988,-2.10562,46.90714,9.44094910134163,3.517001946570733,0.0
26.73979,27.76663,30.86511,1231.79467,-2.09964,46.91915,9.458560464393138,3.5235626426902695,0.0
26.75105,27.78012,30.79765,1227.03827,-2.09262,46.93114,9.475123136175752,3.5297326737194155,0.0
26.76227,27.79356,30.7307,1222.27102,-2.08462,46.94312,9.4905908025383,3.5354947864182606,0.0
26.77344,27.80696,30.66428,1217.4933,-2.07571,46.95507,9.504921428038367,3.5408333214784853,0.0
26.78457,27.8203,30.59842,1212.70554,-2.06598,46.96701,9.518077442430679,3.545734282995193,0.0
26.79565,27.8336,30.53313,1207.9082,-2.0555,46.97893,9.530025904695504,3.550185399571804,0.0
26.80668,27.84685,30.46845,1203.10178,-2.04435,46.99082,9.540738643163296,3.554176176520169,0.0
26.81767,27.86005,30.40438,1198.28682,-2.03261,47.0027,9.550192370478321,3.557697938687552,0.0
26.82861,27.8732,30.34095,1193.4639,-2.02037,47.01456,9.558368772447876,3.560743863555295,0.0
26.83951,27.88631,30.27816,1188.6336,-2.00771,47.02641,9.56525456996618,3.5633090043070994,0.0
26.85035,27.89936,30.21603,1183.79657,-1.99474,47.03823,9.570841553534434,3.5653903026886593,0.0
26.86116,27.91236,30.15455,1178.95346,-1.98154,47.05003,9.575126590134571,3.566986591568309,0.0
26.87191,27.92532,30.09373,1174.10494,-1.96819,47.06181,9.578111602449372,3.568098587195973,0.0
26.88262,27.93822,30.03357,1169.25173,-1.95481,47.07357,9.579803520759981,3.5687288712837253,0.0
26.89328,27.95108,29.97407,1164.39453,-1.94147,47.08531,9.580214207992272,3.5688818630835843,0.0
26.9039,27.96389,29.91523,1159.53409,-1.92828,47.09703,9.579360358760718,3.568563781778705,0.0
26.91447,27.97664,29.85702,1154.67116,-1.91532,47.10874,9.57726337339548,3.5677825995551484,0.0
26.92499,27.98935,29.79945,1149.80648,-1.9027,47.12042,9.573949208188182,3.5665479858144953,0.0
26.93547,28.00201,29.74249,1144.94085,-1.89049,47.13208,9.569448203306484,3.564871243067497,0.0
26.9459,28.01461,29.68613,1140.07501,-1.8788,47.14372,9.563794889995103,3.5627652351113825,0.0
26.95628,28.02717,29.63035,1135.20975,-1.86772,47.15534,9.557027778777883,3.5602443081295547,0.0
26.96662,28.03968,29.57512,1130.34585,-1.85732,47.16694,9.549189130629923,3.5573242054471943,0.0
26.97691,28.05213,29.52043,1125.48408,-1.84769,47.17852,9.540324713020611,3.554021976650861,0.0
26.98715,28.06454,29.46625,1120.6252,-1.83892,47.19008,9.530483542955778,3.5503558818649434,0.0
26.99735,28.0769,29.41254,1115.76997,-1.83109,47.20162,9.51971761908663,3.546345291955181,0.0
27.0075,28.0892,29.35928,1110.91914,-1.82427,47.21314,9.508081645014865,3.5420105854525437,0.0
27.0176,28.10146,29.30643,1106.07346,-1.81853,47.22464,9.495632745906873,3.5373730429845676,0.0
27.02766,28.11366,29.25397,1101.23363,-1.81395,47.23612,9.48243018050118,3.532454739990545,0.0
27.03767,28.12582,29.20185,1096.40038,-1.81058,47.24758,9.468535050534618,3.5272784384751272,0.0
27.04764,28.13793,29.15003,1091.57438,-1.8085,47.25903,9.45401000952443,3.521867478522002,0.0
27.05756,28.14998,29.09849,1086.7563,-1.80776,47.27045,9.438918972766416,3.516245670260568,0.0
27.06744,28.16199,29.04717,1081.94679,-1.8084,47.28185,9.423326830301434,3.510437186938402,0.0
27.07726,28.17395,28.99604,1077.14648,-1.81049,47.29324,9.40729916444892,3.504466459695073,0.0
27.08705,28.18585,28.94506,1072.35595,-1.81405,47.3046,9.390901973395524,3.4983580745916196,0.0
27.09678,28.19771,28.89419,1067.57578,-1.81914,47.31595,9.374201402192679,3.4921366724000857,0.0
27.10648,28.20952,28.84338,1062.80652,-1.82578,47.32728,9.35726348233435,3.4858268515893647,0.0
27.11612,28.22127,28.79259,1058.04867,-1.83401,47.33859,9.340153880966568,3.4794530748991614,0.0
27.12572,28.23298,28.74178,1053.30272,-1.84384,47.34989,9.322937660599282,3.473039579826327,0.0
27.13528,28.24464,28.69091,1048.56912,-1.8553,47.36116,9.305679050080853,3.466610293306838,0.0
27.14479,28.25625,28.63992,1043.8483,-1.8684,47.37242,9.288441227396634,3.4601887508025557,0.0
27.15426,28.26781,28.58879,1039.14064,-1.88314,47.38367,9.271286114757054,3.453798019966133,0.0
27.16368,28.27932,28.53747,1034.4465,-1.89954,47.39489,9.254274186283546,3.4474606289989738,0.0
27.17306,28.29078,28.48591,1029.76622,-1.91759,47.4061,9.23746428846352,3.4411984997659832,0.0
27.18239,28.3022,28.43408,1025.10006,-1.93728,47.41729,9.220913473460277,3.435032885699124,0.0
27.19168,28.31356,28.38193,1020.44831,-1.95861,47.42847,9.204676845242227,3.4289843144765006,0.0
27.20092,28.32488,28.32944,1015.81117,-1.98155,47.43963,9.188807418374095,3.4230725354183695,0.0
27.21012,28.33614,28.27655,1011.18884,-2.00609,47.45077,9.173355989276454,3.4173164715279323,0.0
27.21927,28.34736,28.22323,1006.58147,-2.0322,47.4619,9.15837101965443,3.411734176065448,0.0
27.22839,28.35853,28.16945,1001.98919,-2.05985,47.47301,9.143898531732319,3.4063427935203863,0.0
27.23746,28.36965,28.11518,997.41209,-2.08901,47.48411,9.12998201491816,3.401158524841517,0.0
