0.04879,0.04879,59.89497,5162.57305,-0.53616,45.00011,2.800741526346918,1.043349910508871,0.0
0.09757,0.09757,59.82009,5161.14008,-0.57192,45.00027,2.82882041055587,1.053810033676613,0.0
0.14633,0.14633,59.74044,5159.69979,-0.60725,45.00049,2.859094298937862,1.0650878536528483,0.0
0.19508,0.19508,59.65606,5158.25082,-0.64211,45.00077,2.8916000094857286,1.0771970861086473,0.0
0.24382,0.24382,59.56704,5156.79179,-0.67646,45.00111,2.9263762228142736,1.0901521405907726,0.0
0.29254,0.29255,59.47344,5155.32129,-0.71027,45.0015,2.963463336656342,1.103968066317637,0.0
0.34125,0.34126,59.37535,5153.83787,-0.74349,45.00195,3.002903299899814,1.1186604903537183,0.0
0.38994,0.38996,59.27284,5152.34006,-0.77609,45.00246,3.044739424049678,1.1342455473742181,0.0
0.43862,0.43864,59.16601,5150.82634,-0.80803,45.00303,3.089016169871137,1.1507398001840081,0.0
0.48729,0.48732,59.05496,5149.29517,-0.83927,45.00365,3.135778906844167,1.1681601501081222,0.0
0.53594,0.53598,58.93978,5147.74496,-0.86976,45.00433,3.1850736429810236,1.1865237363416692,0.0
0.58457,0.58462,58.82057,5146.17409,-0.89947,45.00506,3.2369467224408237,1.2058478233033085,0.0
0.6332,0.63326,58.69746,5144.5809,-0.92834,45.00585,3.2914444883420564,1.226149675024038,0.0
0.6818,0.68188,58.57056,5142.96371,-0.95634,45.0067,3.3486129081213134,1.2474464155834641,0.0
0.73039,0.73048,58.43999,5141.32077,-0.98342,45.0076,3.4084971587965422,1.2697548746094511,0.0
0.77897,0.77907,58.30588,5139.65033,-1.00954,45.00856,3.4711411695311094,1.2930914168711989,0.0
0.82752,0.82765,58.16837,5137.95058,-1.03465,45.00958,3.5365871189952807,1.3174717550331692,0.0
0.87607,0.87622,58.0276,5136.21968,-1.0587,45.01065,3.604874885170462,1.3429107446926891,0.0
0.92459,0.92477,57.88372,5134.45577,-1.08165,45.01177,3.6760414454689214,1.3694221609087613,0.0
0.9731,0.9733,57.73688,5132.65693,-1.10344,45.01295,3.750120225335092,1.3970184555389151,0.0
1.02159,1.02182,57.58725,5130.82125,-1.12404,45.01419,3.827140393907352,1.4257104948546817,0.0
1.07008,1.07032,57.43448,5128.94766,-1.15096,44.98506,3.907407292479315,1.455612026521945,-27.999999522371493
1.11857,1.11877,57.27823,5127.03489,-1.17675,44.95532,3.991248810550673,1.4868451980066328,-27.999999522371493
1.16707,1.16718,57.11865,5125.08063,-1.20135,44.92496,4.078727267931139,1.519433225077596,-27.999999522371493
1.21558,1.21554,56.95593,5123.08253,-1.2247,44.89393,4.169899952037861,1.5533974488050442,-27.999999522371493
1.2641,1.26387,56.79022,5121.03819,-1.24674,44.86221,4.264819155873909,1.588757349708533,-27.999999522371493
1.31262,1.31214,56.62172,5118.94516,-1.26744,44.82977,4.363531144570084,1.6255301627665952,-27.999999522371493
1.36116,1.36038,56.45061,5116.80097,-1.28672,44.79658,4.466075037442289,1.6637304609536954,-27.999999522371493
1.4097,1.40856,56.27708,5114.6031,-1.30453,44.7626,4.5724816048976535,1.7033697070561078,-27.999999522371493
1.45825,1.4567,56.10135,5112.34901,-1.32081,44.7278,4.682771980698244,1.7444557739562638,-27.999999522371493
1.50681,1.50479,55.92363,5110.03614,-1.33552,44.69215,4.796956291596235,1.786992434135801,-27.999999522371493
1.55538,1.55282,55.74413,5107.66191,-1.34858,44.65562,4.915032208012695,1.830978819765271,-27.999999522371493
1.60396,1.60081,55.56308,5105.22371,-1.35995,44.61817,5.036983421424576,1.876408855490736,-27.999999522371493
1.65255,1.64874,55.38071,5102.71897,-1.36957,44.57977,5.162778056336275,1.9232706668513893,-27.999999522371493
1.70114,1.69662,55.19728,5100.14509,-1.37738,44.5404,5.292367027230748,1.9715459682006142,-27.999999522371493
1.74975,1.74444,55.01301,5097.49951,-1.38332,44.50002,5.425682353638947,2.0212094350250163,-27.999999522371493
1.79837,1.7922,54.82818,5094.77969,-1.38734,44.45859,5.562635449468978,2.0722280666745245,-27.999999522371493
1.847,1.83991,54.64305,5091.98315,-1.3894,44.41609,5.703115405946945,2.1245605467126785,-27.999999522371493
1.89563,1.88755,54.45788,5089.10743,-1.38942,44.37249,5.846987290886547,2.1781566093497995,-27.999999522371493
1.94428,1.93514,54.27294,5086.15018,-1.38738,44.32775,5.994090490480636,2.2329564217167226,-27.999999522371493
1.99294,1.98266,54.08853,5083.1091,-1.38322,44.28186,6.144237123285429,2.28888999303218,-27.999999522371493
2.04161,2.03011,53.90493,5079.98201,-1.37689,44.23478,6.29721055951762,2.3458766230020185,-27.999999522371493
2.09029,2.0775,53.72243,5076.76686,-1.36836,44.18649,6.452764081969024,2.403824402974667,-27.999999522371493
2.13897,2.12481,53.54133,5073.46171,-1.35759,44.13697,6.610619727770622,2.4626297844677745,-27.999999522371493
2.18767,2.17206,53.36193,5070.06478,-1.34455,44.0862,6.770467352653042,2.522177230580611,-27.999999522371493
2.23639,2.21924,53.18453,5066.57449,-1.3292,44.03416,6.931963961126896,2.582338966468628,-27.999999522371493
2.28511,2.26633,53.00945,5062.98943,-1.31153,43.98084,7.09473334695862,2.6429748454112376,-27.999999522371493
2.33384,2.31336,52.83698,5059.30841,-1.29153,43.92621,7.258366088312801,2.703932347002214,-27.999999522371493
2.38259,2.3603,52.66745,5055.53048,-1.26917,43.87029,7.422419940713855,2.765046723538249,-27.999999522371493
2.43134,2.40717,52.50115,5051.65493,-1.24445,43.81305,7.586420668441011,2.826141309735463,-27.999999522371493
2.48011,2.45395,52.33841,5047.68134,-1.21739,43.7545,7.749863351012596,2.8870280094291747,-27.999999522371493
2.52888,2.50065,52.17953,5043.60958,-1.18798,43.69464,7.912214195800346,2.9475079708204266,-27.999999522371493
2.57767,2.54726,52.02481,5039.43982,-1.15626,43.63348,8.072912880652922,3.0073724591648827,-27.999999522371493
2.62647,2.59378,51.87455,5035.17255,-1.12224,43.57103,8.231375441553505,3.066403932501259,-27.999999522371493
2.67528,2.64021,51.72906,5030.80863,-1.08596,43.50731,8.386997709937067,3.1243773221424505,-27.999999522371493
2.72411,2.68655,51.58861,5026.34924,-1.04747,43.44233,8.539159292475578,3.1810615152502373,-27.999999522371493
2.77294,2.7328,51.45349,5021.79594,-1.00683,43.37612,8.687228073079055,3.236221031949123,-27.999999522371493
2.82178,2.77895,51.32398,5017.15066,-0.96409,43.30872,8.830565202961829,3.2896178842573236,-27.999999522371493
2.87063,2.82501,51.20033,5012.41569,-0.91933,43.24016,8.968530530132146,3.3410135987144978,-27.999999522371493
2.9195,2.87096,51.08279,5007.59372,-0.87264,43.17049,9.100488405162077,3.390171379183799,-27.999999522371493
2.96837,2.91681,50.97161,5002.6878,-0.82411,43.09974,9.225813786088677,3.4368583810881876,-27.999999522371493
3.01726,2.96256,50.867,4997.70135,-0.77385,43.02798,9.343898552155993,3.48084806344545,-27.999999522371493
3.06615,3.00821,50.76918,4992.63816,-0.72195,42.95525,9.45415792476307,3.521922580840279,-27.999999522371493
3.11505,3.05375,50.67834,4987.50236,-0.66856,42.88163,9.55603688458519,3.559875173970782,-27.999999522371493
3.16397,3.09918,50.59465,4982.2984,-0.61379,42.80717,9.649016467211158,3.5945125149390105,-27.999999522371493
3.21289,3.1445,50.51827,4977.03108,-0.55778,42.73195,9.73261981604546,3.625656962116285,-27.999999522371493
3.26182,3.18972,50.44934,4971.70545,-0.50067,42.65604,9.806417871143832,3.6531486793841212,-27.999999522371493
3.31076,3.23482,50.38798,4966.32684,-0.44263,42.57953,9.870034576092785,3.6768475758338526,-27.999999522371493
3.3597,3.27981,50.33427,4960.90081,-0.3838,42.50249,9.92315149230288,3.696635024712292,-27.999999522371493
3.40866,3.32469,50.28831,4955.43313,-0.32434,42.425,9.9655117208558,3.7124153244129454,-27.999999522371493
3.45762,3.36946,50.25013,4949.92973,-0.26443,42.34715,9.99692304620266,3.7241168695863625,-27.999999522371493
3.50659,3.41411,50.21978,4944.39666,-0.20422,42.26904,10.017260232996499,3.731693006770657,-27.999999522371493
3.55556,3.45865,50.19726,4938.84008,-0.14389,42.19075,10.026466426767437,3.7351225561798675,-27.999999522371493
3.60454,3.50307,50.18256,4933.2662,-0.08361,42.11237,10.02455363013189,3.7344099891044182,-27.999999522371493
3.65352,3.54738,50.17565,4927.68124,-0.02355,42.03398,10.011602248191693,3.7295852585603266,-27.999999522371493
3.70251,3.59157,50.17646,4922.09143,0.03612,41.95569,9.987759718753653,3.720703289009952,-27.999999522371493
3.75151,3.63565,50.18493,4916.50289,0.09524,41.87757,9.953238264428528,3.707843138959713,-27.999999522371493
3.8005,3.67962,50.20094,4910.9217,0.15364,41.79972,9.908311823403515,3.69110685759209,-27.999999522371493
3.84951,3.72347,50.22439,4905.35377,0.21116,41.72222,9.853312233566044,3.6706180632513297,-27.999999522371493
3.89851,3.7672,50.25513,4899.80487,0.26765,41.64515,9.78862475956913,3.6465202771576033,-27.999999522371493
3.94752,3.81082,50.293,4894.28057,0.32296,41.56859,9.714683064397658,3.6189750501831393,-27.999999522371493
3.99653,3.85434,50.33783,4888.78624,0.37695,41.49262,9.63196373543024,3.5881599236662423,-27.999999522371493
4.04554,3.89773,50.38942,4883.32698,0.42948,41.4173,9.540980479975508,3.554266267095828,-27.999999522371493
4.09455,3.94102,50.44757,4877.90766,0.48044,41.34271,9.44227810665363,3.517497036017687,-27.999999522371493
4.14356,3.9842,50.51205,4872.53283,0.52969,41.26892,9.336426407138735,3.478064492822554,-27.999999522371493
4.19258,4.02727,50.58262,4867.20678,0.57714,41.19597,9.224014047834865,3.4361879312346795,-27.999999522371493
4.24159,4.07024,50.65904,4861.93347,0.62267,41.12393,9.105642573470988,3.392091442493199,-27.999999522371493
4.2906,4.11309,50.74105,4856.71656,0.66621,41.05284,8.981920614910523,3.346001757608778,-27.999999522371493
4.33961,4.15585,50.82836,4851.5594,0.70767,40.98276,8.85345838201584,3.2981461958107356,-27.999999522371493
4.38862,4.1985,50.92071,4846.46498,0.74697,40.91371,8.720862509915467,3.248750744645981,-27.999999522371493
4.43763,4.24105,51.01781,4841.43601,0.78406,40.84574,8.584731313828975,3.1980382922764234,-27.999999522371493
4.48664,4.2835,51.11937,4836.47488,0.81888,40.77888,8.445650494315316,3.1462270275709847,-27.999999522371493
4.53565,4.32585,51.22508,4831.58364,0.85139,40.71314,8.304189321774114,3.093529018731928,-27.999999522371493
4.58465,4.3681,51.33464,4826.76406,0.88154,40.64857,8.16089731667696,3.0401489765936756,-27.999999522371493
4.63365,4.41026,51.44776,4822.01762,0.90932,40.58516,8.016301430573955,2.9862832044735694,-27.999999522371493
4.68264,4.45232,51.56412,4817.34551,0.93471,40.52293,7.870903722688598,2.9321187326423366,-27.999999522371493
4.73164,4.4943,51.68341,4812.74865,0.95769,40.46189,7.725179518009902,2.877832632164937,-27.999999522371493
4.78063,4.53618,51.80534,4808.22771,0.97825,40.40205,7.579576025287158,2.823591500067253,-27.999999522371493
4.82961,4.57798,51.92958,4803.78311,0.99641,40.3434,7.434511387251084,2.7695511055184725,-27.999999522371493
4.8786,4.61969,52.05584,4799.41505,1.01217,40.28595,7.290374130799514,2.7158561850107987,-27.999999522371493
4.92757,4.66132,52.18382,4795.12352,1.02555,40.22969,7.147522981507313,2.662640373259505,-27.999999522371493
4.97655,4.70286,52.31322,4790.9083,1.03656,40.1746,7.0062870047850385,2.6100262557882576,-27.999999522371493
5.02552,4.74433,52.44374,4786.769,1.04524,40.12068,6.86696603506321,2.5581255288115425,-27.999999522371493
5.07448,4.78571,52.57508,4782.70505,1.05162,40.06792,6.729831354331181,2.5070392520082536,-27.999999522371493
5.12344,4.82702,52.70697,4778.71576,1.05572,40.01629,6.595126582235146,2.4568581801066163,-27.999999522371493
5.17239,4.86825,52.83913,4774.80026,1.05759,39.96578,6.463068741394762,2.4076631597426617,-27.999999522371493
5.22134,4.9094,52.97127,4770.95759,1.05727,39.91637,6.333849463654919,2.359525578820749,-27.999999522371493
5.27029,4.95049,53.10314,4767.18665,1.05481,39.86804,6.207636305340913,2.3125078564807238,-27.999999522371493
5.31923,4.9915,53.23446,4763.48627,1.05026,39.82076,6.08457414234035,2.2666639628026313,-27.999999522371493
5.36816,5.03245,53.36499,4759.85516,1.04365,39.7745,5.964786618595269,2.2220399584081503,-27.999999522371493
5.41709,5.07332,53.49447,4756.29198,1.03506,39.72926,5.848377624573543,2.1786745452300864,-27.999999522371493
5.46601,5.11413,53.62267,4752.79532,1.02452,39.68499,5.735432785118012,2.1365996207753226,-27.999999522371493
5.51493,5.15488,53.74934,4749.36369,1.0121,39.64167,5.626020938953997,2.0958408292802964,-27.999999522371493
5.56384,5.19556,53.87426,4745.99559,0.99785,39.59927,5.520195594779267,2.0564181041428253,-27.999999522371493
5.61275,5.23619,53.99722,4742.68944,0.98183,39.55776,5.4179963514440015,2.01834619697651,-27.999999522371493
5.66165,5.27675,54.118,4739.44366,0.96409,39.51712,5.319450272043064,1.9816351894962603,-27.999999522371493
5.71055,5.31725,54.23639,4736.25662,0.9447,39.47731,5.224573203912595,1.9462909852517563,-27.999999522371493
5.75944,5.35769,54.3522,4733.12669,0.92372,39.43831,5.133371038421303,1.9123157789328538,-27.999999522371493
5.80832,5.39808,54.46524,4730.05219,0.90119,39.40009,5.045840906199976,1.8797085016240234,-27.999999522371493
5.8572,5.43841,54.57532,4727.03148,0.87719,39.36261,4.9619723049193905,1.8484652409312965,-27.999999522371493
5.90608,5.47869,54.68228,4724.06286,0.85177,39.32585,4.881748158060526,1.8185796354020274,-27.999999522371493
5.95495,5.51892,54.78595,4721.14466,0.82498,39.28978,4.805145804207461,1.7900432430625282,-27.999999522371493
6.00381,5.55909,54.88616,4718.2752,0.79689,39.25436,4.732137917334911,1.7628458842493884,-27.999999522371493
6.05267,5.59921,54.98276,4715.45281,0.76755,39.21958,4.6626933593224775,1.7369759591934673,-27.999999522371493
6.10152,5.63928,55.07561,4712.6758,0.73702,39.18539,4.596777966557092,1.7124207410499979,-27.999999522371493
6.15037,5.6793,55.16457,4709.94251,0.70537,39.15178,4.534355272957325,1.6891666452441676,-27.999999522371493
6.19921,5.71928,55.24952,4707.25128,0.67263,39.11871,4.475387172125215,1.6671994761400952,-27.999999522371493
6.24804,5.7592,55.33031,4704.60044,0.63887,39.08615,4.419834521593697,1.6465046521388995,-27.999999522371493
6.29687,5.79908,55.40685,4701.98836,0.60415,39.05408,4.3676576923106225,1.6270674103759517,-27.999999522371493
6.3457,5.83892,55.47901,4699.4134,0.56851,39.02247,4.318817066594346,1.608872992222435,-27.999999522371493
6.39452,5.87871,55.5467,4696.87391,0.53202,38.99129,4.273273487836649,1.5919068108115155,-27.999999522371493
6.44334,5.91845,55.60982,4694.3683,0.49472,38.96051,4.2309886651790976,1.576154601790934,-27.999999522371493
6.49215,5.95816,55.66827,4691.89493,0.45667,38.93011,4.191925536350529,1.5616025584895146,-27.999999522371493
6.54095,5.99781,55.72198,4689.4522,0.41793,38.90005,4.156048591722444,1.5482374526363272,-27.999999522371493
6.58975,6.03743,55.77087,4687.03851,0.37853,38.87032,4.123324162509561,1.5360467417229753,-27.999999522371493
6.63855,6.07701,55.81485,4684.65226,0.33853,38.84089,4.093720675882058,1.525018664039619,-27.999999522371493
6.68734,6.11654,55.85388,4682.29187,0.29799,38.81173,4.067208879577911,1.5151423223489808,-27.999999522371493
6.73613,6.15603,55.88789,4679.95574,0.25695,38.78281,4.043762038402407,1.5064077570875853,-27.999999522371493
6.78491,6.19548,55.91683,4677.64228,0.21547,38.7541,4.023356104802014,1.4988060099090126,-27.999999522371493
6.83369,6.23489,55.94065,4675.34992,0.17359,38.72559,4.0059698654897975,1.4923291783057235,-27.999999522371493
6.88246,6.27427,55.95931,4673.07706,0.13136,38.69725,3.9915850658769765,1.486970461963091,-27.999999522371493
6.93123,6.3136,55.97278,4670.82211,0.08883,38.66905,3.9801865138517734,1.4827242014197488,-27.999999522371493
6.97999,6.35289,55.98103,4668.58347,0.04605,38.64096,3.9717621642118957,1.4795859095209154,-27.999999522371493
7.02875,6.39215,55.98403,4666.35955,0.00307,38.61296,3.966303184851641,1.477552296074829,-27.999999522371493
7.07751,6.43137,55.98177,4664.14873,-0.04007,38.58503,3.963804005562435,1.476621286032235,-27.999999522371493
7.12626,6.47054,55.97424,4661.94939,-0.08331,38.55714,3.9642623500994794,1.4767920314320544,-27.999999522371493
7.17501,6.50968,55.96144,4659.7599,-0.1266,38.52926,3.967679251927044,1.4780649172669202,-27.999999522371493
7.22375,6.54879,55.94336,4657.57861,-0.16991,38.50136,3.9740590538468696,1.4804415613447464,-27.999999522371493
7.27249,6.58785,55.92,4655.40387,-0.21318,38.47343,3.9834093914893685,1.4839248081387673,-27.999999522371493
7.32123,6.62688,55.8914,4653.23399,-0.25635,38.44544,3.9957411604180226,1.4885187165330593,-27.999999522371493
7.36996,6.66587,55.85755,4651.06727,-0.2994,38.41735,4.011068466385707,1.4942285412917133,-27.999999522371493
7.41869,6.70482,55.8185,4648.902,-0.34225,38.38915,4.02940855805789,1.5010607079964553,-27.999999522371493
7.46742,6.74373,55.77426,4646.73644,-0.38487,38.36081,4.050781741304603,1.509022781118153,-27.999999522371493
7.51614,6.7826,55.72487,4644.56881,-0.4272,38.33229,4.075211273932115,1.5181234248015896,-27.999999522371493
7.56486,6.82144,55.67038,4642.39733,-0.4692,38.30358,4.102723239518112,1.5283723558657543,-27.999999522371493
7.61357,6.86024,55.61084,4640.22018,-0.51081,38.27465,4.133346398815367,1.539780288447796,-27.999999522371493
7.66229,6.899,55.54629,4638.03549,-0.55199,38.24546,4.167112016940849,1.5523588696264201,-27.999999522371493
7.71099,6.93772,55.47681,4635.8414,-0.59267,38.21599,4.204053664414549,1.566120605303617,-27.999999522371493
7.7597,6.9764,55.40246,4633.63598,-0.63282,38.18622,4.244206989869382,1.5810787755331193,-27.999999522371493
7.8084,7.01504,55.32331,4631.4173,-0.67237,38.1561,4.287609462113713,1.5972473384319072,-27.999999522371493
7.8571,7.05364,55.23944,4629.18336,-0.71128,38.12562,4.334300079019097,1.6146408217332295,-27.999999522371493
7.9058,7.0922,55.15094,4626.93215,-0.74948,38.09475,4.384319040592461,1.6332742009973937,-27.999999522371493
7.95449,7.13072,55.0579,4624.66162,-0.78693,38.06345,4.43770738343045,1.653162763436387,-27.999999522371493
8.00319,7.1692,54.96043,4622.36966,-0.82356,38.03169,4.4945065736820045,1.6743219562817306,-27.999999522371493
8.05187,7.20764,54.85862,4620.05417,-0.85933,37.99945,4.5547580555736245,1.696767218598258,-27.999999522371493
8.10056,7.24604,54.7526,4617.71296,-0.89418,37.96668,4.618502752530434,1.720513795438589,-27.999999522371493
8.14924,7.28439,54.64248,4615.34383,-0.92804,37.93337,4.685780517969908,1.745576533249339,-27.999999522371493
8.19792,7.3227,54.52838,4612.94455,-0.96086,37.89947,4.756629532927674,1.7719696554708821,-27.999999522371493
8.2466,7.36096,54.41045,4610.51284,-0.99259,37.86496,4.831085647866373,1.7997065173438356,-27.999999522371493
8.29528,7.39918,54.28883,4608.04639,-1.02315,37.8298,4.909181666237199,1.82879933901688,-27.999999522371493
8.34395,7.43736,54.16365,4605.54286,-1.0525,37.79395,4.990946567758946,1.8592589161977677,-27.999999522371493
8.39262,7.47548,54.03509,4602.99988,-1.08057,37.75739,5.076404669774495,1.8910943077365499,-27.999999522371493
8.44129,7.51356,53.90329,4600.41504,-1.10731,37.72008,5.165574725691422,1.9243124997709808,-27.999999522371493
8.48996,7.55159,53.76844,4597.78593,-1.13264,37.68198,5.258468960171166,1.9589180463090965,-27.999999522371493
8.53863,7.58957,53.6307,4595.1101,-1.15651,37.64307,5.355092041625044,1.9949126864569453,-27.999999522371493
8.58729,7.6275,53.49026,4592.38509,-1.17885,37.6033,5.455439993575125,2.0322949388718716,-27.999999522371493
8.63595,7.66538,53.34732,4589.60843,-1.19962,37.56264,5.5594990476410375,2.0710596744699186,-27.999999522371493
8.68461,7.7032,53.20207,4586.77765,-1.21873,37.52106,5.667244442266314,2.1111976689197856,-27.999999522371493
8.73326,7.74097,53.05472,4583.89028,-1.23614,37.47852,5.778639172843633,2.152695137031596,-27.999999522371493
8.78192,7.77869,52.90548,4580.94384,-1.25179,37.43499,5.893632700635749,2.1955332517959723,-27.999999522371493
8.83057,7.81635,52.75457,4577.93589,-1.26561,37.39043,6.012159629769454,2.2396876515294752,-27.999999522371493
8.87922,7.85395,52.60221,4574.86402,-1.27755,37.34481,6.134138363665742,2.28512793935949,-27.999999522371493
8.92787,7.89149,52.44865,4571.72583,-1.28754,37.2981,6.2594697544682925,2.331817180100799,-27.999999522371493
8.97651,7.92897,52.29411,4568.51899,-1.29554,37.25026,6.388035761358733,2.3797114004427184,-27.999999522371493
9.02516,7.96639,52.13885,4565.24122,-1.3015,37.20127,6.519698136066073,2.4287590992667742,-27.999999522371493
9.0738,8.00374,51.98312,4561.89031,-1.30535,37.15109,6.654297156298027,2.4789007758165416,-27.999999522371493
9.12244,8.04103,51.82717,4558.46412,-1.30706,37.09969,6.791650430259087,2.530068484349179,-27.999999522371493
9.17107,8.07825,51.67127,4554.96063,-1.30657,37.04705,6.931551797701284,2.582185424747914,-27.999999522371493
9.21971,8.1154,51.51567,4551.37792,-1.30386,36.99315,7.073770355105973,2.6351655793766153,-27.999999522371493
9.26834,8.15248,51.36066,4547.71419,-1.29887,36.93796,7.218049634438286,2.688913407144213,-27.999999522371493
9.31697,8.18949,51.20651,4543.96779,-1.29157,36.88145,7.364106966370101,2.7433236062885045,-27.999999522371493
9.36559,8.22643,51.05349,4540.13723,-1.28195,36.82361,7.511633059884161,2.7982809577676258,-27.999999522371493
9.41421,8.26329,50.90188,4536.22118,-1.26997,36.76443,7.6602918305119285,2.8536602612741313,-27.999999522371493
9.46283,8.30007,50.75197,4532.21851,-1.25561,36.70389,7.809720509134425,2.909326375766172,-27.999999522371493
9.51145,8.33678,50.60403,4528.1283,-1.23887,36.64198,7.959530062072419,2.9651343759621422,-27.999999522371493
9.56006,8.3734,50.45836,4523.94984,-1.21974,36.5787,8.109305951116667,3.020929835471941,-27.999999522371493
9.60867,8.40994,50.31523,4519.68268,-1.19822,36.51403,8.258609258977062,3.076549246056396,-27.999999522371493
9.65728,8.4464,50.17491,4515.32659,-1.17432,36.448,8.406978201472828,3.131820580957894,-27.999999522371493
9.70588,8.48277,50.0377,4510.88163,-1.14806,36.38059,8.553930042444568,3.1865640082555076,-27.999999522371493
9.75448,8.51905,49.90386,4506.34814,-1.11947,36.31182,8.698963420981269,3.2405927578182845,-27.999999522371493
9.80307,8.55524,49.77367,4501.72674,-1.08857,36.2417,8.84156109309476,3.293714142651122,-27.999999522371493
9.85166,8.59133,49.64738,4497.01838,-1.05541,36.17026,8.981193081571494,3.345730732297435,-27.999999522371493
9.90021,8.62737,49.52644,4492.222,-0.9998,36.17877,9.115783093760742,3.3958690531142794,0.0
9.94871,8.66339,49.41232,4487.33803,-0.94176,36.18731,9.243155645890322,3.4433186801560938,0.0
9.99716,8.69938,49.30527,4482.37009,-0.88144,36.19587,9.362614505374449,3.487820248465692,0.0
10.04555,8.73534,49.20553,4477.32222,-0.81898,36.20446,9.473497491674069,3.5291270783692577,0.0
10.09387,8.77128,49.11335,4472.19889,-0.75457,36.21307,9.575179312526009,3.567006232046329,0.0
10.14214,8.80718,49.02891,4467.00491,-0.68837,36.2217,9.667079442179723,3.6012414483802764,0.0
10.19035,8.84306,48.9524,4461.74548,-0.62058,36.23036,9.748669646351528,3.6316359462017465,0.0
10.2385,8.87892,48.88398,4456.42611,-0.55139,36.23905,9.819480985656032,3.6580150332511434,0.0
10.28658,8.91474,48.82378,4451.05261,-0.48102,36.24775,9.879110135718316,3.680228460586708,0.0
10.33461,8.95053,48.77191,4445.63105,-0.40968,36.25648,9.927224874363498,3.6981524667070036,0.0
10.38256,8.98629,48.72844,4440.16773,-0.33759,36.26523,9.963568603821118,3.711691462191042,0.0
10.43046,9.02202,48.69344,4434.66911,-0.26498,36.274,9.987963798352274,3.7207793140300955,0.0
10.47829,9.05772,48.66692,4429.1418,-0.19209,36.28279,10.000314294343665,3.725380198747996,0.0
10.52605,9.09339,48.64889,4423.59248,-0.11914,36.2916,10.000606369568441,3.725489004454187,0.0
10.57376,9.12903,48.63931,4418.02791,-0.04636,36.30044,9.988908590032926,3.721131273790104,0.0
10.62139,9.16463,48.63814,4412.45481,0.026,36.30929,9.96537043509903,3.712362691751097,0.0
10.66896,9.2002,48.64529,4406.87988,0.09772,36.31817,9.930219743310783,3.6992681341896128,0.0
10.71646,9.23575,48.66065,4401.30971,0.16858,36.32706,9.883759051130182,3.6819603038979545,0.0
10.7639,9.27125,48.68409,4395.75077,0.23836,36.33598,9.826360923612246,3.6605779911618956,0.0
10.81127,9.30673,48.71545,4390.20935,0.30685,36.34492,9.75846239875649,3.635284004135418,0.0
10.85858,9.34218,48.75456,4384.69153,0.37383,36.35388,9.6805586854092,3.60626282114349,0.0
10.90582,9.37759,48.80121,4379.20317,0.43913,36.36286,9.593196267309608,3.5737180217578306,0.0
10.953,9.41297,48.85517,4373.74984,0.50255,36.37187,9.496965573369655,3.537869556283255,0.0
11.00011,9.44832,48.91621,4368.33682,0.56393,36.38089,9.392493376130732,3.4989509139828114,0.0
11.04716,9.48364,48.98406,4362.96906,0.6231,36.38994,9.280435077351653,3.457206249256314,0.0
11.09414,9.51893,49.05846,4357.6512,0.67992,36.39901,9.16146703182066,3.412887522058351,0.0
11.14106,9.55419,49.1391,4352.38752,0.73426,36.4081,9.036279048883209,3.3662517045200797,0.0
11.18791,9.58941,49.22568,4347.18195,0.78598,36.41722,8.905567196248008,3.317558100177637,0.0
11.23471,9.62461,49.31789,4342.03805,0.835,36.42636,8.770027013386196,3.267065815784768,0.0
11.28144,9.65978,49.4154,4336.95904,0.8812,36.43552,8.630347223167647,3.215031418731889,0.0
11.32811,9.69492,49.51787,4331.94775,0.92452,36.44471,8.487204010869267,3.161706805826154,0.0
11.37472,9.73003,49.62497,4327.00667,0.96489,36.45393,8.341255920396131,3.1073373019995363,0.0
11.42127,9.76512,49.73635,4322.13796,1.00224,36.46317,8.193139398850626,3.052160000543605,0.0
11.46776,9.80018,49.85166,4317.34342,1.03654,36.47244,8.043465003219493,2.996402350000644,0.0
11.51419,9.83521,49.97054,4312.62453,1.06776,36.48173,7.8928142672158215,2.9402809869798503,0.0
11.56057,9.87022,50.09264,4307.98247,1.09588,36.49105,7.741737212575649,2.8840008090498417,0.0
11.60689,9.9052,50.2176,4303.41811,1.12089,36.5004,7.590750477452783,2.8277542775164792,0.0
11.65315,9.94016,50.34507,4298.93206,1.1428,36.50978,7.440336025216583,2.7717209364160693,0.0
11.69936,9.97509,50.4747,4294.52466,1.16161,36.51919,7.290940389686854,2.7160671313455005,0.0
11.74552,10.01,50.60614,4290.196,1.17734,36.52863,7.142974407753486,2.6609459098560264,0.0
11.79162,10.04489,50.73904,4285.94595,1.19003,36.5381,6.996813387096879,2.606497083933535,0.0
11.83767,10.07976,50.87306,4281.77417,1.19971,36.5476,6.852797655252481,2.552847434539537,0.0
11.88367,10.1146,51.00787,4277.68013,1.20642,36.55713,6.711233436247572,2.5001110381814344,0.0
11.92962,10.14943,51.14315,4273.66314,1.21021,36.56669,6.572394002340416,2.448389695965654,0.0
11.97552,10.18424,51.27855,4269.72232,1.21113,36.57629,6.436521050625426,2.3977734464193006,0.0
12.02137,10.21903,51.41378,4265.85669,1.20925,36.58592,6.303826257328392,2.3483411445060165,0.0
12.06717,10.2538,51.54853,4262.06511,1.20462,36.59558,6.174492966259242,2.3001610906190657,0.0
12.11293,10.28855,51.68249,4258.34635,1.19731,36.60528,6.0486779718473525,2.253291694808901,0.0
12.15864,10.32329,51.81537,4254.69907,1.1874,36.61501,5.926513361405923,2.207782163075115,0.0
12.2043,10.35801,51.9469,4251.12185,1.17495,36.62478,5.808108385528825,2.1636731941384815,0.0
12.24992,10.39271,52.0768,4247.6132,1.16003,36.63458,5.69355132970415,2.1209976766662453,0.0
12.2955,10.4274,52.20479,4244.17155,1.14274,36.64443,5.582911364302984,2.079781378441619,0.0
12.34103,10.46208,52.33064,4240.7953,1.12314,36.6543,5.476240353920091,2.04004362039079,0.0
12.38652,10.49674,52.45409,4237.48279,1.10131,36.66422,5.373574610590498,2.001797929702235,0.0
12.43197,10.53139,52.5749,4234.23232,1.07733,36.67417,5.274936578669915,1.9650526674890005,0.0
12.47738,10.56602,52.69285,4231.04218,1.05129,36.68416,5.18033644207119,1.9298116275265782,0.0
12.52275,10.60065,52.80772,4227.91062,1.02327,36.69419,5.089773647177293,1.8960746035780587,0.0
12.56808,10.63526,52.91929,4224.83587,0.99334,36.70426,5.0032383369716,1.863837923645394,0.0
12.61337,10.66986,53.02738,4221.81617,0.96158,36.71437,4.920712693921742,1.8330949502289708,0.0
12.65862,10.70445,53.13178,4218.84972,0.92808,36.72451,4.842172190777226,1.8038365462826282,0.0
12.70384,10.73903,53.23232,4215.93475,0.89292,36.7347,4.767586749842371,1.7760515070733356,0.0
12.74901,10.7736,53.32883,4213.06945,0.85618,36.74493,4.696921812387262,1.7497269585649025,0.0
12.79415,10.80817,53.42113,4210.25204,0.81793,36.7552,4.630139320772269,1.7248487232852099,0.0
12.83926,10.84272,53.50908,4207.48073,0.77826,36.76551,4.567198616541375,1.7014016548896043,0.0
12.88432,10.87727,53.59253,4204.75373,0.73724,36.77586,4.5080572582608225,1.6793699428273092,0.0
12.92936,10.91181,53.67134,4202.06927,0.69494,36.78625,4.452671763223711,1.6587373886459058,0.0
12.97435,10.94634,53.74539,4199.42556,0.65146,36.79668,4.400998277370786,1.639487655554452,0.0
13.01932,10.98086,53.81454,4196.82084,0.60685,36.80716,4.352993177880814,1.6216044929042515,0.0
13.06425,11.01538,53.8787,4194.25334,0.5612,36.81768,4.308613612893514,1.6050719372498505,0.0
13.10914,11.04989,53.93775,4191.72131,0.51458,36.82824,4.267817982762402,1.5898744916283813,0.0
13.15401,11.08439,53.99161,4189.22298,0.46706,36.83884,4.230566367090436,1.5759972846415762,0.0
13.19884,11.11889,54.04017,4186.7566,0.41872,36.84949,4.196820901631654,1.5634262108615462,0.0
13.24363,11.15339,54.08337,4184.32043,0.36962,36.86017,4.166546108903308,1.5521480539924994,0.0
13.2884,11.18787,54.12113,4181.91271,0.31984,36.87091,4.139709186078381,1.5421505941182774,0.0
13.33313,11.22236,54.15338,4179.5317,0.26945,36.88168,4.11628025347509,1.533422700271234,0.0
13.37783,11.25684,54.18008,4177.17564,0.21852,36.8925,4.096232566630257,1.5259544094351463,0.0
13.4225,11.29131,54.20116,4174.84279,0.16711,36.90336,4.079542694625362,1.5197369929763613,0.0
13.46714,11.32579,54.21659,4172.53137,0.1153,36.91427,4.066190667028519,1.514763011383548,0.0
13.51175,11.36025,54.22634,4170.23962,0.06316,36.92521,4.056160091464384,1.5110263580655805,0.0
13.55633,11.39472,54.23038,4167.96576,0.01075,36.93621,4.049438243495521,1.5085222928347146,0.0
13.60087,11.42918,54.22868,4165.70802,-0.04185,36.94724,4.046016130162671,1.507247465577007,0.0
13.64539,11.46363,54.22125,4163.46458,-0.09459,36.95832,4.045888528194806,1.5071999304865678,0.0
13.68987,11.49809,54.20806,4161.23363,-0.14738,36.96945,4.049053997564176,1.5083791511151696,0.0
13.73433,11.53254,54.18914,4159.01333,-0.20017,36.98061,4.055514870717466,1.510785996360574,0.0
13.77877,11.56697,54.16383,4156.80329,-0.26486,36.9486,4.065653081731884,1.5145627467158307,-30.999999471197007
13.8232,11.60136,54.1315,4154.60278,-0.32945,36.91646,4.079859138492584,1.519854876643041,-30.999999471197007
13.86763,11.63572,54.09217,4152.4095,-0.39386,36.88417,4.098157624606513,1.5266715441826255,-30.999999471197007
13.91205,11.67004,54.04588,4150.22109,-0.458,36.85168,4.120580314182607,1.5350245860261906,-30.999999471197007
13.95647,11.70432,53.99266,4148.03517,-0.52182,36.81893,4.147166256911664,1.5449285492110172,-30.999999471197007
14.00088,11.73856,53.93256,4145.84931,-0.58523,36.7859,4.177961649463479,1.5564006432121122,-30.999999471197007
14.04529,11.77277,53.86564,4143.66102,-0.64816,36.75252,4.213019680165303,1.569460682080845,-30.999999471197007
14.0897,11.80693,53.79196,4141.46778,-0.71054,36.71876,4.252400342997052,1.5841310151532715,-30.999999471197007
14.1341,11.84106,53.71159,4139.267,-0.77228,36.68457,4.296170216280629,1.6004364446060813,-30.999999471197007
14.1785,11.87515,53.62462,4137.05604,-0.83331,36.6499,4.34440220082201,1.6184041279076367,-30.999999471197007
14.22289,11.9092,53.53112,4134.83221,-0.89354,36.61469,4.397175211586488,1.638063462958886,-30.999999471197007
14.26729,11.94321,53.43121,4132.59272,-0.9529,36.57891,4.454573816319399,1.659445953470079,-30.999999471197007
14.31167,11.97718,53.32498,4130.33473,-1.0113,36.54249,4.516687813855491,1.6825850518699084,-30.999999471197007
14.35606,12.01111,53.21255,4128.05534,-1.06865,36.50539,4.58361174417354,1.7075159767879649,-30.999999471197007
14.40044,12.04499,53.09405,4125.75156,-1.12488,36.46755,4.655444321609879,1.7342755019118634,-30.999999471197007
14.44482,12.07883,52.96961,4123.42031,-1.17989,36.42892,4.7322877820018885,1.7629017127810143,-30.999999471197007
14.48919,12.11263,52.83938,4121.05846,-1.23359,36.38944,4.814247133961574,1.7934337278663328,-30.999999471197007
14.53356,12.14639,52.70351,4118.66277,-1.28589,36.34905,4.901429303954098,1.825911380089497,-30.999999471197007
14.57793,12.1801,52.56216,4116.22992,-1.33669,36.3077,4.993942164464962,1.8603748547896521,-30.999999471197007
14.6223,12.21376,52.4155,4113.75653,-1.3859,36.26532,5.0918934342174245,1.8968642800254611,-30.999999471197007
14.66666,12.24737,52.26373,4111.23911,-1.43343,36.22185,5.195389439341033,1.9354192650777904,-30.999999471197007
14.71103,12.28094,52.10704,4108.67409,-1.47916,36.17723,5.304533724435714,1.976078383034534,-30.999999471197007
14.75539,12.31445,51.94562,4106.05782,-1.52301,36.1314,5.419425502864466,2.01887859348387,-30.999999471197007
14.79975,12.34791,51.77971,4103.38658,-1.56485,36.08429,5.540157936294302,2.0638546015979924,-30.999999471197007
14.8441,12.38132,51.60953,4100.65657,-1.6046,36.03583,5.666816234542767,2.111038150275941,-30.999999471197007
14.88846,12.41468,51.43532,4097.8639,-1.64214,35.98595,5.799475568312837,2.1604572425824347,-30.999999471197007
14.93281,12.44798,51.25732,4095.00463,-1.67736,35.93459,5.938198789413932,2.212135292470214,-30.999999471197007
14.97716,12.48122,51.07581,4092.07477,-1.71016,35.88168,6.083033955675541,2.26609020274524,-30.999999471197007
15.02151,12.5144,50.89105,4089.07026,-1.74041,35.82714,6.234011661033982,2.322333370453766,-30.999999471197007
15.06586,12.54752,50.70333,4085.98702,-1.76802,35.7709,6.391142175244604,2.380868621349874,-30.999999471197007
15.1102,12.58057,50.51296,4082.82091,-1.79287,35.7129,6.554412402459952,2.4416910768858138,-30.999999471197007
15.15455,12.61356,50.32023,4079.56782,-1.81485,35.65306,6.723782673477613,2.504785959239928,-30.999999471197007
15.19889,12.64648,50.12547,4076.2236,-1.83385,35.5913,6.899183392886628,2.5701273422904674,-30.999999471197007
15.24324,12.67934,49.92901,4072.78416,-1.84976,35.52756,7.0805115696245355,2.6376768591568087,-30.999999471197007
15.28758,12.71211,49.73119,4069.24542,-1.86246,35.46177,7.267627267509316,2.707382379929206,-30.999999471197007
15.33192,12.74482,49.53237,4065.60337,-1.87187,35.39386,7.460350021057163,2.7791766764666086,-30.999999471197007
15.37626,12.77745,49.33291,4061.85409,-1.87787,35.32376,7.658455271302535,2.852976094645851,-30.999999471197007
15.4206,12.80999,49.13319,4057.99378,-1.88036,35.25141,7.861670886022599,2.9286792580536987,-30.999999471197007
15.46493,12.84246,48.93358,4054.01876,-1.87926,35.17674,8.069673838698918,3.006165830812693,-30.999999471197007
15.50927,12.87484,48.73448,4049.92555,-1.87448,35.0997,8.282087130175062,3.085295370817621,-30.999999471197007
15.5536,12.90713,48.5363,4045.71086,-1.86593,35.02023,8.498477046073056,3.1659063080509724,-30.999999471197007
15.59793,12.93933,48.33942,4041.37163,-1.85355,34.93828,8.71835085104969,3.247815085632757,-30.999999471197007
15.64227,12.97144,48.14428,4036.9051,-1.83728,34.8538,8.941155027334261,3.330815503629456,-30.999999471197007
15.6866,13.00345,47.95128,4032.3088,-1.81705,34.76677,9.166274169279658,3.414678307245227,-30.999999471197007
15.73092,13.03536,47.76085,4027.58061,-1.79282,34.67714,9.39303064705903,3.499151061540051,-30.999999471197007
15.77525,13.06717,47.57341,4022.71881,-1.76458,34.58489,9.620685150685915,3.583958354091556,-30.999999471197007
15.81957,13.09887,47.38938,4017.7221,-1.7323,34.49,9.848438219592017,3.668802364802979,-30.999999471197007
15.86389,13.13046,47.20918,4012.58964,-1.69598,34.39247,10.075432852562626,3.753363838172778,-30.999999471197007
15.90821,13.16195,47.03325,4007.32107,-1.65564,34.2923,10.300758277582005,3.8373034876612424,-30.999999471197007
15.95252,13.19331,46.86198,4001.91658,-1.6113,34.18949,10.523454940719734,3.9202638541819015,-30.999999471197007
15.99683,13.22456,46.69579,3996.37691,-1.56303,34.08408,10.742520747832687,4.001871631299761,-30.999999471197007
16.04114,13.25569,46.53509,3990.70339,-1.51087,33.97609,10.956918562561333,4.081740458432195,-30.999999471197007
16.08544,13.28669,46.38026,3984.89794,-1.45493,33.86557,11.165584929701335,4.159474170534397,-30.999999471197007
16.12974,13.31757,46.23167,3978.96312,-1.39531,33.75257,11.367439955171399,4.23467047864736,-30.999999471197007
16.17403,13.34831,46.08971,3972.90212,-1.33214,33.63717,11.561398233816798,4.3069250407922235,-30.999999471197007
16.21831,13.37893,45.9547,3966.71877,-1.26556,33.51945,11.746380675614825,4.37583586754296,-30.999999471197007
16.26259,13.40941,45.82698,3960.41755,-1.19574,33.3995,11.921327041190818,4.44100799183593,-30.999999471197007
16.30686,13.43975,45.70686,3954.00354,-1.12287,33.27742,12.085208960768437,4.502058318871411,-30.999999471197007
16.35112,13.46995,45.59462,3947.48245,-1.04715,33.15333,12.237043178863138,4.5586205601104,-30.999999471197007
16.39537,13.5,45.49052,3940.8606,-0.96881,33.02737,12.37590474184151,4.610350145987459,-30.999999471197007
16.43962,13.52991,45.3948,3934.14482,-0.88809,32.89967,12.500939828874287,4.656929005778307,-30.999999471197007
16.48385,13.55968,45.30765,3927.34249,-0.80524,32.77038,12.61137792004127,4.698070100539069,-30.999999471197007
16.52807,13.5893,45.22927,3920.46147,-0.72056,32.63966,12.706542999559257,4.733521596603459,-30.999999471197007
16.57229,13.61876,45.15979,3913.51,-0.6343,32.50768,12.785863507552437,4.763070572879091,-30.999999471197007
16.61648,13.64808,45.09933,3906.49673,-0.54679,32.37461,12.848880780541032,4.786546165151585,-30.999999471197007
16.66067,13.67724,45.04797,3899.43057,-0.45831,32.24063,12.895255758066615,4.803822064478961,-30.999999471197007
16.70484,13.70625,45.00577,3892.32069,-0.36919,32.10593,12.924773779104518,4.814818303981456,-30.999999471197007
16.749,13.7351,44.97273,3885.17641,-0.27974,31.97069,12.937347345634768,4.819502288344419,-30.999999471197007
16.79314,13.7638,44.94885,3878.00715,-0.19027,31.83511,12.933016789111983,4.817889042095883,-30.999999471197007
16.83726,13.79234,44.93407,3870.82235,-0.10112,31.69936,12.911948836503907,4.810040675418179,-30.999999471197007
16.88137,13.82073,44.92832,3863.63142,-0.01259,31.56365,12.874433133054522,4.796065088785718,-30.999999471197007
16.92546,13.84897,44.93149,3856.44362,0.07501,31.42816,12.820876836284203,4.776113959087798,-30.999999471197007
16.96953,13.87704,44.94342,3849.26806,0.16137,31.29306,12.751797447754434,4.7503800692723575,-30.999999471197007
17.01358,13.90497,44.96395,3842.11359,0.24619,31.15854,12.667814093421963,4.719094060048468,-30.999999471197007
17.05761,13.93274,44.99287,3834.98878,0.3292,31.02477,12.569637498587497,4.682520695290951,-30.999999471197007
17.10162,13.96036,45.02997,3827.90183,0.41011,30.89191,12.45805892835212,4.640954742069403,-30.999999471197007
17.14561,13.98783,45.07498,3820.86056,0.48869,30.76012,12.333938378676518,4.594716571507029,-30.999999471197007
17.18958,14.01514,45.12764,3813.87235,0.56467,30.62954,12.198192306725442,4.544147588011142,-30.999999471197007
17.23352,14.04231,45.18764,3806.94411,0.63786,30.50031,12.05178118270236,4.489605592004022,-30.999999471197007
17.27745,14.06934,45.25467,3800.08227,0.70802,30.37256,11.895697130052048,4.431460175573189,-30.999999471197007
17.32135,14.09622,45.3284,3793.29274,0.77499,30.2464,11.730951898028634,4.370088241936532,-30.999999471197007
17.36522,14.12295,45.40847,3786.5809,0.83859,30.12193,11.558565381735809,4.305869728855231,-30.999999471197007
17.40908,14.14955,45.49453,3779.95161,0.89868,29.99926,11.379554871921428,4.239183603899391,-30.999999471197007
17.45291,14.176,45.5862,3773.40921,0.95512,29.87846,11.194925181248372,4.170404186224148,-30.999999471197007
17.49671,14.20233,45.6831,3766.9575,1.0078,29.7596,11.005659757645086,4.099897836058919,-30.999999471197007
17.54049,14.22851,45.78484,3760.59976,1.05664,29.64275,10.812712859756491,4.028020039856995,-30.999999471197007
17.58425,14.25457,45.89102,3754.33879,1.10155,29.52795,10.617002835834366,3.955112906505359,-30.999999471197007
17.62798,14.2805,46.00123,3748.17687,1.14248,29.41524,10.419406516620146,3.8815030785260025,-30.999999471197007
17.67169,14.3063,46.11508,3742.11585,1.1794,29.30466,10.220754705655711,3.8075000520980304,-30.999999471197007
17.71537,14.33198,46.23217,3736.15711,1.21228,29.19621,10.021828727194528,3.7333948910637393,-30.999999471197007
17.75903,14.35754,46.35208,3730.30163,1.2411,29.08991,9.823357973115066,3.6594593130893136,-30.999999471197007
17.80266,14.38298,46.47443,3724.54999,1.26589,28.98577,9.62601837554433,3.5859451206769073,-30.999999471197007
17.84627,14.4083,46.5988,3718.90241,1.28665,28.88378,9.430431721456356,3.5130839458345493,-30.999999471197007
17.88985,14.43351,46.72481,3713.35875,1.30341,28.78392,9.237165718725603,3.4410872746827668,-30.999999471197007
17.93341,14.45861,46.85207,3707.91858,1.31623,28.68618,9.046734719828153,3.3701467170523305,-30.999999471197007
17.97695,14.4836,46.9802,3702.58119,1.32514,28.59052,8.859601008993298,3.3004344859820813,-30.999999471197007
18.02046,14.50849,47.10883,3697.34558,1.33022,28.49692,8.676176560696815,3.232104052803947,-30.999999471197007
18.06395,14.53327,47.23758,3692.21056,1.33153,28.40535,8.496825181397586,3.1652909449961846,-30.999999471197007
18.10741,14.55795,47.3661,3687.17469,1.32915,28.31575,8.321864952019142,3.100113656072023,-30.999999471197007
18.15086,14.58253,47.49405,3682.23637,1.32317,28.22809,8.151570895255484,3.036674639221259,-30.999999471197007
18.19427,14.60702,47.62108,3677.39382,1.31367,28.14231,7.986177799121487,2.97506135915708,-30.999999471197007
18.23767,14.63141,47.74686,3672.64513,1.30075,28.05837,7.825883135837731,2.9153473794774567,-30.999999471197007
18.28104,14.65572,47.87109,3667.98826,1.2845,27.97621,7.670850022877363,2.857593465733016,-30.999999471197007
18.32439,14.67993,47.99344,3663.42105,1.26503,27.89578,7.521210180600642,2.801848687223727,-30.999999471197007
18.36772,14.70405,48.11362,3658.94126,1.24244,27.81701,7.377066848201204,2.748151503265604,-30.999999471197007
18.41103,14.72809,48.23135,3654.54658,1.21684,27.73985,7.238497626477879,2.6965308221980124,-30.999999471197007
18.45431,14.75205,48.34636,3650.23462,1.18834,27.66423,7.105557222242587,2.647007023747814,-30.999999471197007
18.49758,14.77592,48.45838,3646.00295,1.15705,27.5901,6.978280074860345,2.5995929374846325,-30.999999471197007
18.54082,14.79972,48.56715,3641.84908,1.12308,27.51739,6.856682850455686,2.5542947719783693,-30.999999471197007
18.58404,14.82343,48.67244,3637.77051,1.08654,27.44603,6.7407667937597155,2.51111299092411,-30.999999471197007
18.62724,14.84707,48.77402,3633.7647,1.04755,27.37597,6.6305199313996015,2.4700431339254396,-30.999999471197007
18.67042,14.87064,48.87167,3629.8291,1.00621,27.30715,6.525919123660243,2.431076580829637,-30.999999471197007
18.71358,14.89413,48.96518,3625.96113,0.96263,27.23948,6.426931964454735,2.3942012595166764,-30.999999471197007
18.75673,14.91755,49.05436,3622.15823,0.91694,27.17293,6.3335185314193305,2.3594022978556413,-30.999999471197007
18.79985,14.94089,49.13901,3618.4178,0.86924,27.10741,6.245632989837389,2.326662621208598,-30.999999471197007
18.84295,14.96417,49.21898,3614.73727,0.81964,27.04287,6.163225055399751,2.2959634973473273,-30.999999471197007
18.88603,14.98738,49.29409,3611.11407,0.76825,26.97924,6.086241321841811,2.267285031033058,-30.999999471197007
18.9291,15.01052,49.36418,3607.54561,0.71518,26.91646,6.0146264601661015,2.240606610758441,-30.999999471197007
18.97215,15.0336,49.42913,3604.02931,0.66054,26.85447,5.9483242966091465,2.2159073103185594,-30.999999471197007
19.01518,15.05661,49.48879,3600.56262,0.60444,26.7932,5.887278776691892,2.1931662479450855,-30.999999471197007
19.05819,15.07956,49.54304,3597.14295,0.54697,26.7326,5.831434822745482,2.172362905757188,-30.999999471197007
19.10118,15.10244,49.59177,3593.76776,0.48826,26.67261,5.780739092134909,2.1534774122197984,-30.999999471197007
19.14416,15.12526,49.63488,3590.43449,0.42839,26.61316,5.735140643183502,2.1364907902180006,-30.999999471197007
19.18711,15.14802,49.67228,3587.14057,0.36748,26.55418,5.69459151541166,2.121385173211226,-30.999999471197007
19.23005,15.17071,49.70388,3583.88345,0.30564,26.49564,5.659047230295162,2.1081439917789035,-30.999999471197007
19.27298,15.19335,49.72961,3580.66056,0.24295,26.43745,5.628467218204995,2.096752132666774,-30.999999471197007
19.31589,15.21592,49.7494,3577.46935,0.17952,26.37956,5.602815176715082,2.0871960722659484,-30.999999471197007
19.35878,15.23844,49.76322,3574.30724,0.11546,26.32192,5.582059364814691,2.0794639862147744,-30.999999471197007
19.40165,15.2609,49.771,3571.17164,0.05087,26.26446,5.566172837005163,2.0735458366060215,-30.999999471197007
19.44451,15.28329,49.77272,3568.05998,-0.01416,26.20712,5.555133620630524,2.0694334380472044,-30.999999471197007
19.48735,15.30563,49.76835,3564.96965,-0.07953,26.14985,5.548924839160268,2.067120503586662,-30.999999471197007
19.53018,15.32791,49.75787,3561.89801,-0.14512,26.09258,5.547534783521278,2.066602671286573,-30.999999471197007
19.57299,15.35013,49.74128,3558.84242,-0.21086,26.03526,5.5509569329458905,2.067877511989412,-30.999999471197007
19.61578,15.37229,49.71858,3555.80023,-0.27662,25.97782,5.559189926160957,2.0709445185851125,-30.999999471197007
19.65856,15.39439,49.68979,3552.76873,-0.34232,25.92021,5.572237483161166,2.0758050768695764,-30.999999471197007
19.70132,15.41644,49.65491,3549.7452,-0.40786,25.86236,5.59010827716358,2.082462417844365,-30.999999471197007
19.74407,15.43842,49.61399,3546.7269,-0.47312,25.80422,5.6128157557745055,2.0909215510966557,-30.999999471197007
19.7868,15.46035,49.56707,3543.71103,-0.53802,25.74572,5.640377909814322,2.101189178680406,-30.999999471197007
19.82952,15.48222,49.51418,3540.69476,-0.60245,25.6868,5.672816987690122,2.113273588712649,-30.999999471197007
19.87222,15.50402,49.4554,3537.67525,-0.66631,25.62739,5.710159152683874,2.127184527704315,-30.999999471197007
19.9149,15.52577,49.39079,3534.64957,-0.72949,25.56744,5.752434080022588,2.142933050458268,-30.999999471197007
19.95758,15.54746,49.32042,3531.61479,-0.79189,25.50689,5.799674490152989,2.16053134620184,-30.999999471197007
20.00023,15.56908,49.24439,3528.5679,-0.85341,25.44566,5.851915614211549,2.1799925394603537,-30.999999471197007
20.04287,15.59065,49.16279,3525.50587,-0.91394,25.38369,5.909194587367552,2.201330464061452,-30.999999471197007
20.0855,15.61215,49.07573,3522.42561,-0.97337,25.32092,5.971549765433824,2.2245594085546156,-30.999999471197007
20.12811,15.63359,48.98332,3519.32398,-1.0316,25.25729,6.039019959922904,2.2496938312494565,-30.999999471197007
20.1707,15.65496,48.88568,3516.1978,-1.08852,25.19271,6.111643586699963,2.2767480430665334,-30.999999471197007
20.21328,15.67627,48.78297,3513.04382,-1.14402,25.12713,6.1894577233843435,2.3057358563946235,-30.999999471197007
20.25584,15.69751,48.67531,3509.85877,-1.19799,25.06047,6.27249707086495,2.3366701982278775,-30.999999471197007
20.29839,15.71869,48.56288,3506.63932,-1.25032,24.99267,6.360792814648115,2.369562685987945,-30.999999471197007
20.34092,15.7398,48.44582,3503.38209,-1.30089,24.92365,6.454371382316554,2.404423164644739,-30.999999471197007
20.38344,15.76084,48.32433,3500.08368,-1.34959,24.85335,6.553253094163523,2.4412592040421566,-30.999999471197007
20.42594,15.78181,48.19858,3496.74062,-1.39632,24.7817,6.657450705095258,2.4800755557183733,-30.999999471197007
20.46842,15.80271,48.06877,3493.34943,-1.44096,24.70861,6.766967837229182,2.520873569007431,-30.999999471197007
20.51089,15.82353,47.93511,3489.90659,-1.48338,24.63402,6.881797304225398,2.563650566808635,-30.999999471197007
20.55334,15.84428,47.79781,3486.40858,-1.52349,24.55786,7.001919330360973,2.6083991821448627,-30.999999471197007
20.59578,15.86496,47.65711,3482.85183,-1.56116,24.48005,7.127299669690703,2.6551066575004594,-30.999999471197007
20.63819,15.88555,47.51323,3479.23281,-1.59629,24.40052,7.257887633316453,2.7037541099271656,-30.999999471197007
20.6806,15.90607,47.36643,3475.54795,-1.62876,24.3192,7.393614035884755,2.754315766060438,-30.999999471197007
20.72298,15.92651,47.21696,3471.79372,-1.65846,24.23602,7.534389075902324,2.8067581724812087,-30.999999471197007
20.76534,15.94686,47.06508,3467.96663,-1.68528,24.1509,7.680100168243517,2.8610393882678813,-30.999999471197007
20.80769,15.96713,46.91108,3464.0632,-1.70912,24.06377,7.830609751462694,2.917108168162497,-30.999999471197007
20.85002,15.98731,46.75523,3460.08003,-1.72987,23.97458,7.985753096889938,2.9749031464012394,-30.999999471197007
20.89233,16.0074,46.59782,3456.01379,-1.74743,23.88324,8.145336151215792,3.034352033020485,-30.999999471197007
20.93462,16.02741,46.43917,3451.86125,-1.76171,23.7897,8.30913344899193,3.0953708362083807,-30.999999471197007
20.97689,16.04731,46.27957,3447.61927,-1.77261,23.6939,8.476886136260827,3.15786312605489,-30.999999471197007
21.01914,16.06713,46.11934,3443.28486,-1.78005,23.59577,8.648300151101388,3.2217193567571707,-30.999999471197007
21.06137,16.08684,45.9588,3438.85518,-1.78394,23.49525,8.823044611148298,3.2868162659281026,-30.999999471197007
21.10357,16.10646,45.79829,3434.32756,-1.78422,23.39231,9.000750461827739,3.3530163710285303,-30.999999471197007
21.14576,16.12598,45.63813,3429.69953,-1.78082,23.28689,9.181009441945294,3.4201675840215335,-30.999999471197007
21.18792,16.14538,45.47866,3424.96885,-1.77368,23.17895,9.36337342518671,3.4881029660641416,-30.999999471197007
21.23006,16.16469,45.32022,3420.13353,-1.76275,23.06846,9.547354196642592,3.556640644256896,-30.999999471197007
21.27218,16.18388,45.16315,3415.19185,-1.748,22.95538,9.732423722536652,3.625583912124723,-30.999999471197007
21.31427,16.20296,45.0078,3410.14237,-1.72941,22.83969,9.918014968610443,3.6947215344867863,-30.999999471197007
21.35632,16.22198,44.85612,3404.97987,-1.67089,22.85149,10.101214468868404,3.762968168601832,0.0
21.3983,16.24098,44.71008,3399.70112,-1.6079,22.86329,10.278895882634599,3.8291591703091012,0.0
21.44021,16.25997,44.57007,3394.30834,-1.54055,22.8751,10.450092355033378,3.892934360727932,0.0
21.48206,16.27895,44.43644,3388.80436,-1.46901,22.88691,10.613847255436305,3.9539373697787643,0.0
21.52383,16.29791,44.30955,3383.19254,-1.39348,22.89872,10.769216043794417,4.011816331441016,0.0
21.56553,16.31685,44.18972,3377.47685,-1.31416,22.91053,10.915277652236448,4.066228123697884,0.0
21.60716,16.33578,44.07726,3371.6618,-1.2313,22.92235,11.051146172605334,4.116842722451219,0.0
21.64872,16.35469,43.97246,3365.75245,-1.14513,22.93416,11.175982606093164,4.163347578569684,0.0
21.6902,16.37358,43.87555,3359.75438,-1.05596,22.94597,11.289006412594928,4.205451920326918,0.0
21.73161,16.39245,43.78678,3353.67368,-0.96407,22.95778,11.38950658722438,4.242890879695128,0.0
21.77294,16.41131,43.70633,3347.51687,-0.86978,22.96958,11.476851990826123,4.275429340732662,0.0
21.81419,16.43014,43.63438,3341.29088,-0.77344,22.98138,11.550500670743025,4.302865411815102,0.0
21.85536,16.44896,43.57106,3335.00302,-0.67538,22.99318,11.610007927901773,4.325033430836904,0.0
21.89645,16.46775,43.51648,3328.6609,-0.57598,23.00497,11.65503291577916,4.3418064234999605,0.0
21.93745,16.48652,43.4707,3322.27239,-0.47559,23.01675,11.685343595221003,4.353097949114021,0.0
21.97838,16.50528,43.43375,3315.84555,-0.37461,23.02853,11.700819914848948,4.358863285381907,0.0
22.01923,16.52401,43.40565,3309.38856,-0.27341,23.0403,11.701455137762707,4.359099922631004,0.0
22.05999,16.54271,43.38636,3302.90969,-0.17237,23.05207,11.687355289570638,4.353847358190124,0.0
22.10067,16.5614,43.37582,3296.4172,-0.07187,23.06382,11.658736757534957,4.343186202007936,0.0
22.14126,16.58006,43.37392,3289.91932,0.02771,23.07558,11.615922123712323,4.327236624388191,0.0
22.18177,16.59871,43.38054,3283.42413,0.126,23.08732,11.559334363916715,4.306156194950758,0.0
22.2222,16.61732,43.39552,3276.93956,0.22265,23.09906,11.489489587103735,4.280137177861243,0.0
22.26255,16.63592,43.41868,3270.47332,0.31731,23.11079,11.40698852473177,4.249403361394091,0.0
22.30281,16.65449,43.44978,3264.03285,0.40966,23.12252,11.31250700568883,4.2142065095922145,0.0
22.34298,16.67304,43.4886,3257.62525,0.49936,23.13424,11.206785668724415,4.17482252987718,0.0
22.38308,16.69157,43.53487,3251.25731,0.58614,23.14596,11.090619171097966,4.131547452986822,0.0
22.42309,16.71008,43.58828,3244.93541,0.66971,23.15767,10.964845149482102,4.084693320621235,0.0
22.46302,16.72856,43.64854,3238.66551,0.74983,23.16938,10.83033317811816,4.034584072065194,0.0
22.50287,16.74702,43.71532,3232.45316,0.82625,23.18109,10.687973950835042,3.9815515142055324,0.0
22.54263,16.76546,43.78827,3226.30346,0.89877,23.1928,10.538668889283066,3.9259314503248213,0.0
22.58232,16.78388,43.86702,3220.22105,0.96721,23.2045,10.383320351157753,3.8680600324071035,0.0
22.62193,16.80228,43.95121,3214.21013,1.03139,23.2162,10.222822580877535,3.808270390027232,0.0
22.66146,16.82066,44.04046,3208.2744,1.09118,23.2279,10.05805351262212,3.7468895767669848,0.0
22.70091,16.83901,44.13437,3202.41717,1.14646,23.23961,9.889867503315012,3.684235863059853,0.0
22.74029,16.85735,44.23255,3196.64125,1.19713,23.25131,9.71908904211532,3.620616392811219,0.0
22.77959,16.87567,44.33459,3190.94905,1.24312,23.26302,9.54650745436128,3.556325210477976,0.0
22.81881,16.89396,44.4401,3185.34258,1.28438,23.27474,9.372872592339876,3.4916416557668253,0.0
22.85797,16.91224,44.54865,3179.82341,1.32087,23.28645,9.19889148324175,3.426829114909288,0.0
22.89705,16.9305,44.65986,3174.39277,1.35258,23.29818,9.02522588648421,3.3621341107002456,0.0
22.93606,16.94875,44.77331,3169.05152,1.3795,23.30991,8.852490698246298,3.2977857081452884,0.0
22.975,16.96697,44.88861,3163.80019,1.40167,23.32165,8.681253130563604,3.233995208651918,0.0
23.01387,16.98518,45.00535,3158.639,1.41911,23.3334,8.512032585252332,3.1709561030629545,0.0
23.05267,17.00338,45.12315,3153.56789,1.43186,23.34516,8.345301139150454,3.108844252421632,0.0
23.09141,17.02156,45.24163,3148.58651,1.44,23.35693,8.181484556078612,3.0478182649536603,0.0
23.13009,17.03972,45.3604,3143.6943,1.44359,23.36871,8.02096374224021,2.9880200382420523,0.0
23.1687,17.05787,45.4791,3138.89045,1.44271,23.38051,7.864076564944535,2.929575436749342,0.0
23.20724,17.076,45.59737,3134.17398,1.43747,23.39232,7.711119959230345,2.872595076590296,0.0
23.24573,17.09413,45.71486,3129.5437,1.42795,23.40414,7.562352252705196,2.817175191595741,0.0
23.28416,17.11224,45.83122,3124.99829,1.41427,23.41598,7.417995645308883,2.7633985570896784,0.0
23.32252,17.13033,45.94614,3120.53625,1.39654,23.42784,7.278238787636624,2.7113354503825264,0.0
23.36083,17.14842,46.05928,3116.15599,1.37488,23.43972,7.1432394083400235,2.6610446295470966,0.0
23.39908,17.16649,46.17034,3111.85579,1.34942,23.45161,7.013126948051424,2.612574314624724,0.0
23.43728,17.18455,46.27903,3107.63384,1.32028,23.46353,6.888005163874419,2.565963157866513,0.0
23.47542,17.2026,46.38506,3103.48823,1.2876,23.47546,6.7679546747346215,2.521241191943465,0.0
23.5135,17.22064,46.48816,3099.417,1.25151,23.48742,6.653035423603437,2.478430747189622,0.0
23.55154,17.23868,46.58806,3095.41811,1.21214,23.49939,6.543289037866392,2.4375473309013764,0.0
23.58952,17.2567,46.68452,3091.48947,1.16964,23.51139,6.438741073752196,2.3986004634463463,0.0
23.62745,17.27471,46.7773,3087.62896,1.12415,23.52342,6.339403134812498,2.36159446745283,0.0
23.66533,17.29272,46.86617,3083.83439,1.0758,23.53546,6.245274858013821,2.3265292076813044,0.0
23.70316,17.31071,46.95093,3080.10357,1.02474,23.54754,6.156345763968028,2.2934007802839598,0.0
23.74094,17.3287,47.03136,3076.43426,0.97111,23.55963,6.072596970348897,2.2622021510974535,0.0
23.77867,17.34669,47.10729,3072.82421,0.91504,23.57175,5.994002769579305,2.232923743372901,0.0
23.81636,17.36466,47.17852,3069.27114,0.85668,23.5839,5.920532073486564,2.205553975947997,0.0
23.854,17.38263,47.2449,3065.77277,0.79617,23.59608,5.852149728901263,2.1800797533422,0.0
23.89159,17.40059,47.30627,3062.32678,0.73365,23.60828,5.788817709063559,2.1564869095869246,0.0
23.92914,17.41855,47.36249,3058.93086,0.66926,23.62051,5.730496186349253,2.134760607844229,0.0
23.96664,17.4365,47.41342,3055.58267,0.60313,23.63277,5.677144492245691,2.114885698023095,0.0
24.0041,17.45445,47.45894,3052.27987,0.53541,23.64505,5.628721970631017,2.0968470346484067,0.0
24.04152,17.47239,47.49895,3049.02011,0.46623,23.65737,5.585188730472193,2.08062975726076,0.0
24.07889,17.49032,47.53335,3045.80101,0.39573,23.66971,5.546506303868492,2.066219535554982,0.0
24.11622,17.50825,47.56203,3042.62019,0.32403,23.68208,5.512638215139685,2.0536027813804547,0.0
24.15351,17.52618,47.58494,3039.47525,0.25129,23.69449,5.483550466284247,2.042766829587071,0.0
24.19075,17.5441,47.60201,3036.36379,0.17763,23.70692,5.459211943698354,2.033700089538755,0.0
24.22796,17.56202,47.61317,3033.28336,0.10318,23.71938,5.439594750573733,2.0263921689404185,0.0
24.26512,17.57993,47.61838,3030.23152,0.02809,23.73187,5.42467446882426,2.0208339714125003,0.0
24.30225,17.59784,47.61761,3027.20581,-0.04753,23.74439,5.414430353864645,2.0170177690511566,0.0
24.33933,17.61575,47.61084,3024.20372,-0.12353,23.75695,5.408845464940636,2.014937250979692,0.0
24.37637,17.63365,47.59805,3021.22273,-0.19978,23.76953,5.407906733134259,2.014587548682296,0.0
24.41337,17.65155,47.57924,3018.26031,-0.27615,23.78214,5.411604968570407,2.015965238688692,0.0
24.45033,17.66945,47.55441,3015.31386,-0.3525,23.79479,5.4199348077256255,2.0190683229452695,0.0
24.48725,17.68734,47.52359,3012.3808,-0.42871,23.80746,5.4328946011852715,2.023896187001676,0.0
24.52414,17.70523,47.48681,3009.45847,-0.50464,23.82016,5.450486241604499,2.0304495359217545,0.0
24.56098,17.72311,47.44409,3006.5442,-0.58016,23.8329,5.472714931106684,2.03873030763334,0.0
24.59778,17.741,47.3955,3003.63528,-0.65513,23.84566,5.499588886794123,2.0487415632232406,0.0
24.63455,17.75888,47.34108,3000.72894,-0.72941,23.85846,5.531118982634059,2.0604873535303674,0.0
24.67127,17.77675,47.28092,2997.8224,-0.80288,23.87128,5.567318325496916,2.073972561208816,0.0
24.70796,17.79463,47.21509,2994.91283,-0.8754,23.88413,5.608201762791606,2.089202717309063,0.0
24.7446,17.8125,47.14368,2991.99733,-0.94684,23.89702,5.653785318820545,2.1061837913053854,0.0
24.78121,17.83036,47.0668,2989.07299,-1.01704,23.90993,5.704085556773745,2.1249219534218655,0.0
24.81777,17.84823,46.98456,2986.13684,-1.08588,23.92287,5.759118863139116,2.145423308056404,0.0
24.8543,17.86609,46.89707,2983.18587,-1.15323,23.93584,5.818900651313098,2.167693597104726,0.0
24.89078,17.88394,46.80448,2980.21702,-1.21893,23.94884,5.883444481306329,2.1917378720275797,0.0
24.92723,17.9018,46.70693,2977.22721,-1.28285,23.96186,5.9527610927079255,2.217560133604486,0.0
24.96363,17.91965,46.60457,2974.21328,-1.34485,23.97492,6.026857348519713,2.2451629384842016,0.0
25.0,17.93749,46.49757,2971.17208,-1.40479,23.988,6.105735088093914,2.2745469718738254,0.0
25.03632,17.95533,46.38611,2968.10038,-1.46253,24.0011,6.189389888282537,2.305710586034351,0.0
25.0726,17.97317,46.27037,2964.99495,-1.51793,24.01423,6.277809732978307,2.3386493046496555,0.0
25.10884,17.991,46.15055,2961.85252,-1.57084,24.02739,6.370973592579368,2.373355293639726,0.0
25.14503,18.00883,46.02686,2958.66979,-1.62112,24.04057,6.468849916580903,2.4098167996113733,0.0
25.18118,18.02665,45.89952,2955.44348,-1.66865,24.05378,6.571395044379261,2.4480175578409584,0.0
25.21729,18.04447,45.76876,2952.17027,-1.71327,24.06701,6.678551541674277,2.487936172540482,0.0
25.25336,18.06228,45.63481,2948.84684,-1.75485,24.08026,6.790246472366734,2.5295454730939224,0.0
25.28938,18.08009,45.49794,2945.4699,-1.79326,24.09353,6.906389618792387,2.5728118510475775,0.0
25.32535,18.09789,45.35838,2942.03618,-1.82835,24.10682,7.026871666213312,2.6176945837853283,0.0
25.36128,18.11569,45.21643,2938.54244,-1.86001,24.12014,7.151562371024808,2.664145152137507,0.0
25.39716,18.13347,45.07234,2934.98546,-1.88811,24.13347,7.280308735736352,2.7121065605132872,0.0
25.433,18.15125,44.92642,2931.36213,-1.91252,24.14683,7.412933217631747,2.7615126695794565,0.0
25.46878,18.16903,44.77895,2927.66938,-1.93313,24.1602,7.549232001923217,2.8122875529648788,0.0
25.50452,18.18679,44.63025,2923.90424,-1.94982,24.17359,7.688973374080243,2.8643448909101585,0.0
25.54021,18.20455,44.48061,2920.06386,-1.96249,24.18699,7.831896229749913,2.917587415173767,0.0
25.57585,18.2223,44.33036,2916.14551,-1.97105,24.20041,7.977708764068703,2.9719064207661945,0.0
25.61143,18.24004,44.17982,2912.1466,-1.9754,24.21384,8.12608738514481,3.0271813611935285,0.0
25.64697,18.25777,44.02932,2908.06474,-1.97547,24.22729,8.276675898712506,3.0832795447197494,0.0
25.68245,18.27548,43.87919,2903.89769,-1.97118,24.24074,8.429085012394008,3.140055949691236,0.0
25.71788,18.29319,43.72978,2899.64344,-1.96249,24.25421,8.582892208281864,3.1973531770703465,0.0
25.75325,18.31089,43.58141,2895.30022,-1.94934,24.26769,8.737642031607184,3.2550015579719314,0.0
25.78856,18.32858,43.43443,2890.86649,-1.9317,24.28118,8.892846840758594,3.3128194330651346,0.0
25.82382,18.34625,43.28919,2886.34102,-1.90956,24.29467,9.047988059812367,3.3706136191738096,0.0
25.85902,18.36391,43.14601,2881.72283,-1.88292,24.30818,9.20251796881034,3.4281800762021652,0.0
25.89416,18.38156,43.00524,2877.01129,-1.85178,24.32168,9.355862059177635,3.485304784589826,0.0
25.92924,18.39919,42.86722,2872.2061,-1.81618,24.3352,9.507421972070546,3.5417648399237454,0.0
25.96426,18.41681,42.73226,2867.30729,-1.77617,24.34871,9.656579025852205,3.5973297670156943,0.0
25.99921,18.43441,42.60071,2862.31528,-1.73182,24.36223,9.802698325773353,3.651763050866489,0.0
26.03411,18.452,42.47286,2857.23084,-1.68321,24.37575,9.945133434338524,3.704823876500273,0.0
26.06893,18.46957,42.34903,2852.05515,-1.63045,24.38926,10.083231565236348,3.75626906384022,0.0
26.1037,18.48712,42.22951,2846.78979,-1.57367,24.40278,10.216339247461406,3.8058551777429557,0.0
26.13839,18.50466,42.11458,2841.43671,-1.51301,24.4163,10.34380839002133,3.8533407872615193,0.0
26.17302,18.52218,42.00452,2835.99828,-1.44864,24.42981,10.465002661915394,3.898488842355268,0.0
26.20758,18.53968,41.89957,2830.47726,-1.38074,24.44332,10.579304087593151,3.941069130871743,0.0
26.24206,18.55716,41.79998,2824.87679,-1.30952,24.45682,10.686119745490911,3.980860773927765,0.0
26.27648,18.57462,41.70597,2819.20041,-1.23521,24.47032,10.784888447275579,4.017654714103501,0.0
26.31083,18.59206,41.61773,2813.45199,-1.15803,24.48381,10.87508726846175,4.051256148269169,0.0
26.3451,18.60948,41.53544,2807.63578,-1.07825,24.49729,10.956237797876726,4.081486855675181,0.0
26.3793,18.62687,41.45928,2801.75631,-0.99615,24.51077,11.027911974144242,4.108187372195908,0.0
26.41342,18.64425,41.38936,2795.81843,-0.912,24.52424,11.089737382381925,4.1312189634888385,0.0
26.44747,18.6616,41.32581,2789.82726,-0.8261,24.5377,11.1414018934029,4.150465353219251,0.0
26.48144,18.67893,41.26872,2783.78813,-0.73877,24.55114,11.18265754097846,4.165834167442563,0.0
26.51534,18.69624,41.21815,2777.7066,-0.65032,24.56458,11.213323549538583,4.177258062502455,0.0
26.54916,18.71352,41.17415,2771.58836,-0.56106,24.57801,11.233288444667489,4.1846955112459785,0.0
26.5829,18.73078,41.13673,2765.43926,-0.47135,24.59143,11.242511201069371,4.188131230671006,0.0
26.61657,18.74802,41.10589,2759.2652,-0.38149,24.60483,11.241021406515888,4.187576243000978,0.0
26.65015,18.76523,41.0816,2753.07217,-0.29182,24.61823,11.228918444829214,4.183067571324605,0.0
26.68366,18.78241,41.0638,2746.86613,-0.20267,24.63161,11.206369725043475,4.174667579911893,0.0
26.71709,18.79958,41.05242,2740.65303,-0.11437,24.64498,11.1736080068977,4.162462977889907,0.0
26.75043,18.81671,41.04735,2734.43875,-0.02723,24.65834,11.130927893611991,4.1465635127096165,0.0
26.7837,18.83382,41.04848,2728.22908,0.05844,24.67169,11.078681581006524,4.12710038658086,0.0
26.81689,18.85091,41.05565,2722.02966,0.14233,24.68502,11.017273966750064,4.104224434538756,0.0
26.85,18.86797,41.06871,2715.84597,0.22416,24.69835,10.94715723442247,4.078104106864467,0.0
26.88304,18.885,41.08746,2709.68331,0.30365,24.71167,10.868825034143736,4.048923301216408,0.0
26.91599,18.90201,41.11172,2703.54674,0.38054,24.72497,10.782806384515755,4.0168790909431005,0.0
26.94886,18.919,41.14126,2697.4411,0.45458,24.73827,10.689659419780119,3.98217939573493,0.0
26.98166,18.93596,41.17584,2691.37097,0.52555,24.75156,10.589965101812284,3.945040639176536,0.0
27.01438,18.95289,41.21523,2685.34063,0.59322,24.76483,10.484321009089774,3.9056854349740306,0.0
27.04702,18.9698,41.25916,2679.35412,0.65742,24.77811,10.373335304794375,3.8643403399143637,0.0
27.07959,18.98669,41.30737,2673.41515,0.71795,24.79137,10.257620974170445,3.821233707129673,0.0
27.11207,19.00355,41.35956,2667.52714,0.77466,24.80463,10.13779040787985,3.7765936682544705,0.0
27.14449,19.02039,41.41546,2661.6932,0.82742,24.81788,10.014450393851332,3.7306462677577645,0.0
27.17683,19.0372,41.47477,2655.91617,0.8761,24.83112,9.88819756566181,3.6836137673453324,0.0
27.20909,19.05399,41.53719,2650.19854,0.9206,24.84437,9.759614341257093,3.6357131330263233,0.0
27.24128,19.07076,41.60241,2644.54253,0.96084,24.8576,9.629265372271671,3.5871547123914667,0.0
27.2734,19.0875,41.67013,2638.95007,0.99675,24.87084,9.497694511649675,3.5381411049720835,0.0
27.30545,19.10422,41.74003,2633.42279,1.02829,24.88408,9.365422296052959,3.4888662243708555,0.0
27.33742,19.12092,41.8118,2627.96207,1.05542,24.89731,9.23294392969791,3.439514547187996,0.0
27.36933,19.1376,41.88514,2622.56901,1.07813,24.91054,9.100727748040187,3.3902605407033857,0.0
27.40117,19.15426,41.95974,2617.24446,1.09642,24.92378,8.969214133055145,3.34126825878999,0.0
27.43294,19.17089,42.03528,2611.98903,1.11029,24.93702,8.838814846747887,3.2926910936288216,0.0
27.46464,19.18751,42.11147,2606.80311,1.11978,24.95026,8.70991274585212,3.2446716694267517,0.0
27.49627,19.2041,42.18801,2601.68687,1.12493,24.9635,8.582861838447347,3.1973418635079107,0.0
27.52784,19.22068,42.26461,2596.64028,1.12578,24.97675,8.457987642045104,3.1508229397102245,0.0
27.55935,19.23723,42.34097,2591.66311,1.1224,24.99,8.33558780272353,3.10522577902934,0.0
27.59079,19.25377,42.41682,2586.75498,1.11487,25.00326,8.215932935710054,3.0606511927577906,0.0
27.62217,19.27029,42.49187,2581.91532,1.10326,25.01653,8.09926764934976,3.0171903039401533,0.0
27.65348,19.28679,42.56587,2577.14343,1.08766,25.02981,7.985811716547002,2.974924983765872,0.0
27.68474,19.30328,42.63854,2572.43844,1.06817,25.04309,7.875761360267753,2.933928330452709,0.0
27.71593,19.31974,42.70965,2567.79939,1.0449,25.05639,7.769290622504349,2.8942651792221294,0.0
27.74707,19.33619,42.77894,2563.22518,1.01796,25.0697,7.666552789074315,2.8559926330743544,0.0
27.77815,19.35263,42.84619,2558.71459,0.98746,25.08301,7.567681845623675,2.819160605187903,0.0
27.80916,19.36904,42.91116,2554.26632,0.95352,25.09634,7.472793943236675,2.783812364897775,0.0
27.84013,19.38545,42.97363,2549.87896,0.91628,25.10969,7.3819888549403645,2.749985080281733,0.0
27.87103,19.40183,43.03342,2545.55105,0.87586,25.12304,7.295351407164565,2.717710351416803,0.0
27.90188,19.41821,43.0903,2541.28101,0.83239,25.13641,7.212952872796638,2.6870147293288293,0.0
27.93268,19.43456,43.14411,2537.06721,0.78602,25.1498,7.134852314875442,2.6579202165538294,0.0
27.96342,19.45091,43.19466,2532.90796,0.73688,25.1632,7.061097872064743,2.6304447460106606,0.0
27.99411,19.46724,43.24178,2528.8015,0.68511,25.17662,6.9917279790449856,2.6046026356290652,0.0
28.02475,19.48355,43.28532,2524.74602,0.63086,25.19005,6.926772516581161,2.580405016780214,0.0
28.05533,19.49986,43.32513,2520.73966,0.57427,25.2035,6.866253887562393,2.5578602351297595,0.0
28.08586,19.51615,43.36107,2516.78051,0.51549,25.21697,6.810188016487475,2.5369742229725025,0.0
28.11634,19.53242,43.39302,2512.86661,0.45467,25.23046,6.758585270999053,2.517750842528116,0.0
28.14677,19.54869,43.42085,2508.99596,0.39196,25.24396,6.711451304851885,2.500192199969008,0.0
28.17715,19.56494,43.44448,2505.16654,0.3275,25.25749,6.6687878224710575,2.4842989302383693,0.0
28.20749,19.58118,43.46378,2501.37626,0.26144,25.27103,6.630593265711681,2.470070452886231,0.0
28.23777,19.59741,43.47869,2497.62302,0.19394,25.28459,6.596863423912328,2.4575051993304218,0.0
28.268,19.61363,43.48912,2493.90466,0.12515,25.29817,6.567591968540318,2.4466008120260048,0.0
28.29819,19.62984,43.49501,2490.21901,0.05522,25.31178,6.542770913966404,2.4373543161159703,0.0
28.32833,19.64603,43.4963,2486.56385,-0.0157,25.3254,6.522391005944191,2.4297622641500434,0.0
28.35842,19.66222,43.49295,2482.93693,-0.08745,25.33904,6.506442039433978,2.4238208544824245,0.0
28.38846,19.67839,43.48492,2479.33598,-0.15989,25.35271,6.494913107317557,2.4195260239245977,0.0
28.41845,19.69455,43.47219,2475.75868,-0.23286,25.36639,6.48779278151268,2.4168735152152334,0.0
28.4484,19.71071,43.45474,2472.20269,-0.3062,25.3801,6.485069227834408,2.415858919809067,0.0
28.47831,19.72685,43.43255,2468.66563,-0.37977,25.39382,6.486730255843673,2.4164776964467958,0.0
28.50816,19.74298,43.40565,2465.14509,-0.45341,25.40757,6.492763304744597,2.4187251659014595,0.0
28.53797,19.7591,43.37404,2461.63862,-0.52697,25.42134,6.503155366265407,2.4225964822495563,0.0
28.56774,19.77521,43.33774,2458.14377,-0.60029,25.43513,6.517892845297951,2.42808658095559,0.0
28.59746,19.79131,43.29679,2454.65802,-0.67323,25.44894,6.536961358986508,2.4351901040273676,0.0
28.62713,19.8074,43.25123,2451.17885,-0.74562,25.46277,6.560345474828126,2.443901302451488,0.0
28.65676,19.82348,43.20112,2447.70368,-0.81732,25.47662,6.588028388354221,2.4542139161212506,0.0
28.68634,19.83955,43.14651,2444.22993,-0.88817,25.49049,6.619991540915216,2.4661210314513795,0.0
28.71588,19.85561,43.08748,2440.75498,-0.95802,25.50438,6.656214178208587,2.479614916918108,0.0
28.74537,19.87166,43.02411,2437.27618,-1.02672,25.51829,6.6966728502973085,2.494686836802887,0.0
28.77481,19.8877,42.95649,2433.79086,-1.09412,25.53223,6.741340854091377,2.5113268435020912,0.0
28.80421,19.90373,42.88473,2430.29632,-1.16005,25.54618,6.790187619570003,2.5295235488786294,0.0
28.83356,19.91975,42.80892,2426.78987,-1.22439,25.56015,6.843178041424074,2.5492638752811825,0.0
28.86287,19.93575,42.7292,2423.26875,-1.28696,25.57413,6.900271758296839,2.5705327870423886,0.0
28.89213,19.95175,42.64569,2419.73023,-1.34763,25.58814,6.961422382452556,2.5933130035101493,0.0
28.92134,19.96773,42.55852,2416.17156,-1.40624,25.60216,7.02657668336271,2.6175846949120136,0.0
28.95051,19.98371,42.46785,2412.58998,-1.46265,25.6162,7.095673729650733,2.643325162707007,0.0
28.97963,19.99967,42.37383,2408.98272,-1.51672,25.63026,7.16864399472936,2.6705085064120215,0.0
29.0087,20.01562,42.27662,2405.34704,-1.56831,25.64434,7.245408432608104,2.6991052793157744,0.0
29.03772,20.03156,42.1764,2401.68019,-1.61726,25.65842,7.325877531531261,2.729082135934069,0.0
29.0667,20.04749,42.07334,2397.97944,-1.66345,25.67253,7.409950354447822,2.760401474559591,0.0
29.09562,20.0634,41.96763,2394.24209,-1.70675,25.68665,7.497513576677594,2.7930210787672176,0.0
29.1245,20.07931,41.85947,2390.46548,-1.74702,25.70078,7.588440532668447,2.826893762306009,0.0
29.15333,20.0952,41.74907,2386.64699,-1.78413,25.71492,7.6825902851854995,2.86196702234769,0.0
29.18211,20.11107,41.63663,2382.78404,-1.81798,25.72908,7.77980673187145,2.898182706656865,0.0
29.21084,20.12694,41.52236,2378.87412,-1.84843,25.74325,7.8799177655600126,2.93547670078568,0.0
29.23952,20.14279,41.40651,2374.91479,-1.87538,25.75743,7.982734506189883,2.9737786419415677,0.0
29.26814,20.15863,41.28928,2370.9037,-1.89873,25.77162,8.088050623401887,3.0130116666368547,0.0
29.29672,20.17445,41.17092,2366.83859,-1.91837,25.78582,8.195641770083274,3.053092199669116,0.0
29.32524,20.19026,41.05167,2362.7173,-1.93424,25.80002,8.305265147888832,3.0939297922663496,0.0
29.35371,20.20605,40.93176,2358.53779,-1.94623,25.81423,8.416659226352609,3.135427017448708,0.0
29.38212,20.22182,40.81145,2354.29817,-1.95428,25.82845,8.529543637281504,3.1774794306873297,0.0
29.41049,20.23759,40.69098,2349.99669,-1.95834,25.84268,8.643619265819627,3.2199756038282104,0.0
29.43879,20.25333,40.57062,2345.63173,-1.95834,25.85691,8.758568558681986,3.262797239917361,0.0
29.46704,20.26906,40.4506,2341.20188,-1.95426,25.87114,8.87405606855524,3.3058193760044117,0.0
29.49523,20.28477,40.33118,2336.70588,-1.94607,25.88537,8.989729251604633,3.3489106802349293,0.0
29.52337,20.30046,40.21263,2332.1427,-1.93374,25.89961,9.10521953219692,3.391933848487723,0.0
29.55145,20.31614,40.09518,2327.51149,-1.91729,25.91385,9.220143645434622,3.434746104504173,0.0
29.57947,20.33179,39.9791,2322.81163,-1.89672,25.92808,9.334105263966205,3.4771998059178335,0.0
29.60742,20.34743,39.86462,2318.04274,-1.87207,25.94232,9.446696910640457,3.51914315676851,0.0
29.63532,20.36305,39.752,2313.20465,-1.84337,25.95655,9.55750215318023,3.560421025075972,0.0
29.66316,20.37865,39.64147,2308.29747,-1.81069,25.97078,9.666098071063471,3.6008758618180443,0.0
29.69094,20.39422,39.53327,2303.32155,-1.7741,25.985,9.772057978523673,3.6403487153199263,0.0
29.71865,20.40978,39.42762,2298.2775,-1.73369,25.99922,9.874954380993387,3.6786803326071844,0.0
29.7463,20.42532,39.32475,2293.16619,-1.68956,26.01344,9.974362135723245,3.7157123368195006,0.0
29.77389,20.44083,39.22485,2287.98876,-1.64185,26.02764,10.069861780888766,3.7512884673905478,0.0
29.80141,20.45632,39.12815,2282.74661,-1.59068,26.04184,10.161042991407637,3.785255867430865,0.0
29.82886,20.47179,39.03482,2277.44141,-1.53622,26.05603,10.247508114263653,3.817466400729034,0.0
29.85625,20.48723,38.94504,2272.07509,-1.47863,26.07021,10.328875731448386,3.8477779790412048,0.0
29.88357,20.50265,38.85898,2266.64982,-1.4181,26.08438,10.404784195123716,3.8760558790321484,0.0
29.91083,20.51804,38.7768,2261.16802,-1.35482,26.09853,10.47489507715455,3.9021740273169634,0.0
29.93801,20.53341,38.69864,2255.63236,-1.28901,26.11268,10.538896474284051,3.92601623172581,0.0
29.96513,20.54876,38.62462,2250.04571,-1.2209,26.12681,10.59650611067849,3.9474773370835,0.0
29.99217,20.56408,38.55485,2244.41115,-1.15072,26.14093,10.647474181694358,3.9664642845875684,0.0
30.01915,20.57937,38.48943,2238.73197,-1.07872,26.15504,10.691585886344496,3.982897055218547,0.0
30.04605,20.59464,38.42843,2233.01161,-1.00515,26.16913,10.728663601083138,3.9967094795320794,0.0
30.07289,20.60988,38.37193,2227.25368,-0.93028,26.18321,10.75856865407264,4.007849898619969,0.0
30.09965,20.62509,38.31996,2221.46192,-0.85438,26.19727,10.781202666769927,4.016281663886424,0.0
30.12634,20.64027,38.27256,2215.64019,-0.77773,26.21131,10.79650843839557,4.021983466536065,0.0
30.15295,20.65543,38.22974,2209.79242,-0.70061,26.22534,10.804470358236518,4.024949491167537,0.0
30.1795,20.67056,38.1915,2203.92263,-0.62329,26.23935,10.80511434052989,4.0251893915160135,0.0
30.20596,20.68566,38.15781,2198.03488,-0.54606,26.25335,10.798507286539241,4.022728090062444,0.0
30.23236,20.70073,38.12864,2192.13325,-0.4692,26.26733,10.784756088127146,4.017605406838131,0.0
30.25868,20.71577,38.10393,2186.22182,-0.39299,26.28129,10.764006196221846,4.009875526140894,0.0
30.28493,20.73078,38.08363,2180.30465,-0.3177,26.29524,10.736439785895092,3.9996063129782695,0.0
30.31111,20.74577,38.06763,2174.38576,-0.2436,26.30917,10.70227355708451,3.9868784937787445,0.0
30.33721,20.76072,38.05586,2168.4691,-0.17095,26.32308,10.661756215973435,3.971784718139463,0.0
30.36323,20.77565,38.04818,2162.55855,-0.10001,26.33698,10.61516568674416,3.9544285201309566,0.0
30.38918,20.79054,38.04449,2156.65788,-0.03101,26.35086,10.562806106624768,3.934923198873016,0.0
30.41506,20.80541,38.04463,2150.77075,0.0358,26.36473,10.505004658944939,3.9133906387646595,0.0
30.44087,20.82025,38.04847,2144.90069,0.10021,26.37858,10.44210829910065,3.8899600898198363,0.0
30.4666,20.83505,38.05583,2139.05108,0.16201,26.39242,10.374480427443707,3.864766928231231,0.0
30.49226,20.84983,38.06656,2133.22514,0.22101,26.40624,10.302497560697548,3.837951416385074,0.0
30.51784,20.86458,38.08046,2127.42595,0.27701,26.42005,10.22654605024759,3.8096574803379526,0.0
30.54335,20.8793,38.09735,2121.65638,0.32985,26.43384,10.14701889134559,3.780031521161473,0.0
30.56879,20.89399,38.11703,2115.91915,0.37939,26.44762,10.064312662392512,3.7492212747445994,0.0
30.59416,20.90866,38.13931,2110.21679,0.42547,26.46139,9.978824628038817,3.71737473262229,0.0
30.61946,20.92329,38.16397,2104.55163,0.46799,26.47515,9.89095003408706,3.6846391342555402,0.0
30.64468,20.93789,38.19081,2098.92581,0.50682,26.48889,9.801079616452169,3.651160039053542,0.0
30.66984,20.95247,38.2196,2093.3413,0.54188,26.50263,9.709597340576984,3.617080484246491,0.0
30.69492,20.96702,38.25013,2087.79985,0.57309,26.51635,9.61687838226954,3.582540232694352,0.0
30.71993,20.98154,38.28217,2082.30303,0.60039,26.53007,9.523287355655874,3.5476751127526454,0.0
30.74488,20.99603,38.31551,2076.85225,0.62373,26.54378,9.429176789176497,3.5126164505410453,0.0
30.76976,21.0105,38.34992,2071.4487,0.64307,26.55748,9.334885846330216,3.4774905933867855,0.0
30.79457,21.02494,38.38519,2066.09341,0.6584,26.57118,9.24073928408877,3.4424185218067103,0.0
30.81931,21.03935,38.42108,2060.78724,0.66971,26.58486,9.147046638813041,3.4075155462396376,0.0
30.84399,21.05373,38.45737,2055.53086,0.677,26.59855,9.054101626917864,3.372891083778239,0.0
30.8686,21.06809,38.49387,2050.32481,0.68029,26.61223,8.962181745479517,3.3386485093848157,0.0
30.89315,21.08243,38.53033,2045.16944,0.67961,26.6259,8.871548056604222,3.304885075562892,0.0
30.91763,21.09674,38.56657,2040.06498,0.675,26.63958,8.782445138280835,3.2716918940485504,0.0
30.94204,21.11102,38.60237,2035.01149,0.66652,26.65325,8.695101183983429,3.2391539729150174,0.0
30.9664,21.12528,38.63752,2030.0089,0.65422,26.66692,8.609728233122572,3.2073503024218195,0.0
30.99069,21.13951,38.67184,2025.05703,0.63817,26.68059,8.52652251463366,3.176353983010486,0.0
31.01492,21.15372,38.70512,2020.15555,0.61846,26.69426,8.445664886477585,3.1462323890301103,0.0
31.03909,21.16791,38.73719,2015.30402,0.59517,26.70793,8.367321354528107,3.117047362036544,0.0
31.06319,21.18207,38.76787,2010.50189,0.5684,26.7216,8.29164365521443,3.088855427842092,0.0
31.08724,21.19621,38.79697,2005.7485,0.53826,26.73527,8.218769887318029,3.0617080318764507,0.0
31.11123,21.21032,38.82434,2001.0431,0.50483,26.74895,8.14882517937566,3.0356517878118923,0.0
31.13516,21.22441,38.84981,1996.38483,0.46826,26.76263,8.081922380380334,3.0107287348675484,0.0
31.15903,21.23848,38.87324,1991.77274,0.42865,26.77632,8.018162762578235,2.986976599619756,0.0
31.18284,21.25253,38.89447,1987.20582,0.38613,26.79001,7.957636726353433,2.9644290585901585,0.0
31.2066,21.26656,38.91337,1982.68295,0.34083,26.80371,7.900424498365039,2.9431159983201662,0.0
31.23029,21.28056,38.92981,1978.20295,0.29289,26.81741,7.846596815134415,2.9230637700251747,0.0
31.25394,21.29455,38.94367,1973.76457,0.24245,26.83112,7.796215585367502,2.9042954363270637,0.0
31.27752,21.30851,38.95483,1969.36647,0.18964,26.84483,7.749334525236059,2.8868310079131714,0.0
31.30106,21.32245,38.96319,1965.00728,0.13462,26.85856,7.705999761742312,2.870687668305501,0.0
31.32453,21.33637,38.96865,1960.68555,0.07753,26.87229,7.666250400096009,2.8558799852236034,0.0
31.34795,21.35027,38.97112,1956.39976,0.01853,26.88603,7.630119051778338,2.842420107302281,0.0
31.37132,21.36415,38.97052,1952.14836,-0.04223,26.89977,7.597632320618129,2.830317945167762,0.0
31.39464,21.37801,38.96678,1947.92972,-0.1046,26.91353,7.568811244792298,2.8195813360944957,0.0
31.4179,21.39185,38.95983,1943.74219,-0.16842,26.9273,7.543671693186497,2.8102161916599226,0.0
31.44111,21.40567,38.94962,1939.58405,-0.23353,26.94107,7.522224714987773,2.8022266279769394,0.0
31.46427,21.41947,38.9361,1935.45355,-0.29977,26.95486,7.504476841794288,2.795615078237718,0.0
31.48737,21.43325,38.91923,1931.34888,-0.36697,26.96865,7.490430341875589,2.7903823874323463,0.0
31.51043,21.44701,38.89898,1927.26819,-0.43498,26.98246,7.480083426501999,2.786527889211956,0.0
31.53343,21.46075,38.87533,1923.20962,-0.50363,26.99628,7.473430408547429,2.7840494649724414,0.0
31.55638,21.47448,38.84826,1919.17123,-0.57276,27.0101,7.470461813818749,2.78294358532758,0.0
31.57928,21.48818,38.81778,1915.15107,-0.6422,27.02394,7.471164445757198,2.783205334212011,0.0
31.60212,21.50186,38.78387,1911.14716,-0.71178,27.03779,7.475521404394938,2.7848284159430503,0.0
31.62492,21.51553,38.74656,1907.15747,-0.78135,27.05164,7.483512060630667,2.7878051456376785,0.0
31.64767,21.52918,38.70585,1903.17996,-0.85073,27.06551,7.495111987103759,2.7921264234613394,0.0
31.67036,21.54281,38.66179,1899.21255,-0.91977,27.07939,7.510292847162283,2.797781693265607,0.0
31.69301,21.55642,38.61441,1895.25313,-0.9883,27.09328,7.529022243594421,2.804758886236657,0.0
31.71561,21.57001,38.56374,1891.2996,-1.05615,27.10718,7.55126352910383,2.813044350292354,0.0
31.73815,21.58358,38.50984,1887.34979,-1.12317,27.12109,7.576975580713684,2.8226227660418193,0.0
31.76065,21.59713,38.45277,1883.40157,-1.18919,27.13501,7.606112540582458,2.8334770502324904,0.0
31.78309,21.61067,38.3926,1879.45274,-1.25406,27.14894,7.638623526047742,2.8455882477338195,0.0
31.80548,21.62418,38.3294,1875.50113,-1.31761,27.16287,7.6744523120367365,2.858935413226815,0.0
31.82783,21.63768,38.26325,1871.54455,-1.37969,27.17682,7.713536989376595,2.873495483915666,0.0
31.85012,21.65116,38.19424,1867.58081,-1.44014,27.19077,7.755809602931811,2.8892431447243867,0.0
31.87237,21.66461,38.12247,1863.60771,-1.49882,27.20474,7.801195773945373,2.906150687608968,0.0
31.89456,21.67805,38.04804,1859.62307,-1.55557,27.21871,7.849614311420261,2.924187866786758,0.0
31.9167,21.69147,37.97107,1855.6247,-1.61025,27.23269,7.90097681785208,2.9433217518614896,0.0
31.93879,21.70487,37.89165,1851.61045,-1.66272,27.24667,7.955187295162972,2.9635165810232986,0.0
31.96083,21.71825,37.80993,1847.57818,-1.71283,27.26067,8.0121417571423,2.9847336166726834,0.0
31.98282,21.73161,37.72602,1843.52576,-1.76046,27.27466,8.071727855252927,3.0069310060234895,0.0
32.00476,21.74495,37.64007,1839.45112,-1.80548,27.28867,8.133824525112155,3.0300636494077686,0.0
32.02665,21.75827,37.55221,1835.35221,-1.84775,27.30267,8.198301661449188,3.0540830791888727,0.0
32.04848,21.77157,37.46258,1831.22702,-1.88717,27.31669,8.265019829726258,3.0789373523327392,0.0
32.07026,21.78485,37.37134,1827.07361,-1.92361,27.3307,8.33383002298478,3.1045709598266864,0.0
32.09199,21.79811,37.27865,1822.89008,-1.95698,27.34472,8.404573472717452,3.1309247562242954,0.0
32.11367,21.81135,37.18465,1818.67461,-1.98717,27.35874,8.477081522743298,3.157935912660538,0.0
32.13529,21.82456,37.08951,1814.42543,-2.01409,27.37276,8.551175575107907,3.185537896698204,0.0
32.15686,21.83776,36.9934,1810.14089,-2.03766,27.38679,8.626667116912639,3.2136604823224753,0.0
32.17838,21.85093,36.89648,1805.81938,-2.0578,27.40081,8.703357836692089,3.2422297932946003,0.0
32.19984,21.86408,36.79893,1801.45941,-2.07445,27.41483,8.781039838537268,3.271168382918411,0.0
32.22124,21.8772,36.70091,1797.05961,-2.08754,27.42885,8.859495961459508,3.300395353011778,0.0
32.2426,21.89031,36.6026,1792.61869,-2.09704,27.44287,8.938500210645042,3.329826514560292,0.0
32.26389,21.90339,36.50418,1788.13549,-2.1029,27.45688,9.017818306158537,3.3593745921237645,0.0
32.28513,21.91645,36.40582,1783.60898,-2.1051,27.47089,9.097208353301145,3.388949473562244,0.0
32.30632,21.92948,36.30769,1779.03825,-2.10362,27.4849,9.176421637334215,3.4184585060915027,0.0
32.32744,21.94249,36.20997,1774.42254,-2.09847,27.4989,9.255203543466989,3.4478068390026655,0.0
32.34851,21.95547,36.11282,1769.76123,-2.08966,27.51289,9.333294601099984,3.4768978126703427,0.0
32.36952,21.96843,36.01643,1765.05386,-2.0772,27.52688,9.410431649168,3.505633392673563,0.0
32.39048,21.98137,35.92095,1760.3001,-2.06113,27.54086,9.486349117179225,3.5339146470165463,0.0
32.41137,21.99428,35.82655,1755.49979,-2.0415,27.55483,9.560780414196037,3.5616422635605978,0.0
32.43221,22.00716,35.73339,1750.65296,-2.01837,27.56879,9.633459415600491,3.5887171038833734,0.0
32.45298,22.02001,35.64163,1745.75977,-1.99181,27.58274,9.704122035132738,3.615040788904553,0.0
32.47369,22.03284,35.55141,1740.82056,-1.96192,27.59667,9.772507867362338,3.6405163107496166,0.0
32.49435,22.04565,35.46288,1735.83583,-1.92879,27.6106,9.838361883616708,3.665048664527819,0.0
32.51494,22.05842,35.37619,1730.80627,-1.89254,27.62451,9.901436162406194,3.688545492961058,0.0
32.53547,22.07117,35.29145,1725.73271,-1.85329,27.63841,9.961491633755408,3.7109177361931924,0.0
32.55594,22.08389,35.20879,1720.61616,-1.81118,27.6523,10.018299815490307,3.7320802786026617,0.0
32.57634,22.09657,35.12834,1715.45779,-1.76636,27.66617,10.071644518562099,3.7519525840805157,0.0
32.59668,22.10924,35.0502,1710.25892,-1.719,27.68002,10.121323498044655,3.7704593110703866,0.0
32.61696,22.12187,34.97446,1705.02102,-1.66927,27.69386,10.167150026389091,3.7875308986472183,0.0
32.63718,22.13447,34.90122,1699.74573,-1.61735,27.70768,10.20895436600152,3.803104115091222,0.0
32.65733,22.14704,34.83056,1694.43478,-1.56344,27.72148,10.246585119211767,3.8171225607867454,0.0
32.67741,22.15958,34.76255,1689.09008,-1.50773,27.73526,10.279910435218165,3.829537117840965,0.0
32.69743,22.17209,34.69725,1683.71362,-1.45045,27.74903,10.308819055535324,3.8403063395406853,0.0
32.71738,22.18457,34.63471,1678.30754,-1.39179,27.76278,10.333221181912874,3.8493967736749095,0.0
32.73727,22.19702,34.57497,1672.87403,-1.33199,27.77651,10.353049153514112,3.8567832148017023,0.0
32.75709,22.20943,34.51806,1667.41542,-1.27128,27.79021,10.368257923223842,3.862448881685391,0.0
32.77684,22.22182,34.46399,1661.93409,-1.20989,27.8039,10.378825326340374,3.866385517391409,0.0
32.79653,22.23417,34.41278,1656.43248,-1.14805,27.81757,10.384752138416202,3.8685934108334656,0.0
32.81614,22.24649,34.36443,1650.91309,-1.08599,27.83122,10.386061922541497,3.869081339882633,0.0
32.8357,22.25877,34.31891,1645.37848,-1.02396,27.84484,10.382800669966485,3.8678664374897207,0.0
32.85518,22.27103,34.27621,1639.83121,-0.96219,27.85845,10.375036241239982,3.8649739834946844,0.0
32.8746,22.28325,34.23628,1634.27386,-0.90092,27.87204,10.362857618368016,3.8604371260360235,0.0
32.89394,22.29544,34.1991,1628.70904,-0.84037,27.8856,10.346373981264435,3.8542965375043434,0.0
32.91322,22.30759,34.1646,1623.13933,-0.78077,27.89914,10.325713624393646,3.8466000109632708,0.0
32.93244,22.31971,34.13273,1617.56728,-0.72235,27.91267,10.301022731575882,3.8374020037321634,0.0
32.95158,22.3318,34.1034,1611.99543,-0.66532,27.92617,10.272464028633346,3.8267631354613707,0.0
32.97066,22.34385,34.07654,1606.42628,-0.6099,27.93965,10.240215334740776,3.8147496484721843,0.0
32.98966,22.35588,34.05207,1600.86227,-0.55628,27.95311,10.204468034074793,3.8014328384060194,0.0
33.0086,22.36786,34.02988,1595.30577,-0.50466,27.96655,10.16542548963483,3.7868884633309627,0.0
33.02747,22.37982,34.00988,1589.75911,-0.45523,27.97997,10.12330142087444,3.771196139366764,0.0
33.04628,22.39174,33.99195,1584.22452,-0.40815,27.99337,10.078318266160085,3.7544387306576326,0.0
33.06501,22.40362,33.97598,1578.70415,-0.3636,28.00676,10.030705550146362,3.736701741176566,0.0
33.08368,22.41547,33.96186,1573.20008,-0.32172,28.02012,9.980698274741805,3.718072715317765,0.0
33.10228,22.42729,33.94944,1567.71426,-0.28266,28.03347,9.928535350849904,3.698640653678902,0.0
33.12082,22.43908,33.93861,1562.24858,-0.24655,28.04679,9.874458086158125,3.678495449722746,0.0
33.13929,22.45083,33.92923,1556.8048,-0.21351,28.0601,9.818708742403754,3.6577273523207277,0.0
33.15769,22.46255,33.92116,1551.38458,-0.18364,28.0734,9.761529173434667,3.6364264583947365,0.0
33.17602,22.47423,33.91426,1545.98946,-0.15703,28.08667,9.70315955328159,3.6146822390905795,0.0
33.19429,22.48589,33.9084,1540.6209,-0.13378,28.09994,9.643837201427182,3.592583102159795,0.0
33.21249,22.49751,33.90343,1535.28022,-0.11394,28.11318,9.583795510414289,3.570215992465524,0.0
33.23063,22.50909,33.89919,1529.96862,-0.09757,28.12642,9.523262978993893,3.5476660318046687,0.0
33.2487,22.52065,33.89556,1524.68722,-0.08472,28.13963,9.462462352236892,3.525016198576916,0.0
33.26671,22.53217,33.89238,1519.43701,-0.07542,28.15284,9.401609868361032,3.5023470472079454,0.0
33.28466,22.54366,33.88951,1514.21885,-0.06969,28.16603,9.34091461056189,3.479736466689419,0.0
33.30254,22.55511,33.88681,1509.03351,-0.06754,28.17921,9.280577960809351,3.4572594771037974,0.0
33.32035,22.56654,33.88413,1503.88165,-0.06897,28.19238,9.220793151490561,3.4349880625995435,0.0
33.33811,22.57793,33.88133,1498.76382,-0.07395,28.20554,9.161744909807481,3.4129910389198517,0.0
33.3558,22.58929,33.87828,1493.68045,-0.08247,28.21869,9.103609189138226,3.3913339533276834,0.0
33.37343,22.60062,33.87484,1488.63189,-0.0945,28.23183,9.046552980944552,3.3700790145363526,0.0
33.391,22.61192,33.87087,1483.61837,-0.10998,28.24496,8.990734200450317,3.3492850501217433,0.0
33.40851,22.62319,33.86625,1478.64003,-0.12886,28.25808,8.936301639022732,3.3290074887830805,0.0
33.42595,22.63443,33.86085,1473.69692,-0.15108,28.27119,8.88339497607064,3.309298364775344,0.0
33.44334,22.64564,33.85455,1468.78898,-0.17656,28.2843,8.832144843273264,3.290206341836171,0.0
33.46066,22.65681,33.84724,1463.91608,-0.20523,28.2974,8.782672934073442,3.271776753974966,0.0
33.47793,22.66796,33.83878,1459.07799,-0.237,28.3105,8.735092151510624,3.2540516605445804,0.0
33.49514,22.67908,33.82909,1454.2744,-0.27176,28.32359,8.689506787783962,3.237069913133293,0.0
33.51229,22.69016,33.81806,1449.50491,-0.30942,28.33667,8.646012729220802,3.22086723192096,0.0
33.52938,22.70122,33.80558,1444.76906,-0.34986,28.34975,8.604697680727751,3.205476289292949,0.0
33.54641,22.71225,33.79156,1440.0663,-0.39298,28.36283,8.565641404150783,3.1909267986355445,0.0
33.56338,22.72325,33.77592,1435.39601,-0.43864,28.37591,8.528915965463213,3.1772456064199774,0.0
33.5803,22.73422,33.75857,1430.7575,-0.48672,28.38898,8.494585986083292,3.164456785824836,0.0
33.59716,22.74516,33.73943,1426.15002,-0.53708,28.40205,8.462708894092168,3.152581730321373,0.0
33.61397,22.75608,33.71844,1421.57274,-0.5896,28.41512,8.43333517158315,3.141639245817611,0.0
33.63072,22.76696,33.69553,1417.02478,-0.64412,28.42818,8.406508594767718,3.131645640104145,0.0
33.64741,22.77782,33.67063,1412.5052,-0.7005,28.44125,8.382266463940148,3.1226148085220244,0.0
33.66405,22.78865,33.6437,1408.013,-0.75859,28.45431,8.360639820798067,3.1145583149203717,0.0
33.68063,22.79945,33.61469,1403.54713,-0.81824,28.46738,8.34165365100628,3.1074854671167382,0.0
33.69716,22.81022,33.58356,1399.10648,-0.87929,28.48044,8.325327070304391,3.1014033862270924,0.0
33.71363,22.82097,33.55027,1394.68991,-0.94159,28.49351,8.311673492798297,3.0963170693588276,0.0
33.73005,22.83169,33.51479,1390.2962,-1.00498,28.50657,8.300700780453653,3.0922294453010095,0.0
33.74642,22.84238,33.47711,1385.92413,-1.06929,28.51964,8.292411373131479,3.0891414229660668,0.0
33.76273,22.85304,33.4372,1381.5724,-1.13436,28.5327,8.286802398825552,3.087051932456113,0.0
33.77899,22.86368,33.39505,1377.23969,-1.20003,28.54577,8.283865764071562,3.085957958742741,0.0
33.79519,22.87429,33.35067,1372.92464,-1.26613,28.55884,8.283588224801637,3.0858545680621967,0.0
33.81134,22.88487,33.30405,1368.62587,-1.33249,28.5719,8.285951438184926,3.0867349272273574,0.0
33.82744,22.89543,33.25519,1364.34194,-1.39896,28.58497,8.290931996265776,3.088590316158845,0.0
33.84349,22.90596,33.20412,1360.07141,-1.46536,28.59804,8.298501442509822,3.091410134048869,0.0
33.85948,22.91646,33.15086,1355.8128,-1.53152,28.61111,8.308626272555964,3.0951818996413683,0.0
33.87542,22.92693,33.09542,1351.56463,-1.5973,28.62419,8.321267920800706,3.099891246234319,0.0
33.89131,22.93738,33.03785,1347.32536,-1.66252,28.63726,8.336382734607744,3.1055219120721262,0.0
33.90715,22.9478,32.97817,1343.09347,-1.72701,28.65033,8.353921938213926,3.11205572689965,0.0
33.92293,22.9582,32.91643,1338.86742,-1.79064,28.66341,8.373831588630312,3.1194725955341838,0.0
33.93867,22.96857,32.85268,1334.64566,-1.85322,28.67648,8.396052525994893,3.12775047937054,0.0
33.95435,22.97891,32.78697,1330.42663,-1.91462,28.68956,8.420520321123456,3.1368653768423664,0.0
33.96997,22.98922,32.71935,1326.20878,-1.97468,28.70263,8.447165223129826,3.146791303909304,0.0
33.98555,22.99951,32.64989,1321.99054,-2.03325,28.7157,8.475912110190066,3.157500275715363,0.0
34.00108,23.00977,32.57866,1317.77038,-2.09019,28.72878,8.506680446686273,3.168962290623856,0.0
34.01655,23.02,32.50573,1313.54674,-2.14536,28.74185,8.539384250094841,3.181145317882404,0.0
34.03197,23.03021,32.43117,1309.31812,-2.19862,28.75492,8.57393207109919,3.194015290214402,0.0
34.04734,23.04039,32.35506,1305.08299,-2.24985,28.76799,8.610226990475903,3.207536102659031,0.0
34.06265,23.05054,32.2775,1300.8399,-2.29892,28.78105,8.648166636352133,3.2216696190000884,0.0
34.07792,23.06067,32.19855,1296.58737,-2.34571,28.79411,8.687643225468655,3.2363756871375657,0.0
34.09313,23.07077,32.11832,1292.32399,-2.39011,28.80717,8.728543631967005,3.2516121647126632,0.0
34.10829,23.08084,32.0369,1288.04838,-2.43202,28.82023,8.770749487212276,3.2673349562944125,0.0
34.1234,23.09088,31.95438,1283.7592,-2.47133,28.83328,8.81413731395846,3.2834980633597945,0.0
34.13845,23.1009,31.87087,1279.45514,-2.50796,28.84633,8.858578697977714,3.3000536482301546,0.0
34.15345,23.11088,31.78646,1275.13496,-2.54182,28.85937,8.903940500015267,3.3169521130299873,0.0
34.1684,23.12084,31.70125,1270.79748,-2.57284,28.87241,8.950085110589363,3.3341421946066134,0.0
34.1833,23.13077,31.61536,1266.44157,-2.60095,28.88544,8.996870749756253,3.3515710762005337,0.0
34.19814,23.14068,31.52888,1262.06616,-2.6261,28.89846,9.044151813507668,3.3691845164875938,0.0
34.21293,23.15055,31.44192,1257.67026,-2.64824,28.91148,9.091779267919398,3.3869269964097097,0.0
34.22767,23.16039,31.35458,1253.25294,-2.66733,28.92448,9.139601091592423,3.4047418839958206,0.0
34.24235,23.17021,31.26698,1248.81336,-2.68334,28.93748,9.187462766274685,3.4225716171314144,0.0
34.25698,23.18,31.17923,1244.35076,-2.69626,28.95047,9.235207814850435,3.4403579039737155,0.0
34.27155,23.18975,31.09141,1239.86447,-2.70608,28.96345,9.282678385134556,3.458041940430426,0.0
34.28607,23.19948,31.00365,1235.35388,-2.71281,28.97641,9.329715877159543,3.475564643840636,0.0
34.30053,23.20918,30.91604,1230.81851,-2.71646,28.98937,9.376161610817245,3.4928669016889304,0.0
34.31494,23.21885,30.82868,1226.25794,-2.71705,29.00231,9.421857529947856,3.509889833897077,0.0
34.3293,23.22848,30.74168,1221.67187,-2.71463,29.01524,9.466646938187964,3.5265750669467733,0.0
34.3436,23.23809,30.65514,1217.06008,-2.70924,29.02816,9.510375261095605,3.5428650177912906,0.0
34.35784,23.24767,30.56913,1212.42247,-2.70094,29.04107,9.552890828403674,3.5587031852654474,0.0
34.37203,23.25721,30.48377,1207.75901,-2.6898,29.05395,9.594045669586125,3.5740344464549523,0.0
34.38616,23.26673,30.39913,1203.06981,-2.67591,29.06683,9.633696315338053,3.588805355268823,0.0
34.40023,23.27621,30.31529,1198.35505,-2.65936,29.07969,9.671704597134479,3.602964440296074,0.0
34.41425,23.28566,30.23235,1193.61502,-2.64024,29.09253,9.707938436657328,3.61646249888803,0.0
34.42821,23.29508,30.15037,1188.85011,-2.61868,29.10535,9.74227261663806,3.6292528843174976,0.0
34.44211,23.30447,30.06942,1184.0608,-2.59479,29.11816,9.774589524607151,3.641291782845008,0.0
34.45596,23.31382,29.98957,1179.24768,-2.56872,29.13095,9.804779861051928,3.6525384775262473,0.0
34.46974,23.32314,29.91089,1174.41143,-2.54059,29.14372,9.832743303714928,3.6629555956806725,0.0
34.48347,23.33243,29.83342,1169.55281,-2.51057,29.15647,9.858389120122757,3.6725093370746293,0.0
34.49715,23.34169,29.75721,1164.67268,-2.4788,29.1692,9.881636720893475,3.681169680042912,0.0
34.51076,23.35091,29.68232,1159.77197,-2.44546,29.18191,9.902416147082047,3.6889105630377625,0.0
34.52431,23.3601,29.60877,1154.8517,-2.41071,29.19461,9.920668485535108,3.695710039359456,0.0
34.53781,23.36926,29.5366,1149.91296,-2.37473,29.20728,9.936346207155701,3.7015504031688087,0.0
34.55124,23.37838,29.46583,1144.95691,-2.33772,29.21993,9.949413423955749,3.706418285245993,0.0
34.56462,23.38747,29.3965,1139.98477,-2.29984,29.23256,9.959846061830417,3.7103047173535306,0.0
34.57794,23.39652,29.3286,1134.99782,-2.26131,29.24517,9.967631947153704,3.7132051644954274,0.0
34.5912,23.40554,29.26215,1129.9974,-2.2223,29.25775,9.972770806402192,3.715119524777014,0.0
34.6044,23.41452,29.19714,1124.9849,-2.18302,29.27032,9.975274179231164,3.7160520970235087,0.0
34.61753,23.42347,29.13359,1119.96172,-2.14366,29.28286,9.975165246523424,3.716011516723683,0.0
34.63061,23.43239,29.07146,1114.92933,-2.10442,29.29538,9.972478576100805,3.715010661300705,0.0
34.64363,23.44127,29.01076,1109.8892,-2.0655,29.30788,9.9672597897893,3.7130665260851368,0.0
34.65659,23.45011,28.95145,1104.84285,-2.0271,29.32036,9.959565156499679,3.710200072726766,0.0
34.66949,23.45892,28.8935,1099.7918,-1.9894,29.33281,9.949461116863821,3.7064360521091264,0.0
34.68232,23.4677,28.8369,1094.73757,-1.9526,29.34524,9.937023745678541,3.7018028040956787,0.0
34.6951,23.47643,28.78159,1089.68169,-1.91689,29.35765,9.922338159066191,3.69633203668154,0.0
34.70782,23.48514,28.72753,1084.62569,-1.88244,29.37004,9.905497873698888,3.6900585872876426,0.0
34.72047,23.4938,28.67469,1079.57111,-1.84944,29.38241,9.886604125770816,3.683020169060009,0.0
34.73307,23.50244,28.62299,1074.51943,-1.81805,29.39475,9.865765157662267,3.6752571051333245,0.0
34.74561,23.51103,28.5724,1069.47215,-1.78845,29.40708,9.84309548018481,3.6668120537978597,0.0
34.75808,23.51959,28.52284,1064.43074,-1.76078,29.41938,9.818715118358085,3.6577297275314766,0.0
34.7705,23.52812,28.47426,1059.39662,-1.73521,29.43166,9.792748848345088,3.6480566087379533,0.0
34.78285,23.53661,28.42658,1054.3712,-1.71186,29.44392,9.76532543295838,3.6378406649529196,0.0
34.79515,23.54506,28.37974,1049.35584,-1.69088,29.45616,9.736576862680996,3.627131066104185,0.0
34.80739,23.55348,28.33366,1044.35186,-1.67238,29.46838,9.706637608701623,3.6159779062476867,0.0
34.81956,23.56186,28.28828,1039.36053,-1.65648,29.48058,9.675643893844171,3.6044319319695686,0.0
34.83168,23.57021,28.2435,1034.38308,-1.64329,29.49277,9.643732986726896,3.592544279441886,0.0
34.84374,23.57852,28.19926,1029.42069,-1.6329,29.50493,9.611042523769052,3.5803662218522416,0.0
34.85573,23.58679,28.15548,1024.47448,-1.6254,29.51708,9.57770986302143,3.567948928688664,0.0
34.86767,23.59503,28.11206,1019.54551,-1.62085,29.52921,9.543871473122097,3.5553432381095407,0.0
34.87955,23.60324,28.06893,1014.63479,-1.61933,29.54132,9.509662359972195,3.542599443365263,0.0
34.89137,23.61141,28.02601,1009.74327,-1.62088,29.55341,9.475215533065414,3.5297670939919232,0.0
34.90314,23.61954,27.98322,1004.87183,-1.62555,29.56549,9.440661512819883,3.5168948122794723,0.0
34.91484,23.62764,27.94047,1000.02129,-1.63336,29.57755,9.40612787958462,3.504030125264761,0.0
34.92649,23.6357,27.89768,995.19241,-1.64435,29.5896,9.371738864510606,3.4912193123202484,0.0
