0.04982,0.04982,52.22726,5263.3531,-0.43916,45.0001,8.55905489788674,3.1884731517507783,0.0
0.09959,0.09959,52.17101,5258.65851,-0.37747,45.00024,8.611653941336675,3.2080676794000054,0.0
0.14932,0.14932,52.12335,5253.92169,-0.31508,45.00043,8.653961624107076,3.223828404414109,0.0
0.19901,0.19901,52.08435,5249.14831,-0.25216,45.00067,8.685757547825903,3.2356732226004747,0.0
0.24865,0.24865,52.05406,5244.34418,-0.18889,45.00094,8.706888357261867,3.2435450051004304,0.0
0.29824,0.29825,52.03249,5239.51522,-0.12544,45.00126,8.71726965957491,3.2474123133605417,0.0
0.34779,0.3478,52.01964,5234.66741,-0.06199,45.00163,8.716886964144635,3.2472697492434404,0.0
0.3973,0.39731,52.01548,5229.80678,0.00128,45.00204,8.70579562415989,3.243137933268405,0.0
0.44675,0.44677,52.01997,5224.93935,0.06421,45.00249,8.68411978598689,3.235063113223336,0.0
0.49616,0.49619,52.03302,5220.07109,0.12661,45.00298,8.652050376965327,3.2231164145658693,0.0
0.54553,0.54556,52.05454,5215.2079,0.18833,45.00352,8.609842185431697,3.2073927526552346,0.0
0.59484,0.59489,52.0844,5210.35555,0.24918,45.0041,8.557810107953124,3.188009434748112,0.0
0.64411,0.64417,52.12247,5205.51968,0.30902,45.00473,8.496324656938306,3.1651044864655113,0.0
0.69334,0.6934,52.16857,5200.70571,0.36769,45.0054,8.425806836568611,3.1388347429422785,0.0
0.74251,0.74259,52.22253,5195.91889,0.42504,45.00611,8.346722505924529,3.1093737489433853,0.0
0.79164,0.79174,52.28413,5191.16422,0.48094,45.00686,8.259576354983443,3.0769095147646004,0.0
0.84072,0.84084,52.35317,5186.44644,0.53524,45.00766,8.164905621944309,3.0416421757706216,0.0
0.88976,0.88989,52.4294,5181.77002,0.58784,45.00851,8.063273679106853,3.003781602966315,0.0
0.93875,0.93891,52.51257,5177.13913,0.63862,45.00939,7.955263609724091,2.963545010205273,0.0
0.9877,0.98788,52.60242,5172.55763,0.68747,45.01033,7.84147189025768,2.921154600663702,0.0
1.0366,1.0368,52.69867,5168.02911,0.73431,45.0113,7.722502281816019,2.8768352912403916,0.0
1.08541,1.08573,52.79734,5163.56294,0.72471,45.11676,7.602905496781042,2.8322823420340617,54.99999906180115
1.13409,1.13471,52.89454,5159.16519,0.71387,45.22076,7.4868994072460975,2.7890670213783793,54.99999906180115
1.18264,1.18373,52.99012,5154.83415,0.70183,45.32334,7.374530647526898,2.747206701782969,54.99999906180115
1.23106,1.2328,53.08391,5150.56806,0.68862,45.42455,7.265843582304919,2.7067179102589862,54.99999906180115
1.27936,1.28192,53.17577,5146.36517,0.67427,45.52443,7.160872723547585,2.6676135034223587,54.99999906180115
1.32753,1.33107,53.26555,5142.22366,0.65882,45.62304,7.059643666024109,2.6299030159980603,54.99999906180115
1.37558,1.38027,53.35311,5138.14171,0.64231,45.72042,6.962173986092385,2.5935929956418677,54.99999906180115
1.4235,1.42952,53.4383,5134.11748,0.62477,45.81662,6.868474101079637,2.558687323082267,54.99999906180115
1.47131,1.4788,53.52101,5130.14912,0.60623,45.91169,6.778548087316527,2.525187516859685,54.99999906180115
1.519,1.52813,53.6011,5126.23477,0.58674,46.00568,6.692394455610031,2.493093022210537,54.99999906180115
1.56657,1.5775,53.67846,5122.37255,0.56633,46.09864,6.610006883502955,2.462401483853165,54.99999906180115
1.61402,1.62691,53.75296,5118.5606,0.54504,46.19062,6.531374904184075,2.43310900262499,54.99999906180115
1.66136,1.67636,53.82449,5114.79703,0.5229,46.28166,6.456484552371695,2.4052103760911296,54.99999906180115
1.70859,1.72585,53.89296,5111.07997,0.49995,46.37181,6.385318967809815,2.3786993233626057,54.99999906180115
1.7557,1.77537,53.95825,5107.40755,0.47623,46.46113,6.317858957364231,2.353568694491926,54.99999906180115
1.80271,1.82494,54.02028,5103.77788,0.45176,46.54967,6.25408351688642,2.329810664881111,54.99999906180115
1.8496,1.87454,54.07895,5100.1891,0.42659,46.63746,6.1939703142456155,2.3074169152238584,54.99999906180115
1.89639,1.92419,54.13417,5096.63935,0.40076,46.72457,6.137496135025276,2.286378797539197,54.99999906180115
1.94307,1.97387,54.18587,5093.12675,0.37429,46.81104,6.084637292496128,2.2666874878972383,54.99999906180115
1.98964,2.02358,54.23396,5089.64945,0.34722,46.89691,6.03537000351135,2.248334126450019,54.99999906180115
2.03611,2.07334,54.27837,5086.20561,0.31959,46.98224,5.989670732019406,2.2313099453990706,54.99999906180115
2.08247,2.12313,54.31905,5082.79335,0.29143,47.06707,5.947516501845627,2.215606385514789,54.99999906180115
2.12872,2.17295,54.35591,5079.41085,0.26277,47.15146,5.9088851804135665,2.201215201830105,54.99999906180115
2.17487,2.22282,54.38891,5076.05626,0.23366,47.23544,5.873755734954728,2.1881285590853494,54.99999906180115
2.22092,2.27272,54.418,5072.72774,0.20412,47.31907,5.8421084627745765,2.1763391175083973,54.99999906180115
2.26687,2.32265,54.44311,5069.42345,0.17419,47.4024,5.813925196980337,2.1658401094536908,54.99999906180115
2.31271,2.37262,54.46422,5066.14156,0.1439,47.48546,5.789189489029403,2.156625407406321,54.99999906180115
2.35845,2.42263,54.48127,5062.88022,0.11329,47.56831,5.767886769330546,2.148689583810208,54.99999906180115
2.40409,2.47267,54.49424,5059.63761,0.08238,47.651,5.7500044870233955,2.1420279631396295,54.99999906180115
2.44963,2.52275,54.50309,5056.41188,0.05122,47.73357,5.7355322299398805,2.136636666588019,54.99999906180115
2.49507,2.57286,54.50779,5053.2012,0.01983,47.81607,5.724461825634616,2.13251264970444,54.99999906180115
2.5404,2.62301,54.50833,5050.0037,-0.01174,47.89854,5.716787424212728,2.1296537332491328,54.99999906180115
2.58564,2.67319,54.50468,5046.81755,-0.04348,47.98104,5.712505563598137,2.128058627507665,54.99999906180115
2.63077,2.72341,54.49684,5043.64089,-0.07534,48.0636,5.7116152176983475,2.1277269502335825,54.99999906180115
2.67581,2.77366,54.48478,5040.47183,-0.10729,48.14629,5.71411782783034,2.128659238355385,54.99999906180115
2.72074,2.82395,54.46852,5037.30852,-0.1393,48.22914,5.72001731760208,2.1308569535202766,54.99999906180115
2.76557,2.87427,54.44804,5034.14905,-0.17134,48.3122,5.729320091317664,2.134322481500039,54.99999906180115
2.8103,2.92463,54.42336,5030.99153,-0.20336,48.39551,5.742035015843266,2.1390591254356246,54.99999906180115
2.85493,2.97503,54.39448,5027.83403,-0.23535,48.47914,5.758173385720968,2.1450710928411363,54.99999906180115
2.89946,3.02546,54.36141,5024.67464,-0.26726,48.56313,5.77774887117726,2.152363476235626,54.99999906180115
2.94389,3.07593,54.32417,5021.5114,-0.29906,48.64751,5.800777448565151,2.160942227230953,54.99999906180115
2.98821,3.12643,54.28279,5018.34234,-0.33072,48.73236,5.827277312597787,2.1708141238364957,54.99999906180115
3.03243,3.17697,54.23728,5015.16547,-0.3622,48.8177,5.857268769653158,2.181986730712349,54.99999906180115
3.07655,3.22755,54.18769,5011.97881,-0.39347,48.9036,5.890774111264116,2.194468352041026,54.99999906180115
3.12057,3.27816,54.13404,5008.7803,-0.42449,48.9901,5.927817466813783,2.208267976652621,54.99999906180115
3.16448,3.32881,54.07638,5005.56791,-0.45523,49.07726,5.968424634304342,2.223395214981734,54.99999906180115
3.20828,3.37949,54.01474,5002.33957,-0.48566,49.16512,6.01262288801204,2.2398602274138963,54.99999906180115
3.25198,3.43022,53.94919,4999.09316,-0.51573,49.25374,6.060440761697642,2.257673643525761,54.99999906180115
3.29557,3.48098,53.87977,4995.82657,-0.54542,49.34316,6.111907805967494,2.276846471695716,54.99999906180115
3.33906,3.53177,53.80654,4992.53766,-0.57469,49.43345,6.167054318329988,2.2973899985428123,54.99999906180115
3.38243,3.58261,53.72956,4989.22423,-0.6035,49.52466,6.2259110443941905,2.319315677615392,54.99999906180115
3.4257,3.63348,53.64891,4985.8841,-0.63181,49.61683,6.288508848649693,2.342635006747923,54.99999906180115
3.46885,3.68439,53.56465,4982.51504,-0.65959,49.71004,6.354878353259645,2.367359393501895,54.99999906180115
3.51189,3.73535,53.47687,4979.11478,-0.6868,49.80432,6.42504954326607,2.3935000080944167,54.99999906180115
3.55482,3.78634,53.38563,4975.68104,-0.7134,49.89973,6.499051336694509,2.42106762325088,54.99999906180115
3.59764,3.83737,53.29104,4972.21154,-0.73936,49.99634,6.576911118103084,2.4500724404397163,54.99999906180115
3.64033,3.88843,53.19318,4968.70392,-0.76464,50.0942,6.658654234233629,2.480523901989174,54.99999906180115
3.68292,3.93954,53.09215,4965.15584,-0.78919,50.19336,6.744303450581725,2.512430488645351,54.99999906180115
3.72538,3.99069,52.98805,4961.56492,-0.81299,50.29389,6.833878367927371,2.5457995022145243,54.99999906180115
3.76772,4.04188,52.88099,4957.92877,-0.83598,50.39584,6.92739479811533,2.5806368330249048,54.99999906180115
3.80994,4.09312,52.77108,4954.24498,-0.85814,50.49927,7.024864098705956,2.616946712066558,54.99999906180115
3.85203,4.14439,52.65843,4950.51112,-0.87942,50.60425,7.126292466516969,2.654731447817133,54.99999906180115
3.894,4.1957,52.54318,4946.72475,-0.89979,50.71082,7.231680190522592,2.6939911479271323,54.99999906180115
3.93584,4.24706,52.42543,4942.88342,-0.9192,50.81906,7.341020865132995,2.7347234261458016,54.99999906180115
3.97755,4.29846,52.30534,4938.98468,-0.93761,50.92901,7.4543005654677685,2.776923095088804,54.99999906180115
4.01913,4.34991,52.18302,4935.02609,-0.955,51.04075,7.571496986973309,2.8205818457230527,54.99999906180115
4.06058,4.40139,52.05863,4931.00519,-0.97131,51.15432,7.692578552484668,2.8656879147237593,54.99999906180115
4.10189,4.45292,51.9323,4926.91955,-0.98651,51.26979,7.817503490711204,2.9122257411860923,54.99999906180115
4.14306,4.5045,51.8042,4922.76675,-1.00056,51.38722,7.946218891100748,2.960175614537208,54.99999906180115
4.18409,4.55612,51.67447,4918.54439,-1.01342,51.50666,8.078659741024286,3.0095133158622125,54.99999906180115
4.22498,4.60779,51.54328,4914.25012,-1.02506,51.62818,8.214747952361105,3.060209755281519,54.99999906180115
4.26572,4.6595,51.41078,4909.8816,-1.03544,51.75183,8.354391385722701,3.1122306084485762,54.99999906180115
4.30631,4.71125,51.27715,4905.43655,-1.04453,51.87766,8.497482881763895,3.1655359556877727,54.99999906180115
4.34675,4.76306,51.14257,4900.91275,-1.05229,52.00573,8.643899310283766,3.2200799277595156,54.99999906180115
4.38704,4.81491,51.0072,4896.30804,-1.05868,52.13609,8.793500649074929,3.275810362707347,54.99999906180115
4.42718,4.8668,50.87123,4891.62034,-1.06368,52.2688,8.946129105748843,3.332668478714768,54.99999906180115
4.46715,4.91875,50.73484,4886.84763,-1.06726,52.4039,9.101608296922256,3.3905885683305916,54.99999906180115
4.50696,4.97074,50.59822,4881.98804,-1.06939,52.54143,9.25974250035141,3.449497719869255,54.99999906180115
4.54661,5.02278,50.46156,4877.03974,-1.07003,52.68145,9.420315996530672,3.5093155721389895,54.99999906180115
4.58609,5.07487,50.32506,4872.00108,-1.06918,52.82399,9.58309251720311,3.5699541089974947,54.99999906180115
4.6254,5.12701,50.1889,4866.8705,-1.06679,52.96908,9.747814818819295,3.631317500454123,54.99999906180115
4.66454,5.1792,50.05329,4861.64662,-1.06287,53.11677,9.914204399466541,3.6933019972185743,54.99999906180115
4.7035,5.23144,49.91842,4856.32818,-1.05738,53.26708,10.081961377787723,3.755795885594964,54.99999906180115
4.74228,5.28372,49.7845,4850.91412,-1.05032,53.42004,10.250764552297335,3.818679509578622,54.99999906180115
4.78087,5.33606,49.65173,4845.40354,-1.04168,53.57567,10.42027165878149,3.881825366744363,54.99999906180115
4.81928,5.38844,49.52031,4839.79575,-1.03144,53.73399,10.590119842444821,3.945098284133628,54.99999906180115
4.85751,5.44088,49.39043,4834.09027,-1.01961,53.895,10.759926359959461,4.008355679786202,54.99999906180115
4.89553,5.49337,49.26231,4828.28681,-1.00619,54.05871,10.929289524529262,4.071447914801507,54.99999906180115
4.93337,5.5459,49.13614,4822.38536,-0.99118,54.22513,11.097789904568172,4.134218739877825,54.99999906180115
4.971,5.59849,49.01212,4816.38609,-0.97459,54.39423,11.264991783539605,4.196505839140891,54.99999906180115
5.00843,5.65113,48.89044,4810.28948,-0.95644,54.56603,11.430444885018373,4.258141472774834,54.99999906180115
5.04566,5.70382,48.7713,4804.09623,-0.93674,54.74048,11.59368636296542,4.318953218451893,54.99999906180115
5.08267,5.75655,48.65488,4797.80731,-0.91552,54.91757,11.754243052847665,4.378764809933788,54.99999906180115
5.11948,5.80934,48.54138,4791.42398,-0.8928,55.09726,11.911633974444321,4.437397069432923,54.99999906180115
5.15607,5.86218,48.43097,4784.94778,-0.86862,55.27952,12.06537307212783,4.494668928439144,54.99999906180115
5.19245,5.91506,48.32382,4778.3805,-0.84301,55.46429,12.214972173278678,4.550398529807082,54.99999906180115
5.2286,5.968,48.22011,4771.72424,-0.81602,55.65153,12.359944140187562,4.60440440192266,54.99999906180115
5.26453,6.02099,48.12,4764.98139,-0.7877,55.84116,12.499806185772021,4.656506693894767,54.99999906180115
5.30023,6.07402,48.02364,4758.15459,-0.75809,56.03312,12.634083318485406,4.706528458874498,54.99999906180115
5.33571,6.1271,47.93119,4751.24678,-0.72726,56.22733,12.762311877367686,4.754296970954586,54.99999906180115
5.37096,6.18023,47.84277,4744.26116,-0.69528,56.42371,12.884043114258516,4.79964505963803,54.99999906180115
5.40597,6.23341,47.75852,4737.2012,-0.6622,56.62217,12.998846777007516,4.842412444678194,54.99999906180115
5.44074,6.28663,47.67856,4730.07062,-0.6281,56.82261,13.106314645054601,4.882447053175522,54.99999906180115
5.47528,6.3399,47.603,4722.87337,-0.59305,57.02493,13.206063967436378,4.919606300325363,54.99999906180115
5.50957,6.39321,47.53194,4715.61364,-0.55715,57.22901,13.297740752832674,4.95375831504688,54.99999906180115
5.54363,6.44657,47.46546,4708.29582,-0.52046,57.43474,13.381022861980348,4.984783091988561,54.99999906180115
5.57744,6.49997,47.40365,4700.9245,-0.48308,57.642,13.455622854679952,5.012573552113103,54.99999906180115
5.611,6.55342,47.34658,4693.50444,-0.4451,57.85067,13.521290546640902,5.037036495189521,54.99999906180115
5.64432,6.6069,47.29429,4686.04054,-0.40662,58.06061,13.577815235448512,5.058093429024427,54.99999906180115
5.67739,6.66043,47.24682,4678.53785,-0.36772,58.27169,13.625027560073095,5.075681262178107,54.99999906180115
5.71021,6.714,47.20421,4671.00152,-0.32851,58.48378,13.662800964324129,5.0897528491397,54.99999906180115
5.74278,6.7676,47.16648,4663.43678,-0.28909,58.69673,13.69105274137942,5.100277379441786,54.99999906180115
5.7751,6.82124,47.13363,4655.84892,-0.24955,58.91041,13.709744643807912,5.107240604909953,54.99999906180115
5.80717,6.87493,47.10564,4648.24328,-0.21,59.12467,13.718883051182946,5.110644902103122,54.99999906180115
5.83899,6.92864,47.08251,4640.62517,-0.17054,59.33938,13.718518695197936,5.110509169911923,54.99999906180115
5.87055,6.98239,47.06419,4632.99993,-0.13127,59.55439,13.70874594998196,5.10686856518257,54.99999906180115
5.90186,7.03617,47.05064,4625.37283,-0.09229,59.76955,13.689701702767353,5.0997740820108275,54.99999906180115
5.93292,7.08999,47.04182,4617.7491,-0.05369,59.98473,13.661563827236566,5.089291983023546,54.99999906180115
5.96372,7.14384,47.03764,4610.13386,-0.01558,60.1998,13.624549288091073,5.0755030932807115,54.99999906180115
5.99428,7.19771,47.03803,4602.53215,0.02195,60.41461,13.578911911208065,5.058501969600136,54.99999906180115
6.02458,7.25162,47.0429,4594.94886,0.05882,60.62903,13.524939858283298,5.038395959795482,54.99999906180115
6.05464,7.30555,47.05214,4587.38873,0.09492,60.84294,13.4629528486573,5.015304167733415,54.99999906180115
6.08444,7.35951,47.06566,4579.85637,0.13017,61.05622,13.393299173606506,4.989356341078504,54.99999906180115
6.114,7.4135,47.08332,4572.35617,0.1645,61.26874,13.316352549960598,4.960691699182887,54.99999906180115
6.1433,7.4675,47.10499,4564.89234,0.19782,61.48038,13.23250886040158,4.92945771876191,54.99999906180115
6.17237,7.52154,47.13055,4557.46889,0.23006,61.69106,13.142182827277479,4.895808894802217,54.99999906180115
6.20119,7.57559,47.15984,4550.0896,0.26114,61.90065,13.04580466535112,4.859905493622589,54.99999906180115
6.22976,7.62966,47.19271,4542.75803,0.29101,62.10906,12.943816756545289,4.821912314129034,54.99999906180115
6.2581,7.68375,47.22901,4535.47751,0.3196,62.31621,12.83667038684394,4.781997472224625,54.99999906180115
6.28619,7.73786,47.26855,4528.25113,0.34685,62.52201,12.724822581803876,4.740331221954334,54.99999906180115
6.31405,7.79199,47.31119,4521.08173,0.37272,62.72639,12.608733073140472,4.697084825478412,54.99999906180115
6.34168,7.84614,47.35672,4513.9719,0.39715,62.92927,12.48886142447078,4.6524294823360535,54.99999906180115
6.36907,7.9003,47.40499,4506.92401,0.42011,63.13059,12.36566433969799,4.6065353267478,54.99999906180115
6.39623,7.95447,47.4558,4499.94016,0.44155,63.33029,12.23959317291537,4.559570499989238,54.99999906180115
6.42316,8.00865,47.50896,4493.02222,0.46145,63.52834,12.111091654149423,4.5117003031704765,54.99999906180115
6.44986,8.06285,47.56429,4486.17182,0.47978,63.72467,11.980593840783433,4.463086434087527,54.99999906180115
6.47634,8.11706,47.6216,4479.39036,0.49651,63.91926,11.848522300374142,4.413886310273698,54.99999906180115
6.5026,8.17128,47.68068,4472.67902,0.51163,64.11207,11.715286526643276,4.36425247891476,54.99999906180115
6.52863,8.22551,47.74135,4466.03874,0.52513,64.30309,11.581281586930182,4.314332112989466,54.99999906180115
6.55445,8.27975,47.80341,4459.47026,0.53699,64.49229,11.446886996249152,4.264266591826282,54.99999906180115
6.58006,8.33399,47.86667,4452.9741,0.5472,64.67967,11.31246581039297,4.214191163260593,54.99999906180115
6.60545,8.38825,47.93093,4446.55061,0.55578,64.86521,11.178363928245634,4.164234683727836,54.99999906180115
6.63063,8.4425,47.996,4440.19993,0.56272,65.04891,11.044909591585869,4.114519431927145,54.99999906180115
6.6556,8.49677,48.06169,4433.92201,0.56802,65.23079,10.91241306923114,4.065160991156692,54.99999906180115
6.68037,8.55104,48.1278,4427.71667,0.5717,65.41085,10.78116651131853,4.016268195029472,54.99999906180115
6.70494,8.60531,48.19416,4421.58353,0.57377,65.58909,10.651443958797593,3.967943131009646,54.99999906180115
6.7293,8.65959,48.26057,4415.52207,0.57424,65.76555,10.523501492820156,3.9202811960641677,54.99999906180115
6.75347,8.71387,48.32686,4409.53163,0.57313,65.94025,10.397577508665885,3.873371198707274,54.99999906180115
6.77744,8.76815,48.39284,4403.61142,0.57048,66.1132,10.273893098980096,3.8272955017666392,54.99999906180115
6.80121,8.82243,48.45834,4397.76052,0.56629,66.28444,10.15265253147291,3.782130200338892,54.99999906180115
6.8248,8.87672,48.52318,4391.97789,0.56059,66.45401,10.034043806811523,3.737945329619158,54.99999906180115
6.84819,8.931,48.58719,4386.2624,0.55343,66.62193,9.918239283124322,3.694805097545277,54.99999906180115
6.8714,8.98529,48.65022,4380.6128,0.54481,66.78826,9.805396354330245,3.652768137493335,54.99999906180115
6.89442,9.03958,48.7121,4375.02776,0.53479,66.95302,9.695658170401732,3.6118877765945694,54.99999906180115
6.91725,9.09386,48.77268,4369.50586,0.52338,67.11627,9.589154388640576,3.5722123156053875,54.99999906180115
6.93991,9.14815,48.83179,4364.04559,0.51063,67.27806,9.48600194592608,3.5337853165901243,54.99999906180115
6.96238,9.20243,48.88931,4358.64541,0.49657,67.43842,9.386305842949232,3.4966458950689066,54.99999906180115
6.98468,9.25671,48.94507,4353.30367,0.48125,67.59742,9.290159932347628,3.4608290136186497,54.99999906180115
7.0068,9.31099,48.99895,4348.01867,0.4647,67.7551,9.19764770360868,3.4263657742701574,54.99999906180115
7.02875,9.36527,49.05082,4342.78869,0.44696,67.91151,9.108843058482426,3.393283707369789,54.99999906180115
7.05053,9.41954,49.10054,4337.61192,0.42807,68.06673,9.02381107150328,3.361607054893827,54.99999906180115
7.07213,9.47381,49.148,4332.48651,0.40807,68.22079,8.94260873098635,3.3313570464891056,54.99999906180115
7.09356,9.52808,49.19308,4327.4106,0.38702,68.37376,8.865285656634153,3.3025521668003814,54.99999906180115
7.11483,9.58234,49.23566,4322.38227,0.36494,68.52571,8.791884790477331,3.275208412863944,54.99999906180115
7.13593,9.6366,49.27563,4317.39956,0.34189,68.67667,8.72244305858245,3.24933954061117,54.99999906180115
7.15686,9.69085,49.31291,4312.46049,0.31791,68.82673,8.656992001388646,3.22495729968552,54.99999906180115
7.17763,9.7451,49.34739,4307.56306,0.29304,68.97594,8.595558371105074,3.202071655988793,54.99999906180115
7.19823,9.79935,49.37897,4302.70523,0.26734,69.12436,8.538164694961843,3.180691001506935,54.99999906180115
7.21867,9.85359,49.40759,4297.88495,0.24084,69.27206,8.484829803475126,3.1608223511026803,54.99999906180115
7.23896,9.90782,49.43315,4293.10014,0.21359,69.4191,8.435569323238285,3.1424715260932157,54.99999906180115
7.25908,9.96205,49.45557,4288.34871,0.18564,69.56554,8.390396133932327,3.125643324498602,54.99999906180115
7.27904,10.01627,49.47481,4283.62853,0.15704,69.71145,8.349320789535055,3.1103416779532624,54.99999906180115
7.29884,10.07049,49.49078,4278.93747,0.12782,69.8569,8.312351903805704,3.0965697953091547,54.99999906180115
7.31849,10.1247,49.50343,4274.27339,0.09805,70.00194,8.279496500304678,3.0843302930273286,54.99999906180115
7.33798,10.1789,49.5127,4269.63412,0.06776,70.14665,8.250760327273456,3.073625312478981,54.99999906180115
7.35731,10.2331,49.51856,4265.01748,0.037,70.29109,8.226148137750991,3.0644566242961817,54.99999906180115
7.37648,10.28729,49.52095,4260.42129,0.00583,70.43533,8.20566393537099,3.0568257199378293,54.99999906180115
7.3955,10.34147,49.51985,4255.84332,-0.02572,70.57943,8.189311186256349,3.050733890625901,54.99999906180115
7.41437,10.39564,49.51521,4251.28137,-0.05759,70.72346,8.177092997442719,3.046182293812928,54.99999906180115
7.43308,10.44981,49.50702,4246.73319,-0.08974,70.8675,8.169012262222621,3.043172007326502,54.99999906180115
7.45163,10.50396,49.49525,4242.19654,-0.12212,71.0116,8.165071772764904,3.041704071322985,54.99999906180115
7.47009,10.55809,49.48381,4237.66107,-0.08414,71.02027,8.160748473566146,3.0400935286185993,0.0
7.48853,10.61216,49.47657,4233.11979,-0.0464,71.02894,8.151558638429258,3.0366700732309937,0.0
7.50693,10.66618,49.47351,4228.57547,-0.00898,71.03763,8.137573031916638,3.0314600668215888,0.0
7.52531,10.72015,49.47456,4224.03087,0.02801,71.04633,8.118884856815123,3.024498229880794,0.0
7.54366,10.77406,49.47968,4219.4887,0.06448,71.05503,8.095606773335378,3.0158265313013506,0.0
7.56199,10.82793,49.48878,4214.95163,0.10034,71.06376,8.067869849158578,3.0054937972430955,0.0
7.58028,10.88174,49.5018,4210.42229,0.13549,71.07249,8.035822368298291,2.993555267402668,0.0
7.59855,10.93549,49.51862,4205.90322,0.16985,71.08123,7.999628517547308,2.9800721056803994,0.0
7.61679,10.98919,49.53916,4201.3969,0.20333,71.08999,7.959466970601091,2.9651108727290363,0.0
7.635,11.04285,49.56331,4196.90574,0.23585,71.09876,7.915529390788272,2.948742968181459,0.0
7.65319,11.09644,49.59095,4192.43203,0.26734,71.10754,7.868018873773895,2.931044050516666,0.0
7.67134,11.14999,49.62196,4187.97799,0.29773,71.11633,7.8171483515604026,2.9120934425081457,0.0
7.68947,11.20348,49.65619,4183.54572,0.32694,71.12513,7.763138978643619,2.891973530024516,0.0
7.70757,11.25692,49.69352,4179.13721,0.35492,71.13394,7.706218520386806,2.8707691616564612,0.0
7.72565,11.31031,49.73381,4174.75435,0.38159,71.14277,7.646619762492352,2.8485670562030796,0.0
7.7437,11.36365,49.77689,4170.39891,0.40692,71.15161,7.584578959000934,2.8254552245107427,0.0
7.76172,11.41694,49.82261,4166.07253,0.43084,71.16046,7.520334334601718,2.8015224115442323,0.0
7.77971,11.47018,49.87081,4161.77674,0.45332,71.16932,7.454124655134834,2.776857563861306,0.0
7.79768,11.52336,49.92133,4157.51294,0.47431,71.17819,7.386187878262024,2.751549326952004,0.0
7.81561,11.5765,49.974,4153.28241,0.49378,71.18708,7.316759894171798,2.7256855761181913,0.0
7.83353,11.62959,50.02865,4149.08631,0.51169,71.19598,7.2460733642161745,2.6993529838351833,0.0
7.85141,11.68263,50.08511,4144.92568,0.52803,71.20489,7.174356663310574,2.6726366257678804,0.0
7.86927,11.73562,50.14319,4140.80142,0.54277,71.21381,7.101832930003562,2.6456196268967513,0.0
7.88711,11.78856,50.20273,4136.71434,0.55589,71.22275,7.028719226295421,2.618382848528145,0.0
7.90492,11.84146,50.26353,4132.66512,0.56739,71.2317,6.955225807595114,2.5910046163340548,0.0
7.9227,11.8943,50.32544,4128.65433,0.57725,71.24066,6.881555501656055,2.5635604889893466,0.0
7.94046,11.94711,50.38826,4124.68242,0.58546,71.24964,6.807903193970641,2.536123066467683,0.0
7.95819,11.99986,50.45182,4120.74975,0.59204,71.25862,6.73445541593365,2.508761836621556,0.0
7.9759,12.05257,50.51594,4116.85656,0.59699,71.26763,6.661390031051612,2.481543058287018,0.0
7.99358,12.10523,50.58044,4113.00302,0.60031,71.27664,6.588876013715884,2.454529678870835,0.0
8.01123,12.15785,50.64516,4109.18917,0.60201,71.28567,6.517073314356118,2.4277812841165995,0.0
8.02887,12.21043,50.70991,4105.41499,0.60211,71.29471,6.446132804372683,2.4013540775906153,0.0
8.04647,12.26296,50.77453,4101.68035,0.60063,71.30377,6.376196293893173,2.3753008872966603,0.0
8.06406,12.31545,50.83885,4097.98505,0.59759,71.31284,6.307396615267821,2.349671196780225,0.0
8.08161,12.3679,50.9027,4094.32882,0.59301,71.32192,6.239857765135179,2.3245111980517184,0.0
8.09915,12.4203,50.96592,4090.71131,0.58691,71.33102,6.1736950979805245,2.2998638636920656,0.0
8.11666,12.47267,51.02835,4087.13208,0.57933,71.34013,6.109015564265963,2.275769035562437,0.0
8.13415,12.52499,51.08985,4083.59067,0.5703,71.34926,6.04591798646276,2.252263527633554,0.0
8.15161,12.57727,51.15024,4080.08652,0.55985,71.3584,5.984493366584267,2.229381240549798,0.0
8.16905,12.62952,51.2094,4076.61903,0.54801,71.36756,5.924825219251471,2.207153285704888,0.0
8.18647,12.68172,51.26717,4073.18755,0.53483,71.37673,5.86698992460677,2.185608116711551,0.0
8.20386,12.73388,51.32341,4069.79135,0.52033,71.38592,5.811057095923238,2.1647716663456404,0.0
8.22124,12.78601,51.378,4066.4297,0.50457,71.39512,5.7570899570931395,2.144667487170547,0.0
8.23859,12.8381,51.4308,4063.10178,0.48757,71.40433,5.705145725667915,2.125316894229666,0.0
8.25591,12.89015,51.48169,4059.80677,0.46939,71.41356,5.655275997534125,2.106739108348312,0.0
8.27322,12.94216,51.53054,4056.54378,0.45007,71.42281,5.607527129727198,2.088951398741907,0.0
8.2905,12.99413,51.57724,4053.3119,0.42964,71.43207,5.561940618305494,2.0719692237840186,0.0
8.30776,13.04607,51.62169,4050.11018,0.40816,71.44135,5.5185534685537485,2.055806368916878,0.0
8.325,13.09798,51.66376,4046.93764,0.38568,71.45064,5.477398555205165,2.0404750808435907,0.0
8.34221,13.14984,51.70338,4043.79329,0.36224,71.45995,5.438504970643959,2.0259861972427418,0.0
8.35941,13.20168,51.74043,4040.67607,0.33788,71.46927,5.401898359397661,2.0123492713755855,0.0
8.37658,13.25347,51.77483,4037.58494,0.31266,71.47861,5.367601237498231,1.9995726910564602,0.0
8.39373,13.30524,51.8065,4034.51881,0.28663,71.48797,5.335633295522947,1.9876637915434912,0.0
8.41086,13.35697,51.83536,4031.47657,0.25983,71.49734,5.306011684389158,1.9766289620046584,0.0
8.42797,13.40866,51.86133,4028.4571,0.23232,71.50673,5.278751283130375,1.9664737452714367,0.0
8.44506,13.46032,51.88434,4025.45924,0.20414,71.51613,5.253864948077221,1.9572029306652534,0.0
8.46212,13.51195,51.90433,4022.48183,0.17534,71.52555,5.2313637430133575,1.948820639736627,0.0
8.47917,13.56355,51.92125,4019.52368,0.14599,71.53499,5.2112571499719005,1.941330404792382,0.0
8.49619,13.61511,51.93504,4016.58358,0.11612,71.54444,5.193553260482162,1.934735240140087,0.0
8.5132,13.66664,51.94566,4013.66032,0.08578,71.55391,5.178258947116645,1.9290377059938282,0.0
8.53018,13.71814,51.95305,4010.75266,0.05504,71.56339,5.165380015277961,1.9242399650188273,0.0
8.54714,13.7696,51.9572,4007.85934,0.02394,71.57289,5.154921335208591,1.9203438315085528,0.0
8.56408,13.82104,51.95807,4004.97909,-0.00746,71.58241,5.146886954232989,1.9173508131978547,0.0
8.581,13.87244,51.95563,4002.11063,-0.03912,71.59194,5.141280189272686,1.9152621457272774,0.0
8.5979,13.92381,51.94987,3999.25266,-0.07099,71.60149,5.138103699696193,1.914078819781563,0.0
8.61478,13.97515,51.94076,3996.40387,-0.103,71.61105,5.1373595405400465,1.9138016009158925,0.0
8.63164,14.02646,51.92831,3993.56292,-0.13511,71.62063,5.139049196182951,1.9144310421003903,0.0
8.64848,14.07773,51.91251,3990.72848,-0.16726,71.63023,5.1431735945014045,1.915967488993465,0.0
8.6653,14.12898,51.89336,3987.89918,-0.19941,71.63984,5.149733101565534,1.9184110779658714,0.0
8.6821,14.18019,51.87088,3985.07367,-0.2315,71.64947,5.158727496906247,1.9217617268870708,0.0
8.69887,14.23137,51.84507,3982.25055,-0.26347,71.65911,5.1701559293825285,1.9260191186846418,0.0
8.71563,14.28253,51.81595,3979.42844,-0.29528,71.66877,5.18401685367095,1.9311826776849466,0.0
8.73237,14.33365,51.78355,3976.60592,-0.32687,71.67845,5.200307947407143,1.9372515387461522,0.0
8.74908,14.38474,51.7479,3973.78158,-0.35819,71.68814,5.219026009012314,1.9442245091959198,0.0
8.76578,14.4358,51.70903,3970.95399,-0.38919,71.69785,5.240166836250483,1.9521000235907797,0.0
8.78246,14.48682,51.667,3968.1217,-0.41981,71.70757,5.263725085587996,1.960876091323849,0.0
8.79911,14.53782,51.62183,3965.28327,-0.45,71.71731,5.289694112478898,1.9705502371269303,0.0
8.81575,14.58879,51.57358,3962.43724,-0.47971,71.72706,5.318065792724877,1.9811194345223921,0.0
8.83236,14.63972,51.52232,3959.58213,-0.50889,71.73683,5.348830325149123,1.9925800323139893,0.0
8.84895,14.69062,51.4681,3956.71648,-0.53748,71.74662,5.381976015895488,2.004927674232621,0.0
8.86553,14.74149,51.411,3953.8388,-0.56544,71.75642,5.4174890447683905,2.018157211891803,0.0
8.88208,14.79233,51.35107,3950.94761,-0.5927,71.76623,5.455353214157313,2.0322626112554327,0.0
8.89861,14.84314,51.28841,3948.04141,-0.61923,71.77606,5.495549681215351,2.0472368528672527,0.0
8.91512,14.89392,51.2231,3945.11872,-0.64496,71.78591,5.538056674163372,2.0630718261666865,0.0
8.93165,14.94464,51.15315,3942.1828,-0.70994,71.7057,5.584487575299445,2.0803685585104077,-47.999999181208274
8.94824,14.99532,51.07659,3939.23576,-0.77434,71.62464,5.636514428853507,2.0997499303682,-47.999999181208274
8.96489,15.04593,50.99347,3936.27427,-0.83809,71.54264,5.69421984508135,2.121246716233951,-47.999999181208274
8.98159,15.09648,50.90389,3933.29498,-0.9011,71.45959,5.757691223838369,2.144891474853425,-47.999999181208274
8.99836,15.14697,50.80793,3930.29443,-0.96328,71.37541,5.827022750905668,2.17071929290826,-47.999999181208274
9.01519,15.19739,50.7057,3927.2691,-1.02455,71.28999,5.902314847652132,2.1987675800006117,-47.999999181208274
9.03207,15.24776,50.5973,3924.2154,-1.08482,71.20323,5.98367353728205,2.229075832563715,-47.999999181208274
9.04902,15.29806,50.48285,3921.12964,-1.144,71.11503,6.071209717825812,2.2616853630317935,-47.999999181208274
9.06604,15.3483,50.36249,3918.00804,-1.202,71.02529,6.165038331293834,2.2966389903280335,-47.999999181208274
9.08312,15.39847,50.23633,3914.84676,-1.25873,70.9339,6.26527741785866,2.333980687522531,-47.999999181208274
9.10026,15.44858,50.10454,3911.64184,-1.31408,70.84074,6.372047043373915,2.3737551823048846,-47.999999181208274
9.11748,15.49862,49.96727,3908.38924,-1.36797,70.74571,6.485468088189951,2.4160075057861543,-47.999999181208274
9.13476,15.54859,49.82468,3905.08483,-1.4203,70.64869,6.605660885004159,2.4607824850622615,-47.999999181208274
9.15211,15.59849,49.67695,3901.72439,-1.47096,70.54957,6.732743693480512,2.5081241749696344,-47.999999181208274
9.16953,15.64832,49.52427,3898.3036,-1.51986,70.44822,6.8668309996395855,2.5580752245632463,-47.999999181208274
9.18702,15.69807,49.36683,3894.81806,-1.56688,70.34452,7.008031628633696,2.6106761740756994,-47.999999181208274
9.20459,15.74775,49.20484,3891.26327,-1.61193,70.23836,7.156446660458562,2.6659646784649693,-47.999999181208274
9.22223,15.79736,49.03852,3887.63468,-1.65488,70.12959,7.312167139610386,2.72397465420142,-47.999999181208274
9.23995,15.84688,48.8681,3883.92762,-1.69565,70.0181,7.475271571624086,2.7847353466624125,-47.999999181208274
9.25775,15.89633,48.69382,3880.1374,-1.73411,69.90376,7.645823202011238,2.8482703164650967,-47.999999181208274
9.27563,15.94569,48.51594,3876.25923,-1.77015,69.78642,7.823867076299864,2.914596344253882,-47.999999181208274
9.2936,15.99497,48.3347,3872.28831,-1.80367,69.66597,8.009426883892338,2.9837222549544578,-47.999999181208274
9.31165,16.04416,48.15039,3868.21978,-1.83455,69.54226,8.202501593207774,3.055647664275801,-47.999999181208274
9.32978,16.09326,47.96329,3864.04876,-1.86267,69.41515,8.403061891226315,3.1303616523467435,-47.999999181208274
9.34801,16.14227,47.7737,3859.77037,-1.88792,69.28453,8.611046447087798,3.207841371808163,-47.999999181208274
9.36632,16.19118,47.58192,3855.37976,-1.9102,69.15024,8.826358026845277,3.288050600456442,-47.999999181208274
9.38473,16.24,47.38827,3850.87209,-1.92939,69.01216,9.048859494774021,3.3709382516258595,-47.999999181208274
9.40324,16.28872,47.19308,3846.24261,-1.94538,68.87016,9.278369745785792,3.4564368589058874,-47.999999181208274
9.42185,16.33733,46.99668,3841.48664,-1.95807,68.7241,9.514659623339833,3.544461055455621,-47.999999181208274
9.44055,16.38584,46.79943,3836.59962,-1.96735,68.57386,9.757447887600083,3.634906072036261,-47.999999181208274
9.45936,16.43424,46.60167,3831.57712,-1.97312,68.41932,10.00639730923419,3.727646281848471,-47.999999181208274
9.47828,16.48253,46.40378,3826.41493,-1.9753,68.26035,10.261110974974098,3.822533824256481,-47.999999181208274
9.4973,16.5307,46.20613,3821.10901,-1.97379,68.09686,10.521128901214277,3.919397343264335,-47.999999181208274
9.51644,16.57875,46.00909,3815.65561,-1.96851,67.92872,10.785925061467402,4.018040880164917,-47.999999181208274
9.53568,16.62668,45.81305,3810.05125,-1.95939,67.75586,11.054904941426788,4.11824296273637,-47.999999181208274
9.55505,16.67448,45.61841,3804.2928,-1.94636,67.57818,11.327403741590006,4.219755935672114,-47.999999181208274
9.57453,16.72215,45.42556,3798.3775,-1.92937,67.39561,11.602685350826162,4.322305578207641,-47.999999181208274
9.59414,16.76969,45.23489,3792.303,-1.90838,67.20807,11.87994221465856,4.425591055052342,-47.999999181208274
9.61387,16.81709,45.04682,3786.06741,-1.88334,67.01553,12.158296218415144,4.529285245386294,-47.999999181208274
9.63372,16.86435,44.86175,3779.66937,-1.85425,66.81795,12.436800697435983,4.633035491715422,-47.999999181208274
9.65371,16.91146,44.68006,3773.10804,-1.8211,66.6153,12.714443673660954,4.736464805585587,-47.999999181208274
9.67383,16.95841,44.50216,3766.38316,-1.7839,66.40758,12.99015239968592,4.839173560363064,-47.999999181208274
9.69408,17.00522,44.32845,3759.49511,-1.74268,66.1948,13.262799267915991,4.940741692549616,-47.999999181208274
9.71447,17.05186,44.1593,3752.44491,-1.69748,65.97701,13.531209113450387,5.040731422299253,-47.999999181208274
9.73499,17.09835,43.9951,3745.23425,-1.64836,65.75424,13.794167905637078,5.1386904912510225,-47.999999181208274
9.75566,17.14466,43.83622,3737.86555,-1.59541,65.52659,14.050432785135785,5.234155901599077,-47.999999181208274
9.77647,17.19081,43.68302,3730.34194,-1.53872,65.29413,14.298743362000328,5.326658124925607,-47.999999181208274
9.79742,17.23677,43.53583,3722.66728,-1.47842,65.057,14.537834147183721,5.415725733263588,-47.999999181208274
9.81852,17.28256,43.39498,3714.84617,-1.41464,64.81532,14.766447946318063,5.500890388632205,-47.999999181208274
9.83977,17.32817,43.2608,3706.88395,-1.34754,64.56927,14.983350002690846,5.581692111667643,-47.999999181208274
9.86117,17.37359,43.13356,3698.78668,-1.27731,64.31901,15.18734263794393,5.6576847356686795,-47.999999181208274
9.88272,17.41881,43.01353,3690.56112,-1.20413,64.06477,15.377280106171856,5.728441440139146,-47.999999181208274
9.90442,17.46385,42.90097,3682.21471,-1.12822,63.80676,15.552083351657375,5.793560248432699,-47.999999181208274
9.92627,17.50868,42.79609,3673.75552,-1.04983,63.54523,15.710754344481131,5.852669368144632,-47.999999181208274
9.94827,17.55332,42.6991,3665.19223,-0.96918,63.28044,15.852389662501087,5.905432250756566,-47.999999181208274
9.97042,17.59775,42.61016,3656.53404,-0.88656,63.01267,15.976192994397302,5.951552249349616,-47.999999181208274
9.99273,17.64197,42.52941,3647.79064,-0.80223,62.74222,16.08148625621071,5.990776759807564,-47.999999181208274
10.0152,17.68598,42.45697,3638.97214,-0.71648,62.4694,16.167719043466594,6.022900741981568,-47.999999181208274
10.03781,17.72978,42.39292,3630.08898,-0.62962,62.19453,16.234476181316783,6.047769532316773,-47.999999181208274
10.06058,17.77337,42.33732,3621.15188,-0.54193,61.91794,16.281483184868023,6.065280877968311,-47.999999181208274
10.08349,17.81674,42.29017,3612.17177,-0.45375,61.63996,16.308609498962575,6.075386143704811,-47.999999181208274
10.10656,17.8599,42.25149,3603.15965,-0.36537,61.36095,16.3158694486852,6.0780906659972604,-47.999999181208274
10.12978,17.90283,42.22123,3594.12658,-0.27712,61.08123,16.30342089621012,6.073453252659166,-47.999999181208274
10.15314,17.94555,42.19931,3585.08356,-0.1893,60.80115,16.271561663356557,6.061584850154349,-47.999999181208274
10.17665,17.98805,42.18565,3576.04149,-0.10223,60.52106,16.220723839837024,6.042646423269679,-47.999999181208274
10.20031,18.03032,42.18012,3567.01104,-0.01621,60.24128,16.151466151946664,6.0168461122510815,-47.999999181208274
10.2241,18.07237,42.18257,3558.00262,0.06847,59.96215,16.06446461356226,5.984435750054646,-47.999999181208274
10.24804,18.11421,42.19281,3549.02632,0.15151,59.68397,15.960501718716099,5.945706836296057,-47.999999181208274
10.27212,18.15582,42.21065,3540.09181,0.23266,59.40707,15.840454462102306,5.900986074573997,-47.999999181208274
10.29633,18.19721,42.23586,3531.20834,0.31163,59.13171,15.705281489706202,5.850630585741493,-47.999999181208274
10.32067,18.23838,42.26819,3522.38466,0.38819,58.8582,15.55600968680067,5.79502291158167,-47.999999181208274
10.34515,18.27934,42.30736,3513.62899,0.46211,58.58678,15.393720505054057,5.734565921295695,-47.999999181208274
10.36976,18.32008,42.3531,3504.94899,0.53316,58.31769,15.219536315853846,5.6696777277567705,-47.999999181208274
10.39448,18.3606,42.4051,3496.35174,0.60115,58.05117,15.034607054271698,5.600786712035704,-47.999999181208274
10.41934,18.40091,42.46304,3487.84372,0.6659,57.78742,14.84009738908383,5.528326743895919,-47.999999181208274
10.44431,18.44101,42.5266,3479.4308,0.72726,57.52662,14.637174620854266,5.452732673511038,-47.999999181208274
10.4694,18.4809,42.59542,3471.11824,0.78506,57.26895,14.426997473644509,5.374436156081837,-47.999999181208274
10.4946,18.52059,42.66916,3462.91069,0.8392,57.01454,14.210705908482613,5.293861857085444,-47.999999181208274
10.51992,18.56007,42.74745,3454.8122,0.88956,56.76353,13.989412049509003,5.211424072025918,-47.999999181208274
10.54534,18.59935,42.82994,3446.82624,0.93605,56.51602,13.764192278326167,5.127523781371488,-47.999999181208274
10.57087,18.63842,42.91626,3438.95569,0.97861,56.2721,13.536080519119176,5.042546149085274,-47.999999181208274
10.59651,18.67731,43.00602,3431.20291,1.01717,56.03185,13.306062707838317,4.956858462250297,-47.999999181208274
10.62224,18.716,43.09886,3423.56971,1.05169,55.79531,13.075072413343438,4.870808499830524,-47.999999181208274
10.64807,18.7545,43.19441,3416.05741,1.08216,55.56253,12.843987557266303,4.784723310733296,-47.999999181208274
10.674,18.79281,43.29229,3408.66687,1.10857,55.33351,12.613628162561103,4.698908375085151,-47.999999181208274
10.70002,18.83093,43.39213,3401.3985,1.13092,55.10828,12.38475504819739,4.613647117970599,-47.999999181208274
10.72613,18.86888,43.49357,3394.2523,1.14922,54.88682,12.158069378735366,4.529200741637065,-47.999999181208274
10.75232,18.90664,43.59624,3387.22789,1.16351,54.66911,11.934212972574514,4.445808340325616,-47.999999181208274
10.77861,18.94424,43.69979,3380.32452,1.17382,54.45511,11.713769270808296,4.363687261194826,-47.999999181208274
10.80497,18.98165,43.80387,3373.54115,1.18021,54.24478,11.497264869411174,4.283033675100754,-47.999999181208274
10.83141,19.0189,43.90813,3366.87643,1.18274,54.03806,11.285171520571383,4.204023322146066,-47.999999181208274
10.85794,19.05598,44.01224,3360.32875,1.18146,53.83489,11.077908513775238,4.126812398696584,-47.999999181208274
10.88453,19.0929,44.11588,3353.89624,1.17647,53.6352,10.875845353330666,4.0515385548292535,-47.999999181208274
10.91121,19.12966,44.21872,3347.57686,1.16784,53.4389,10.679304656052894,3.978321973796308,-47.999999181208274
10.93795,19.16626,44.32046,3341.36835,1.15566,53.24592,10.488565200333817,3.9072665078838282,-47.999999181208274
10.96477,19.2027,44.4208,3335.26827,1.14001,53.05614,10.303865065660347,3.8384608479649374,-47.999999181208274
10.99165,19.23899,44.51944,3329.27407,1.12101,52.86949,10.125404809419218,3.7719797069431764,-47.999999181208274
11.0186,19.27513,44.61611,3323.38305,1.09875,52.68584,9.953350635381229,3.7078850000962524,-47.999999181208274
11.04561,19.31113,44.71054,3317.59241,1.07333,52.50511,9.787837515524002,3.6462270080371555,-47.999999181208274
11.07269,19.34697,44.80246,3311.89923,1.04486,52.32717,9.628972233539212,3.587045510500682,-47.999999181208274
11.09983,19.38268,44.89163,3306.30055,1.01345,52.15191,9.47683632461432,3.5303708814894823,-47.999999181208274
11.12703,19.41824,44.97782,3300.79332,0.97922,51.97922,9.331488891623154,3.4762251383791485,-47.999999181208274
11.15429,19.45367,45.06079,3295.37443,0.94227,51.80898,9.192969282880343,3.4246229394521936,-47.999999181208274
11.18161,19.48896,45.14033,3290.04072,0.90272,51.64107,9.061299620924785,3.3755725259364375,-47.999999181208274
11.20898,19.52411,45.21622,3284.78903,0.86069,51.47537,8.936487175615895,3.329076606045795,-47.999999181208274
11.23641,19.55913,45.28829,3279.61612,0.81629,51.31175,8.818526577974172,3.285133179694134,-47.999999181208274
11.2639,19.59402,45.35633,3274.51876,0.76964,51.15011,8.707401873886003,3.243736303554356,-47.999999181208274
11.29143,19.62878,45.42018,3269.4937,0.72085,50.99031,8.603088418981356,3.204876796950192,-47.999999181208274
11.31902,19.66342,45.47968,3264.53765,0.67004,50.83223,8.505554617682929,3.1685428896977674,-47.999999181208274
11.34666,19.69793,45.53466,3259.64734,0.61733,50.67574,8.414763510825564,3.1347208135356057,-47.999999181208274
11.37435,19.73231,45.58499,3254.81948,0.56283,50.52073,8.330674217184894,3.1033953391319815,-47.999999181208274
11.40209,19.76657,45.63054,3250.05077,0.50666,50.36707,8.25324323497899,3.074550260928526,-47.999999181208274
11.42988,19.80071,45.67117,3245.33792,0.44893,50.21464,8.182425609800317,3.0481688322256093,-47.999999181208274
11.45772,19.83472,45.70679,3240.67762,0.38977,50.06331,8.118175975674554,3.0242341530041466,-47.999999181208274
11.48561,19.86862,45.73728,3236.06656,0.32928,49.91296,8.060449475892833,3.002729512959834,-47.999999181208274
11.51354,19.9024,45.76255,3231.50143,0.26757,49.76347,8.009202570198276,2.983638692201371,-47.999999181208274
11.54152,19.93606,45.78252,3226.97892,0.20477,49.61471,7.964393734544457,2.9669462219289007,-47.999999181208274
11.56955,19.9696,45.79712,3222.4957,0.14098,49.46657,7.925984059327573,2.952637607291233,-47.999999181208274
11.59762,20.00303,45.80629,3218.04845,0.07632,49.31891,7.893937751490024,2.940699514432641,-47.999999181208274
11.62574,20.03633,45.80997,3213.63381,0.01091,49.17162,7.868222545382184,2.931119923549677,-47.999999181208274
11.6539,20.06953,45.80811,3209.24845,-0.05516,49.02457,7.848810026674135,2.9238882495568204,-47.999999181208274
11.68211,20.1026,45.80069,3204.88898,-0.12175,48.87764,7.8356758730046,2.9189954317345372,-47.999999181208274
11.71036,20.13557,45.78768,3200.55205,-0.18877,48.7307,7.828800014420863,2.9164339934973675,-47.999999181208274
11.73866,20.16841,45.76905,3196.23423,-0.25609,48.58364,7.8281667159946835,2.9161980731705315,-47.999999181208274
11.767,20.20114,45.74482,3191.93212,-0.32362,48.43632,7.833764584387472,2.918283426435627,-47.999999181208274
11.79539,20.23376,45.71497,3187.64226,-0.39122,48.28863,7.845586499435717,2.9226874008444033,-47.999999181208274
11.82382,20.26626,45.67953,3183.3612,-0.4588,48.14043,7.863629471265429,2.9294088825901317,-47.999999181208274
11.85229,20.29864,45.63851,3179.08542,-0.52623,47.9916,7.8878944227703505,2.938448215475014,-47.999999181208274
11.88081,20.33091,45.59194,3174.81141,-0.59341,47.84201,7.918385896775469,2.949807091820886,-47.999999181208274
11.90937,20.36307,45.53988,3170.53561,-0.66023,47.69154,7.955111686618637,2.9634884148511533,-47.999999181208274
11.93797,20.3951,45.48236,3166.25441,-0.72656,47.54005,7.998082388419847,2.9794961318993147,-47.999999181208274
11.96662,20.42702,45.41945,3161.9642,-0.79229,47.38742,8.047310872895162,2.997835037645751,-47.999999181208274
11.99532,20.45882,45.35122,3157.6613,-0.85731,47.23352,8.102811674179712,3.0185105464382156,-47.999999181208274
12.02405,20.4905,45.27774,3153.34201,-0.92151,47.07821,8.164600292857816,3.0415284326522114,-47.999999181208274
12.05284,20.52206,45.19911,3149.0026,-0.98476,46.92136,8.232692410263567,3.06689453799729,-47.999999181208274
12.08166,20.5535,45.11542,3144.63927,-1.04695,46.76284,8.307103010977732,3.094614444624053,-47.999999181208274
12.11054,20.58481,45.02677,3140.24822,-1.10797,46.60251,8.387845410585621,3.1246931129383837,-47.999999181208274
12.13945,20.616,44.93329,3135.82559,-1.16769,46.44023,8.474930185915058,3.1571344830869403,-47.999999181208274
12.16842,20.64707,44.8351,3131.36749,-1.226,46.27587,8.568364005410919,3.1919410392408953,-47.999999181208274
12.19743,20.67801,44.73234,3126.87,-1.28277,46.1093,8.668148357832365,3.2291133360022086,-47.999999181208274
12.22648,20.70882,44.62515,3122.32918,-1.3379,45.94036,8.774278178277696,3.2686494865617317,-47.999999181208274
12.25558,20.7395,44.51369,3117.74104,-1.39126,45.76892,8.886740371547697,3.3105446126132003,-47.999999181208274
12.28473,20.77005,44.39812,3113.1016,-1.44273,45.59484,9.005512234143472,3.354790256505911,-47.999999181208274
12.31393,20.80047,44.27861,3108.40683,-1.49219,45.41797,9.130559777737012,3.401373756693394,-47.999999181208274
12.34317,20.83075,44.15534,3103.65274,-1.53953,45.23819,9.261835958789087,3.450277588219497,-47.999999181208274
12.37247,20.86089,44.02852,3098.83529,-1.58462,45.05534,9.399278821184268,3.501478670801058,-47.999999181208274
12.40181,20.89089,43.89833,3093.95049,-1.62735,44.86928,9.542809561147278,3.5549476479583335,-47.999999181208274
12.4312,20.92075,43.765,3088.99434,-1.66761,44.67988,9.692330526525506,3.610648141695095,-47.999999181208274
12.46064,20.95046,43.62873,3083.96289,-1.70527,44.48699,9.847723165576072,3.668535988367835,-47.999999181208274
12.49013,20.98002,43.48975,3078.85222,-1.74023,44.29048,10.008845943788495,3.7285584626474026,-47.999999181208274
12.51967,21.00944,43.34831,3073.65848,-1.77237,44.09021,10.17553225080998,3.7906534977935973,-47.999999181208274
12.54926,21.0387,43.20464,3068.37789,-1.80159,43.88605,10.347588323413435,3.8547489119061114,-47.999999181208274
12.5789,21.06781,43.059,3063.00676,-1.82779,43.67786,10.524791214322887,3.9207616512585513,-47.999999181208274
12.60859,21.09675,42.91164,3057.54149,-1.85085,43.46553,10.706886840743927,3.9885970633246743,-47.999999181208274
12.63834,21.12554,42.76283,3051.97863,-1.87069,43.24893,10.89358815021888,4.0581482135111955,-47.999999181208274
12.66814,21.15415,42.61285,3046.31486,-1.88722,43.02793,11.084573445321913,4.129295261062622,-47.999999181208274
12.69799,21.1826,42.46196,3040.54704,-1.90034,42.80244,11.279484911866343,4.201904910779757,-47.999999181208274
12.72789,21.21088,42.31046,3034.67221,-1.90998,42.57235,11.47792739828896,4.2758299583082415,-47.999999181208274
12.75785,21.23898,42.15863,3028.68762,-1.91608,42.33755,11.679467495949371,4.350908947525862,-47.999999181208274
12.78786,21.2669,42.00676,3022.59077,-1.91855,42.09796,11.883632971337509,4.426965959024905,-47.999999181208274
12.81793,21.29464,41.85515,3016.3794,-1.91736,41.85351,12.089912601395454,4.503810548765208,-47.999999181208274
12.84805,21.32219,41.70409,3010.05156,-1.91245,41.60411,12.29775646196867,4.581237855529831,-47.999999181208274
12.87823,21.34956,41.55389,3003.60557,-1.90378,41.34972,12.506576716842222,4.65902889486181,-47.999999181208274
12.90846,21.37672,41.40484,2997.04011,-1.89134,41.09027,12.715748950648198,4.736951055607242,-47.999999181208274
12.93874,21.4037,41.25725,2990.35421,-1.8751,40.82575,12.924614082830008,4.814758812917339,-47.999999181208274
12.96908,21.43047,41.1114,2983.54726,-1.85508,40.55613,13.132480892190115,4.892194668708898,-47.999999181208274
12.99948,21.45703,40.9676,2976.61907,-1.83127,40.2814,13.338629171856791,4.968990326972417,-47.999999181208274
13.02992,21.48338,40.82613,2969.56984,-1.80371,40.00157,13.542313523068664,5.044868107056662,-47.999999181208274
13.06043,21.50953,40.68729,2962.40022,-1.77244,39.71667,13.742767783221108,5.11954259323246,-47.999999181208274
13.09098,21.53545,40.55134,2955.11129,-1.7375,39.42673,13.939210069121836,5.192722513438095,-47.999999181208274
13.12159,21.56116,40.41858,2947.70459,-1.69898,39.13182,14.130848400887048,5.264112834328615,-47.999999181208274
13.15226,21.58664,40.28925,2940.18214,-1.65696,38.83201,14.316886855806876,5.333417053752599,-47.999999181208274
13.18297,21.6119,40.16361,2932.54639,-1.61154,38.52739,14.496532185083383,5.400339665661187,-47.999999181208274
13.21374,21.63692,40.04191,2924.8003,-1.56284,38.21807,14.66900081041939,5.4645887665214925,-47.999999181208274
13.24449,21.6618,39.92985,2916.93125,-1.36746,38.22688,14.821922426350842,5.521556092065831,0.0
13.27516,21.68662,39.83316,2908.93553,-1.16777,38.23566,14.942617747710917,5.566518274957489,0.0
13.30574,21.71138,39.75206,2900.83053,-0.96471,38.24441,15.029953299624001,5.599053065981784,0.0
13.33624,21.73609,39.68667,2892.63435,-0.75925,38.25314,15.08322154469909,5.618896888844134,0.0
13.36664,21.76073,39.63707,2884.36565,-0.5524,38.26183,15.102118604260372,5.625936540742273,0.0
13.39696,21.78531,39.60323,2876.0434,-0.34515,38.2705,15.086748263883205,5.620210684533784,0.0
13.42718,21.80983,39.58505,2867.68665,-0.13852,38.27913,15.0376153440654,5.601907379136726,0.0
13.45732,21.83428,39.58236,2859.3143,0.06649,38.28774,14.95560886164487,5.571357806714667,0.0
13.48736,21.85867,39.59491,2850.94494,0.26891,38.29631,14.841975854510922,5.529026521692911,0.0
13.51731,21.883,39.62238,2842.5966,0.4678,38.30486,14.698287123402258,5.475498688676881,0.0
13.54717,21.90726,39.6644,2834.28657,0.66225,38.31337,14.526396437680898,5.411464885529538,0.0
13.57693,21.93146,39.7205,2826.03127,0.85141,38.32186,14.328394942536027,5.337704118855192,0.0
13.60661,21.95559,39.7902,2817.84612,1.03451,38.33032,14.106562588351292,5.25506573016086,0.0
13.63619,21.97966,39.87294,2809.74541,1.2108,38.33875,13.863318382635086,5.164450863391333,0.0
13.66568,22.00367,39.96811,2801.74221,1.37964,38.34716,13.60117115273524,5.066794122744902,0.0
13.69509,22.02761,40.07509,2793.84835,1.54045,38.35554,13.322672320441074,4.963045979970034,0.0
13.7244,22.05149,40.1932,2786.07436,1.6927,38.3639,13.030371948350982,4.854156400480815,0.0
13.75363,22.07531,40.32175,2778.4295,1.83597,38.37224,12.726779044163363,4.741060055660867,0.0
13.78277,22.09907,40.46,2770.92171,1.96989,38.38056,12.414326823681083,4.6246633824185155,0.0
13.81183,22.12277,40.60724,2763.5577,2.09417,38.38887,12.09534335478437,4.5058336472943,0.0
13.8408,22.14642,40.76271,2756.343,2.2086,38.39716,11.772027747661465,4.385390076695412,0.0
13.8697,22.17001,40.92566,2749.28196,2.31301,38.40543,11.446431832041553,4.26409703118286,0.0
13.89851,22.19354,41.09533,2742.37788,2.40731,38.41369,11.120447076665775,4.142659132630259,0.0
13.92725,22.21702,41.27098,2735.63307,2.49146,38.42194,10.795796362585792,4.021718199561081,0.0
13.95591,22.24045,41.45184,2729.04891,2.56549,38.43019,10.47403011986467,3.901851807968087,0.0
13.9845,22.26383,41.6372,2722.62597,2.62945,38.43842,10.156526273853528,3.7835732712999683,0.0
14.01301,22.28715,41.82632,2716.36405,2.68345,38.44666,9.84449341816383,3.6673328224770065,0.0
14.04146,22.31044,42.01849,2710.26232,2.72764,38.45489,9.538976630815492,3.553519780559278,0.0
14.06984,22.33367,42.21302,2704.31935,2.76219,38.46312,9.240865372255257,3.4424654929663054,0.0
14.09815,22.35686,42.40923,2698.53319,2.78731,38.47135,8.950902942912684,3.334446858665514,0.0
14.12639,22.38001,42.60648,2692.90148,2.80323,38.47958,8.669697028281323,3.229690256492418,0.0
14.15458,22.40311,42.80412,2687.4215,2.8102,38.48782,8.397730916670335,3.128375724058259,0.0
14.1827,22.42618,43.00155,2682.0902,2.8085,38.49607,8.135375034491071,3.030641254947772,0.0
14.21077,22.44921,43.19818,2676.90429,2.79839,38.50433,7.882898503433244,2.9365871040713927,0.0
14.23877,22.47219,43.39344,2671.86029,2.78018,38.51259,7.640480480562517,2.8462800121499865,0.0
14.26672,22.49515,43.5868,2666.95457,2.75415,38.52087,7.408221094761666,2.759757279826937,0.0
14.29462,22.51807,43.77772,2662.18338,2.72063,38.52916,7.186151839930246,2.6770306394084833,0.0
14.32247,22.54095,43.96572,2657.54288,2.6799,38.53747,6.974245326500671,2.598089887560035,0.0
14.35026,22.5638,44.15033,2653.02921,2.63227,38.54579,6.772424327986003,2.5229062553832597,0.0
14.378,22.58663,44.3311,2648.63846,2.57806,38.55413,6.5805700885472795,2.451435503203486,0.0
14.4057,22.60942,44.50761,2644.36674,2.51757,38.56249,6.398529881426477,2.3836207362848696,0.0
14.43335,22.63218,44.67944,2640.21016,2.4511,38.57086,6.226123826943582,2.3193949447136863,0.0
14.46095,22.65492,44.84622,2636.16486,2.37894,38.57926,6.063150993214054,2.2586832760761077,0.0
14.48851,22.67763,45.00759,2632.22705,2.30138,38.58768,5.90939481339761,2.2014050535259124,0.0
14.51603,22.70031,45.16321,2628.39295,2.21872,38.59613,5.764627860672444,2.147475554588018,0.0
14.54351,22.72297,45.31276,2624.65887,2.13123,38.6046,5.628616026887836,2.0968075678165246,0.0
14.57094,22.7456,45.45594,2621.02117,2.0392,38.61309,5.501122153350573,2.0493127453581894,0.0
14.59833,22.76821,45.59246,2617.47627,1.94288,38.62161,5.381909163045728,2.0049027697870816,0.0
14.62569,22.7908,45.72207,2614.02066,1.84254,38.63016,5.270742743031225,1.9634903533671315,0.0
14.65301,22.81337,45.84453,2610.65088,1.73843,38.63873,5.167393624222652,1.924990087331965,0.0
14.68029,22.83591,45.9596,2607.36357,1.63081,38.64734,5.071639503508115,1.8893191579232538,0.0
14.70753,22.85844,46.06707,2604.15538,1.51992,38.65597,4.983266650361085,1.8563979448962764,0.0
14.73474,22.88094,46.16676,2601.02306,1.406,38.66463,4.902071237035502,1.8261505170525962,0.0
14.76192,22.90343,46.25848,2597.96337,1.28928,38.67333,4.827860428178646,1.7985050381495198,0.0
14.78906,22.9259,46.34207,2594.97315,1.16998,38.68205,4.760453262379127,1.7733940952999252,0.0
14.81616,22.94835,46.41739,2592.04927,1.04833,38.6908,4.699681354903314,1.7507549607600648,0.0
14.84324,22.97079,46.4843,2589.18863,0.92455,38.69959,4.645389447638816,1.7305297967979854,0.0
14.87028,22.9932,46.54269,2586.38817,0.79884,38.70841,4.597435829238409,1.7126658122081977,0.0
14.89729,23.0156,46.59244,2583.64482,0.67143,38.71726,4.555692645516996,1.6971153779427055,0.0
14.92427,23.03799,46.63349,2580.95558,0.54251,38.72615,4.520046117398386,1.6838361083019204,0.0
14.95122,23.06036,46.66573,2578.31741,0.41229,38.73507,4.490396681139822,1.6727909131719867,0.0
14.97813,23.08271,46.68913,2575.72728,0.28097,38.74402,4.466659063133604,1.663948025890351,0.0
15.00502,23.10505,46.70361,2573.18218,0.14874,38.753,4.44876229931553,1.6572810104759226,0.0
15.03188,23.12737,46.70916,2570.67905,0.01581,38.76202,4.4366497070756115,1.6527687511650702,0.0
15.05871,23.14968,46.70573,2568.21484,-0.11763,38.77108,4.430278815581505,1.6503954264552718,0.0
15.08551,23.17198,46.69334,2565.78644,-0.25139,38.78016,4.429621258486903,1.6501504691361641,0.0
15.11228,23.19426,46.67196,2563.39073,-0.38527,38.78929,4.434662631219749,1.652028513125649,0.0
15.13902,23.21653,46.64163,2561.02452,-0.51908,38.79844,4.445402313245065,1.6560293272581201,0.0
15.16574,23.23879,46.60237,2558.68459,-0.65262,38.80763,4.4618532540386395,1.6621577355540293,0.0
15.19242,23.26103,46.55422,2556.36764,-0.7857,38.81685,4.484041719780183,1.6704235228564248,0.0
15.21908,23.28325,46.49723,2554.07033,-0.91812,38.82611,4.512006996153028,1.6808413241160145,0.0
15.24571,23.30547,46.43147,2551.78921,-1.04969,38.8354,4.545801040928065,1.6934304949695478,0.0
15.27231,23.32767,46.35701,2549.52077,-1.18019,38.84473,4.585488078358401,1.708214960641149,0.0
15.29888,23.34986,46.27396,2547.2614,-1.30943,38.85409,4.631144125696746,1.7252230395575865,0.0
15.32543,23.37203,46.18242,2545.0074,-1.4372,38.86348,4.682856440426773,1.7444872374274103,0.0
15.35195,23.3942,46.08251,2542.75496,-1.5633,38.8729,4.740722875061823,1.7660440068864955,0.0
15.37844,23.41634,45.97436,2540.50016,-1.6875,38.88236,4.80485112460529,1.7899334671572324,0.0
15.4049,23.43848,45.85812,2538.23896,-1.8096,38.89185,4.8753578500322625,1.8161990775223755,0.0
15.43133,23.4606,45.73396,2535.96721,-1.92936,38.90137,4.952367659440186,1.8448872577768605,0.0
15.45773,23.48271,45.60205,2533.68062,-2.04657,38.91092,5.036011926869135,1.8760469482072737,0.0
15.48411,23.5048,45.46258,2531.37476,-2.16099,38.92051,5.126427427309716,1.9097291010963844,0.0
15.51045,23.52689,45.31576,2529.04508,-2.27239,38.93012,5.223754765059853,1.945986095244688,0.0
15.53677,23.54895,45.16182,2526.68688,-2.38052,38.93976,5.328136571565815,1.9848710646187802,0.0
15.56306,23.571,45.001,2524.29532,-2.48514,38.94943,5.439715448200697,2.026437131982208,0.0
15.58931,23.59304,44.83355,2521.86543,-2.58601,38.95913,5.558631629246274,2.070736538294717,0.0
15.61554,23.61506,44.65974,2519.39209,-2.68285,38.96886,5.685020340784302,2.1178196588297746,0.0
15.64174,23.63707,44.47987,2516.87003,-2.77542,38.97861,5.819008832472275,2.167733897432937,0.0
15.6679,23.65906,44.29424,2514.29386,-2.86344,38.98839,5.960713061352101,2.2205224511533284,0.0
15.69403,23.68103,44.10317,2511.65805,-2.94664,38.99819,6.110234010279536,2.2762229387617365,0.0
15.72013,23.70299,43.90701,2508.95697,-3.02476,39.00802,6.267653628300516,2.3348658884339817,0.0
15.7462,23.72493,43.70612,2506.18485,-3.09751,39.01787,6.433030386694158,2.3964730822600075,0.0
15.77223,23.74685,43.50087,2503.33586,-3.16461,39.02774,6.606394452586776,2.4610557582881105,0.0
15.79823,23.76876,43.29167,2500.40405,-3.22579,39.03763,6.787742492260524,2.5286126746206765,0.0
15.82419,23.79064,43.07891,2497.38346,-3.28075,39.04754,6.977032128635821,2.5991280446805556,0.0
15.85012,23.81251,42.86305,2494.26805,-3.32923,39.05747,7.174176092105995,2.67256935824306,0.0
15.87601,23.83435,42.64451,2491.05179,-3.37094,39.06741,7.379036120864612,2.7488851091474054,0.0
15.90187,23.85617,42.42378,2487.72869,-3.40561,39.07737,7.591416686090605,2.8280024577630725,0.0
15.92768,23.87798,42.20134,2484.29278,-3.43296,39.08735,7.8110586386301915,2.9098248642116507,0.0
15.95345,23.89975,41.97767,2480.73822,-3.45275,39.09733,8.03763289668605,2.9942297368649773,0.0
15.97919,23.92151,41.7533,2477.05929,-3.46473,39.10733,8.270734317963012,3.0810661495581644,0.0
16.00488,23.94324,41.52875,2473.25048,-3.46865,39.11734,8.509875923990629,3.170152689997797,0.0
16.03053,23.96494,41.30457,2469.30649,-3.4643,39.12735,8.754483667667962,3.2612755105346865,0.0
16.05613,23.98662,41.0813,2465.22233,-3.45148,39.13737,9.003891956458338,3.3541866604361275,0.0
16.08169,24.00827,40.85951,2460.99336,-3.43002,39.14739,9.257340161341276,3.448602785378637,0.0
16.10721,24.02989,40.63977,2456.61534,-3.39976,39.15742,9.513970354008027,3.544204284493756,0.0
16.13267,24.05148,40.42266,2452.08451,-3.36058,39.16744,9.772826520001251,3.6406350172418676,0.0
16.15809,24.07303,40.20875,2447.39764,-3.31239,39.17747,10.03285549167394,3.7375026509639553,0.0
16.18345,24.09456,39.99862,2442.55211,-3.25515,39.18749,10.292909830198992,3.8343797345059905,0.0
16.20876,24.11605,39.79286,2437.54593,-3.18884,39.19751,10.55175285888599,3.9308055732618707,0.0
16.23402,24.13751,39.59203,2432.37784,-3.11348,39.20751,10.808066009774942,4.026288965972887,0.0
16.25922,24.15893,39.39671,2427.04737,-3.02917,39.21751,11.060458591152582,4.120311843384546,0.0
16.28437,24.18031,39.20745,2421.55483,-2.93601,39.2275,11.307480015962497,4.212333823651095,0.0
16.30946,24.20165,39.02479,2415.90142,-2.83419,39.23748,11.547634451030055,4.301797669557241,0.0
16.33448,24.22295,38.84925,2410.08922,-2.72394,39.24744,11.779397757081325,4.388135599120928,0.0
16.35945,24.24421,38.68134,2404.12125,-2.60554,39.25739,12.00123649302475,4.4707763651882875,0.0
16.38435,24.26543,38.52153,2398.00144,-2.47933,39.26731,12.211628659304207,4.549152982878443,0.0
16.40919,24.2866,38.37028,2391.73466,-2.3457,39.27722,12.409085759465462,4.622710948097498,0.0
16.43396,24.30772,38.22799,2385.32671,-2.20511,39.2871,12.59217567222782,4.6909167579870115,0.0
16.45866,24.3288,38.09506,2378.78429,-2.05804,39.29697,12.759545754055837,4.753266517239838,0.0
16.4833,24.34982,37.97182,2372.11495,-1.90506,39.3068,12.90994554022704,4.809294394845149,0.0
16.50786,24.3708,37.85858,2365.32707,-1.74675,39.31662,13.042248385361097,4.858580685754947,0.0
16.53236,24.39173,37.7556,2358.42975,-1.58376,39.3264,13.155471385776314,4.900759232486051,0.0
16.55678,24.4126,37.6631,2351.43279,-1.41676,39.33616,13.248792958000463,4.935523973577889,0.0
16.58112,24.43342,37.58124,2344.34656,-1.24647,39.34588,13.321567509694892,4.9626344088977605,0.0
16.60539,24.45419,37.51014,2337.18192,-1.07361,39.35558,13.373336729571047,4.981919805431782,0.0
16.62958,24.47489,37.44988,2329.95014,-0.89894,39.36525,13.40383713681747,4.993282009645087,0.0
16.6537,24.49555,37.40047,2322.66276,-0.72324,39.37488,13.413003662798626,4.996696781758882,0.0
16.67774,24.51614,37.36191,2315.33151,-0.54728,39.38449,13.400969180603537,4.992213620494929,0.0
16.7017,24.53668,37.3341,2307.96818,-0.37182,39.39406,13.368060043851065,4.979954101163132,0.0
16.72558,24.55716,37.31692,2300.58452,-0.19765,39.4036,13.314787836642177,4.96010880230169,0.0
16.74938,24.57758,37.31022,2293.19216,-0.02551,39.41311,13.24183766449911,4.9329329437438485,0.0
16.7731,24.59794,37.31378,2285.80246,0.14387,39.42259,13.15005342457886,4.89874089938486,0.0
16.79674,24.61825,37.32735,2278.42647,0.30978,39.43203,13.040420578048112,4.857899779438356,0.0
16.8203,24.63849,37.35064,2271.07483,0.47156,39.44145,12.914047004658261,4.810822298261803,0.0
16.84378,24.65867,37.38331,2263.7577,0.62855,39.45083,12.77214254848683,4.757959154606993,0.0
16.86718,24.6788,37.42501,2256.48468,0.78018,39.46019,12.615997864854558,4.699791151540082,0.0
16.8905,24.69886,37.47535,2249.26481,0.92589,39.46952,12.446963154289554,4.63682127428371,0.0
16.91375,24.71887,37.53391,2242.10646,1.06517,39.47882,12.266427323374034,4.569566927084082,0.0
16.93691,24.73882,37.60024,2235.01737,1.19757,39.48809,12.075798049164911,4.498552506683111,0.0
16.96,24.75871,37.67389,2228.00458,1.32268,39.49734,11.876483148562984,4.424302461918235,0.0
16.98301,24.77855,37.75437,2221.07447,1.44016,39.50656,11.669873571524947,4.347334958246419,0.0
17.00595,24.79833,37.84119,2214.23269,1.5497,39.51577,11.45732825228539,4.268156234425761,0.0
17.02881,24.81805,37.93384,2207.48427,1.65103,39.52495,11.24016096989247,4.187255707719307,0.0
17.0516,24.83772,38.03182,2200.83353,1.74397,39.53411,11.019629291986718,4.105101855161747,0.0
17.07431,24.85733,38.1346,2194.28419,1.82834,39.54326,10.796925606316323,4.022138872562895,0.0
17.09696,24.87689,38.24167,2187.83933,1.90403,39.55239,10.573170185021768,3.9387840907712133,0.0
17.11953,24.8964,38.35251,2181.50145,1.97097,39.5615,10.34940617795826,3.8554261105546908,0.0
17.14203,24.91586,38.46659,2175.27253,2.02913,39.5706,10.1265963936797,3.772423603432675,0.0
17.16447,24.93526,38.5834,2169.154,2.07851,39.57969,9.90562169972094,3.6901047157389173,0.0
17.18684,24.95462,38.70244,2163.14685,2.11915,39.58877,9.687280856859493,3.608767006879701,0.0
17.20914,24.97393,38.8232,2157.2516,2.15112,39.59784,9.472291593690423,3.5286778496412636,0.0
17.23138,24.9932,38.94519,2151.4684,2.17452,39.60691,9.261292727182063,3.450075220152597,0.0
17.25356,25.01241,39.06794,2145.797,2.18948,39.61597,9.054847140219017,3.3731688070985544,0.0
17.27568,25.03159,39.19098,2140.23686,2.19615,39.62502,8.853445437198666,3.2981413735257386,0.0
17.29773,25.05072,39.31384,2134.78711,2.19469,39.63408,8.65751011239487,3.225150309667659,0.0
17.31973,25.0698,39.43609,2129.44664,2.1853,39.64313,8.46740008152753,3.1543293210736154,0.0
17.34167,25.08885,39.5573,2124.21409,2.16818,39.65219,8.283415444177423,3.0857902027335453,0.0
17.36355,25.10785,39.67705,2119.0879,2.14354,39.66125,8.105802362224226,3.0196246564245355,0.0
17.38538,25.12682,39.79495,2114.06633,2.11162,39.67031,7.934757956781445,2.955906114947936,0.0
17.40715,25.14574,39.91061,2109.14748,2.07265,39.67938,7.770435142728553,2.8946915431197855,0.0
17.42887,25.16463,40.02367,2104.32932,2.02688,39.68846,7.612947335373623,2.8360231911264737,0.0
17.45054,25.18348,40.13378,2099.6097,1.97457,39.69755,7.462372977892718,2.779930281115051,0.0
17.47216,25.2023,40.24059,2094.98637,1.91598,39.70664,7.318759850787234,2.7264306125794664,0.0
17.49373,25.22108,40.3438,2090.45699,1.85136,39.71575,7.182129135673918,2.6755320762292825,0.0
17.51525,25.23983,40.4431,2086.01915,1.78099,39.72486,7.052479215167131,2.627234069545789,0.0
17.53672,25.25854,40.5382,2081.67039,1.70512,39.73399,6.929789198686004,2.5815288102379514,0.0
17.55815,25.27723,40.62884,2077.40818,1.62404,39.74314,6.814022170609324,2.5384025462655573,0.0
17.57953,25.29588,40.71475,2073.22995,1.53801,39.7523,6.705128162565411,2.497836663095411,0.0
17.60086,25.3145,40.7957,2069.1331,1.4473,39.76147,6.6030468558498665,2.4598086904230407,0.0
17.62215,25.33308,40.87146,2065.11499,1.35218,39.77066,6.507710023168665,2.424293211786255,0.0
17.6434,25.35164,40.94183,2061.17297,1.25292,39.77987,6.419043721228346,2.391262681362676,0.0
17.66461,25.37017,41.00661,2057.30434,1.14978,39.7891,6.336970247271724,2.3606881528307677,0.0
17.68577,25.38868,41.06562,2053.50639,1.04303,39.79835,6.26140987359351,2.3325399255225485,0.0
17.70689,25.40715,41.1187,2049.77639,0.93293,39.80762,6.192282374493639,2.3067881132538792,0.0
17.72798,25.4256,41.16569,2046.11157,0.81975,39.81691,6.129508360126796,2.2834031412185074,0.0
17.74902,25.44402,41.20647,2042.50917,0.70374,39.82622,6.07301043133013,2.2623561761917763,0.0
17.77002,25.46242,41.24091,2038.96637,0.58517,39.83555,6.022714168903278,2.2436194950634625,0.0
17.79099,25.48079,41.26891,2035.48035,0.4643,39.8449,5.9785489699796885,2.2271667964081048,0.0
17.81191,25.49913,41.29037,2032.04825,0.34137,39.85428,5.940448743138043,2.2129734594322907,0.0
17.8328,25.51745,41.30521,2028.6672,0.21664,39.86367,5.90835247278041,2.2010167542203734,0.0
17.85365,25.53575,41.31336,2025.33427,0.09036,39.8731,5.882204662174102,2.19127600677922,0.0
17.87447,25.55402,41.31477,2022.04652,-0.0372,39.88254,5.861955663268227,2.183732721903555,0.0
17.89525,25.57226,41.30941,2018.80096,-0.16581,39.89201,5.847561900198467,2.1783706664373708,0.0
17.91599,25.59049,41.29724,2015.59456,-0.29521,39.9015,5.838985992118551,2.17517591503188,0.0
17.9367,25.60869,41.27825,2012.42424,-0.42515,39.91102,5.836196779752019,2.1741368600367523,0.0
17.95737,25.62687,41.25245,2009.2869,-0.55538,39.92056,5.839169258874758,2.1752441867206054,0.0
17.978,25.64502,41.21983,2006.17935,-0.68566,39.93013,5.847884422723647,2.178490814564078,0.0
17.9986,25.66315,41.18043,2003.09837,-0.81572,39.93972,5.862329014233753,2.1838718049616688,0.0
18.01917,25.68126,41.13429,2000.04068,-0.94533,39.94933,5.882495187915828,2.1913842352622055,0.0
18.0397,25.69935,41.08146,1997.00293,-1.07424,39.95897,5.908380080193268,2.201027038708058,0.0
18.06019,25.71741,41.022,1993.98172,-1.20218,39.96864,5.939985286104622,2.2128008094930527,0.0
18.08065,25.73546,40.95598,1990.97357,-1.32891,39.97832,5.9773162394496175,2.2267075718505613,0.0
18.10108,25.75348,40.88351,1987.97494,-1.45418,39.98803,6.0203814927505865,2.2427505118201823,0.0
18.12147,25.77148,40.80467,1984.98223,-1.57772,39.99776,6.069191892828597,2.2609336701281597,0.0
18.14183,25.78945,40.71959,1981.99175,-1.69929,40.00752,6.123759647359671,2.281261594455017,0.0
18.16215,25.80741,40.6284,1978.99974,-1.81863,40.0173,6.184097277542861,2.3037389492768523,0.0
18.18244,25.82534,40.53123,1976.00238,-1.93548,40.0271,6.250216451972471,2.3283700814520634,0.0
18.2027,25.84325,40.42824,1972.99577,-2.04958,40.03692,6.322126697016599,2.3551585398034214,0.0
18.22291,25.86113,40.31959,1969.97595,-2.16067,40.04676,6.39983397948318,2.384106547123877,0.0
18.2431,25.879,40.20548,1966.93888,-2.26849,40.05663,6.483339158164958,2.415214423336324,0.0
18.26325,25.89684,40.08609,1963.88046,-2.37278,40.06651,6.572636302016771,2.4484799589703847,0.0
18.28336,25.91466,39.96163,1960.79653,-2.47328,40.07641,6.667710874261518,2.4838977386941026,0.0
18.30344,25.93245,39.83232,1957.68287,-2.56971,40.08633,6.768537783742493,2.5214584153914186,0.0
18.32348,25.95022,39.6984,1954.53521,-2.66183,40.09627,6.875079307321944,2.561147936200962,0.0
18.34348,25.96797,39.5601,1951.34925,-2.74937,40.10623,6.987282890107285,2.6029467230424435,0.0
18.36345,25.98569,39.41768,1948.12066,-2.83207,40.1162,7.105078833819473,2.6468288114730467,0.0
18.38338,26.00339,39.27142,1944.84506,-2.90968,40.12618,7.228377887722861,2.692760953245416,0.0
18.40327,26.02106,39.12161,1941.5181,-2.98194,40.13618,7.35706876114383,2.740701689655394,0.0
18.42313,26.03871,38.96853,1938.13541,-3.0486,40.1462,7.491015581766927,2.790600404690458,0.0
18.44294,26.05633,38.81248,1934.69264,-3.10942,40.15622,7.6300553295251445,2.842396369086333,0.0
18.46272,26.07393,38.6538,1931.1855,-3.16416,40.16625,7.773995281890069,2.8960177886303486,0.0
18.48246,26.09149,38.49281,1927.60974,-3.21259,40.1763,7.922610512711498,2.9513808724133916,0.0
18.50216,26.10903,38.32984,1923.96119,-3.2545,40.18635,8.075641493059232,3.0083889390803464,0.0
18.52181,26.12655,38.16525,1920.23578,-3.28967,40.19641,8.232791848953994,3.0669315815258633,0.0
18.54143,26.14403,37.99939,1916.42956,-3.31791,40.20647,8.393726336744502,3.1268839126690473,0.0
18.561,26.16148,37.83263,1912.53876,-3.33903,40.21654,8.558069102354828,3.1881059169773,0.0
18.58053,26.17891,37.66533,1908.55975,-3.35287,40.22661,8.725402294980588,3.250441934031672,0.0
18.60002,26.1963,37.49789,1904.48911,-3.35927,40.23669,8.89526510897602,3.313720301604591,0.0
18.61946,26.21366,37.33067,1900.32368,-3.35812,40.24676,9.067153329113218,3.377753186256961,0.0
18.63885,26.23099,37.16407,1896.06055,-3.3493,40.25683,9.240519453739099,3.442336629217373,0.0
18.6582,26.24829,36.99848,1891.69708,-3.33273,40.2669,9.414773467331026,3.507250834179402,0.0
18.67751,26.26555,36.83428,1887.23099,-3.30835,40.27696,9.589284328092427,3.5722607214701148,0.0
18.69676,26.28278,36.67188,1882.66033,-3.27613,40.28702,9.763382227380845,3.637116769746472,0.0
18.71597,26.29997,36.51164,1877.98354,-3.23608,40.29707,9.93636166565787,3.7015561618676047,0.0
18.73512,26.31712,36.35397,1873.19947,-3.18823,40.30711,10.107485374390613,3.765304245906309,0.0
18.75423,26.33424,36.19922,1868.30737,-3.13264,40.31713,10.275989094810464,3.828076315362421,0.0
18.77328,26.35132,36.04779,1863.30699,-3.06942,40.32715,10.44108720312856,3.8895797047035807,0.0
18.79228,26.36836,35.90003,1858.19852,-2.99869,40.33715,10.601979148141824,3.9495161875428733,0.0
18.81123,26.38536,35.75628,1852.98266,-2.92064,40.34714,10.757856641635437,4.007584655252936,0.0
18.83012,26.40232,35.61689,1847.66059,-2.83546,40.35711,10.907911515770852,4.063484044049734,0.0
18.84896,26.41923,35.48219,1842.23401,-2.74342,40.36706,11.051344135382635,4.116916468794477,0.0
18.86774,26.4361,35.35247,1836.70513,-2.6448,40.37699,11.187372228278825,4.167590512512838,0.0
18.88646,26.45293,35.22802,1831.07666,-2.53991,40.3869,11.31523997413142,4.215224612245806,0.0
18.90512,26.46972,35.10912,1825.35181,-2.42912,40.39678,11.434227173850486,4.259550474882804,0.0
18.92373,26.48645,34.996,1819.53428,-2.31283,40.40665,11.543658307379712,4.300316451428853,0.0
18.94227,26.50314,34.8889,1813.62823,-2.19145,40.41648,11.642911279736179,4.33729079513451,0.0
18.96075,26.51979,34.78801,1807.63828,-2.06545,40.42629,11.731425653594865,4.370264728350213,0.0
18.97917,26.53638,34.69351,1801.56944,-1.93532,40.43608,11.808710172192873,4.399055245006038,0.0
18.99752,26.55292,34.60553,1795.42712,-1.80157,40.44583,11.874349389039322,4.423507580353078,0.0
19.01581,26.56942,34.52421,1789.21707,-1.66473,40.45556,11.928009240561543,4.443497286920772,0.0
19.03404,26.58586,34.44963,1782.94533,-1.52536,40.46526,11.969441423767188,4.458931865311224,0.0
19.0522,26.60225,34.38184,1776.61821,-1.38403,40.47493,11.998486472316976,4.469751910117242,0.0
19.0703,26.61859,34.3209,1770.24222,-1.24132,40.48456,12.015075459895929,4.475931744472933,0.0
19.08832,26.63488,34.26679,1763.82405,-1.09782,40.49417,12.01923029776955,4.477479530901221,0.0
19.10628,26.65111,34.2195,1757.37048,-0.95413,40.50374,12.011062632432436,4.474436860658938,0.0
19.12418,26.66729,34.17898,1750.88838,-0.81083,40.51328,11.990771387576698,4.4668778380553915,0.0
19.142,26.68341,34.14514,1744.38461,-0.66851,40.52279,11.958639030657404,4.454907689649761,0.0
19.15976,26.69948,34.11788,1737.86601,-0.52775,40.53227,11.915026676493799,4.438660940213718,0.0
19.17745,26.7155,34.09707,1731.33936,-0.38912,40.54171,11.860368167751027,4.418299207555116,0.0
19.19507,26.73146,34.08255,1724.81128,-0.25317,40.55113,11.795163293401473,4.3940086762164094,0.0
19.21262,26.74736,34.07414,1718.28828,-0.12041,40.56051,11.719970321381377,4.365997315692759,0.0
19.2301,26.76321,34.07165,1711.77663,0.00864,40.56986,11.635398029822033,4.334491911855989,0.0
19.24751,26.779,34.07484,1705.28242,0.13349,40.57919,11.542097423058408,4.299734980949829,0.0
19.26486,26.79474,34.08348,1698.81144,0.25371,40.58848,11.440753314219185,4.261981633883233,0.0
19.28213,26.81042,34.09732,1692.36923,0.36886,40.59775,11.332075946365793,4.221496454884201,0.0
19.29934,26.82605,34.11608,1685.96103,0.47856,40.60698,11.216792809801332,4.17855045323206,0.0
19.31648,26.84162,34.13947,1679.59176,0.58244,40.61619,11.095640795100223,4.133418140054542,0.0
19.33355,26.85714,34.1672,1673.266,0.68018,40.62538,10.969358800970513,4.086374774561985,0.0
19.35056,26.87261,34.19895,1666.98803,0.77149,40.63454,10.83868089396229,4.0376938158587565,0.0
19.3675,26.88802,34.23443,1660.76176,0.85612,40.64367,10.704330094497013,3.987644608075657,0.0
19.38437,26.90337,34.27329,1654.59078,0.93384,40.65279,10.567012841507436,3.936490318302666,0.0
19.40118,26.91868,34.31521,1648.47834,1.00446,40.66188,10.427414166802796,3.8844861389129957,0.0
19.41792,26.93393,34.35987,1642.42735,1.06783,40.67095,10.28619359090185,3.831877758652913,0.0
19.4346,26.94913,34.40693,1636.4404,1.12383,40.68,10.143981734738267,3.7789001004128453,0.0
19.45122,26.96428,34.45605,1630.51977,1.17237,40.68904,10.001377626724478,3.7257763180378074,0.0
19.46777,26.97937,34.5069,1624.66741,1.21339,40.69805,9.858946672342174,3.672717039946444,0.0
19.48427,26.99442,34.55915,1618.88501,1.24685,40.70706,9.71721924360697,3.6199198436695,0.0
19.5007,27.00942,34.61247,1613.17395,1.27276,40.71605,9.576689838458378,3.5675689427004658,0.0
19.51707,27.02437,34.66654,1607.53535,1.29113,40.72503,9.437816755201801,3.515835065216659,0.0
19.53338,27.03927,34.72103,1601.97007,1.30202,40.73399,9.301022224174847,3.4648755031283875,0.0
19.54963,27.05413,34.77564,1596.47874,1.3055,40.74295,9.166692937862143,3.4148343095606672,0.0
19.56583,27.06893,34.83005,1591.06176,1.30165,40.7519,9.035180921186505,3.365842623059579,0.0
19.58197,27.0837,34.88397,1585.7193,1.2906,40.76084,8.9068046855229,3.3180190974928365,0.0
19.59805,27.09841,34.9371,1580.45135,1.27247,40.76978,8.781850612818578,3.2714704176709537,0.0
19.61408,27.11309,34.98917,1575.25771,1.24741,40.77871,8.660574519794979,3.2262918820536104,0.0
19.63005,27.12771,35.03989,1570.13799,1.21559,40.78764,8.543203356277745,3.1825680354222667,0.0
19.64597,27.1423,35.08901,1565.09166,1.17718,40.79657,8.429936996134126,3.140373336051472,0.0
19.66183,27.15684,35.13627,1560.11801,1.13238,40.80549,8.320950083824021,3.099772843597709,0.0
19.67765,27.17134,35.18143,1555.21622,1.08139,40.81442,8.216393904123022,3.0608229156204305,0.0
19.69341,27.1858,35.22425,1550.38531,1.02442,40.82335,8.116398246974349,3.0235719022884635,0.0
19.70912,27.20022,35.26451,1545.62421,0.9617,40.83228,8.021073243652717,2.9880608303993665,0.0
19.72478,27.2146,35.302,1540.9317,0.89345,40.84122,7.93051115429945,2.954324069283295,0.0
19.7404,27.22894,35.33653,1536.30647,0.81992,40.85016,7.844788090554677,2.922389972528814,0.0
19.75596,27.24324,35.3679,1531.74712,0.74136,40.8591,7.7639656601896,2.892281490651695,0.0
19.77148,27.25751,35.39593,1527.25214,0.65801,40.86806,7.6880925236015845,2.864016750930287,0.0
19.78695,27.27173,35.42046,1522.81994,0.57014,40.87702,7.61720585453403,2.8376096015621086,0.0
19.80237,27.28592,35.44134,1518.44884,0.478,40.88598,7.551332699571299,2.813070118111471,0.0
19.81774,27.30008,35.45842,1514.13708,0.38187,40.89496,7.490491232855387,2.7904050709244594,0.0
19.83308,27.31419,35.47157,1509.88284,0.28201,40.90395,7.434691903977377,2.769618352748698,0.0
19.84836,27.32827,35.48067,1505.68419,0.17869,40.91295,7.3839384783029365,2.7507113662819687,0.0
19.86361,27.34232,35.48562,1501.53918,0.0722,40.92196,7.338228969998278,2.733683371748937,0.0
19.8788,27.35633,35.48632,1497.44575,-0.03719,40.93098,7.297556468811606,2.718531794898989,0.0
19.89396,27.37031,35.48268,1493.40179,-0.1492,40.94001,7.261909862285931,2.7052524960495097,0.0
19.90907,27.38425,35.47463,1489.40513,-0.26355,40.94905,7.231274455488746,2.693840000951494,0.0
19.92414,27.39817,35.46211,1485.45354,-0.37995,40.95811,7.205632490627729,2.684287694360064,0.0
19.93917,27.41204,35.44507,1481.54471,-0.49813,40.96718,7.184963569147195,2.676587977276511,0.0
19.95415,27.42589,35.42346,1477.67629,-0.61779,40.97627,7.169244978904846,2.6707323888302357,0.0
19.9691,27.4397,35.39726,1473.84585,-0.73865,40.98537,7.158451929113579,2.666711693800757,0.0
19.984,27.45348,35.36645,1470.05093,-0.86041,40.99448,7.152557695666949,2.6645159367552718,0.0
19.99887,27.46723,35.33103,1466.28898,-0.98281,41.00361,7.151533679413391,2.6641344637573328,0.0
20.01369,27.48094,35.29101,1462.55741,-1.10554,41.01276,7.155349379878403,2.66555591257767,0.0
20.02847,27.49463,35.24639,1458.85359,-1.22832,41.02191,7.1639722868732125,2.6687681723155747,0.0
20.04321,27.50828,35.1972,1455.17481,-1.35086,41.03109,7.177367692399339,2.673758313328389,0.0
20.05792,27.52191,35.14348,1451.51831,-1.47288,41.04027,7.195498425248056,2.6805124883628273,0.0
20.07258,27.5355,35.08529,1447.88129,-1.59409,41.04947,7.218324510758905,2.6890158058060747,0.0
20.0872,27.54906,35.02267,1444.2609,-1.7142,41.05869,7.245802758353977,2.6992521760314463,0.0
20.10179,27.56259,34.9557,1440.65423,-1.83292,41.06792,7.277886279602673,2.7112041318648354,0.0
20.11633,27.57609,34.88446,1437.05834,-1.94999,41.07716,7.314523939950096,2.724852624339111,0.0
20.13084,27.58956,34.80904,1433.47023,-2.0651,41.08642,7.355659747571659,2.740176795026382,0.0
20.14531,27.60299,34.72953,1429.88689,-2.17799,41.09569,7.401232183355595,2.7571537264388493,0.0
20.15973,27.6164,34.64605,1426.30526,-2.28838,41.10497,7.451173476624453,2.775758172216009,0.0
20.17412,27.62978,34.55872,1422.72223,-2.39599,41.11427,7.505408831950848,2.7959622690931734,0.0
20.18847,27.64312,34.46766,1419.13469,-2.50055,41.12358,7.56385561328757,2.817735232968473,0.0
20.20278,27.65644,34.37302,1415.5395,-2.60179,41.13289,7.626422492599122,2.841043041745697,0.0
20.21705,27.66972,34.27494,1411.93352,-2.69945,41.14222,7.693008571318563,2.8658481080538616,0.0
20.23128,27.68297,34.17358,1408.31359,-2.79327,41.15156,7.763502484093646,2.892108945369055,0.0
20.24547,27.69619,34.06911,1404.67654,-2.883,41.16091,7.837781495661816,2.9197798315766166,0.0
20.25963,27.70938,33.96169,1401.01924,-2.96839,41.17027,7.9157106029800355,2.9488104744908705,0.0
20.27374,27.72254,33.85151,1397.33854,-3.04921,41.17963,7.997141656214416,2.979145684400638,0.0
20.28781,27.73567,33.73876,1393.63135,-3.12522,41.189,8.081912513565149,3.01072505921928,0.0
20.30184,27.74876,33.62364,1389.8946,-3.1962,41.19838,8.169846246319258,3.043482688345941,0.0
20.31583,27.76182,33.50635,1386.12527,-3.26193,41.20776,8.260750411838675,3.0773468818344694,0.0
20.32979,27.77485,33.3871,1382.32041,-3.32223,41.21715,8.354416413371423,3.112239931906242,0.0
20.3437,27.78785,33.2661,1378.47711,-3.37688,41.22654,8.450618966576029,3.148077914216474,0.0
20.35756,27.80081,33.14358,1374.59259,-3.42573,41.23593,8.54911569338466,3.1847705365575445,0.0
20.37139,27.81374,33.01976,1370.66413,-3.46861,41.24533,8.649646864256447,3.2222210428415856,0.0
20.38517,27.82664,32.89488,1366.68915,-3.50537,41.25472,8.75193530989128,3.260326180211543,0.0
20.39892,27.8395,32.76916,1362.66516,-3.53587,41.26411,8.855686523039504,3.298976236967968,0.0
20.41262,27.85233,32.64284,1358.58983,-3.56002,41.2735,8.96058897006512,3.3380551586345093,0.0
20.42627,27.86512,32.51615,1354.46099,-3.5777,41.28289,9.066314630397864,3.377440748918001,0.0
20.43988,27.87787,32.38935,1350.27663,-3.58885,41.29227,9.172519779769834,3.4170049614847193,0.0
20.45345,27.89059,32.26267,1346.03489,-3.59342,41.30165,9.27884603034359,3.4566142874354684,0.0
20.46697,27.90328,32.13634,1341.73416,-3.59137,41.31102,9.384921637267766,3.4961302420319162,0.0
20.48045,27.91592,32.01061,1337.37298,-3.58269,41.32038,9.490363077022414,3.535409952671773,0.0
20.49388,27.92853,31.8857,1332.95014,-3.5674,41.32973,9.594776898111123,3.574306848320293,0.0
20.50727,27.9411,31.76186,1328.46465,-3.54555,41.33907,9.697761839260638,3.612671448595371,0.0
20.52061,27.95363,31.63931,1323.91576,-3.51719,41.3484,9.79891120447764,3.650352248538678,0.0
20.5339,27.96612,31.51828,1319.30297,-3.48241,41.35771,9.897815478123489,3.687196692799814,0.0
20.54715,27.97858,31.39897,1314.62603,-3.44135,41.36701,9.99406515685178,3.723052230607565,0.0
20.56034,27.99099,31.28161,1309.88496,-3.39414,41.3763,10.087253768882592,3.757767440528993,0.0
20.57349,28.00336,31.16639,1305.08004,-3.34095,41.38556,10.176981045011493,3.7911932117537304,0.0
20.58659,28.01569,31.0535,1300.2118,-3.28198,41.39481,10.262856200020751,3.823183966505995,0.0
20.59963,28.02798,30.94314,1295.28108,-3.21747,41.40404,10.344501278144532,3.853598906318396,0.0
20.61263,28.04022,30.83546,1290.28895,-3.14766,41.41325,10.421554512037176,3.8823032633360066,0.0
20.62557,28.05242,30.73064,1285.23676,-3.07282,41.42244,10.49367364161971,3.909169536674003,0.0
20.63847,28.06458,30.62882,1280.12612,-2.99326,41.43161,10.56053913730041,3.9340786931521396,0.0
20.65131,28.0767,30.53015,1274.95887,-2.90931,41.44075,10.621857271549446,3.9569213115371182,0.0
20.6641,28.08876,30.43473,1269.73712,-2.8213,41.44987,10.677362983853275,3.9775986498134803,0.0
20.67683,28.10079,30.34269,1264.4632,-2.72961,41.45897,10.726822486520557,3.9960236159148796,0.0
20.68951,28.11276,30.25411,1259.13965,-2.63462,41.46804,10.77003556279149,4.012121623830268,0.0
20.70214,28.12469,30.16907,1253.76921,-2.53674,41.47708,10.806837514106636,4.025831319012777,0.0
20.71471,28.13658,30.08765,1248.35482,-2.43637,41.48609,10.837100720076542,4.037105159509438,0.0
20.72723,28.14841,30.00989,1242.89957,-2.33395,41.49508,10.860735782310014,4.045909842067321,0.0
20.73969,28.1602,29.93581,1237.40672,-2.22992,41.50404,10.87769223197126,4.052226565717176,0.0
20.7521,28.17194,29.86545,1231.87964,-2.12472,41.51298,10.887958789954018,4.056051128695152,0.0
20.76445,28.18363,29.79879,1226.32182,-2.0188,41.52188,10.891563178011756,4.057393858083817,0.0
20.77674,28.19527,29.73584,1220.73685,-1.91263,41.53075,10.888571488498107,4.056279375023894,0.0
20.78897,28.20687,29.67656,1215.12836,-1.80664,41.5396,10.87908712939849,4.05274620171078,0.0
20.80115,28.21841,29.6209,1209.50005,-1.7013,41.54842,10.863249369729406,4.0468462195175094,0.0
20.81327,28.2299,29.56881,1203.85565,-1.59706,41.5572,10.84123151786835,4.038643990374717,0.0
20.82533,28.24134,29.52021,1198.19888,-1.49435,41.56596,10.813238771802574,4.028215955931739,0.0
20.83734,28.25274,29.47504,1192.53347,-1.3936,41.57469,10.779505785505021,4.015649530967613,0.0
20.84928,28.26408,29.43317,1186.86308,-1.29524,41.58339,10.740293999413606,4.001042108924376,0.0
20.86117,28.27537,29.39451,1181.19138,-1.19966,41.59206,10.695888785512652,3.9844999983747766,0.0
20.873,28.28661,29.35894,1175.52193,-1.10727,41.60071,10.646596458476093,3.966137309594478,0.0
20.88478,28.29779,29.32632,1169.85823,-1.01843,41.60932,10.592741204106328,3.9460748103247156,0.0
20.89649,28.30893,29.29651,1164.20369,-0.9335,41.61792,10.534661974779157,3.9244387692438485,0.0
20.90815,28.32002,29.26937,1158.56161,-0.85281,41.62648,10.472709398905808,3.901359804660652,0.0
20.91975,28.33106,29.24473,1152.93516,-0.77668,41.63502,10.407242748023668,3.8769717546758007,0.0
20.93129,28.34204,29.22243,1147.32741,-0.70539,41.64353,10.33862700066861,3.8514105833970733,0.0
20.94277,28.35298,29.20229,1141.74129,-0.63922,41.65202,10.267230037422316,3.8248133360206653,0.0
20.9542,28.36386,29.18415,1136.17958,-0.57841,41.66049,10.193419996288656,3.7973171536393133,0.0
20.96557,28.37469,29.16782,1130.64492,-0.52317,41.66893,10.11756281210821,3.769058356609458,0.0
20.97688,28.38548,29.15312,1125.13979,-0.4737,41.67735,10.040019958330175,3.740171603301866,0.0
20.98813,28.39621,29.13985,1119.66654,-0.43018,41.68575,9.961146404136175,3.7107891290764905,0.0
20.99933,28.4069,29.12784,1114.22733,-0.39275,41.69413,9.881288794924114,3.6810400684648417,0.0
21.01048,28.41753,29.11688,1108.8242,-0.36152,41.70249,9.800783859442895,3.651049861785753,0.0
21.02157,28.42812,29.10678,1103.459,-0.3366,41.71084,9.719957042663955,3.620939745854055,0.0
21.0326,28.43866,29.09737,1098.13345,-0.31805,41.71917,9.639121359753691,3.5908263270551584,0.0
21.04358,28.44915,29.08843,1092.8491,-0.30593,41.72748,9.558576463311576,3.5608212338666987,0.0
21.05451,28.45959,29.0798,1087.60733,-0.30026,41.73578,9.478607913319216,3.531030844895361,0.0
21.06538,28.46998,29.07127,1082.40941,-0.30105,41.74406,9.399486637205959,3.5015560877371064,0.0
21.0762,28.48033,29.06268,1077.25642,-0.30827,41.75234,9.321468565716332,3.472492303328215,0.0
21.08696,28.49063,29.05383,1072.14932,-0.32189,41.7606,9.244794429169296,3.443929170046495,0.0
21.09768,28.50088,29.04455,1067.08892,-0.34185,41.76885,9.16968969799062,3.4159506815580296,0.0
21.10834,28.51109,29.03467,1062.07587,-0.36806,41.77709,9.096364651029582,3.3886351722669428,0.0
21.11895,28.52125,29.02403,1057.11073,-0.40044,41.78533,9.02501455524263,3.362055384252298,0.0
21.12951,28.53137,29.01245,1052.19388,-0.43887,41.79355,8.955819940580804,3.3362785696708843,0.0
21.14002,28.54144,28.9998,1047.3256,-0.48321,41.80177,8.888946954478701,3.31136662281369,0.0
21.15047,28.55147,28.98591,1042.50604,-0.53332,41.80999,8.824547781082968,3.2873762362795493,0.0
21.16088,28.56146,28.97064,1037.73523,-0.58904,41.8182,8.762761111190112,3.2643590760393337,0.0
21.17125,28.5714,28.95386,1033.01307,-0.65019,41.82641,8.703712649888738,3.24236197054605,0.0
21.18156,28.5813,28.93543,1028.33936,-0.71657,41.83462,8.647515649894745,3.2214271094162266,0.0
21.19182,28.59115,28.91523,1023.7138,-0.788,41.84283,8.594271459719156,3.2015922476368623,0.0
21.20204,28.60097,28.89315,1019.13596,-0.86425,41.85103,8.54407007680814,3.1828909116246282,0.0
21.21221,28.61074,28.86908,1014.60531,-0.94509,41.85924,8.4969906969711,3.1653526039022957,0.0
21.22233,28.62047,28.84292,1010.12125,-1.0303,41.86745,8.45310225241234,3.149003003529682,0.0
21.23241,28.63016,28.81456,1005.68304,-1.11963,41.87566,8.41246393170688,3.1338641598083274,0.0
21.24244,28.63981,28.78394,1001.28987,-1.21283,41.88387,8.37512567603678,3.1199546771425823,0.0
21.25243,28.64942,28.75096,996.94085,-1.30963,41.89209,8.341128646901291,3.1072898892739405,0.0
