0.04513,0.04513,51.89847,4768.02581,-0.4693,45.0001,7.356328600232443,2.7404259602410965,0.0
0.09022,0.09022,51.84187,4764.01679,-0.43781,45.00024,7.402659220777263,2.7576853354260353,0.0
0.13528,0.13528,51.78929,4759.97494,-0.40562,45.00041,7.444960518905523,2.7734436819929518,0.0
0.1803,0.1803,51.7408,4755.90239,-0.3728,45.00063,7.483085251675109,2.7876461480717136,0.0
0.22528,0.22528,51.69648,4751.80136,-0.33941,45.00089,7.516902066582303,2.8002438013985937,0.0
0.27022,0.27022,51.65637,4747.67415,-0.30555,45.00119,7.54629659512884,2.8111940366987724,0.0
0.31512,0.31513,51.62053,4743.52317,-0.27128,45.00153,7.571172410967732,2.820460932620866,0.0
0.35998,0.35999,51.589,4739.35085,-0.2367,45.00191,7.591451838344663,2.8280155529026207,0.0
0.4048,0.40482,51.56181,4735.15972,-0.20188,45.00232,7.607076598685393,2.8338361872417295,0.0
0.44959,0.44961,51.53896,4730.95234,-0.16691,45.00278,7.618008285684445,2.8379085282788714,0.0
0.49433,0.49436,51.52046,4726.73132,-0.13187,45.00327,7.624228661926787,2.840225782097093,0.0
0.53903,0.53907,51.50631,4722.49927,-0.09686,45.00381,7.625739772923847,2.8407887107032215,0.0
0.58369,0.58374,51.4965,4718.25884,-0.06195,45.00438,7.622563877403163,2.8396056060589263,0.0
0.62831,0.62837,51.491,4714.01268,-0.02723,45.00499,7.6147431956332055,2.8366921963250955,0.0
0.6729,0.67296,51.48977,4709.76342,0.00721,45.00564,7.602339480488561,2.8320714860723277,0.0
0.71744,0.71751,51.49276,4705.51369,0.04129,45.00633,7.585433418724322,2.8257735332398926,0.0
0.76194,0.76203,51.49992,4701.26607,0.07494,45.00706,7.564123872524266,2.817835166592467,0.0
0.80639,0.8065,51.51118,4697.02311,0.10806,45.00782,7.5385269737028215,2.808299648286537,0.0
0.85081,0.85094,51.52647,4692.78732,0.14059,45.00863,7.508775084984506,2.797216286919659,0.0
0.89519,0.89533,51.5457,4688.56114,0.17244,45.00947,7.475015644473302,2.7846400070648967,0.0
0.93952,0.93969,51.56877,4684.34694,0.20355,45.01035,7.437409910684409,2.7706308817621275,0.0
0.9838,0.98403,51.59503,4680.14806,0.22481,45.06007,7.396711072719706,2.7554694937694006,20.999999641778622
1.028,1.02836,51.62383,4675.9673,0.24526,45.10959,7.353662482483612,2.7394327612298772,20.999999641778622
1.07212,1.0727,51.65504,4671.80616,0.26485,45.1589,7.308421455980263,2.722579288494331,20.999999641778622
1.11616,1.11703,51.68858,4667.66603,0.28356,45.20799,7.261148957297174,2.7049690389205825,20.999999641778622
1.16013,1.16136,51.72431,4663.54823,0.30135,45.25685,7.212008502492495,2.686662926542658,20.999999641778622
1.20402,1.2057,51.76212,4659.45399,0.31818,45.30546,7.161165286095432,2.6677224906692163,20.999999641778622
1.24783,1.25003,51.80189,4655.38446,0.33403,45.35381,7.108785340450845,2.648209582717292,20.999999641778622
1.29157,1.29435,51.8435,4651.34071,0.34887,45.40189,7.055034734110515,2.6281860675919497,20.999999641778622
1.33523,1.33868,51.88681,4647.32373,0.36268,45.4497,7.0000788145455175,2.60771354157672,20.999999641778622
1.37882,1.38301,51.93171,4643.33438,0.37544,45.49722,6.944081499579279,2.586853068373765,20.999999641778622
1.42233,1.42733,51.97805,4639.3735,0.38713,45.54444,6.88720462104525,2.565664934599099,20.999999641778622
1.46577,1.47165,52.0257,4635.44178,0.39773,45.59136,6.829607323287721,2.5442084257083075,20.999999641778622
1.50913,1.51597,52.07454,4631.53987,0.40724,45.63798,6.7714455182870585,2.5225416230163695,20.999999641778622
1.55243,1.56029,52.12442,4627.66832,0.41564,45.68429,6.712871398386121,2.500721222175421,20.999999641778622
1.59565,1.60461,52.1752,4623.8276,0.42293,45.73029,6.654033006852056,2.4788023731977273,20.999999641778622
1.6388,1.64893,52.22676,4620.0181,0.4291,45.77598,6.595073865818048,2.4568385418541947,20.999999641778622
1.68187,1.69324,52.27896,4616.24012,0.43416,45.82135,6.536132660547186,2.434881392054353,20.999999641778622
1.72488,1.73756,52.33165,4612.49391,0.43809,45.8664,6.477342978402634,2.4129806886058733,20.999999641778622
1.76782,1.78187,52.38472,4608.77963,0.44091,45.91114,6.418833100446848,2.391184219579802,20.999999641778622
1.81069,1.82618,52.43801,4605.09737,0.44262,45.95557,6.360725843204014,2.3695377373628927,20.999999641778622
1.85349,1.87049,52.49139,4601.44714,0.44322,45.99969,6.303138447774502,2.3480849173498335,20.999999641778622
1.89622,1.91479,52.54475,4597.82891,0.44273,46.0435,6.246182513268061,2.326867333145356,20.999999641778622
1.93888,1.9591,52.59793,4594.24257,0.44116,46.087,6.189963971305381,2.3059244470653946,20.999999641778622
1.98148,2.00341,52.65083,4590.68795,0.43852,46.13021,6.134583098229208,2.285293614686051,20.999999641778622
2.02401,2.04771,52.7033,4587.16482,0.43482,46.17312,6.080134561592333,2.265010102161595,20.999999641778622
2.06648,2.09201,52.75522,4583.6729,0.43008,46.21574,6.026707497464808,2.2451071150234307,20.999999641778622
2.10888,2.13631,52.80648,4580.21186,0.42432,46.25808,5.974385615133355,2.2256158371833865,20.999999641778622
2.15121,2.18061,52.85694,4576.78132,0.41756,46.30015,5.923247325834929,2.2065654788903517,20.999999641778622
2.19348,2.22491,52.9065,4573.38084,0.40982,46.34195,5.873365892248307,2.187983332419828,20.999999641778622
2.23569,2.26921,52.95504,4570.00995,0.40112,46.38349,5.824809595597999,2.169894834324533,20.999999641778622
2.27783,2.3135,53.00245,4566.66812,0.39149,46.42478,5.777641917390432,2.1523236331359086,20.999999641778622
2.31992,2.3578,53.04861,4563.3548,0.38094,46.46583,5.731921732924815,2.135291661452013,20.999999641778622
2.36193,2.40209,53.09343,4560.06939,0.36951,46.50664,5.687703513933064,2.118819211426223,20.999999641778622
2.40389,2.44638,53.1368,4556.81127,0.35722,46.54724,5.645037537871624,2.102925012733943,20.999999641778622
2.44579,2.49068,53.17863,4553.57975,0.3441,46.58762,5.603970101568886,2.0876263121618925,20.999999641778622
2.48762,2.53497,53.21882,4550.37414,0.33017,46.6278,5.564543737133501,2.07293895403963,20.999999641778622
2.5294,2.57926,53.25727,4547.19372,0.31547,46.66778,5.526797428199111,2.0588774607964084,20.999999641778622
2.57111,2.62355,53.2939,4544.03773,0.30003,46.70759,5.490766824783149,2.045455113001731,20.999999641778622
2.61276,2.66784,53.32862,4540.90538,0.28386,46.74723,5.4564844551930705,2.0326840283059955,20.999999641778622
2.65436,2.71213,53.36136,4537.79586,0.26702,46.78671,5.423979933588881,2.020575238762999,20.999999641778622
2.6959,2.75642,53.39204,4534.70835,0.24952,46.82605,5.393280161976828,2.009138766077904,20.999999641778622
2.73737,2.80071,53.42058,4531.64199,0.2314,46.86525,5.364409525538657,1.9983836943725228,20.999999641778622
2.77879,2.845,53.44692,4528.5959,0.21269,46.90433,5.337390080356434,1.9883182401177555,20.999999641778622
2.82015,2.88929,53.471,4525.56918,0.19343,46.9433,5.312241732712947,1.9789498189277068,20.999999641778622
2.86146,2.93358,53.49274,4522.56093,0.17364,46.98217,5.2889824092551905,1.9702851089500604,20.999999641778622
2.9027,2.97787,53.5121,4519.57022,0.15337,47.02096,5.267628217428462,1.9623301106320021,20.999999641778622
2.94389,3.02216,53.52902,4516.59608,0.13264,47.05968,5.248193595659634,1.9550902026674397,20.999999641778622
2.98502,3.06645,53.54345,4513.63755,0.11149,47.09834,5.230691452878272,1.94857019397229,20.999999641778622
3.0261,3.11074,53.55535,4510.69367,0.08995,47.13695,5.215133297014159,1.94277437155319,20.999999641778622
3.06712,3.15503,53.56468,4507.76342,0.06806,47.17554,5.201529352172465,1.9377065441583279,20.999999641778622
3.10808,3.19932,53.5714,4504.8458,0.04585,47.2141,5.189888664274275,1.93337008163132,20.999999641778622
3.14899,3.24361,53.57549,4501.93978,0.02336,47.25266,5.180219194944573,1.929767949886956,20.999999641778622
3.18984,3.28791,53.5769,4499.04433,0.00062,47.29122,5.1725279035201215,1.9269027414612911,20.999999641778622
3.23063,3.3322,53.57563,4496.15841,-0.02233,47.3298,5.166820817035707,1.9247767015833637,20.999999641778622
3.27137,3.3765,53.57164,4493.28094,-0.04545,47.36842,5.163103088125992,1.92339174974516,20.999999641778622
3.31205,3.42079,53.56493,4490.41086,-0.06872,47.40709,5.161379040747077,1.9227494967340977,20.999999641778622
3.35268,3.46509,53.55548,4487.54708,-0.09209,47.44582,5.1616522036788375,1.922851257113528,20.999999641778622
3.39325,3.50939,53.54329,4484.6885,-0.11553,47.48462,5.163925331776923,1.9236980571396647,20.999999641778622
3.43376,3.55368,53.52835,4481.83403,-0.13901,47.52351,5.168200414936908,1.9252906381009662,20.999999641778622
3.47422,3.59799,53.51067,4478.98255,-0.16249,47.56251,5.174478674773924,1.9276294550812134,20.999999641778622
3.51463,3.64229,53.49025,4476.13293,-0.18592,47.60162,5.1827605490076225,1.9307146711424914,20.999999641778622
3.55497,3.68659,53.4671,4473.28404,-0.20928,47.64086,5.193045663575188,1.9345461469365615,20.999999641778622
3.59526,3.7309,53.44123,4470.43474,-0.23254,47.68024,5.20533279248162,1.939123425748026,20.999999641778622
3.6355,3.7752,53.41267,4467.58387,-0.25564,47.71979,5.2196198054508045,1.9444457139929816,20.999999641778622
3.67568,3.81951,53.38144,4464.73028,-0.27857,47.7595,5.235903603411634,1.9505118571859013,20.999999641778622
3.7158,3.86382,53.34756,4461.87281,-0.30128,47.7994,5.254180041922289,1.9573203114131592,20.999999641778622
3.75587,3.90813,53.31107,4459.01028,-0.32373,47.8395,5.274443842631085,1.9648691103498706,20.999999641778622
3.79588,3.95244,53.27199,4456.14151,-0.34589,47.87981,5.296688492922074,1.9731558278752388,20.999999641778622
3.83583,3.99676,53.23038,4453.26533,-0.36773,47.92035,5.32090613392565,1.9821775363535554,20.999999641778622
3.87573,4.04108,53.18626,4450.38054,-0.38921,47.96113,5.347087437125339,1.9919307606669858,20.999999641778622
3.91557,4.0854,53.1397,4447.48596,-0.41029,48.00217,5.375221469843678,2.002411428105519,20.999999641778622
3.95535,4.12972,53.09074,4444.5804,-0.43094,48.04347,5.40529554996351,2.013614814246828,20.999999641778622
3.99507,4.17404,53.03943,4441.66265,-0.45113,48.08506,5.437295090296645,2.0255354849794993,20.999999641778622
4.03474,4.21837,52.98584,4438.73154,-0.47081,48.12694,5.471203433108472,2.0381672348590993,20.999999641778622
4.07435,4.2627,52.93003,4435.78586,-0.48996,48.16913,5.507001675408508,2.051503022024306,20.999999641778622
4.11389,4.30703,52.87207,4432.82442,-0.50854,48.21165,5.544668485692002,2.0655348999283327,20.999999641778622
4.15338,4.35136,52.81203,4429.84604,-0.52651,48.2545,5.5841799129578105,2.0802539461930656,20.999999641778622
4.19281,4.3957,52.74997,4426.84955,-0.54385,48.29769,5.6255091889478175,2.0956501889380412,20.999999641778622
4.23218,4.44003,52.686,4423.83376,-0.56051,48.34125,5.668626524690704,2.111712530987648,20.999999641778622
4.27149,4.48437,52.62017,4420.79752,-0.57648,48.38519,5.71349890255217,2.1284286724043624,20.999999641778622
4.31074,4.52871,52.55259,4417.73966,-0.59171,48.42951,5.760089865205686,2.1457850318748037,20.999999641778622
4.34993,4.57306,52.48334,4414.65906,-0.60617,48.47424,5.808359303038211,2.1637666675127645,20.999999641778622
4.38905,4.61741,52.41251,4411.55459,-0.61984,48.51937,5.8582632417110725,2.1823571977200573,20.999999641778622
4.42811,4.66176,52.34019,4408.42515,-0.63268,48.56493,5.909753631776516,2.2015387228131345,20.999999641778622
4.46711,4.70611,52.2665,4405.26964,-0.64467,48.61092,5.962778142392867,2.221291748176567,20.999999641778622
4.50605,4.75046,52.19153,4402.08701,-0.65578,48.65736,6.017279961401476,2.241595109786437,20.999999641778622
4.54492,4.79482,52.11539,4398.87623,-0.66597,48.70426,6.073197604176019,2.2624259030016836,20.999999641778622
4.58373,4.83918,52.03818,4395.63629,-0.67524,48.75163,6.130464733828558,2.28375941558612,20.999999641778622
4.62248,4.88354,51.96002,4392.36621,-0.68354,48.79947,6.18900999553195,2.305569065989178,20.999999641778622
4.66115,4.9279,51.88102,4389.06506,-0.69086,48.8478,6.248756867841719,2.3278263479593884,20.999999641778622
4.69977,4.97227,51.8013,4385.73194,-0.69717,48.89662,6.309623534047553,2.350500782619435,20.999999641778622
4.73831,5.01664,51.72097,4382.36598,-0.70247,48.94595,6.371522776665684,2.373559879161782,20.999999641778622
4.77679,5.06101,51.64016,4378.96638,-0.70671,48.99579,6.4343618982945,2.3969691053653137,20.999999641778622
4.8152,5.10538,51.55898,4375.53237,-0.7099,49.04615,6.49804267205326,2.4206918691324506,20.999999641778622
4.85354,5.14975,51.47756,4372.06324,-0.71201,49.09704,6.56246132486624,2.444689512262051,20.999999641778622
4.89181,5.19413,51.39603,4368.55834,-0.71304,49.14846,6.627508556773675,2.4689213176432463,20.999999641778622
4.93001,5.23851,51.31451,4365.01706,-0.71296,49.20041,6.6930695994060585,2.4933445310386597,20.999999641778622
4.96814,5.28289,51.23313,4361.43888,-0.71178,49.2529,6.759024316559276,2.5179143985512833,20.999999641778622
5.00619,5.32727,51.15201,4357.82332,-0.70947,49.30594,6.825247349657653,2.5425842208132967,20.999999641778622
5.04418,5.37165,51.07129,4354.17,-0.70605,49.35952,6.891608310571057,2.567305424815506,20.999999641778622
5.08209,5.41604,50.99109,4350.47858,-0.70151,49.41365,6.957972023964931,2.5920276541891134,20.999999641778622
5.11993,5.46042,50.91154,4346.74883,-0.69584,49.46833,7.024198820955731,2.616698878600088,20.999999641778622
5.15769,5.50481,50.83277,4342.98056,-0.68905,49.52356,7.090144885352522,2.641265522733275,20.999999641778622
5.19538,5.5492,50.7549,4339.17371,-0.68115,49.57933,7.155662653282675,2.6656726151634804,20.999999641778622
5.233,5.59359,50.67806,4335.32826,-0.67214,49.63565,7.220601266373279,2.689863957177475,20.999999641778622
5.27053,5.63798,50.60237,4331.44431,-0.66203,49.6925,7.284807078037338,2.713782311378914,20.999999641778622
5.30799,5.68237,50.52795,4327.52203,-0.65085,49.7499,7.3481242117127845,2.7373696096470694,20.999999641778622
5.34537,5.72677,50.45494,4323.5617,-0.6386,49.80782,7.410395169149591,2.760567179739779,20.999999641778622
5.38267,5.77116,50.38343,4319.56367,-0.6253,49.86627,7.471461486090381,2.7833159895517228,20.999999641778622
5.4199,5.81555,50.31355,4315.52839,-0.61098,49.92523,7.53116443191168,2.8055569077492035,20.999999641778622
5.45704,5.85995,50.24541,4311.45643,-0.59567,49.98469,7.589345748957006,2.827230979191172,20.999999641778622
5.4941,5.90434,50.17912,4307.34843,-0.57939,50.04465,7.645848426551849,2.848279713270172,20.999999641778622
5.53108,5.94874,50.11478,4303.20512,-0.56217,50.1051,7.700517503931766,2.868645383024188,20.999999641778622
5.56798,5.99313,50.05249,4299.02734,-0.54405,50.16602,7.753200895566846,2.8882713325917146,20.999999641778622
5.6048,6.03752,49.99235,4294.81601,-0.52507,50.22739,7.803750231756504,2.9071022903554447,20.999999641778622
5.64153,6.08192,49.93444,4290.57217,-0.50526,50.28921,7.852021706774707,2.9250846848986733,20.999999641778622
5.67818,6.12631,49.87887,4286.2969,-0.48467,50.35145,7.897876926345454,2.9421669607122163,20.999999641778622
5.71474,6.1707,49.8257,4281.99142,-0.46335,50.41411,7.9411837459381465,2.958299890481496,20.999999641778622
5.75122,6.21509,49.77501,4277.657,-0.44133,50.47715,7.981817090993392,2.973436880642228,20.999999641778622
5.78761,6.25948,49.72687,4273.29499,-0.41868,50.54057,8.019659750236473,2.9875342669105653,20.999999641778622
5.82392,6.30386,49.68135,4268.90683,-0.39544,50.60435,8.054603133144088,3.000551596459391,20.999999641778622
5.86014,6.34825,49.6385,4264.49404,-0.37168,50.66846,8.086547982876493,3.012451893504293,20.999999641778622
5.89628,6.39263,49.59837,4260.05817,-0.34744,50.73288,8.11540503631734,3.023201905185782,20.999999641778622
5.93233,6.43701,49.56102,4255.60088,-0.32278,50.79759,8.141095623329129,3.0327723248077,20.999999641778622
5.96829,6.48139,49.52646,4251.12384,-0.29776,50.86256,8.163552197981799,3.041137989733859,20.999999641778622
6.00416,6.52576,49.49475,4246.6288,-0.27245,50.92779,8.182718795265478,3.048278051525555,20.999999641778622
6.03994,6.57014,49.46589,4242.11754,-0.24691,50.99323,8.198551407702968,3.0541761162396246,20.999999641778622
6.07564,6.61451,49.43991,4237.59189,-0.2212,51.05887,8.211018277240585,3.0588203531654665,20.999999641778622
6.11125,6.65887,49.41681,4233.05369,-0.19538,51.12469,8.220100098936735,3.0622035707043933,20.999999641778622
6.14677,6.70324,49.3966,4228.50483,-0.16952,51.19065,8.225790134061201,3.064323258502091,20.999999641778622
6.1822,6.7476,49.37928,4223.94718,-0.14367,51.25674,8.228094231436831,3.065181595398964,20.999999641778622
6.21754,6.79195,49.36482,4219.38266,-0.11792,51.32293,8.227030757077838,3.0647854232185447,20.999999641778622
6.25279,6.83631,49.35322,4214.81316,-0.09231,51.38919,8.22263043337968,3.0631461868614953,20.999999641778622
6.28795,6.88066,49.34444,4210.24059,-0.06692,51.45551,8.214936090273769,3.0602798416041925,20.999999641778622
6.32303,6.925,49.33845,4205.66684,-0.0418,51.52185,8.204002331923451,3.056206728934203,20.999999641778622
6.35801,6.96934,49.33522,4201.09376,-0.01702,51.5882,8.189895123538353,3.050951422627762,20.999999641778622
6.39291,7.01368,49.33469,4196.52321,0.00736,51.65453,8.172691303890497,3.044542547149198,20.999999641778622
6.42772,7.05801,49.33682,4191.95701,0.03129,51.72082,8.152478029900472,3.0370125707446665,20.999999641778622
6.46243,7.10233,49.34154,4187.39693,0.0547,51.78705,8.12935216042568,3.02839757588706,20.999999641778622
6.49706,7.14665,49.34879,4182.8447,0.07755,51.85319,8.103419586922143,3.0187370099299184,20.999999641778622
6.5316,7.19097,49.3585,4178.30201,0.09977,51.91922,8.074794519117786,3.0080734190019323,20.999999641778622
6.56606,7.23528,49.37059,4173.77051,0.12132,51.98513,8.043598734098602,2.9964521682717824,20.999999641778622
6.60042,7.27958,49.38498,4169.25176,0.14214,52.05089,8.009960797371813,2.9839211517736715,20.999999641778622
6.6347,7.32388,49.40159,4164.74728,0.1622,52.11649,7.974015264466215,2.9705304949824436,20.999999641778622
6.66889,7.36818,49.42032,4160.25853,0.18144,52.18192,7.935901871490017,2.9563322532750873,20.999999641778622
6.70299,7.41247,49.44108,4155.78688,0.19982,52.24714,7.8957647228198535,2.9413801093235112,20.999999641778622
6.73701,7.45675,49.46377,4151.33365,0.21731,52.31216,7.853751483725813,2.9257290723261304,20.999999641778622
6.77094,7.50103,49.48828,4146.90008,0.23387,52.37695,7.810012585254327,2.9094351818058213,20.999999641778622
6.80478,7.5453,49.51451,4142.48732,0.24947,52.4415,7.76470044815898,2.8925552185037238,20.999999641778622
6.83854,7.58957,49.54235,4138.09647,0.26407,52.5058,7.717968732019019,2.875146424656135,20.999999641778622
6.87221,7.63383,49.57169,4133.72853,0.27764,52.56984,7.669971615048685,2.857266235704533,20.999999641778622
6.9058,7.67808,49.60241,4129.38441,0.29018,52.63361,7.6208631093519115,2.8389720252099346,20.999999641778622
6.9393,7.72233,49.63439,4125.06498,0.30164,52.6971,7.570796415688999,2.8203208644865065,20.999999641778622
6.97272,7.76657,49.66752,4120.77099,0.31202,52.7603,7.519923321030734,2.8013692981746225,20.999999641778622
7.00606,7.81081,49.70167,4116.50314,0.32129,52.82321,7.46839364151802,2.78217313672867,20.999999641778622
7.03931,7.85504,49.73673,4112.26202,0.32945,52.88582,7.416354712677561,2.7627872665089748,20.999999641778622
7.07249,7.89926,49.77257,4108.04817,0.33649,52.94813,7.363950928092898,2.743265477924632,20.999999641778622
7.10558,7.94348,49.80907,4103.86203,0.34239,53.01013,7.311323327083152,2.723660311832982,20.999999641778622
7.13859,7.98769,49.8461,4099.70398,0.34716,53.07183,7.2586092313664725,2.7040229241871856,20.999999641778622
7.17151,8.03189,49.88355,4095.57432,0.35078,53.13321,7.2059419301121705,2.684402968709861,20.999999641778622
7.20436,8.07609,49.92128,4091.47327,0.35327,53.19428,7.1534504123438465,2.664848497206205,20.999999641778622
7.23713,8.12029,49.95919,4087.40099,0.35463,53.25505,7.101259145179741,2.64540587695269,20.999999641778622
7.26982,8.16447,49.99714,4083.35756,0.35485,53.3155,7.0494878960807,2.6261197244797514,20.999999641778622
7.30243,8.20865,50.03501,4079.34301,0.35395,53.37566,6.998251596914083,2.607032854932021,20.999999641778622
7.33497,8.25283,50.0727,4075.35728,0.35195,53.43551,6.947660247441212,2.5881862461148586,20.999999641778622
7.36742,8.297,50.11007,4071.40026,0.34884,53.49506,6.897818855597242,2.5696190162470347,20.999999641778622
7.3998,8.34116,50.14703,4067.47178,0.34465,53.55432,6.84882741181206,2.551368414394588,20.999999641778622
7.4321,8.38532,50.18344,4063.57162,0.3394,53.6133,6.800780894513562,2.533469822520944,20.999999641778622
7.46433,8.42947,50.2192,4059.69948,0.33309,53.672,6.753769303896858,2.515956768066828,20.999999641778622
7.49648,8.47362,50.25421,4055.85504,0.32576,53.73042,6.707877721052046,2.49886094597692,20.999999641778622
7.52856,8.51776,50.28835,4052.03788,0.31742,53.78858,6.663186389524591,2.4822122490832395,20.999999641778622
7.56056,8.56189,50.32152,4048.24759,0.30809,53.84649,6.619770816472338,2.466038805788798,20.999999641778622
7.59249,8.60602,50.35362,4044.48366,0.29781,53.90415,6.577701890640253,2.4503670240162903,20.999999641778622
7.62434,8.65014,50.38455,4040.74558,0.28659,53.96157,6.537046014474114,2.4352216404239213,20.999999641778622
7.65612,8.69426,50.41422,4037.03275,0.27447,54.01877,6.497865247810361,2.420625773933658,20.999999641778622
7.68783,8.73837,50.44254,4033.34457,0.26148,54.07575,6.460217460718121,2.4066009826689028,20.999999641778622
7.71946,8.78248,50.46941,4029.68039,0.24764,54.13252,6.424156493196787,2.3931673234460473,20.999999641778622
7.75103,8.82658,50.49476,4026.0395,0.23298,54.18911,6.389732319579183,2.3803434130189696,20.999999641778622
7.78252,8.87068,50.5185,4022.4212,0.21755,54.24551,6.356991215638536,2.3681464903307874,20.999999641778622
7.81394,8.91477,50.54055,4018.82471,0.20136,54.30174,6.325975926572018,2.35659247909214,20.999999641778622
7.84529,8.95886,50.56085,4015.24924,0.18447,54.35782,6.296725834136346,2.3456960500436015,20.999999641778622
7.87659,9.00293,50.57978,4011.69293,0.17582,54.36554,6.268860176285268,2.33531535930449,0.0
7.90785,9.04696,50.59776,4008.15419,0.16648,54.37329,6.2420063683946045,2.3253116092990087,0.0
7.93908,9.09097,50.6147,4004.6326,0.15646,54.38106,6.216212889160812,2.3157028596171374,0.0
7.97028,9.13494,50.63054,4001.12775,0.14579,54.38886,6.191525281298734,2.3065060761184566,0.0
8.00144,9.17889,50.64522,3997.63915,0.13449,54.39669,6.1679863865105595,2.297737218464265,0.0
8.03257,9.2228,50.65867,3994.16631,0.12258,54.40455,6.145636406455808,2.2894112628305026,0.0
8.06367,9.26668,50.67083,3990.7087,0.1101,54.41243,6.124512966938216,2.2815422258190563,0.0
8.09474,9.31054,50.68166,3987.26578,0.09706,54.42034,6.104651184278757,2.274143189183454,0.0
8.12577,9.35436,50.69108,3983.83696,0.0835,54.42828,6.086083732863992,2.2672263249924045,0.0
8.15677,9.39815,50.69906,3980.42164,0.06944,54.43625,6.068840912943247,2.2608029208860305,0.0
8.18773,9.44191,50.70554,3977.0192,0.05491,54.44424,6.05295071780241,2.2548834050998714,0.0
8.21867,9.48565,50.71048,3973.62898,0.03994,54.45227,6.038438899525284,2.2494773709627234,0.0
8.24957,9.52935,50.71383,3970.25033,0.02456,54.46032,6.02532903258295,2.2445936005853446,0.0
8.28044,9.57302,50.71557,3966.88255,0.0088,54.4684,6.013642574607326,2.2402400875002098,0.0
8.31128,9.61667,50.71565,3963.52492,-0.00731,54.4765,6.003398923704201,2.236424058012119,0.0
8.34208,9.66028,50.71404,3960.17673,-0.02374,54.48463,5.994615471785492,2.233151991065871,0.0
8.37285,9.70387,50.71072,3956.83723,-0.04045,54.4928,5.987307653410576,2.2304296364409413,0.0
8.4036,9.74743,50.70565,3953.50566,-0.05742,54.50098,5.9814889897183985,2.228262031117349,0.0
8.4343,9.79096,50.69882,3950.18125,-0.07461,54.5092,5.977171127070363,2.226653513671152,0.0
8.46498,9.83446,50.69021,3946.8632,-0.09199,54.51745,5.974363870087969,2.225607736581834,0.0
8.49563,9.87793,50.67981,3943.55071,-0.10953,54.52572,5.973075208819578,2.2251276763526397,0.0
8.52624,9.92137,50.66759,3940.24298,-0.12719,54.53402,5.973311339817004,2.225215641362161,0.0
8.55682,9.96479,50.65356,3936.93916,-0.14494,54.54234,5.975076680981875,2.225873277394997,0.0
8.58737,10.00818,50.63771,3933.63844,-0.16275,54.5507,5.9783738800448,2.2271015708004653,0.0
8.61789,10.05154,50.62004,3930.33995,-0.18058,54.55908,5.983203816639842,2.2289008492653988,0.0
8.64837,10.09487,50.60055,3927.04284,-0.19841,54.56749,5.9895655979526,2.2312707801929417,0.0
8.67883,10.13817,50.57925,3923.74626,-0.21618,54.57593,5.997456547990481,2.234210366705443,0.0
8.70925,10.18144,50.55614,3920.44933,-0.23388,54.58439,6.006872190552962,2.237717941300433,0.0
8.73964,10.22469,50.53124,3917.15119,-0.25148,54.59288,6.017806226052779,2.241791157215904,0.0
8.77,10.2679,50.50457,3913.85094,-0.26892,54.6014,6.030250502381404,2.2464269775769323,0.0
8.80032,10.31109,50.47614,3910.54772,-0.28619,54.60995,6.04419498004707,2.2516216624086827,0.0
8.83062,10.35425,50.44598,3907.24063,-0.30325,54.61852,6.059627691904631,2.257370753634711,0.0
8.86088,10.39739,50.41411,3903.9288,-0.32007,54.62712,6.076534697806411,2.263669058183223,0.0
8.89111,10.44049,50.38057,3900.61133,-0.33661,54.63574,6.09490003459843,2.2705106293593427,0.0
8.92131,10.48357,50.34538,3897.28734,-0.35284,54.6444,6.114705661919448,2.277888746653839,0.0
8.95148,10.52662,50.30858,3893.95596,-0.36874,54.65307,6.135931404322157,2.285795894181743,0.0
8.98161,10.56963,50.27021,3890.6163,-0.38426,54.66178,6.158554890310554,2.2942237379721626,0.0
9.01171,10.61263,50.23031,3887.26749,-0.39938,54.67051,6.182551488924156,2.3031631023442385,0.0
9.04178,10.65559,50.18894,3883.90868,-0.41407,54.67927,6.207894244583382,2.3126039456353324,0.0
9.07182,10.69852,50.14613,3880.53899,-0.4283,54.68805,6.234553810973536,2.322535335571073,0.0
9.10183,10.74142,50.10193,3877.15758,-0.44203,54.69686,6.262498384767611,2.3329454245753536,0.0
9.1318,10.7843,50.05641,3873.76362,-0.45525,54.7057,6.291693640119955,2.3438214253675023,0.0
9.16174,10.82715,50.00961,3870.35629,-0.46792,54.71456,6.322102664844206,2.3551495871868804,0.0
9.19165,10.86996,49.96161,3866.93476,-0.48001,54.72345,6.353685899318253,2.366915173033375,0.0
9.22152,10.91275,49.91245,3863.49826,-0.4915,54.73236,6.386401079164208,2.3791024383141814,0.0
9.25136,10.95551,49.8622,3860.046,-0.50237,54.74129,6.420203182823373,2.3916946113140938,0.0
9.28117,10.99824,49.81094,3856.57723,-0.51258,54.75026,6.4550443851958414,2.4046738759250457,0.0
9.31094,11.04094,49.75872,3853.09122,-0.52212,54.75924,6.490874018536863,2.418021357078967,0.0
9.34068,11.0836,49.70563,3849.58725,-0.53096,54.76825,6.527638541867094,2.4317171093523045,0.0
9.37039,11.12624,49.65173,3846.06463,-0.53909,54.77729,6.565281520125813,2.445740109200045,0.0
9.40007,11.16885,49.59709,3842.52272,-0.54648,54.78635,6.603743614367633,2.460068251303728,0.0
9.42971,11.21143,49.5418,3838.96088,-0.55312,54.79543,6.642962584265117,2.474678349503744,0.0
9.45931,11.25397,49.48594,3835.37852,-0.55898,54.80454,6.682873304173668,2.48954614278392,0.0
9.48889,11.29649,49.42958,3831.77506,-0.56406,54.81367,6.723407794009083,2.504646306774228,0.0
9.51842,11.33897,49.3728,3828.14998,-0.56833,54.82283,6.764495266114753,2.519952471210045,0.0
9.54793,11.38142,49.31569,3824.50278,-0.57179,54.832,6.806062189268903,2.5354372437765367,0.0
9.57739,11.42384,49.25833,3820.83302,-0.57443,54.8412,6.848032370884437,2.551072240730263,0.0
9.60683,11.46623,49.2008,3817.14027,-0.57623,54.85043,6.890327058353471,2.5668281246526807,0.0
9.63623,11.50859,49.14319,3813.42417,-0.57718,54.85967,6.9328650603961455,2.5826746496557713,0.0
9.66559,11.55091,49.08558,3809.68439,-0.5773,54.86894,6.975562889115708,2.598580714301296,0.0
9.69492,11.5932,49.02807,3805.92065,-0.57656,54.87823,7.018334923309305,2.614514422438362,0.0
9.72421,11.63546,48.97072,3802.13271,-0.57496,54.88754,7.061093593432188,2.6304431521074565,0.0
9.75347,11.67769,48.91363,3798.3204,-0.57252,54.89688,7.103749588369322,2.6463336325683127,0.0
9.78269,11.71988,48.85689,3794.48357,-0.56922,54.90623,7.146212084021089,2.6621520294540986,0.0
9.81187,11.76203,48.80057,3790.62216,-0.56508,54.91561,7.188388993410088,2.6778640379427747,0.0
9.84102,11.80416,48.74476,3786.73612,-0.5601,54.92501,7.230187237845767,2.693434983773065,0.0
9.87013,11.84625,48.68955,3782.8255,-0.55429,54.93443,7.271513038365331,2.708829931813856,0.0
9.89921,11.8883,48.635,3778.89036,-0.54766,54.94387,7.312272226454666,2.7240138018159152,0.0
9.92825,11.93032,48.58121,3774.93085,-0.54022,54.95333,7.352370572752072,2.7389514908626884,0.0
9.95725,11.9723,48.52825,3770.94715,-0.53199,54.96281,7.3917141321904465,2.7536080019448335,0.0
9.98621,12.01425,48.4762,3766.93952,-0.52298,54.97231,7.4302096037518846,2.767948577978285,0.0
10.01514,12.05617,48.42513,3762.90827,-0.51321,54.98182,7.467764702762285,2.781938840493784,0.0
10.04403,12.09804,48.37511,3758.85375,-0.50271,54.99136,7.504288543386017,2.795544932126208,0.0
10.07288,12.13988,48.32621,3754.77638,-0.4915,55.00092,7.53969202877956,2.808733661957066,0.0
10.10169,12.18169,48.2785,3750.67664,-0.47961,55.0105,7.573888246124702,2.8214726526747613,0.0
10.13047,12.22345,48.23205,3746.55505,-0.46705,55.0201,7.60679286358975,2.833730488453083,0.0
10.1592,12.26518,48.1869,3742.4122,-0.45387,55.02971,7.6383245261091846,2.845476862389545,0.0
10.1879,12.30688,48.14313,3738.24871,-0.44009,55.03934,7.66840524678145,2.856682722311358,0.0
10.21656,12.34853,48.10078,3734.06528,-0.42575,55.04899,7.696960790540678,2.867320413703246,0.0
10.24518,12.39015,48.05991,3729.86264,-0.41087,55.05866,7.723921046796753,2.8773638185256685,0.0
10.27376,12.43173,48.02055,3725.64157,-0.39551,55.06835,7.749220387679668,2.8867884886702755,0.0
10.3023,12.47327,47.98277,3721.40289,-0.37969,55.07806,7.772798008607758,2.895571772830532,0.0
10.33081,12.51477,47.94658,3717.14746,-0.36345,55.08778,7.794598247981482,2.9036929355960632,0.0
10.35927,12.55624,47.91204,3712.87621,-0.34684,55.09752,7.814570882956539,2.911133267635926,0.0
10.38771,12.59765,47.87878,3708.59099,-0.33782,55.0543,7.8330990140016015,2.918035483954679,-16.999999710011267
10.41615,12.639,47.84645,3704.29339,-0.32852,55.0109,7.850572958956822,2.924544988217662,-16.999999710011267
10.44459,12.68028,47.81507,3699.98395,-0.31897,54.96734,7.8669619741682695,2.9306503276048685,-16.999999710011267
10.47303,12.72149,47.78466,3695.6632,-0.3092,54.92363,7.882237805859581,2.9363409768412034,-16.999999710011267
10.50146,12.76264,47.75525,3691.33174,-0.29922,54.87976,7.896375316924899,2.9416075716933383,-16.999999710011267
10.5299,12.80372,47.72684,3686.99015,-0.28906,54.83575,7.909352593818027,2.946441948788734,-16.999999710011267
10.55833,12.84474,47.69945,3682.63905,-0.27875,54.79161,7.921151039796766,2.950837180351611,-16.999999710011267
10.58675,12.88569,47.67309,3678.27906,-0.26832,54.74734,7.931755453825709,2.954787603596318,-16.999999710011267
10.61518,12.92657,47.64777,3673.91083,-0.25779,54.70295,7.941154094514213,2.9582888445459052,-16.999999710011267
10.6436,12.96738,47.6235,3669.535,-0.24718,54.65845,7.949338728618815,2.961337836100553,-16.999999710011267
10.67202,13.00813,47.60028,3665.15226,-0.23654,54.61384,7.956304663741036,2.9639328302183645,-16.999999710011267
10.70044,13.04881,47.57811,3660.76326,-0.22587,54.56914,7.962050764975206,2.966073404117115,-16.999999710011267
10.72885,13.08942,47.55699,3656.36869,-0.21521,54.52434,7.966579455441331,2.9677604604727645,-16.999999710011267
10.75726,13.12997,47.53691,3651.96923,-0.20459,54.47947,7.969896700689748,2.9689962216097756,-16.999999710011267
10.78567,13.17044,47.51786,3647.56557,-0.19403,54.43452,7.9720119771801174,2.9697842177587117,-16.999999710011267
10.81408,13.21085,47.49984,3643.1584,-0.18357,54.38951,7.972938225111878,2.9701292694843433,-16.999999710011267
10.84248,13.2512,47.48284,3638.74841,-0.17322,54.34445,7.9726917860201425,2.970037464438468,-16.999999710011267
10.87088,13.29147,47.46684,3634.33627,-0.16302,54.29933,7.971292325682598,2.969516128640716,-16.999999710011267
10.89928,13.33168,47.45181,3629.92267,-0.15298,54.25417,7.968762742999093,2.9685737925337836,-16.999999710011267
10.92767,13.37182,47.43775,3625.50828,-0.14315,54.20898,7.965129065560102,2.967220152079952,-16.999999710011267
10.95606,13.41189,47.42463,3621.09375,-0.13353,54.16376,7.9604203327954774,2.9654660252309144,-16.999999710011267
10.98444,13.45189,47.41243,3616.67975,-0.12416,54.11852,7.954668467601166,2.963323304105351,-16.999999710011267
11.01283,13.49183,47.40111,3612.2669,-0.11505,54.07327,7.947908137458217,2.9608049032521118,-16.999999710011267
11.04121,13.5317,47.39066,3607.85583,-0.10624,54.02801,7.940176606097228,2.95792470439131,-16.999999710011267
11.06958,13.5715,47.38103,3603.44715,-0.09775,53.98275,7.9315135768152105,2.95469749804574,-16.999999710011267
11.09795,13.61123,47.3722,3599.04145,-0.08958,53.9375,7.921961028589686,2.9511389224890614,-16.999999710011267
11.12632,13.6509,47.36414,3594.63931,-0.08178,53.89227,7.911563046136101,2.947265400437717,-16.999999710011267
11.15468,13.6905,47.3568,3590.24127,-0.07434,53.84705,7.900365645086471,2.943094073925377,-16.999999710011267
11.18304,13.73003,47.35015,3585.84787,-0.06731,53.80186,7.8884165934480714,2.9386427377916022,-16.999999710011267
11.2114,13.76949,47.34415,3581.45961,-0.06068,53.7567,7.875765230487552,2.9339297722114157,-16.999999710011267
11.23975,13.80889,47.33876,3577.07698,-0.05448,53.71157,7.862462284163229,2.9289740746840214,-16.999999710011267
11.26809,13.84822,47.33393,3572.70044,-0.04872,53.66648,7.848559688184386,2.9237949918825867,-16.999999710011267
11.29643,13.88748,47.32963,3568.33042,-0.04341,53.62144,7.8341103997389885,2.918412251753016,-16.999999710011267
11.32477,13.92668,47.32581,3563.96733,-0.03858,53.57644,7.819168218869184,2.9128458962265737,-16.999999710011267
11.35311,13.96581,47.32241,3559.61155,-0.03422,53.5315,7.803787610400382,2.9071162148837804,-16.999999710011267
11.38143,14.00487,47.31941,3555.26344,-0.03036,53.4866,7.788023529303164,2.90124367989713,-16.999999710011267
11.40976,14.04387,47.31675,3550.92331,-0.02699,53.44177,7.771931250242632,2.8952488825337377,-16.999999710011267
11.43808,14.0828,47.31438,3546.59146,-0.02413,53.39699,7.755566202029959,2.8891524714841834,-16.999999710011267
11.46639,14.12166,47.31225,3542.26817,-0.02178,53.35228,7.738983807594174,2.882975093247797,-16.999999710011267
11.4947,14.16046,47.31032,3537.95366,-0.01996,53.30763,7.722239330019547,2.8767373347775274,-16.999999710011267
11.52301,14.19919,47.30854,3533.64814,-0.01865,53.26304,7.705387725109633,2.8704596685561743,-16.999999710011267
11.55131,14.23786,47.30685,3529.35179,-0.01787,53.21852,7.688483500849452,2.8641624002423485,-16.999999710011267
11.5796,14.27646,47.30522,3525.06475,-0.01762,53.17406,7.671580584091948,2.857865619007672,-16.999999710011267
11.60789,14.31499,47.30358,3520.78716,-0.0179,53.12967,7.654732194662565,2.851589150637421,-16.999999710011267
11.63617,14.35346,47.3019,3516.51908,-0.0187,53.08534,7.637990727049853,2.845352513457162,-16.999999710011267
11.66445,14.39187,47.30013,3512.26059,-0.02002,53.04108,7.62140763975796,2.839174877113645,-16.999999710011267
11.69273,14.43021,47.2982,3508.01171,-0.02187,52.99688,7.60503335233455,2.8330750242149936,-16.999999710011267
11.721,14.46849,47.29609,3503.77245,-0.02423,52.95274,7.588917150015442,2.8270713148083217,-16.999999710011267
11.74926,14.5067,47.29374,3499.54276,-0.0271,52.90867,7.573107095889863,2.8211816536589835,-16.999999710011267
11.77752,14.54484,47.29111,3495.32261,-0.03047,52.86465,7.55764995042964,2.8154234602730766,-16.999999710011267
11.80577,14.58293,47.28815,3491.1119,-0.03434,52.82069,7.542591098149953,2.8098136415766435,-16.999999710011267
11.83402,14.62095,47.28482,3486.91053,-0.03869,52.77678,7.527974481196007,2.8043685671749614,-16.999999710011267
11.86226,14.6589,47.28107,3482.71836,-0.04352,52.73292,7.513842539536424,2.7991040470730018,-16.999999710011267
11.8905,14.69679,47.27687,3478.53521,-0.04881,52.68911,7.50023615746545,2.794035311746106,-16.999999710011267
11.91873,14.73462,47.27217,3474.36092,-0.05456,52.64534,7.4871946160694,2.7891769944324714,-16.999999710011267
11.94695,14.77238,47.26693,3470.19526,-0.06074,52.60161,7.474755551307996,2.7845431155173563,-16.999999710011267
11.97517,14.81008,47.26112,3466.03799,-0.06735,52.55792,7.462954917314876,2.7801470688615524,-16.999999710011267
12.00339,14.84772,47.2547,3461.88885,-0.07437,52.51425,7.451826954556774,2.7760016099398377,-16.999999710011267
12.03159,14.8853,47.24763,3457.74757,-0.08179,52.47062,7.441404162455237,2.77211884564185,-16.999999710011267
12.0598,14.92281,47.23988,3453.61383,-0.08958,52.427,7.4317172760614065,2.7685102255828276,-16.999999710011267
12.08799,14.96026,47.23142,3449.48731,-0.09773,52.38339,7.422795246420146,2.76518653478873,-16.999999710011267
12.11618,14.99764,47.22222,3445.36767,-0.10622,52.3398,7.414665224224798,2.7621578876072044,-16.999999710011267
12.14437,15.03497,47.21225,3441.25454,-0.11504,52.29621,7.4073525464016505,2.759433722709949,-16.999999710011267
12.17255,15.07223,47.20148,3437.14753,-0.12416,52.25262,7.400880725253976,2.7570227990485767,-16.999999710011267
12.20072,15.10943,47.18989,3433.04624,-0.13357,52.20902,7.395271439834803,2.7549331926407534,-16.999999710011267
12.22889,15.14657,47.17746,3428.95026,-0.14324,52.1654,7.390544529214073,2.7531722940620273,-16.999999710011267
12.25705,15.18364,47.16417,3424.85915,-0.15316,52.12177,7.386717987340895,2.751746806531892,-16.999999710011267
12.2852,15.22065,47.14999,3420.77247,-0.16329,52.0781,7.383807959216568,2.750662744488133,-16.999999710011267
12.31335,15.2576,47.13492,3416.68974,-0.17363,52.0344,7.381828738141483,2.749925432561223,-16.999999710011267
12.34149,15.29449,47.11893,3412.6105,-0.18414,51.99066,7.380792763767572,2.7495395048488143,-16.999999710011267
12.36963,15.33132,47.10201,3408.53426,-0.19481,51.94687,7.380710620808275,2.7495089044351655,-16.999999710011267
12.39776,15.36808,47.08416,3404.46051,-0.2056,51.90302,7.381591038177487,2.7498368830703717,-16.999999710011267
12.42589,15.40478,47.06536,3400.38875,-0.21651,51.85911,7.383440888458358,2.750526000972486,-16.999999710011267
12.45401,15.44142,47.04561,3396.31846,-0.2275,51.81513,7.386265187571842,2.7515781267040413,-16.999999710011267
12.48212,15.478,47.0249,3392.24911,-0.23856,51.77107,7.390067094554779,2.7529944370893786,-16.999999710011267
12.51022,15.51452,47.00323,3388.18017,-0.24965,51.72693,7.394847911419987,2.7547754171625307,-16.999999710011267
12.53832,15.55097,46.98061,3384.1111,-0.26076,51.68269,7.40060708306065,2.756920860131604,-16.999999710011267
12.56642,15.58736,46.95703,3380.04135,-0.27185,51.63835,7.407342197226867,2.759429867370038,-16.999999710011267
12.59451,15.62369,46.9325,3375.97037,-0.28292,51.5939,7.415048984597041,2.762300848443208,-16.999999710011267
12.62259,15.65996,46.90702,3371.89761,-0.29392,51.54933,7.423721319061844,2.7655315212142,-16.999999710011267
12.65066,15.69617,46.88061,3367.82252,-0.30485,51.50464,7.433351218272837,2.7691189120481923,-16.999999710011267
12.67873,15.73231,46.85327,3363.74453,-0.31567,51.45982,7.443928844636117,2.773059356182614,-16.999999710011267
12.70679,15.7684,46.82502,3359.6631,-0.32637,51.41486,7.4554425068976675,2.7773484983177283,-16.999999710011267
12.73485,15.80441,46.79587,3355.57767,-0.33691,51.36976,7.467878662512728,2.7819812934992854,-16.999999710011267
12.7629,15.84037,46.76583,3351.48769,-0.34728,51.3245,7.481221921026147,2.7869520083777948,-16.999999710011267
12.79094,15.87627,46.73493,3347.39261,-0.35746,51.27908,7.495455048708431,2.792254222935574,-16.999999710011267
12.81898,15.9121,46.70319,3343.29188,-0.36742,51.23349,7.510558974703339,2.797880832776888,-16.999999710011267
12.84701,15.94787,46.67062,3339.18496,-0.37714,51.18772,7.526512798998977,2.803824052097393,-16.999999710011267
12.87503,15.98357,46.63726,3335.07133,-0.3866,51.14178,7.5432938025135945,2.8100754174413654,-16.999999710011267
12.90305,16.01922,46.60312,3330.95046,-0.39578,51.09564,7.560877459633367,2.8166257923723426,-16.999999710011267
12.93106,16.0548,46.56824,3326.82184,-0.40465,51.04931,7.57923745353628,2.823465373181692,-16.999999710011267
12.95906,16.09031,46.53265,3322.68496,-0.41321,51.00277,7.598345694649178,2.8305836957643282,-16.999999710011267
12.98706,16.12577,46.49636,3318.53932,-0.42143,50.95603,7.618172342627389,2.8379696438067166,-16.999999710011267
13.01505,16.16116,46.45943,3314.38445,-0.4293,50.90907,7.638685832178281,2.8456114584068173,-16.999999710011267
13.04304,16.19648,46.42188,3310.21988,-0.43678,50.86189,7.659852903120483,2.8534967492719434,-16.999999710011267
13.07101,16.23175,46.38374,3306.04516,-0.44388,50.81448,7.6816386350471095,2.861612507631717,-16.999999710011267
13.09898,16.26694,46.34505,3301.85985,-0.45058,50.76684,7.704006486926889,2.869945120990538,-16.999999710011267
13.12695,16.30208,46.30585,3297.66353,-0.45685,50.71896,7.726918342001377,2.878480389852974,-16.999999710011267
13.1549,16.33715,46.26618,3293.45579,-0.46268,50.67084,7.750334558301646,2.887203546542556,-16.999999710011267
13.18285,16.37215,46.22608,3289.23627,-0.46807,50.62247,7.774214025091299,2.896099276228287,-16.999999710011267
13.2108,16.40709,46.18558,3285.00459,-0.473,50.57385,7.798514225516714,2.905151740263507,-16.999999710011267
13.23873,16.44196,46.14474,3280.76042,-0.47746,50.52497,7.823191305710315,2.914344601928681,-16.999999710011267
13.26666,16.47677,46.10358,3276.50344,-0.48144,50.47583,7.8482001505610866,2.923661054657903,-16.999999710011267
13.29458,16.51151,46.06216,3272.23334,-0.48493,50.42643,7.87349446633464,2.9330838528170555,-16.999999710011267
13.3225,16.54619,46.02051,3267.94987,-0.48792,50.37677,7.899026870257506,2.9425953450763016,-16.999999710011267
13.35041,16.5808,45.97869,3263.65276,-0.49041,50.32683,7.924748987150426,2.9521775104085415,-16.999999710011267
13.37831,16.61534,45.93673,3259.34182,-0.49239,50.27662,7.950611553127378,2.961811996720021,-16.999999710011267
13.4062,16.64982,45.89467,3255.01683,-0.49386,50.22614,7.976564526334974,2.9714801621036737,-16.999999710011267
13.43409,16.68423,45.85257,3250.67763,-0.49481,50.17538,8.002557204628667,2.981163118676601,-16.999999710011267
13.46197,16.71857,45.81047,3246.32409,-0.49525,50.12435,8.02853835001094,2.9908417789365744,-16.999999710011267
13.48984,16.75285,45.76841,3241.95609,-0.49517,50.07304,8.054456319624837,3.0004969045605736,-16.999999710011267
13.5177,16.78706,45.72643,3237.57356,-0.49458,50.02145,8.080259202976647,3.010109157523844,-16.999999710011267
13.54556,16.8212,45.68458,3233.17644,-0.49347,49.96958,8.10589496502892,3.019659153405811,-16.999999710011267
13.5734,16.85527,45.64291,3228.76471,-0.49185,49.91743,8.131311594713273,3.0291275167150062,-16.999999710011267
13.60124,16.88927,45.60145,3224.33838,-0.48974,49.86501,8.156457258351367,3.038494938042426,-16.999999710011267
13.62908,16.92321,45.56024,3219.89748,-0.48712,49.8123,8.181280457393363,3.047742232823245,-16.999999710011267
13.6569,16.95707,45.51934,3215.4421,-0.48401,49.75933,8.205730189810518,3.0568504014598132,-16.999999710011267
13.68472,16.99087,45.47877,3210.97232,-0.48043,49.70608,8.229756114449923,3.065800690548115,-16.999999710011267
13.71253,17.0246,45.43858,3206.48828,-0.47637,49.65256,8.253308717528109,3.074574654901022,-16.999999710011267
13.74033,17.05825,45.3988,3201.99013,-0.47186,49.59877,8.276339480468115,3.0831542200720174,-16.999999710011267
13.76812,17.09184,45.35948,3197.47808,-0.4669,49.54471,8.29880104817333,3.0915217450416246,-16.999999710011267
13.79591,17.12536,45.32065,3192.95233,-0.46151,49.4904,8.32064739678763,3.0996600847124784,-16.999999710011267
13.82368,17.1588,45.28234,3188.41314,-0.4557,49.43582,8.341834000035963,3.107552651875564,-16.999999710011267
13.85145,17.19218,45.24458,3183.86079,-0.4495,49.38099,8.362317993075958,3.1151834782492567,-16.999999710011267
13.87921,17.22548,45.20741,3179.29557,-0.44291,49.32592,8.382058332917055,3.1225372742396655,-16.999999710011267
13.90696,17.25871,45.17086,3174.71782,-0.43596,49.27059,8.4010159543482,3.1295994870278063,-16.999999710011267
13.9347,17.29188,45.13495,3170.12791,-0.42867,49.21503,8.419153920380058,3.136356356613282,-16.999999710011267
13.96243,17.32497,45.09972,3165.52621,-0.42106,49.15924,8.436437566182814,3.1427949694348998,-16.999999710011267
13.99016,17.35798,45.06517,3160.91313,-0.41314,49.10321,8.452834635557606,3.1489033092098695,-16.999999710011267
14.01787,17.39093,45.03135,3156.2891,-0.40495,49.04697,8.468315408977695,3.154670304632517,-16.999999710011267
14.04558,17.42381,44.99825,3151.65458,-0.39651,48.9905,8.482852822315383,3.160085873603171,-16.999999710011267
14.07328,17.45661,44.96592,3147.01003,-0.38783,48.93383,8.496422575400324,3.1651409636690033,-16.999999710011267
14.10096,17.48934,44.93435,3142.35595,-0.37896,48.87696,8.509003229623845,3.1698275883842,-16.999999710011267
14.12864,17.52199,44.90357,3137.69285,-0.3699,48.81989,8.520576293896932,3.1741388593315714,-16.999999710011267
14.15631,17.55458,44.87359,3133.02125,-0.36069,48.76264,8.531126298318998,3.1780690135661147,-16.999999710011267
14.18397,17.58709,44.84441,3128.3417,-0.35135,48.7052,8.540640855035807,3.1816134362861797,-16.999999710011267
14.21162,17.61952,44.81604,3123.65474,-0.34191,48.64759,8.549110705830438,3.184768678562366,-16.999999710011267
14.23926,17.65189,44.78849,3118.96094,-0.3324,48.58982,8.556529756132022,3.1875324700066683,-16.999999710011267
14.26689,17.68418,44.76176,3114.26087,-0.32285,48.53189,8.562895095175195,3.1899037262824,-16.999999710011267
14.29451,17.7164,44.73584,3109.55512,-0.31327,48.47381,8.568207002214908,3.1918825514193783,-16.999999710011267
14.32212,17.74854,44.71075,3104.84426,-0.30371,48.41558,8.572468938749452,3.193470234916796,-16.999999710011267
14.34972,17.78061,44.68647,3100.1289,-0.29419,48.35723,8.575687526862865,3.1946692436751913,-16.999999710011267
14.37731,17.81261,44.66299,3095.40962,-0.28473,48.29874,8.577872513867073,3.1954832088247276,-16.999999710011267
14.40489,17.84453,44.64032,3090.68702,-0.27537,48.24014,8.57903672355709,3.1959169075664593,-16.999999710011267
14.43246,17.87638,44.61843,3085.96169,-0.26612,48.18142,8.579195994470014,3.195976240172194,-16.999999710011267
14.46002,17.90816,44.59731,3081.23423,-0.25702,48.12261,8.578369105643601,3.195668202327601,-16.999999710011267
14.48757,17.93986,44.57696,3076.50521,-0.2481,48.06369,8.576577690465054,3.1950008530386214,-16.999999710011267
14.5151,17.97149,44.55734,3071.77522,-0.23937,48.00469,8.573846139257563,3.1939832783423934,-16.999999710011267
14.54263,18.00304,44.53845,3067.04483,-0.23087,47.94561,8.570201491370907,3.1926255511081565,-16.999999710011267
14.57014,18.03452,44.52026,3062.3146,-0.22261,47.88646,8.565673317539082,3.1909386872123773,-16.999999710011267
14.59765,18.06593,44.50275,3057.58508,-0.21463,47.82723,8.56029359339022,3.188934598417865,-16.999999710011267
14.62514,18.09726,44.48589,3052.85681,-0.20694,47.76795,8.554096564990628,3.186626042285386,-16.999999710011267
14.65263,18.12852,44.46966,3048.13031,-0.19957,47.70861,8.547118607359868,3.184026569466814,-16.999999710011267
14.6801,18.1597,44.45403,3043.40609,-0.19254,47.64923,8.53939807692113,3.1811504687390015,-16.999999710011267
14.70756,18.19081,44.43897,3038.68466,-0.18587,47.5898,8.530975158840214,3.178012710133548,-16.999999710011267
14.73501,18.22185,44.42445,3033.96647,-0.17957,47.53034,8.521891710238927,3.1746288865296517,-16.999999710011267
14.76244,18.25281,44.41043,3029.25198,-0.17367,47.47084,8.512191100255416,3.1710151540723834,-16.999999710011267
14.78987,18.2837,44.39689,3024.54163,-0.16819,47.41132,8.501918047885944,3.16718817176448,-16.999999710011267
14.81728,18.31452,44.38378,3019.83584,-0.16313,47.35177,8.491118458563085,3.1631650405874185,-16.999999710011267
14.84468,18.34526,44.37108,3015.13499,-0.15852,47.29221,8.479839260320182,3.1589632424683702,-16.999999710011267
14.87207,18.37593,44.35875,3010.43946,-0.15436,47.23264,8.468128240468689,3.1546005794382115,-16.999999710011267
14.89945,18.40652,44.34674,3005.74959,-0.15068,47.17305,8.456033883530447,3.1500951132570343,-16.999999710011267
14.92682,18.43705,44.33502,3001.06569,-0.14747,47.11346,8.443605211239655,3.1454651058106653,-16.999999710011267
14.95417,18.4675,44.32355,2996.38807,-0.14476,47.05386,8.430891625280738,3.140728960526389,-16.999999710011267
14.98152,18.49787,44.3123,2991.717,-0.14254,46.99427,8.417942753439638,3.135905165060256,-16.999999710011267
15.00885,18.52818,44.30121,2987.05272,-0.14082,46.93467,8.404808299736407,3.131012235467527,-16.999999710011267
15.03617,18.55841,44.29026,2982.39545,-0.13962,46.87507,8.39153789905678,3.12606866204911,-16.999999710011267
15.06347,18.58857,44.27939,2977.74538,-0.13893,46.81548,8.378180976753558,3.121092857049383,-16.999999710011267
15.09077,18.61865,44.26858,2973.10268,-0.13876,46.75589,8.364786613594912,3.1161031043458816,-16.999999710011267
15.11805,18.64867,44.25778,2968.46748,-0.13911,46.6963,8.35140341638686,3.111117511252771,-16.999999710011267
15.14532,18.67861,44.24695,2963.83991,-0.13997,46.63671,8.33807939453639,3.106153962537357,-16.999999710011267
15.17257,18.70848,44.23604,2959.22003,-0.14136,46.57713,8.324861842749753,3.101230076722117,-16.999999710011267
15.19982,18.73828,44.22503,2954.60792,-0.14326,46.51756,8.311797230013747,3.096363164727305,-16.999999710011267
15.22705,18.768,44.21387,2950.00361,-0.14567,46.45798,8.298931094931989,3.0915701908809616,-16.999999710011267
15.25425,18.79767,44.20293,2945.40584,-0.13803,46.46909,8.285825871220458,3.0866881502292283,0.0
15.2814,18.82731,44.19257,2940.81371,-0.1309,46.48022,8.272050854969526,3.0815565942332652,0.0
15.30851,18.8569,44.18275,2936.22772,-0.12431,46.49135,8.25766125952933,3.0761960913187494,0.0
15.33557,18.88646,44.17344,2931.64832,-0.11828,46.50249,8.242713709222482,3.070627735535729,0.0
15.36258,18.91599,44.16458,2927.07596,-0.11282,46.51364,8.227265760062659,3.064872968013691,0.0
15.38954,18.94547,44.15613,2922.51105,-0.10795,46.5248,8.2113756943243,3.05895350043336,0.0
15.41645,18.97492,44.14805,2917.95397,-0.10368,46.53596,8.19510231898362,3.052891239940682,0.0
15.44332,19.00434,44.14028,2913.40508,-0.10003,46.54714,8.178504768971125,3.046708215853204,0.0
15.47014,19.03372,44.13277,2908.86468,-0.09699,46.55832,8.161642316079629,3.0404265084732836,0.0
15.49691,19.06306,44.12549,2904.33308,-0.0946,46.56952,8.144574184277106,3.034068180287268,0.0
15.52364,19.09236,44.11837,2899.81054,-0.09284,46.58072,8.127359372054178,3.027655209785258,0.0
15.55032,19.12163,44.11138,2895.29728,-0.09172,46.59193,8.110056482378853,3.021209428114772,0.0
15.57695,19.15086,44.10445,2890.79349,-0.09126,46.60315,8.092723560691105,3.0147524587294696,0.0
15.60353,19.18005,44.09755,2886.29935,-0.09144,46.61438,8.075417941282593,3.0083056601615477,0.0
15.63007,19.20921,44.09062,2881.81499,-0.09227,46.62561,8.05819610234573,3.0018900720237123,0.0
15.65656,19.23834,44.08361,2877.34051,-0.09375,46.63686,8.04111352984407,2.9955263642973096,0.0
15.68301,19.26742,44.07648,2872.87598,-0.09587,46.64811,8.024224590289187,2.9892347899383718,0.0
15.70941,19.29647,44.06917,2868.42144,-0.09863,46.65938,8.00758241244386,2.9830351408089357,0.0
15.73576,19.32549,44.06165,2863.9769,-0.10202,46.67065,7.991238777862466,2.9769467069004594,0.0
15.76206,19.35447,44.05386,2859.54233,-0.10604,46.68194,7.975244020154633,2.970988238806888,0.0
15.78832,19.38341,44.04576,2855.11769,-0.11067,46.69323,7.959646932769673,2.965177913371923,0.0
15.81454,19.41232,44.0373,2850.7029,-0.1159,46.70453,7.944494685042732,2.9595333024140045,0.0
15.8407,19.44119,44.02844,2846.29784,-0.12172,46.71584,7.929832746212796,2.9540713444210254,0.0
15.86682,19.47003,44.01914,2841.90237,-0.12812,46.72716,7.915704817084287,2.9488083190924685,0.0
15.8929,19.49883,44.00936,2837.51633,-0.13508,46.73849,7.902152768946584,2.943759824585327,0.0
15.91893,19.5276,43.99906,2833.13953,-0.14259,46.74983,7.8892165893724,2.9389407573225745,0.0
15.94491,19.55633,43.9882,2828.77175,-0.15061,46.76118,7.876934334456478,2.9343652942008163,0.0
15.97085,19.58503,43.97674,2824.41274,-0.15915,46.77253,7.865342087092449,2.9300468770473316,0.0
15.99675,19.61369,43.96465,2820.06224,-0.16817,46.7839,7.854473920827153,2.9259981991548436,0.0
16.02259,19.64231,43.9519,2815.71994,-0.17766,46.79528,7.844361868859815,2.9222311937329106,0.0
16.0484,19.6709,43.93845,2811.38554,-0.18758,46.80666,7.835035897761365,2.91875702411767,0.0
16.07416,19.69946,43.92428,2807.05869,-0.19793,46.81806,7.82652388545383,2.9155860755685907,0.0
16.09987,19.72798,43.90935,2802.73904,-0.20867,46.82946,7.818851603078143,2.9127279485137487,0.0
16.12554,19.75647,43.89365,2798.42621,-0.21978,46.84088,7.812042700307541,2.9101914530786854,0.0
16.15116,19.78492,43.87714,2794.1198,-0.23123,46.8523,7.8061186937567,2.9079846047685036,0.0
16.17674,19.81333,43.85981,2789.81939,-0.243,46.86374,7.801098958106016,2.9061146211614295,0.0
16.20227,19.84171,43.84164,2785.52455,-0.25505,46.87518,7.797000719641929,2.9045879195024136,0.0
16.22776,19.87006,43.82261,2781.23483,-0.26737,46.88664,7.793839051881401,2.903410115073132,0.0
16.2532,19.89837,43.8027,2776.94977,-0.27991,46.8981,7.791626873033534,2.9025860202463725,0.0
16.2786,19.92665,43.7819,2772.66888,-0.29266,46.90957,7.790374945044324,2.9021196441301838,0.0
16.30396,19.9549,43.76021,2768.39168,-0.30558,46.92105,7.790091874039493,2.9020141927328376,0.0
16.32927,19.9831,43.73761,2764.11766,-0.31865,46.93254,7.790784111989436,2.9022720695830686,0.0
16.35453,20.01128,43.71409,2759.84631,-0.33183,46.94404,7.792455959466579,2.902894876757259,0.0
16.37975,20.03942,43.68965,2755.57711,-0.34509,46.95555,7.795109569407371,2.9038834162808835,0.0
16.40493,20.06752,43.6643,2751.30952,-0.3584,46.96707,7.798744951818298,2.9052376918816223,0.0
16.43006,20.09559,43.63802,2747.043,-0.37173,46.9786,7.803359979415341,2.9069569110902047,0.0
16.45515,20.12363,43.61083,2742.77701,-0.38506,46.99014,7.8089503942151675,2.9090394876958063,0.0
16.4802,20.15163,43.58273,2738.511,-0.39834,47.00169,7.815509815121122,2.911483044572025,0.0
16.5052,20.1796,43.55372,2734.24442,-0.41156,47.01324,7.823029746619853,2.9142844169166087,0.0
16.53015,20.20753,43.52381,2729.97671,-0.42467,47.02481,7.831499588694778,2.917439655944475,0.0
16.55506,20.23543,43.49302,2725.70732,-0.43765,47.03638,7.840906648126749,2.9209440330975145,0.0
16.57993,20.26329,43.46136,2721.43568,-0.45047,47.04796,7.851236151370695,2.9247920448414715,0.0
16.60475,20.29112,43.42884,2717.16125,-0.4631,47.05955,7.8624712592330965,2.928977418133696,0.0
16.62953,20.31891,43.39548,2712.88347,-0.47551,47.07115,7.874593083579338,2.933493116647065,0.0
16.65426,20.34667,43.3613,2708.60179,-0.48767,47.08276,7.887580706384625,2.938331347866956,0.0
16.67895,20.37439,43.32632,2704.31566,-0.49956,47.09438,7.901411201377892,2.9434835711541725,0.0
16.7036,20.40208,43.29057,2700.02456,-0.51114,47.106,7.916059658623753,2.948940506902362,0.0
16.7282,20.42973,43.25407,2695.72795,-0.52239,47.11764,7.9314992123666235,2.9546921469106895,0.0
16.75275,20.45735,43.21685,2691.4253,-0.53329,47.12928,7.947701072462789,2.9607277660931066,0.0
16.77727,20.48493,43.17893,2687.11612,-0.54381,47.14092,7.964634559775718,2.9670359356640392,0.0
16.80173,20.51248,43.14035,2682.79989,-0.55392,47.15258,7.982267145864741,2.973604537923462,0.0
16.82615,20.53999,43.10113,2678.47614,-0.56361,47.16424,8.00056449733899,2.9804207827799116,0.0
16.85053,20.56746,43.06132,2674.14439,-0.57285,47.17591,8.019490525198433,2.9874712261313174,0.0
16.87486,20.5949,43.02094,2669.80418,-0.58162,47.18759,8.039007439529685,2.99474179024063,0.0
16.89915,20.62231,42.98003,2665.45507,-0.5899,47.19928,8.059075809845703,3.0022177862139494,0.0
16.9234,20.64968,42.93862,2661.09664,-0.59767,47.21097,8.0796546313924,3.0098839387014764,0.0
16.94759,20.67701,42.89676,2656.72849,-0.60491,47.22267,8.100701397678666,3.0177244129168592,0.0
16.97175,20.70431,42.85449,2652.35022,-0.61161,47.23437,8.122172179486324,3.0257228440704815,0.0
16.99586,20.73157,42.81184,2647.96149,-0.61776,47.24608,8.144021710544767,3.033862369285513,0.0
17.01992,20.75879,42.76886,2643.56193,-0.62333,47.2578,8.166203480041153,3.042125662060398,0.0
17.04394,20.78598,42.72558,2639.15125,-0.62833,47.26952,8.188669832090152,3.050494969323949,0.0
17.06791,20.81313,42.68205,2634.72913,-0.63273,47.28125,8.211372072198433,3.0589521510961704,0.0
17.09184,20.84024,42.6383,2630.29532,-0.63654,47.29299,8.234260580753514,3.067478722765843,0.0
17.11572,20.86732,42.5944,2625.84957,-0.63973,47.30473,8.25728493344533,3.076055899950724,0.0
17.13955,20.89436,42.55036,2621.39166,-0.64232,47.31647,8.280394028541911,3.0846646459110874,0.0
17.16334,20.92136,42.50625,2616.92141,-0.64429,47.32822,8.3035362207595,3.093285721419863,0.0
17.18709,20.94832,42.4621,2612.43865,-0.64564,47.33998,8.326659461546331,3.101899737022039,0.0
17.21079,20.97525,42.41795,2607.94326,-0.64637,47.35174,8.349711445349978,3.1104872075230947,0.0
17.23444,21.00214,42.37385,2603.43512,-0.64648,47.3635,8.372639761525754,3.119028608578878,0.0
17.25805,21.02899,42.32984,2598.91417,-0.64598,47.37527,8.39539205135978,3.1275044351908274,0.0
17.28161,21.05581,42.28596,2594.38037,-0.64487,47.38704,8.417916169658568,3.135895261902346,0.0
17.30512,21.08258,42.24226,2589.8337,-0.64315,47.39882,8.440160350262284,3.1441818044568466,0.0
17.32859,21.10932,42.19877,2585.27418,-0.64084,47.4106,8.462073374773608,3.1523449826536893,0.0
17.35201,21.13602,42.15553,2580.70187,-0.63795,47.42238,8.48360474375115,3.1603659841222367,0.0
17.37538,21.16268,42.11258,2576.11683,-0.63448,47.43417,8.50470484950275,3.1682263286919037,0.0
17.39871,21.1893,42.06996,2571.51919,-0.63045,47.44596,8.525325149618892,3.1759079330379154,0.0
17.42199,21.21588,42.02771,2566.90908,-0.62587,47.45775,8.545418340289123,3.1833931752462417,0.0
17.44523,21.24242,41.98585,2562.28667,-0.62077,47.46955,8.564938528431355,3.1906649589362845,0.0
17.46841,21.26893,41.94443,2557.65217,-0.61516,47.48135,8.583841401629524,3.197706776567129,0.0
17.49156,21.29539,41.90348,2553.0058,-0.60905,47.49315,8.602084394826521,3.2045027715350507,0.0
17.51465,21.32181,41.86303,2548.34783,-0.60248,47.50495,8.619626852736614,3.2110377986764065,0.0
17.53769,21.3482,41.82311,2543.67854,-0.59546,47.51675,8.636430186940316,3.217297482789618,0.0
17.56069,21.37454,41.78373,2538.99823,-0.58802,47.52856,8.652458026586121,3.2232682747755215,0.0
17.58364,21.40085,41.74494,2534.30726,-0.58017,47.54037,8.667676361714836,3.2289375050294638,0.0
17.60655,21.42711,41.70676,2529.60599,-0.57196,47.55218,8.682053678185877,3.23429343370489,0.0
17.6294,21.45334,41.66919,2524.89479,-0.56341,47.56399,8.69556108327232,3.2393252975008076,0.0
17.65221,21.47952,41.63228,2520.17409,-0.55454,47.5758,8.70817242102666,3.2440233526385653,0.0
17.67497,21.50566,41.59603,2515.44431,-0.54538,47.58761,8.719864376576044,3.2483789137145767,0.0
17.69769,21.53176,41.56045,2510.7059,-0.53598,47.59943,8.730616568597503,3.25238438814977,0.0
17.72035,21.55783,41.52557,2505.95934,-0.52634,47.61124,8.740411629300464,3.2560333059851803,0.0
17.74297,21.58385,41.4914,2501.20511,-0.51652,47.62306,8.749235271312132,3.2593203447985206,0.0
17.76554,21.60982,41.45793,2496.4437,-0.50655,47.63487,8.757076340993994,3.262241349565974,0.0
17.78806,21.63576,41.42519,2491.67565,-0.49644,47.64669,8.763926857798731,3.264793347323683,0.0
17.81053,21.66166,41.39316,2486.90147,-0.48625,47.65851,8.769782039396269,3.266974556527866,0.0
17.83296,21.68751,41.36187,2482.12171,-0.476,47.67032,8.774640312386879,3.2687843910457244,0.0
17.85534,21.71333,41.3313,2477.33691,-0.46572,47.68214,8.778503308575248,3.2702234587674384,0.0
17.87766,21.7391,41.30146,2472.54762,-0.45546,47.69396,8.781375846836884,3.2712935548509283,0.0
17.89995,21.76483,41.27234,2467.7544,-0.44525,47.70577,8.783265900784686,3.271997649676797,0.0
17.92218,21.79052,41.24393,2462.95781,-0.43511,47.71759,8.78418455247058,3.272339871600973,0.0
17.94436,21.81617,41.21622,2458.15842,-0.42509,47.72941,8.784145932569075,3.272325484671512,0.0
17.9665,21.84177,41.18921,2453.3568,-0.41521,47.74122,8.783167147473886,3.2719608614701676,0.0
17.98859,21.86733,41.16288,2448.55349,-0.40552,47.75304,8.78126819393524,3.271253451312548,0.0
18.01063,21.89285,41.13722,2443.74906,-0.39604,47.76486,8.778471861880444,3.270211744046212,0.0
18.03262,21.91833,41.1122,2438.94407,-0.3868,47.77667,8.774803626172028,3.2688452297277375,0.0
18.05456,21.94377,41.08781,2434.13905,-0.37783,47.78848,8.770291528118417,3.2671643544823215,0.0
18.07646,21.96916,41.06404,2429.33455,-0.36917,47.8003,8.764966047613136,3.265180472872279,0.0
18.09831,21.99452,41.04085,2424.53109,-0.36085,47.81211,8.758859966820964,3.26290579711654,0.0
18.12011,22.01983,41.01822,2419.72918,-0.35288,47.82393,8.752008226376867,3.2603533435209733,0.0
18.14186,22.0451,40.99613,2414.92933,-0.34531,47.83574,8.744447775072823,3.25753687648277,0.0
18.16356,22.07032,40.97455,2410.13202,-0.33815,47.84755,8.736217414045125,3.254470850446121,0.0
18.18522,22.09551,40.95345,2405.33773,-0.33143,47.85936,8.727357636476075,3.251170350186873,0.0
18.20682,22.12065,40.9328,2400.5469,-0.32517,47.87117,8.717910463802202,3.2476510297957812,0.0
18.22838,22.14575,40.91257,2395.75998,-0.31939,47.88298,8.707919279416021,3.2439290507280467,0.0
18.2499,22.1708,40.89272,2390.97739,-0.31412,47.89479,8.697428660841068,3.2400210192840895,0.0
18.27136,22.19582,40.87323,2386.19952,-0.30937,47.9066,8.686484211312731,3.2359439238689856,0.0
18.29278,22.22079,40.85406,2381.42674,-0.30516,47.91841,8.675132391645233,3.231715072358492,0.0
18.31414,22.24572,40.83517,2376.6594,-0.30151,47.93022,8.663420353253407,3.2273520298952603,0.0
18.33546,22.27061,40.81653,2371.89785,-0.29843,47.94202,8.651395773108792,3.222872557405645,0.0
18.35674,22.29546,40.79809,2367.14239,-0.29592,47.95383,8.6391066913898,3.2182945511201213,0.0
18.37796,22.32026,40.77984,2362.39329,-0.29401,47.96564,8.626601352479405,3.2136359833407298,0.0
18.39914,22.34502,40.76171,2357.65083,-0.29271,47.97744,8.613928049959565,3.208914844697431,0.0
18.42027,22.36974,40.74369,2352.91522,-0.29201,47.98925,8.601134976114947,3.2041490880842796,0.0
18.44136,22.39442,40.72573,2348.18669,-0.29192,48.00106,8.588270076467406,3.199356574469689,0.0
18.46239,22.41906,40.70779,2343.46541,-0.29245,48.01286,8.575380909720202,3.194555020721967,0.0
18.48338,22.44365,40.68983,2338.75155,-0.2936,48.02467,8.562514513489246,3.189761949590677,0.0
18.50433,22.4682,40.67182,2334.04523,-0.29538,48.03647,8.54971727610375,3.1849946419489994,0.0
18.52522,22.49271,40.65372,2329.34656,-0.29777,48.04828,8.53703481466581,3.1802700913677233,0.0
18.54607,22.51718,40.63549,2324.65562,-0.30077,48.06008,8.524511859579624,3.1756049610993395,0.0
18.56688,22.54161,40.6171,2319.97246,-0.30439,48.07188,8.512192145607672,3.1710155434936045,0.0
18.58763,22.56599,40.5985,2315.29712,-0.30861,48.08369,8.500118309529817,3.166517721872857,0.0
18.60834,22.59034,40.57967,2310.62959,-0.31343,48.09549,8.488331794399963,3.162126934865109,0.0
18.629,22.61464,40.56057,2305.96985,-0.31883,48.1073,8.47687276033138,3.15785814316923,0.0
18.64962,22.6389,40.54117,2301.31787,-0.32481,48.1191,8.46578000176403,3.1537257987348473,0.0
18.67019,22.66312,40.52142,2296.67356,-0.33136,48.13091,8.455090871043893,3.1497438162936406,0.0
18.69071,22.6873,40.50131,2292.03684,-0.33845,48.14271,8.444841208200444,3.145925547199595,0.0
18.71119,22.71143,40.4808,2287.40758,-0.34608,48.15452,8.435065276691265,3.1422837554921883,0.0
18.73162,22.73553,40.45985,2282.78564,-0.35422,48.16632,8.425795704959887,3.1388305961251386,0.0
18.75201,22.75958,40.43845,2278.17087,-0.36286,48.17813,8.417063433535928,3.135577595259825,0.0
18.77235,22.78359,40.41656,2273.56308,-0.37199,48.18993,8.408897667471713,3.132535632546669,0.0
18.79264,22.80757,40.39416,2268.96206,-0.38157,48.20174,8.401325833855417,3.129714925297666,0.0
18.81289,22.8315,40.37122,2264.36759,-0.39159,48.21355,8.394373544148886,3.1271250144562317,0.0
18.8331,22.85538,40.34772,2259.77943,-0.40202,48.22535,8.388064561108262,3.1247747522742646,0.0
18.85325,22.87923,40.32365,2255.1973,-0.41285,48.23716,8.382420770022158,3.1226722915976106,0.0
18.87337,22.90304,40.29897,2250.62093,-0.42404,48.24897,8.377462154049084,3.1208250766786017,0.0
18.89343,22.9268,40.27367,2246.05003,-0.43558,48.26077,8.373206773392802,3.1192398354183335,0.0
18.91345,22.95053,40.24774,2241.48427,-0.44743,48.27258,8.36967074811305,3.1179225729632005,0.0
18.93343,22.97421,40.22115,2236.92333,-0.45956,48.28439,8.366868244360735,3.116878566577152,0.0
18.95336,22.99786,40.19391,2232.36686,-0.47196,48.2962,8.36481146384389,3.1161123617174757,0.0
18.97325,23.02146,40.16599,2227.81451,-0.48459,48.30801,8.363510636363083,3.115627769254043,0.0
18.99309,23.04502,40.13738,2223.26591,-0.49743,48.31981,8.362974015257764,3.1154278637729607,0.0
19.01288,23.06854,40.10808,2218.72068,-0.51044,48.33162,8.363207875633615,3.1155149829162028,0.0
19.03263,23.09202,40.07808,2214.17842,-0.52359,48.34343,8.36421651527426,3.1158907277212493,0.0
19.05234,23.11545,40.04738,2209.63873,-0.53686,48.35524,8.366002258141032,3.116555963924844,0.0
19.072,23.13885,40.01597,2205.10121,-0.55021,48.36705,8.368565460422628,3.1175108242166494,0.0
19.09161,23.16221,39.98385,2200.56544,-0.56362,48.37886,8.37190451907575,3.118754711420858,0.0
19.11118,23.18552,39.95103,2196.031,-0.57705,48.39067,8.376015882861536,3.1202863026075547,0.0
19.13071,23.2088,39.9175,2191.49746,-0.59047,48.40248,8.38089406588043,3.122103554134813,0.0
19.15019,23.23203,39.88328,2186.96439,-0.60386,48.41429,8.386531663644739,3.124203707636143,0.0
19.16963,23.25522,39.84836,2182.43135,-0.61719,48.4261,8.392919371741344,3.126583296972844,0.0
19.18902,23.27837,39.81275,2177.8979,-0.63041,48.43791,8.400046007158938,3.1292381561789613,0.0
19.20836,23.30148,39.77647,2173.36361,-0.64351,48.44972,8.407898532371199,3.132163428432901,0.0
19.22767,23.32455,39.73953,2168.82805,-0.65646,48.46152,8.416462082290606,3.135353576098439,0.0
19.24692,23.34758,39.70193,2164.29077,-0.66922,48.47333,8.425719994207592,3.1388023918778396,0.0
19.26614,23.37056,39.6637,2159.75135,-0.68178,48.48514,8.435653840863042,3.1425030111322303,0.0
19.2853,23.39351,39.62484,2155.20935,-0.69409,48.49695,8.446243466782953,3.146447925417225,0.0
19.30443,23.41641,39.58538,2150.66435,-0.70614,48.50875,8.45746702805522,3.1506289973008132,0.0
19.3235,23.43927,39.54533,2146.11593,-0.71789,48.52056,8.469301035660132,3.1550374765051235,0.0
19.34254,23.46209,39.50472,2141.56368,-0.72933,48.53236,8.481720402566278,3.159664017450873,0.0
19.36153,23.48487,39.46356,2137.00719,-0.74043,48.54416,8.494698494694815,3.1644986982429075,0.0
19.38047,23.50761,39.42188,2132.44608,-0.75116,48.55596,8.508207185950345,3.169531041170651,0.0
19.39937,23.5303,39.3797,2127.87996,-0.7615,48.56776,8.522216917407343,3.174750034756602,0.0
19.41822,23.55295,39.33705,2123.30846,-0.77144,48.57956,8.536696760831859,3.180144157419845,0.0
19.43703,23.57557,39.29395,2118.73121,-0.78095,48.59135,8.551614486596455,3.185701402776144,0.0
19.4558,23.59814,39.25042,2114.14787,-0.79001,48.60315,8.566936636142518,3.19140930663207,0.0
19.47452,23.62066,39.20651,2109.55811,-0.7986,48.61494,8.582628598993006,3.1972549756742685,0.0
19.49319,23.64315,39.16223,2104.96161,-0.80671,48.62673,8.59865469441661,3.2032251178915097,0.0
19.51182,23.66559,39.11761,2100.35806,-0.81433,48.63852,8.614978257712286,3.2093060747179485,0.0
19.5304,23.68799,39.07268,2095.7472,-0.82143,48.6503,8.631561731125867,3.215483854901954,0.0
19.54894,23.71035,39.02748,2091.12875,-0.82802,48.66208,8.64836675932126,3.22174417007164,0.0
19.56744,23.73266,38.98204,2086.50246,-0.83407,48.67386,8.665354289333713,3.228072471970094,0.0
19.58589,23.75494,38.93638,2081.86811,-0.83958,48.68564,8.682484674853653,3.2344539913038424,0.0
19.60429,23.77717,38.89053,2077.22548,-0.84454,48.69741,8.699717784671352,3.2408737781413426,0.0
19.62265,23.79935,38.84453,2072.5744,-0.84894,48.70918,8.71701311507943,3.2473167437858828,0.0
19.64096,23.82149,38.79842,2067.9147,-0.85279,48.72095,8.734329905936914,3.2537677040124846,0.0
19.65923,23.8436,38.75221,2063.24624,-0.85607,48.73271,8.751627260113013,3.2602114235638613,0.0
19.67745,23.86565,38.70595,2058.56889,-0.85879,48.74447,8.768864265948176,3.266632661770379,0.0
19.69563,23.88767,38.65966,2053.88255,-0.86095,48.75623,8.786000122328536,3.2730162191435794,0.0
19.71376,23.90963,38.61338,2049.18716,-0.86255,48.76798,8.80299426593635,3.2793469847803203,0.0
19.73184,23.93156,38.56713,2044.48266,-0.8636,48.77972,8.819806500187719,3.2856099843954594,0.0
19.74988,23.95344,38.52094,2039.76903,-0.8641,48.79147,8.83639712534832,3.291790428793404,0.0
19.76788,23.97528,38.47485,2035.04626,-0.86405,48.8032,8.8527270692447,3.297873762561489,0.0
19.78582,23.99707,38.42889,2030.31437,-0.86348,48.81494,8.868758017993272,3.303845712769979,0.0
19.80373,24.01882,38.38307,2025.5734,-0.86238,48.82666,8.884452546124397,3.3096923374467115,0.0
19.82158,24.04053,38.33743,2020.82343,-0.86078,48.83838,8.89977424545882,3.315400073586956,0.0
19.83939,24.06219,38.292,2016.06454,-0.85868,48.8501,8.914687852057435,3.3209557844455455,0.0
19.85716,24.08381,38.2468,2011.29684,-0.8561,48.86181,8.929159370579823,3.326346805863704,0.0
19.87487,24.10538,38.20186,2006.52048,-0.85307,48.87352,8.943156195372177,3.3315609913774806,0.0
19.89255,24.1269,38.15719,2001.73562,-0.84959,48.88522,8.95664722758671,3.336586755847815,0.0
19.91017,24.14838,38.11282,1996.94243,-0.84569,48.89691,8.96960298764091,3.3414131173545676,0.0
19.92775,24.16982,38.06877,1992.14112,-0.84139,48.9086,8.981995722392734,3.3460297371220977,0.0
19.94528,24.19121,38.02507,1987.33191,-0.83671,48.92028,8.9937995063248,3.350426957213039,0.0
19.96277,24.21256,37.98172,1982.51504,-0.83168,48.93195,9.00499033615904,3.354595835774747,0.0
19.98021,24.23385,37.93874,1977.69078,-0.82633,48.94362,9.015546218287305,3.3585281796095003,0.0
19.9976,24.25511,37.89616,1972.85941,-0.82067,48.95528,9.025447248468934,3.3622165738639405,0.0
20.01495,24.27632,37.85398,1968.02122,-0.81473,48.96694,9.034675683294177,3.3656544086510776,0.0
20.03225,24.29748,37.81221,1963.17653,-0.80855,48.97859,9.043216002938392,3.368835902427881,0.0
20.04951,24.3186,37.77087,1958.32567,-0.80216,48.99023,9.051054964818508,3.3717561219837244,0.0
20.06672,24.33967,37.72996,1953.46897,-0.79558,49.00186,9.058181647805755,3.3744109989107898,0.0
20.08388,24.36069,37.6895,1948.60681,-0.78884,49.01348,9.064587486694366,3.3767973424445614,0.0
20.10099,24.38167,37.64948,1943.73955,-0.78197,49.0251,9.070266296742416,3.3789128486059457,0.0
20.11806,24.4026,37.60992,1938.86756,-0.77501,49.03671,9.075214288109347,3.3807561055796165,0.0
20.13508,24.42349,37.57081,1933.99123,-0.76799,49.04832,9.079430070124866,3.3823265953042974,0.0
20.15205,24.44432,37.53215,1929.11097,-0.76094,49.05991,9.082914645394526,3.3836246912769385,0.0
20.16898,24.46512,37.49395,1924.22718,-0.75389,49.0715,9.08567139379197,3.3846516525894015,0.0
20.18586,24.48586,37.4562,1919.34026,-0.74687,49.08308,9.08770604647035,3.385409614247033,0.0
20.2027,24.50656,37.41889,1914.45063,-0.73992,49.09465,9.089026650118555,3.3859015738531624,0.0
20.21948,24.52721,37.38203,1909.55871,-0.73307,49.10622,9.089643521704668,3.3861313747498576,0.0
20.23622,24.54782,37.3456,1904.66492,-0.72635,49.11777,9.089569194049405,3.386103685742594,0.0
20.25292,24.56837,37.30959,1899.76967,-0.71978,49.12932,9.088818352628492,3.3858239775574757,0.0
20.26957,24.58889,37.274,1894.87338,-0.71341,49.14086,9.087407764023185,3.3852984961871804,0.0
20.28617,24.60935,37.23881,1889.97648,-0.70726,49.15239,9.085356196536512,3.384534233318405,0.0
20.30272,24.62977,37.204,1885.07936,-0.70136,49.16392,9.082684333485087,3.3835388940308015,0.0
20.31923,24.65014,37.16958,1880.18244,-0.69574,49.17543,9.079414679765529,3.3823208619905,0.0
20.33569,24.67046,37.13551,1875.28613,-0.69043,49.18694,9.075571462274832,3.380889162354076,0.0
20.3521,24.69073,37.10178,1870.3908,-0.68545,49.19844,9.071180524833574,3.37925342262469,0.0
20.36847,24.71096,37.06837,1865.49687,-0.68083,49.20993,9.066269218240727,3.377423831694601,0.0
20.38479,24.73114,37.03527,1860.60469,-0.6766,49.22141,9.060866286148375,3.3754110973305016,0.0
20.40106,24.75128,37.00245,1855.71464,-0.67278,49.23288,9.055001747380278,3.373226402334083,0.0
20.41729,24.77136,36.9699,1850.82707,-0.66938,49.24435,9.048706775403412,3.3708813596420195,0.0
20.43347,24.7914,36.93758,1845.94233,-0.66644,49.25581,9.042013575586388,3.368387966601492,0.0
20.44961,24.81139,36.90548,1841.06075,-0.66397,49.26725,9.034955260896606,3.3657585586641114,0.0
20.46569,24.83134,36.87357,1836.18264,-0.66199,49.27869,9.027565726691476,3.3630057627423544,0.0
20.48174,24.85124,36.84182,1831.3083,-0.66052,49.29013,9.019879525174973,3.3601424504413235,0.0
20.49773,24.87109,36.81022,1826.43803,-0.65957,49.30155,9.01193174013506,3.3571816913951458,0.0
20.51368,24.89089,36.77874,1821.5721,-0.65915,49.31297,9.003757862525806,3.3541367069180352,0.0
20.52959,24.91064,36.74735,1816.71075,-0.65929,49.32437,8.995393667378746,3.3510208241505364,0.0
20.54544,24.93035,36.71602,1811.85423,-0.65998,49.33577,8.98687509258394,3.3478474309022785,0.0
20.56125,24.95001,36.68473,1807.00275,-0.66124,49.34716,8.978238119953737,3.3446299313451004,0.0
20.57702,24.96963,36.65345,1802.15651,-0.66307,49.35855,8.96951865900386,3.3413817027184467,0.0
20.59274,24.98919,36.62215,1797.31571,-0.66548,49.36992,8.96075243382283,3.3381160531852463,0.0
20.60841,25.00871,36.59081,1792.4805,-0.66848,49.38129,8.951974873369473,3.3348461809648553,0.0
20.62404,25.02819,36.55941,1787.65102,-0.67207,49.39265,8.943221005465862,3.331585134842634,0.0
20.63962,25.04761,36.5279,1782.82741,-0.67624,49.404,8.93452535479399,3.3283457761710236,0.0
20.65516,25.06699,36.49627,1778.00977,-0.681,49.41534,8.92592184505382,3.3251407424208437,0.0
20.67065,25.08632,36.4645,1773.19819,-0.68634,49.42668,8.917443705497583,3.3219824123628685,0.0
20.6861,25.1056,36.43254,1768.39274,-0.69226,49.43801,8.909123381978404,3.3188828729310873,0.0
20.7015,25.12484,36.40039,1763.59346,-0.69875,49.44932,8.900992452617805,3.315853887806637,0.0
20.71685,25.14403,36.36801,1758.80039,-0.70581,49.46064,8.893081548148446,3.312906867743377,0.0
20.73216,25.16317,36.33539,1754.01355,-0.71342,49.47194,8.885420277028874,3.3100528426711606,0.0
20.74743,25.18227,36.30249,1749.23291,-0.72158,49.48324,8.878037155289848,3.3073024355617493,0.0
20.76265,25.20132,36.26929,1744.45846,-0.73028,49.49453,8.870959541161831,3.3046658380758287,0.0
20.77782,25.22032,36.23578,1739.69015,-0.7395,49.50581,8.864213574412362,3.302152787964583,0.0
20.79295,25.23927,36.20192,1734.92792,-0.74922,49.51708,8.85782412037367,3.299772548218516,0.0
20.80804,25.25818,36.16771,1730.17169,-0.75943,49.52835,8.851814718595516,3.2975338879392773,0.0
20.82308,25.27704,36.13312,1725.42137,-0.77012,49.5396,8.846207536033841,3.2954450649012013,0.0
20.83807,25.29586,36.09813,1720.67684,-0.78126,49.55086,8.841023324708244,3.2935138097776067,0.0
20.85302,25.31463,36.06273,1715.93797,-0.79283,49.5621,8.836281383708672,3.2917473119872893,0.0
20.86793,25.33335,36.0269,1711.20462,-0.80482,49.57333,8.831999525472906,3.290152207131996,0.0
20.88279,25.35202,35.99062,1706.47663,-0.8172,49.58456,8.828194046215675,3.2887345659804925,0.0
20.89761,25.37065,35.95388,1701.75383,-0.82995,49.59578,8.824879700407788,3.287499884961368,0.0
20.91238,25.38923,35.91667,1697.03602,-0.84304,49.607,8.822069679198924,3.2864530781249575,0.0
20.92711,25.40777,35.87897,1692.32302,-0.85645,49.6182,8.81977559267941,3.28559847053539,0.0
20.94179,25.42626,35.84078,1687.6146,-0.87016,49.6294,8.818007455886661,3.2849397930576116,0.0
20.95643,25.4447,35.80208,1682.91054,-0.88414,49.64059,8.816773678448412,3.2844801784992264,0.0
20.97103,25.4631,35.76287,1678.21061,-0.89836,49.65178,8.816081057798165,3.2842221590830634,0.0
20.98558,25.48144,35.72314,1673.51456,-0.9128,49.66295,8.815934775852428,3.2841676652093663,0.0
21.00008,25.49975,35.68289,1668.82213,-0.92743,49.67412,8.816338399115596,3.2843180254948634,0.0
21.01455,25.518,35.6421,1664.13307,-0.94222,49.68528,8.817293882110626,3.284673968050783,0.0
21.02897,25.53621,35.60079,1659.4471,-0.95714,49.69644,8.8188015741104,3.2852356229904625,0.0
21.04334,25.55437,35.55894,1654.76394,-0.97216,49.70758,8.82086022911149,3.2860025261448422,0.0
21.05767,25.57249,35.51656,1650.08331,-0.98727,49.71872,8.823467019024918,3.2869736239763645,0.0
21.07196,25.59056,35.47365,1645.40492,-1.00241,49.72985,8.826617550051198,3.288147279679113,0.0
21.08621,25.60858,35.43021,1640.72848,-1.01758,49.74098,8.830305882212153,3.289521280454929,0.0
21.10041,25.62656,35.38624,1636.05369,-1.03274,49.75209,8.834524552056658,3.2910928459718916,0.0
21.11456,25.64449,35.34174,1631.38025,-1.04786,49.7632,8.839264598508928,3.2928586379934903,0.0
21.12867,25.66237,35.29674,1626.70785,-1.06292,49.7743,8.844515591876482,3.2948147711848548,0.0
21.14274,25.68021,35.25122,1622.0362,-1.07788,49.78539,8.85026566601998,3.2969568250968644,0.0
21.15677,25.698,35.2052,1617.365,-1.09273,49.79648,8.856501553696067,3.299279857332286,0.0
21.17075,25.71574,35.15869,1612.69393,-1.10742,49.80755,8.863208625081633,3.3017784178970784,0.0
21.18469,25.73344,35.1117,1608.02272,-1.12195,49.81862,8.870370929492784,3.3044465647418035,0.0
21.19858,25.75109,35.06424,1603.35104,-1.13628,49.82968,8.877971240313828,3.3072778804988556,0.0
21.21244,25.76869,35.01632,1598.67863,-1.15039,49.84073,8.885991103126496,3.3102654904118642,0.0
21.22624,25.78625,34.96795,1594.00518,-1.16425,49.85178,8.894410887052398,3.313402081462111,0.0
21.24001,25.80376,34.91916,1589.33041,-1.17785,49.86281,8.903209839305697,3.316679922690832,0.0
21.25373,25.82122,34.86995,1584.65405,-1.19115,49.87384,8.912366142925555,3.3200908867060765,0.0
21.2674,25.83863,34.82034,1579.97583,-1.20415,49.88485,8.921856977671794,3.3236264723679416,0.0
21.28104,25.856,34.77034,1575.29548,-1.21681,49.89586,8.931658584047778,3.327277828638781,0.0
21.29463,25.87332,34.71999,1570.61276,-1.22913,49.90686,8.941746330378688,3.3310357795716254,0.0
21.30817,25.8906,34.66928,1565.92742,-1.24108,49.91785,8.952094782906814,3.334890850422525,0.0
21.32168,25.90782,34.61824,1561.23922,-1.25266,49.92883,8.962677778763709,3.3388332948345982,0.0
21.33514,25.925,34.56689,1556.54795,-1.26383,49.93981,8.973468501787616,3.342853123082014,0.0
21.34855,25.94214,34.51525,1551.85339,-1.2746,49.95077,8.984439560977966,3.34694013129636,0.0
21.36192,25.95922,34.46334,1547.15535,-1.28494,49.96172,8.995563071495067,3.3510839316411563,0.0
21.37525,25.97626,34.41118,1542.45363,-1.29485,49.97267,9.006810738012033,3.355273983362643,0.0
21.38854,25.99325,34.35878,1537.74807,-1.30432,49.9836,9.018153940227531,3.3594996246455295,0.0
21.40178,26.01019,34.30617,1533.03851,-1.31335,49.99453,9.02956382031743,3.363750105191029,0.0
21.41498,26.02708,34.25337,1528.32481,-1.32192,50.00544,9.041011372097516,3.368014619432327,0.0
21.42813,26.04393,34.20041,1523.60683,-1.33003,50.01634,9.05246753162826,3.372282340287227,0.0
21.44124,26.06073,34.14729,1518.88446,-1.33768,50.02724,9.063903268965948,3.376542453337874,0.0
21.45431,26.07748,34.09404,1514.15761,-1.34487,50.03812,9.075289680772466,3.380784191330327,0.0
21.46734,26.09419,34.04068,1509.42619,-1.35161,50.049,9.086598083436561,3.3849968688646848,0.0
21.48032,26.11084,33.98723,1504.69014,-1.35788,50.05986,9.097800106385753,3.389169917156222,0.0
21.49325,26.12745,33.93372,1499.94941,-1.36369,50.07071,9.108867785190768,3.393292918719244,0.0
21.50614,26.14401,33.88015,1495.20397,-1.36906,50.08155,9.119773654119964,3.397355641846051,0.0
21.51899,26.16052,33.82655,1490.4538,-1.37399,50.09238,9.13049083772439,3.401348074724772,0.0
21.5318,26.17698,33.77294,1485.69891,-1.37848,50.1032,9.140993141077464,3.4052604590560236,0.0
21.54456,26.19339,33.71933,1480.9393,-1.38255,50.11401,9.151255138223803,3.4090833230024304,0.0
21.55728,26.20976,33.66575,1476.17502,-1.38621,50.1248,9.161252258481632,3.412807513338537,0.0
21.56995,26.22607,33.61221,1471.40612,-1.38947,50.13559,9.170960870127637,3.41642422662562,0.0
21.58258,26.24234,33.55872,1466.63267,-1.39234,50.14636,9.180358361080698,3.419925039268503,0.0
21.59517,26.25856,33.5053,1461.85475,-1.39485,50.15712,9.189423216194252,3.4233019363089956,0.0
21.60771,26.27473,33.45197,1457.07246,-1.39702,50.16787,9.198135090719067,3.426547338792702,0.0
21.62021,26.29085,33.39873,1452.28592,-1.39885,50.17861,9.206474879598664,3.4296541295834047,0.0
21.63267,26.30692,33.34561,1447.49526,-1.40037,50.18933,9.214424782203059,3.432615677478068,0.0
21.64508,26.32294,33.29261,1442.70062,-1.4016,50.20005,9.221968362165189,3.4354258594974953,0.0
21.65744,26.33892,33.23975,1437.90217,-1.40256,50.21075,9.229090601995109,3.4380790812315496,0.0
21.66977,26.35484,33.18703,1433.10008,-1.40329,50.22144,9.235777952173276,3.44057029512769,0.0
21.68205,26.37072,33.13446,1428.29454,-1.40379,50.23211,9.242018374461825,3.4428950166255663,0.0
21.69428,26.38654,33.08206,1423.48575,-1.4041,50.24277,9.247801379179952,3.44504933804308,0.0
21.70647,26.40232,33.02982,1418.67393,-1.40425,50.25342,9.253118056280254,3.4470299401531364,0.0
21.71862,26.41804,32.97776,1413.85928,-1.40425,50.26406,9.257961100005755,3.4488341013690347,0.0
21.73073,26.43372,32.92588,1409.04206,-1.40415,50.27469,9.26232482704893,3.4504597045091865,0.0
21.74279,26.44935,32.87418,1404.2225,-1.40396,50.2853,9.266205188097247,3.451905241098128,0.0
21.7548,26.46493,32.82266,1399.40087,-1.40372,50.2959,9.269599772723144,3.4531698131881723,0.0
21.76677,26.48045,32.77134,1394.5774,-1.40345,50.30648,9.272507807611483,3.454253132699081,0.0
21.7787,26.49593,32.7202,1389.75239,-1.40319,50.31705,9.274930148155764,3.455155518287442,0.0
21.79059,26.51136,32.66924,1384.92611,-1.40296,50.32761,9.276869263493959,3.4558778897721147,0.0
21.80243,26.52674,32.61847,1380.09882,-1.40279,50.33816,9.278329215094447,3.4564217601569345,0.0
21.81422,26.54206,32.56788,1375.27083,-1.40272,50.34869,9.279315629043188,3.4567892253069537,0.0
21.82598,26.55734,32.51747,1370.44242,-1.40277,50.35921,9.279835662215245,3.456982951346442,0.0
21.83769,26.57257,32.46723,1365.61389,-1.40297,50.36972,9.279897962558625,3.457006159863571,0.0
21.84935,26.58775,32.41716,1360.78552,-1.40335,50.38021,9.279512623732243,3.4568626110118688,0.0
21.86097,26.60288,32.36725,1355.95762,-1.40394,50.39069,9.278691134382264,3.456556584614316,0.0
21.87255,26.61795,32.31749,1351.13049,-1.40477,50.40116,9.277446322380763,3.456092859390781,0.0
21.88408,26.63298,32.26788,1346.30442,-1.40587,50.41161,9.275792294336274,3.455476690424112,0.0
21.89557,26.64796,32.21839,1341.4797,-1.40726,50.42205,9.273744370762047,3.4547137850086007,0.0
21.90702,26.66288,32.16904,1336.65663,-1.40897,50.43247,9.27131901723361,3.4538102770043664,0.0
21.91842,26.67776,32.11979,1331.83551,-1.41102,50.44288,9.268533771970501,3.4527726998596453,0.0
21.92978,26.69259,32.07065,1327.01661,-1.41345,50.45328,9.265407170202428,3.4516079584351935,0.0
21.9411,26.70736,32.02159,1322.20022,-1.41626,50.46367,9.261958665736303,3.450323299785949,0.0
21.95237,26.72209,31.9726,1317.38662,-1.41949,50.47404,9.25820855014349,3.4489262830561462,0.0
21.9636,26.73677,31.92368,1312.57607,-1.42316,50.4844,9.254177869977138,3.4474247486406027,0.0
21.97478,26.75139,31.8748,1307.76885,-1.42728,50.49474,9.249888342416979,3.445826786760181,0.0
21.98592,26.76597,31.82595,1302.9652,-1.43188,50.50507,9.245362269751071,3.444140705603991,0.0
21.99702,26.78049,31.77712,1298.16538,-1.43697,50.51539,9.240622453108408,3.4423749991925163,0.0
22.00808,26.79497,31.72828,1293.36964,-1.44257,50.5257,9.235692105802253,3.4405383150957287,0.0
22.01909,26.80939,31.67943,1288.57819,-1.4487,50.53599,9.230594766675946,3.4386394221521157,0.0
22.03006,26.82377,31.63054,1283.79126,-1.45536,50.54627,9.225354213815292,3.4366871783242776,0.0
22.04098,26.83809,31.58161,1279.00907,-1.46258,50.55653,9.219994378949856,3.4346904988111597,0.0
22.05186,26.85236,31.5326,1274.23182,-1.47035,50.56678,9.214539262904323,3.4326583245514573,0.0
22.0627,26.86659,31.48351,1269.45968,-1.47869,50.57702,9.209012852361202,3.430599591215531,0.0
22.0735,26.88076,31.43432,1264.69286,-1.48761,50.58725,9.203439038271187,3.428523198811126,0.0
22.08425,26.89489,31.38501,1259.93151,-1.49712,50.59746,9.197841536136483,3.4264379819868047,0.0
22.09496,26.90896,31.33556,1255.17578,-1.50721,50.60766,9.192243808443687,3.4243526811361584,0.0
22.10563,26.92298,31.28596,1250.42583,-1.51789,50.61784,9.18666898944073,3.42227591437524,0.0
22.11626,26.93696,31.23619,1245.68177,-1.52916,50.62802,9.181139812491868,3.4202161504803885,0.0
22.12684,26.95088,31.18623,1240.94374,-1.54102,50.63818,9.175678540169429,3.4181816828455567,0.0
22.13738,26.96475,31.13606,1236.21184,-1.55347,50.64833,9.170306897237754,3.416180604517076,0.0
22.14788,26.97858,31.08568,1231.48616,-1.56651,50.65846,9.165046006702285,3.414220784370253,0.0
22.15833,26.99235,31.03506,1226.76678,-1.58013,50.66858,9.159916329009436,3.4123098444597235,0.0
22.16875,27.00608,30.98419,1222.05378,-1.59432,50.67869,9.154937604517121,3.4104551385882105,0.0
22.17912,27.01975,30.93306,1217.34719,-1.60908,50.68879,9.150128799318791,3.4086637321245528,0.0
22.18944,27.03337,30.88164,1212.64708,-1.62439,50.69887,9.145508054485733,3.4069423830951253,0.0
22.19973,27.04695,30.82993,1207.95347,-1.64026,50.70895,9.141092638792204,3.405297524572707,0.0
22.20997,27.06047,30.7779,1203.26637,-1.65665,50.71901,9.136898904943143,3.4037352483701535,0.0
22.22018,27.07395,30.72556,1198.58581,-1.67357,50.72905,9.132942249346668,3.4022612900545917,0.0
22.23034,27.08738,30.67289,1193.91176,-1.691,50.73909,9.12923707544938,3.40088101528886,0.0
22.24046,27.10075,30.61986,1189.24421,-1.70891,50.74911,9.12579676061765,3.399599407493909,0.0
22.25053,27.11408,30.56649,1184.58313,-1.72731,50.75912,9.122633626593021,3.3984210568426696,0.0
22.26057,27.12736,30.51274,1179.92849,-1.74615,50.76912,9.119758913474865,3.397350150567902,0.0
22.27056,27.14058,30.45862,1175.28024,-1.76544,50.77911,9.117182757241945,3.39639046458839,0.0
22.28051,27.15376,30.40412,1170.63831,-1.78515,50.78908,9.114914170764745,3.3955453564355307,0.0
22.29042,27.16689,30.34922,1166.00263,-1.80525,50.79904,9.112961028298269,3.3948177594764966,0.0
22.30029,27.17997,30.29392,1161.37313,-1.82573,50.80899,9.111330053409223,3.394210178416795,0.0
22.31012,27.193,30.23821,1156.74972,-1.84656,50.81893,9.110026810302395,3.393724686069112,0.0
22.3199,27.20598,30.18209,1152.13229,-1.86773,50.82886,9.109055698510737,3.3933629213752305,0.0
22.32965,27.21892,30.12556,1147.52075,-1.8892,50.83877,9.108419950912197,3.3931260886672483,0.0
22.33935,27.2318,30.0686,1142.91498,-1.91096,50.84867,9.108121635025546,3.393014958150306,0.0
22.34902,27.24463,30.01122,1138.31487,-1.93298,50.85856,9.108161657531973,3.393029867587006,0.0
22.35864,27.25742,29.95341,1133.72028,-1.95524,50.86844,9.108539771994913,3.3931707251732424,0.0
22.36822,27.27015,29.89518,1129.13109,-1.97771,50.8783,9.109254589729616,3.3934370135874055,0.0
22.37776,27.28284,29.83651,1124.54716,-2.00036,50.88816,9.110303593750373,3.3938277951860947,0.0
22.38726,27.29548,29.77742,1119.96834,-2.02318,50.898,9.111683155797179,3.394341718346992,0.0
22.39671,27.30807,29.7179,1115.3945,-2.04613,50.90783,9.11338855633494,3.3949770249190965,0.0
22.40613,27.3206,29.65795,1110.82549,-2.0692,50.91765,9.11541400751413,3.395731558776173,0.0
22.41551,27.3331,29.59757,1106.26115,-2.09236,50.92745,9.117752679028719,3.396602775449508,0.0
22.42485,27.34554,29.53678,1101.70133,-2.11558,50.93725,9.120396726799816,3.3975877528133256,0.0
22.43414,27.35793,29.47556,1097.14587,-2.13884,50.94703,9.1233373244613,3.3986832028140097,0.0
22.4434,27.37027,29.41394,1092.59463,-2.16211,50.9568,9.12656469754333,3.3998854842043618,0.0
22.45261,27.38257,29.35191,1088.04744,-2.18538,50.96656,9.13006816031486,3.4011906162684102,0.0
22.46178,27.39482,29.28947,1083.50415,-2.20863,50.9763,9.133836155195334,3.4025942935032982,0.0
22.47092,27.40701,29.22664,1078.9646,-2.23182,50.98604,9.137856294682786,3.40409190123861,0.0
22.48001,27.41916,29.16342,1074.42865,-2.25494,50.99576,9.142115405667639,3.4056785321444227,0.0
22.48907,27.43126,29.09982,1069.89614,-2.27798,51.00547,9.146599576100291,3.4073490036162104,0.0
22.49808,27.44331,29.03584,1065.36692,-2.3009,51.01517,9.151294203853928,3.409097875977531,0.0
22.50705,27.45532,28.9715,1060.84086,-2.3237,51.02485,9.156184047714685,3.410919471475198,0.0
22.51598,27.46727,28.90681,1056.31781,-2.34635,51.03452,9.161253280369438,3.4128078940186315,0.0
22.52488,27.47918,28.84177,1051.79765,-2.36884,51.04418,9.1664855432525,3.414757049611695,0.0
22.53373,27.49103,28.77639,1047.28023,-2.39116,51.05383,9.17186400313828,3.4167606674349438,0.0
22.54254,27.50284,28.71069,1042.76544,-2.41329,51.06347,9.177371410309568,3.418812321514853,0.0
22.55132,27.5146,28.64467,1038.25316,-2.43522,51.07309,9.182990158161166,3.420905452927727,0.0
22.56005,27.52631,28.57835,1033.74329,-2.45694,51.0827,9.188702344059697,3.423033392471586,0.0
22.56874,27.53797,28.51173,1029.23571,-2.47843,51.0923,9.194489831294359,3.4251893837444505,0.0
22.5774,27.54958,28.44483,1024.73034,-2.4997,51.10188,9.200334311905687,3.4273666065497106,0.0
22.58601,27.56115,28.37766,1020.22709,-2.52074,51.11146,9.206217370228618,3.429558200567582,0.0
22.59458,27.57266,28.31022,1015.72589,-2.54153,51.12102,9.21212054691008,3.431757289203354,0.0
22.60312,27.58413,28.24254,1011.22666,-2.56208,51.13056,9.218025403203388,3.433957003538731,0.0
22.61161,27.59555,28.17462,1006.72935,-2.58239,51.1401,9.22391358530292,3.436150506298202,0.0
22.62007,27.60692,28.10647,1002.23391,-2.60244,51.14962,9.229766888495886,3.4383310157472584,0.0
22.62848,27.61824,28.0381,997.7403,-2.62226,51.15912,9.235567320887721,3.440491829431778,0.0
