0.04719,0.04719,58.08641,4990.31303,-0.47304,45.0001,6.843157962660581,2.5492563954134777,0.0
0.09434,0.09434,58.02643,4986.59161,-0.44532,45.00024,6.890838536655523,2.5670186637779993,0.0
0.14146,0.14146,57.97016,4982.8374,-0.4169,45.00043,6.9351338757642855,2.5835198430765285,0.0
0.18854,0.18854,57.91769,4979.05216,-0.38783,45.00067,6.9758979885295025,2.5987055476499306,0.0
0.23558,0.23559,57.86908,4975.23775,-0.35818,45.00095,7.012996712044381,2.6125257982853856,0.0
0.2826,0.2826,57.8244,4971.39611,-0.32801,45.00127,7.046308750647288,2.624935409157455,0.0
0.32957,0.32958,57.78372,4967.52926,-0.29738,45.00163,7.075726627002786,2.63589434213079,0.0
0.37651,0.37652,57.74707,4963.6393,-0.26637,45.00204,7.101157532384206,2.6453680235127592,0.0
0.42339,0.42344,57.71411,4959.72908,-0.24106,45.04057,7.122918085592684,2.653474402137532,17.999999692953104
0.47021,0.47036,57.68448,4955.80121,-0.21551,45.07928,7.141342858374136,2.6603381147835705,17.999999692953104
0.51696,0.51727,57.65819,4951.85751,-0.18978,45.11815,7.156388110136776,2.6659428669295524,17.999999692953104
0.56364,0.56418,57.63528,4947.89984,-0.16391,45.15716,7.168021798012754,2.6702767217641052,17.999999692953104
0.61025,0.61108,57.61573,4943.93009,-0.13796,45.19631,7.1762242076334095,2.673332335166185,17.999999692953104
0.65679,0.65797,57.59956,4939.95015,-0.11199,45.23557,7.180988075310293,2.6751070012207263,17.999999692953104
0.70326,0.70486,57.58676,4935.96197,-0.08606,45.27491,7.182318617023042,2.6756026630173846,17.999999692953104
0.74966,0.75175,57.57731,4931.96746,-0.06023,45.31433,7.180233464152429,2.6748258887094076,17.999999692953104
0.79599,0.79863,57.5712,4927.96855,-0.03454,45.35381,7.174762507099067,2.672787813257487,17.999999692953104
0.84226,0.8455,57.56839,4923.96718,-0.00907,45.39332,7.165947649196579,2.66950404675594,17.999999692953104
0.88845,0.89237,57.56885,4919.96525,0.01615,45.43285,7.153842474446842,2.6649945506553463,17.999999692953104
0.93457,0.93923,57.57253,4915.96467,0.04105,45.47239,7.138511833711292,2.6592834836079193,17.999999692953104
0.98062,0.98609,57.5794,4911.96729,0.06559,45.5119,7.1200313550134675,2.652399019042321,17.999999692953104
1.02661,1.03294,57.58938,4907.97496,0.0897,45.55139,7.098486884419658,2.6443731368769887,17.999999692953104
1.07252,1.07979,57.60243,4903.98947,0.11334,45.59082,7.073973864790144,2.6352413920886306,17.999999692953104
1.11836,1.12663,57.61846,4900.01258,0.13646,45.63019,7.046596660227162,2.6250426630513153,17.999999692953104
1.16414,1.17346,57.63741,4896.046,0.15901,45.66948,7.0164678345768845,2.6138188827594737,17.999999692953104
1.20984,1.22029,57.6592,4892.09137,0.18094,45.70867,6.983707392577933,2.6016147561357577,17.999999692953104
1.25548,1.26711,57.68373,4888.15031,0.20223,45.74775,6.948441992476099,2.5884774667093033,17.999999692953104
1.30104,1.31393,57.71092,4884.22433,0.22281,45.78671,6.910804138859,2.5744563759254047,17.999999692953104
1.34654,1.36073,57.74068,4880.31491,0.24265,45.82553,6.870931364422768,2.5596027183320724,17.999999692953104
1.39197,1.40754,57.77289,4876.42345,0.26172,45.8642,6.828965409026002,2.543969295756036,17.999999692953104
1.43733,1.45434,57.80747,4872.55127,0.27999,45.90271,6.785051404085704,2.5276101734687657,17.999999692953104
1.48263,1.50113,57.84429,4868.69964,0.29741,45.94105,6.739337069840368,2.510580381145854,17.999999692953104
1.52786,1.54791,57.88324,4864.86974,0.31396,45.97921,6.691971932450171,2.492935621216236,17.999999692953104
1.57302,1.59469,57.92422,4861.06266,0.32961,46.01719,6.643106567263601,2.4747319869590996,17.999999692953104
1.61811,1.64146,57.9671,4857.27944,0.34434,46.05496,6.59289187388399,2.456025692447095,17.999999692953104
1.66314,1.68823,58.01175,4853.52102,0.35813,46.09252,6.541478387924054,2.436872816156788,17.999999692953104
1.7081,1.73499,58.05807,4849.78828,0.37095,46.12988,6.489015633596657,2.4173290597916894,17.999999692953104
1.753,1.78175,58.10591,4846.08199,0.38279,46.16702,6.435651520524586,2.397449523578024,17.999999692953104
1.79783,1.8285,58.15515,4842.40288,0.39363,46.20393,6.3815317873921,2.377288499010293,17.999999692953104
1.8426,1.87524,58.20567,4838.75158,0.40347,46.24062,6.326799494343663,2.35689927975645,17.999999692953104
1.8873,1.92198,58.25733,4835.12865,0.41229,46.27707,6.271594565312526,2.336333991163249,17.999999692953104
1.93194,1.96871,58.31,4831.53457,0.42008,46.31329,6.216053380845629,2.315643438572815,17.999999692953104
1.97652,2.01543,58.36355,4827.96976,0.42684,46.34928,6.160308421330129,2.294876974415132,17.999999692953104
2.02103,2.06215,58.41786,4824.43455,0.43257,46.38503,6.1044879600150095,2.2740823838505193,17.999999692953104
2.06549,2.10887,58.47278,4820.92921,0.43726,46.42054,6.048715804701532,2.253305788542525,17.999999692953104
2.10988,2.15558,58.52819,4817.45394,0.44092,46.45581,5.993111086548872,2.2325915679824724,17.999999692953104
2.15421,2.20228,58.58395,4814.00887,0.44355,46.49085,5.937788094078642,2.2119822976517733,17.999999692953104
2.19848,2.24898,58.63995,4810.59408,0.44515,46.52565,5.882856150125303,2.191518703182722,17.999999692953104
2.24269,2.29567,58.69604,4807.20959,0.44574,46.56022,5.8284195292472925,2.1712396295919656,17.999999692953104
2.28684,2.34236,58.7521,4803.85533,0.44531,46.59455,5.774577412924645,2.1511820245904385,17.999999692953104
2.33093,2.38905,58.808,4800.5312,0.44389,46.62866,5.721423879696435,2.1313809349092994,17.999999692953104
2.37497,2.43572,58.86363,4797.23705,0.44148,46.66254,5.66904792734977,2.1118695145659214,17.999999692953104
2.41894,2.4824,58.91885,4793.97266,0.43809,46.69621,5.6175335241695645,2.092679043955772,17.999999692953104
2.46286,2.52907,58.97355,4790.73778,0.43375,46.72965,5.566959686311589,2.0738389586759163,17.999999692953104
2.50672,2.57573,59.02761,4787.53209,0.42846,46.76289,5.51740057834429,2.055376886979488,17.999999692953104
2.55053,2.62239,59.08092,4784.35525,0.42225,46.79592,5.4689256341008425,2.0373186947962587,17.999999692953104
2.59428,2.66904,59.13335,4781.20686,0.41513,46.82875,5.421599695054614,2.0196885372811395,17.999999692953104
2.63797,2.71569,59.18481,4778.0865,0.40712,46.86139,5.37548316355429,2.002508915898298,17.999999692953104
2.68161,2.76234,59.23517,4774.99368,0.39825,46.89384,5.330632168371961,1.9858007400921738,17.999999692953104
2.72519,2.80898,59.28434,4771.92791,0.38854,46.92611,5.287098740159271,1.9695833926495134,17.999999692953104
2.76872,2.85562,59.33221,4768.88864,0.378,46.9582,5.2449309945768325,1.953874797919895,17.999999692953104
2.8122,2.90226,59.37869,4765.87531,0.36666,46.99013,5.204173320987614,1.9386914921089773,17.999999692953104
2.85562,2.94889,59.42368,4762.8873,0.35455,47.02191,5.164866574797803,1.9240486949305369,17.999999692953104
2.89899,2.99552,59.46708,4759.924,0.3417,47.05353,5.127048271661284,1.9099603819527406,17.999999692953104
2.9423,3.04214,59.50881,4756.98475,0.32812,47.085,5.090752781943791,1.8964393570411648,17.999999692953104
2.98557,3.08876,59.54878,4754.06886,0.31384,47.11635,5.056011523977078,1.8834973243510535,17.999999692953104
3.02878,3.13538,59.5869,4751.17563,0.29889,47.14757,5.022853154810362,1.8711449593872511,17.999999692953104
3.07194,3.18199,59.62311,4748.30433,0.2833,47.17867,4.991303757270019,1.8593919786888644,17.999999692953104
3.11505,3.2286,59.65731,4745.45422,0.26709,47.20966,4.961387022315733,1.8482472077617218,17.999999692953104
3.1581,3.27521,59.68945,4742.62454,0.2503,47.24055,4.933124425769228,1.8377186469144782,17.999999692953104
3.20111,3.32182,59.71945,4739.81448,0.23295,47.27135,4.90653539863149,1.8278135347062623,17.999999692953104
3.24407,3.36842,59.74724,4737.02326,0.21507,47.30208,4.881637490310191,1.8185384087531837,17.999999692953104
3.28697,3.41502,59.77277,4734.25006,0.19669,47.33272,4.858446524162156,1.8098991636719977,17.999999692953104
3.32983,3.46162,59.79598,4731.49402,0.17784,47.36331,4.836976744853253,1.801901105975539,17.999999692953104
3.37263,3.50821,59.81681,4728.75432,0.15855,47.39384,4.817240957132682,1.7945490057697997,17.999999692953104
3.41539,3.55481,59.83522,4726.03007,0.13885,47.42434,4.799250655652297,1.7878471451150355,17.999999692953104
3.4581,3.6014,59.85116,4723.32041,0.11877,47.45479,4.783016145559697,1.7817993629498736,17.999999692953104
3.50075,3.64799,59.86458,4720.62444,0.09833,47.48522,4.768546653625366,1.776409096489089,17.999999692953104
3.54336,3.69458,59.87545,4717.94126,0.07758,47.51564,4.7558504297118125,1.7716794190235345,17.999999692953104
3.58592,3.74116,59.88373,4715.26995,0.05654,47.54605,4.744934838446756,1.7676130740708096,17.999999692953104
3.62843,3.78775,59.8894,4712.60958,0.03524,47.57647,4.73580644097184,1.7642125058288107,17.999999692953104
3.6709,3.83433,59.89242,4709.95921,0.01372,47.60691,4.728471066675979,1.761479885898289,17.999999692953104
3.71331,3.88091,59.89277,4707.3179,-0.00801,47.63737,4.722933874849574,1.759417136250668,17.999999692953104
3.75568,3.92749,59.89044,4704.68468,-0.02989,47.66786,4.719199406205274,1.7580259484208822,17.999999692953104
3.79799,3.97407,59.88541,4702.05859,-0.05191,47.6984,4.717271624210619,1.7573077989048764,17.999999692953104
3.84026,4.02065,59.87766,4699.43863,-0.07403,47.729,4.717153946216469,1.7572639607557605,17.999999692953104
3.88248,4.06723,59.86719,4696.82382,-0.09622,47.75966,4.718849264349088,1.757895511366666,17.999999692953104
3.92465,4.11381,59.85399,4694.21317,-0.11845,47.7904,4.722359956134453,1.7592033364285748,17.999999692953104
3.96678,4.16038,59.83807,4691.60565,-0.14068,47.82123,4.727687884860556,1.7611881300652898,17.999999692953104
4.00885,4.20696,59.81944,4689.00026,-0.1629,47.85215,4.734834389636411,1.763850391130154,17.999999692953104
4.05088,4.25353,59.79808,4686.39596,-0.18505,47.88318,4.743800265156049,1.7671904156676017,17.999999692953104
4.09286,4.30011,59.77403,4683.79173,-0.20712,47.91433,4.7545857311585875,1.7712082855362365,17.999999692953104
4.13479,4.34668,59.7473,4681.18651,-0.22906,47.9456,4.7671903915690566,1.7759038531877114,17.999999692953104
4.17667,4.39325,59.7179,4678.57927,-0.25085,47.97701,4.781613183338033,1.7812767226081458,17.999999692953104
4.2185,4.43983,59.68585,4675.96893,-0.27246,48.00857,4.797852315000933,1.7873262264298457,17.999999692953104
4.26029,4.4864,59.6512,4673.35444,-0.29386,48.04029,4.815905194975593,1.7940513992202658,17.999999692953104
4.30202,4.53297,59.61396,4670.73472,-0.31501,48.07218,4.835768349655413,1.8014509469695525,17.999999692953104
4.34371,4.57954,59.57417,4668.10871,-0.33587,48.10425,4.857437331373761,1.8095232128048604,17.999999692953104
4.38534,4.62612,59.53188,4665.47531,-0.35643,48.13651,4.880906616335345,1.8182661389671022,17.999999692953104
4.42693,4.67269,59.48712,4662.83344,-0.37665,48.16897,4.906169492653084,1.8276772251017406,17.999999692953104
4.46847,4.71926,59.43994,4660.18201,-0.39649,48.20163,4.933217938680028,1.8377534829342241,17.999999692953104
4.50995,4.76584,59.39039,4657.51992,-0.41593,48.23452,4.962042491848965,1.848491387409292,17.999999692953104
4.55139,4.81241,59.33853,4654.84609,-0.43493,48.26764,4.992632108323839,1.859886824407432,17.999999692953104
4.59278,4.85898,59.28441,4652.15942,-0.45346,48.30101,5.02497401380103,1.8719350351644333,17.999999692953104
4.63411,4.90556,59.22809,4649.4588,-0.4715,48.33462,5.059053545897546,1.8846305575568416,17.999999692953104
4.6754,4.95213,59.16965,4646.74315,-0.48901,48.36849,5.094853988636789,1.8979671644435492,17.999999692953104
4.71663,4.9987,59.10914,4644.01136,-0.50596,48.40264,5.132356399634787,1.9119377992881237,17.999999692953104
4.75781,5.04528,59.04665,4641.26236,-0.52232,48.43707,5.171539430699444,1.9265345093273032,17.999999692953104
4.79894,5.09185,58.98224,4638.49505,-0.53806,48.47179,5.212379142664954,1.941748376591949,17.999999692953104
4.84001,5.13843,58.916,4635.70836,-0.55316,48.50681,5.254848815396799,1.9575694471289034,17.999999692953104
4.88104,5.185,58.848,4632.90121,-0.56758,48.54214,5.29891875405539,1.973986658829101,17.999999692953104
4.92201,5.23158,58.77834,4630.07256,-0.5813,48.57779,5.344556092824938,1.9909877683114092,17.999999692953104
4.96292,5.27816,58.70711,4627.22135,-0.59429,48.61377,5.391724597461583,2.0085592773666097,17.999999692953104
5.00378,5.32473,58.63439,4624.34655,-0.60652,48.65009,5.440384468185576,2.026686359529551,17.999999692953104
5.04459,5.37131,58.56029,4621.44715,-0.61796,48.68675,5.490492144575799,2.045352787397222,17.999999692953104
5.08534,5.41789,58.4849,4618.52214,-0.6286,48.72377,5.542000114296477,2.0645408613744225,17.999999692953104
5.12604,5.46447,58.40831,4615.57055,-0.6384,48.76115,5.594856727645831,2.0842313405882553,17.999999692953104
5.16668,5.51104,58.33065,4612.59144,-0.64735,48.79891,5.649006020071799,2.1044033767705597,17.999999692953104
5.20726,5.55762,58.25201,4609.58387,-0.65541,48.83704,5.704387544947244,2.1250344519622812,17.999999692953104
5.24779,5.6042,58.1725,4606.54695,-0.66257,48.87557,5.76093621904762,2.1461003209498335,17.999999692953104
5.28826,5.65078,58.09224,4603.47982,-0.66881,48.91448,5.818582183310681,2.167574959394429,17.999999692953104
5.32867,5.69736,58.01133,4600.38165,-0.67411,48.9538,5.877250681554925,2.189430518651502,17.999999692953104
5.36902,5.74394,57.9299,4597.25165,-0.67845,48.99352,5.936861959957115,2.2116372883234496,17.999999692953104
5.40931,5.79052,57.84807,4594.08907,-0.68181,49.03365,5.997331190134265,2.2341636676056393,17.999999692953104
5.44955,5.8371,57.76594,4590.89321,-0.68419,49.07421,6.058568418729301,2.256976146505746,17.999999692953104
5.48972,5.88367,57.68365,4587.66342,-0.68555,49.11518,6.120478546420041,2.2800392980240436,17.999999692953104
5.52983,5.93025,57.60131,4584.39909,-0.68591,49.15658,6.182961339215545,2.303315782361591,17.999999692953104
5.56988,5.97683,57.51905,4581.09967,-0.68523,49.19841,6.245911474850427,2.326766364203337,17.999999692953104
5.60986,6.02341,57.43699,4577.76468,-0.68353,49.24068,6.309218626960766,2.35034994407586,17.999999692953104
5.64979,6.06998,57.35526,4574.39368,-0.68078,49.28338,6.372767589552716,2.374023604715199,17.999999692953104
5.68964,6.11656,57.27398,4570.98631,-0.67699,49.32651,6.436438444054,2.397742673297935,17.999999692953104
5.72944,6.16314,57.19327,4567.54227,-0.67216,49.37009,6.500106770959465,2.421460800284722,17.999999692953104
5.76917,6.20971,57.11327,4564.06134,-0.66628,49.4141,6.563643907720684,2.4451300554909587,17.999999692953104
5.80883,6.25629,57.0341,4560.54336,-0.65936,49.45855,6.626917254173906,2.468701041866725,17.999999692953104
5.84843,6.30286,56.95587,4556.98825,-0.65141,49.50344,6.689790626292033,2.4921230272787103,17.999999692953104
5.88796,6.34943,56.87871,4553.39602,-0.64243,49.54876,6.7521246585917805,2.5153440944174643,17.999999692953104
5.92742,6.396,56.80275,4549.76675,-0.63242,49.59451,6.813777254913411,2.53831130872471,17.999999692953104
5.96682,6.44257,56.72809,4546.1006,-0.62141,49.6407,6.874604086727019,2.560970904025546,17.999999692953104
6.00615,6.48913,56.65487,4542.39782,-0.60942,49.6873,6.934459137433535,2.5832684852948904,17.999999692953104
6.0454,6.5357,56.58319,4538.65876,-0.59645,49.73433,6.99319529049595,2.6051492477518376,17.999999692953104
6.08459,6.58226,56.51317,4534.88382,-0.58252,49.78176,7.050664958485093,2.626558211195764,17.999999692953104
6.1237,6.62882,56.44491,4531.07353,-0.56767,49.8296,7.106720749475362,2.6474404682562667,17.999999692953104
6.16275,6.67538,56.37853,4527.22849,-0.55192,49.87784,7.161216166478512,2.6677414449506576,17.999999692953104
6.20172,6.72194,56.31412,4523.34937,-0.53529,49.92647,7.2140063349515975,2.687407171699809,17.999999692953104
6.24062,6.76849,56.25178,4519.43696,-0.51782,49.97547,7.264948752740659,2.7063845627019165,17.999999692953104
6.27945,6.81504,56.19162,4515.49212,-0.49954,50.02484,7.313904056253335,2.7246217013519454,17.999999692953104
6.3182,6.86159,56.13371,4511.5158,-0.48049,50.07457,7.3607367960846535,2.7420681291826585,17.999999692953104
6.35688,6.90813,56.07814,4507.50903,-0.46071,50.12464,7.405316214865697,2.7586751356336987,17.999999692953104
6.39549,6.95467,56.025,4503.47293,-0.44023,50.17504,7.447517019764287,2.7743960458284267,17.999999692953104
6.43402,7.00121,55.97436,4499.40868,-0.41911,50.22576,7.487220141772016,2.7891865034283168,17.999999692953104
6.47247,7.04774,55.92629,4495.31756,-0.39738,50.27678,7.524313473776082,2.8030047455841363,17.999999692953104
6.51085,7.09427,55.88085,4491.2009,-0.3751,50.32809,7.558692579409419,2.8158118670012637,17.999999692953104
6.54915,7.14079,55.8381,4487.06012,-0.35231,50.37967,7.59026136474829,2.827572070164726,17.999999692953104
6.58738,7.18731,55.79809,4482.8967,-0.32907,50.4315,7.61893270518852,2.838252898867081,17.999999692953104
6.62552,7.23383,55.76087,4478.71216,-0.30542,50.48358,7.644629020209414,2.847825452323103,17.999999692953104
6.66359,7.28034,55.72648,4474.50809,-0.28143,50.53587,7.667282789224357,2.8562645773377047,17.999999692953104
6.70159,7.32685,55.69495,4470.28612,-0.25715,50.58837,7.686837002346152,2.8635490362278855,17.999999692953104
6.7395,7.37335,55.6663,4466.04794,-0.23263,50.64105,7.703245540661047,2.8696616484848114,17.999999692953104
6.77734,7.41985,55.64055,4461.79526,-0.20794,50.6939,7.716473481421454,2.8745894044661315,17.999999692953104
6.8151,7.46634,55.61772,4457.52983,-0.18313,50.7469,7.726497324511293,2.878323549760281,17.999999692953104
6.85277,7.51282,55.59781,4453.25342,-0.15825,50.80002,7.7333051375294595,2.880859639233889,17.999999692953104
6.89037,7.5593,55.58082,4448.96782,-0.13338,50.85326,7.736896617918126,2.8821975601762038,17.999999692953104
6.9279,7.60578,55.56674,4444.67483,-0.10856,50.90658,7.737283071569918,2.8823415243297035,17.999999692953104
6.96534,7.65225,55.55555,4440.37626,-0.08387,50.95998,7.734487308515907,2.8813000290311312,17.999999692953104
7.0027,7.69871,55.54723,4436.07392,-0.05934,51.01343,7.72854345728184,2.879085788054304,17.999999692953104
7.03998,7.74516,55.54175,4431.76959,-0.03505,51.06691,7.719496700597929,2.8757156331550524,17.999999692953104
7.07719,7.79161,55.53908,4427.46508,-0.01105,51.12041,7.707402936095313,2.871210387671733,17.999999692953104
7.11431,7.83806,55.53918,4423.16213,0.01261,51.17391,7.692328366493288,2.865594713859181,17.999999692953104
7.15136,7.88449,55.54199,4418.8625,0.03586,51.22739,7.67434902466083,2.8588969359616363,17.999999692953104
7.18833,7.93092,55.54746,4414.56789,0.05866,51.28082,7.653550239554711,2.851148841260635,17.999999692953104
7.22522,7.97735,55.55552,4410.27997,0.08096,51.33421,7.630026049725369,2.8423854615905184,17.999999692953104
7.26203,8.02376,55.56613,4406.00036,0.10269,51.38752,7.603878571434226,2.8326448379455083,17.999999692953104
7.29876,8.07017,55.57919,4401.73066,0.12383,51.44075,7.575217328866495,2.821967770966351,17.999999692953104
7.33541,8.11658,55.59464,4397.47239,0.14431,51.49387,7.54415855407281,2.810397560150155,17.999999692953104
7.37198,8.16297,55.61239,4393.22704,0.1641,51.54688,7.510824464362186,2.7979797346602617,17.999999692953104
7.40848,8.20936,55.63236,4388.996,0.18315,51.59975,7.4753425248642955,2.784761778611282,17.999999692953104
7.4449,8.25574,55.65445,4384.78065,0.20143,51.65248,7.437844703752632,2.7707928536201347,17.999999692953104
7.48124,8.30212,55.67857,4380.58227,0.21889,51.70506,7.398466727419038,2.756123521338957,17.999999692953104
7.51751,8.34848,55.70462,4376.40208,0.2355,51.75747,7.357347342507491,2.7408054685432743,17.999999692953104
7.55369,8.39484,55.7325,4372.24123,0.25123,51.8097,7.314627591242534,2.724891237172774,17.999999692953104
7.58981,8.4412,55.7621,4368.10082,0.26605,51.86175,7.270450106016402,2.7084339615464463,17.999999692953104
7.62584,8.48754,55.79331,4363.98183,0.27993,51.91359,7.224958428596514,2.6914871147494672,17.999999692953104
7.6618,8.53388,55.82602,4359.88521,0.29285,51.96523,7.178296358731232,2.6741042659717,17.999999692953104
7.69769,8.58021,55.86012,4355.81183,0.30479,52.01666,7.130607336243899,2.6563388503214695,17.999999692953104
7.7335,8.62654,55.8955,4351.76245,0.31573,52.06787,7.082033860107062,2.6382439524154226,17.999999692953104
7.76923,8.67285,55.93203,4347.7378,0.32564,52.11886,7.032716947290169,2.619872104785059,17.999999692953104
7.80489,8.71916,55.96959,4343.73851,0.33453,52.16961,6.982795633552699,2.6012751019090343,17.999999692953104
7.84048,8.76547,56.00807,4339.76513,0.34237,52.22014,6.932406517701636,2.582503830437082,17.999999692953104
7.876,8.81176,56.04734,4335.81817,0.34915,52.27042,6.881683350264199,2.563608115959779,17.999999692953104
7.91144,8.85805,56.08729,4331.89804,0.35488,52.32047,6.8307566669483375,2.5446365864629388,17.999999692953104
7.94681,8.90433,56.1278,4328.00508,0.35954,52.37028,6.779753466732929,2.5256365524077355,17.999999692953104
7.98211,8.95061,56.16873,4324.13956,0.36315,52.41985,6.728796933989044,2.5066539032135697,17.999999692953104
8.01734,8.99687,56.20998,4320.30171,0.36568,52.46917,6.678006203580442,2.4877330197518193,17.999999692953104
8.0525,9.04314,56.25141,4316.49166,0.36716,52.51826,6.627496167535918,2.4689167023262018,17.999999692953104
8.08758,9.08939,56.29292,4312.70949,0.36759,52.5671,6.5773773215625235,2.450246113494909,17.999999692953104
8.1226,9.13564,56.33438,4308.95521,0.36696,52.61571,6.527755649415428,2.4317607349953443,17.999999692953104
8.15755,9.18188,56.37567,4305.2288,0.3653,52.66408,6.478732542892221,2.4134983379398873,17.999999692953104
8.19243,9.22812,56.41669,4301.53013,0.36261,52.71223,6.430404755089662,2.3954949654028073,17.999999692953104
8.22724,9.27434,56.4573,4297.85907,0.35891,52.76014,6.382864384408981,2.377784926461819,17.999999692953104
8.26198,9.32057,56.49742,4294.21539,0.35421,52.80784,6.336198886741372,2.3604008007374953,17.999999692953104
8.29667,9.36677,56.53726,4290.59811,0.35472,52.81625,6.290181676072509,2.3432581789776608,0.0
8.33132,9.41295,56.57707,4287.00644,0.3542,52.82469,6.244594395083644,2.326275717335756,0.0
8.36594,9.45909,56.61673,4283.44035,0.35267,52.83317,6.1995321038568205,2.3094888281935244,0.0
8.40052,9.50521,56.65612,4279.8998,0.35014,52.84167,6.155085448327289,2.2929312795468832,0.0
8.43507,9.55129,56.69515,4276.38465,0.34662,52.85021,6.111340902361753,2.2766352851864458,0.0
8.46958,9.59735,56.7337,4272.89474,0.34212,52.85877,6.068380763798291,2.2606315032222817,0.0
8.50406,9.64338,56.77166,4269.42986,0.33667,52.86737,6.0262831741964815,2.2449490434413617,0.0
8.5385,9.68938,56.80893,4265.98974,0.33028,52.876,5.985122159982064,2.2296154826350274,0.0
8.57291,9.73536,56.8454,4262.57408,0.32296,52.88467,5.94496769268717,2.2146568870400585,0.0
8.60728,9.7813,56.88097,4259.18252,0.31474,52.89336,5.905885766036532,2.2000978410553182,0.0
8.64162,9.82722,56.91556,4255.81467,0.30565,52.90208,5.867938487645233,2.1859614814015735,0.0
8.67593,9.87311,56.94905,4252.4701,0.29569,52.91084,5.831184183184681,2.172269535926066,0.0
8.7102,9.91898,56.98136,4249.14835,0.2849,52.91963,5.795677510962381,2.1590423662864873,0.0
8.74443,9.96482,57.01241,4245.8489,0.27331,52.92845,5.761469584921634,2.1462990137716047,0.0
8.77864,10.01063,57.04209,4242.57122,0.26093,52.9373,5.7286081042204975,2.1340572475728363,0.0
8.81281,10.05642,57.07034,4239.31475,0.24779,52.94619,5.697137487605283,2.1223336148419114,0.0
8.84694,10.10218,57.09707,4236.07886,0.23393,52.9551,5.667099010960575,2.11114349193187,0.0
8.88105,10.14792,57.1222,4232.86295,0.21937,52.96405,5.638530946484559,2.100501136243539,0.0
8.91512,10.19363,57.14567,4229.66634,0.20415,52.97304,5.611468702089595,2.09041973815591,0.0
8.94915,10.23932,57.16739,4226.48835,0.18828,52.98205,5.585944959732691,2.080911472557885,0.0
8.98316,10.28498,57.18731,4223.32827,0.17181,52.9911,5.561989811478098,2.071987549535164,0.0
9.01713,10.33062,57.20537,4220.18537,0.15477,53.00018,5.5396308922230535,2.063658263814088,0.0
9.05107,10.37623,57.22149,4217.05887,0.13718,53.00929,5.518893508111886,2.0559330425992637,0.0
9.08498,10.42182,57.23564,4213.94802,0.11909,53.01843,5.499800759757409,2.0488204914767776,0.0
9.11885,10.46738,57.24775,4210.852,0.10052,53.02761,5.482373659498315,2.04232843809566,0.0
9.1527,10.51292,57.25779,4207.76999,0.08151,53.03682,5.466631241982966,2.0364639733632597,0.0
9.18651,10.55844,57.2657,4204.70116,0.06209,53.04606,5.452590667476098,2.031233489929703,0.0
9.22029,10.60394,57.27144,4201.64465,0.0423,53.05533,5.44026731734499,2.026642717759008,0.0
9.25403,10.64941,57.27499,4198.59958,0.02217,53.06464,5.429674881258456,2.0226967566130076,0.0
9.28775,10.69486,57.2763,4195.56507,0.00174,53.07398,5.420825435696403,2.019400105298216,0.0
9.32143,10.74028,57.27536,4192.5402,-0.01896,53.08335,5.413729513407934,2.0167566875408096,0.0
9.35509,10.78569,57.27214,4189.52407,-0.03988,53.09276,5.408396163551872,2.014769874390546,0.0
9.38871,10.83107,57.26661,4186.51572,-0.061,53.10219,5.404833002257511,2.0134425030559804,0.0
9.4223,10.87642,57.25876,4183.51423,-0.08228,53.11166,5.403046253415323,2.0127768921000744,0.0
9.45585,10.92176,57.24858,4180.51863,-0.10368,53.12117,5.403040779553562,2.0127748529425427,0.0
9.48938,10.96707,57.23606,4177.52795,-0.12516,53.1307,5.404820102668835,2.0134376976197905,0.0
9.52288,11.01236,57.2212,4174.54121,-0.1467,53.14027,5.408386414963823,2.0147662427849977,0.0
9.55634,11.05763,57.204,4171.55741,-0.16824,53.14987,5.41374057943268,2.0167608099261924,0.0
9.58977,11.10288,57.18446,4168.57556,-0.18975,53.1595,5.42088212030869,2.019421221807755,0.0
9.62317,11.1481,57.16258,4165.59465,-0.21121,53.16917,5.429809203405454,2.0227467951469924,0.0
9.65654,11.19331,57.1384,4162.61366,-0.23256,53.17886,5.44051860643762,2.0267363295578273,0.0
9.68988,11.23849,57.1119,4159.63156,-0.25378,53.18859,5.453005679421194,2.0313880927988723,0.0
9.72319,11.28364,57.08313,4156.64733,-0.27482,53.19835,5.467264295325128,2.036699802389851,0.0
9.75646,11.32878,57.0521,4153.65992,-0.29565,53.20815,5.483286791162987,2.0426686036666912,0.0
9.78971,11.37389,57.01884,4150.6683,-0.31624,53.21797,5.501063899785755,2.0492910443725507,0.0
9.82292,11.41899,56.98338,4147.67143,-0.33654,53.22783,5.52058467266035,2.056563045890784,0.0
9.8561,11.46406,56.94577,4144.66825,-0.35653,53.23772,5.541836394005531,2.0644798712583055,0.0
9.88925,11.5091,56.90603,4141.65773,-0.37616,53.24764,5.564804486686813,2.0730360901089724,0.0
9.92237,11.55413,56.86421,4138.6388,-0.3954,53.25759,5.5894724103622355,2.0822255407302017,0.0
9.95545,11.59913,56.82036,4135.61042,-0.41421,53.26757,5.615821552423868,2.0920412894358127,0.0
9.98851,11.64411,56.77454,4132.57155,-0.43256,53.27759,5.64383111237101,2.102475587491999,0.0
10.02153,11.68907,56.72678,4129.52115,-0.45042,53.28763,5.67347798031929,2.113519825858776,0.0
10.05452,11.73401,56.67717,4126.45817,-0.46774,53.29771,5.704736610451287,2.125164488047003,0.0
10.08748,11.77892,56.62575,4123.38159,-0.48451,53.30782,5.737578890292357,2.137399101420191,0.0
10.12041,11.82381,56.57259,4120.29038,-0.50067,53.31795,5.771974006816412,2.1502121873153834,0.0
10.1533,11.86868,56.51776,4117.18354,-0.51621,53.32812,5.807888310454789,2.1635912103828794,0.0
10.18616,11.91352,56.46133,4114.06005,-0.53109,53.33832,5.8452851782249615,2.1775225275980796,0.0
10.21899,11.95835,56.40338,4110.91894,-0.54527,53.34855,5.884124877268543,2.191991337425799,0.0
10.25178,12.00314,56.34399,4107.75922,-0.55874,53.35881,5.924364430240351,2.2069816296741576,0.0
10.28455,12.04792,56.28324,4104.57995,-0.57145,53.36909,5.965957484046436,2.222476136596034,0.0
10.31728,12.09267,56.22121,4101.38018,-0.58338,53.37941,6.008854183591598,2.238456285856701,0.0
10.34997,12.13739,56.15799,4098.15901,-0.59451,53.38976,6.053001052274169,2.2549021560149822,0.0
10.38263,12.1821,56.09367,4094.91554,-0.6048,53.40013,6.0983408810498885,2.2717924351966294,0.0
10.41526,12.22677,56.02835,4091.64891,-0.61424,53.41054,6.144812628022216,2.2891043836890743,0.0
10.44786,12.27143,55.96211,4088.35829,-0.62279,53.42097,6.192351330566581,2.3068138012053936,0.0
10.48042,12.31605,55.89506,4085.04287,-0.63044,53.43144,6.24088803205563,2.3248949995875403,0.0
10.51295,12.36066,55.8273,4081.70189,-0.63717,53.44193,6.290349725330629,2.3433207817479524,0.0
10.54544,12.40523,55.75893,4078.33462,-0.64295,53.45244,6.340659315086802,2.3620624276571003,0.0
10.5779,12.44978,55.69004,4074.94035,-0.64777,53.46299,6.391735601332533,2.381089688181608,0.0
10.61032,12.49431,55.62075,4071.51845,-0.65161,53.47356,6.4434932860972784,2.400370787583122,0.0
10.64271,12.53881,55.55117,4068.06831,-0.65446,53.48416,6.495843005489143,2.4198724354606065,0.0
10.67506,12.58328,55.48139,4064.58936,-0.6563,53.49479,6.548691389143461,2.4395598488965016,0.0
10.70738,12.62773,55.41153,4061.08111,-0.65713,53.50545,6.601941148992426,2.4593967855257453,0.0
10.73966,12.67214,55.3417,4057.5431,-0.65694,53.51613,6.655491199137349,2.479345588191347,0.0
10.7719,12.71654,55.272,4053.97493,-0.65571,53.52684,6.709236808423303,2.499367241782454,0.0
10.80411,12.7609,55.20255,4050.37626,-0.65345,53.53757,6.763069787079904,2.519421442762953,0.0
10.83628,12.80523,55.13346,4046.74681,-0.65016,53.54833,6.816878708550517,2.5394666818086886,0.0
10.86842,12.84954,55.06483,4043.08637,-0.64583,53.55911,6.870549167310764,2.55946033985164,0.0
10.90052,12.89382,54.99678,4039.39479,-0.64047,53.56992,6.923964073138829,2.579358797703351,0.0
10.93258,12.93807,54.92941,4035.67197,-0.63408,53.58076,6.977003981924509,2.5991175592900073,0.0
10.9646,12.98228,54.86283,4031.91791,-0.62667,53.59162,7.029547462692385,2.6186913883782252,0.0
10.99659,13.02647,54.79715,4028.13266,-0.61826,53.6025,7.081471500051521,2.63803445849815,0.0
11.02854,13.07063,54.73247,4024.31635,-0.60885,53.61341,7.132651930853296,2.6571005156099923,0.0
11.06045,13.11476,54.66889,4020.46917,-0.59847,53.62434,7.182963913310667,2.6758430528632924,0.0
11.09232,13.15886,54.60652,4016.59142,-0.58712,53.6353,7.232282426361843,2.6942154966230314,0.0
11.12415,13.20292,54.54545,4012.68342,-0.57484,53.64627,7.280482796542778,2.712171402743497,0.0
11.15594,13.24696,54.48578,4008.74562,-0.56165,53.65728,7.3274412491443375,2.729664661888826,0.0
11.1877,13.29096,54.4276,4004.77851,-0.54756,53.6683,7.373035479946172,2.7466497125189218,0.0
11.21941,13.33493,54.37099,4000.78266,-0.53262,53.67935,7.417145243344578,2.7630817599825526,0.0
11.25109,13.37887,54.31605,3996.75873,-0.51686,53.69042,7.459652952295582,2.7789170000119374,0.0
11.28272,13.42278,54.26286,3992.70744,-0.5003,53.70151,7.500444285090538,2.7941128447626187,0.0
11.3143,13.46666,54.21107,3988.6305,-0.49091,53.76268,7.539851030569962,2.80879289430758,17.999999692953104
11.34579,13.51054,54.16036,3984.52936,-0.48083,53.82418,7.578216539012654,2.8230850556597638,17.999999692953104
11.37721,13.55442,54.11078,3980.40447,-0.47008,53.88602,7.615450718630056,2.836955767257473,17.999999692953104
11.40855,13.59829,54.06241,3976.25631,-0.45868,53.94818,7.651464907671559,2.850372000265776,17.999999692953104
11.43982,13.64215,54.01531,3972.08543,-0.44666,54.01066,7.686172873241642,2.8633016306621677,17.999999692953104
11.471,13.68601,53.96953,3967.89243,-0.43405,54.07344,7.71949120755024,2.8757135868502566,17.999999692953104
11.5021,13.72986,53.92515,3963.67796,-0.42087,54.13653,7.751339721111206,2.887577996136542,17.999999692953104
11.53312,13.77371,53.88221,3959.44272,-0.40715,54.19991,7.781641829665941,2.8988663288696412,17.999999692953104
11.56406,13.81754,53.84076,3955.18747,-0.39294,54.26357,7.8103249315296805,2.9095515390117153,17.999999692953104
11.59492,13.86137,53.80085,3950.913,-0.37825,54.32749,7.837320772072134,2.9196081999170933,17.999999692953104
11.6257,13.9052,53.76252,3946.62017,-0.36312,54.39168,7.862565792040184,2.929012634091644,17.999999692953104
11.6564,13.94901,53.72582,3942.30986,-0.3476,54.45612,7.886001456540814,2.9377430357475727,17.999999692953104
11.68701,13.99282,53.69078,3937.98301,-0.33171,54.52079,7.9075745615945,2.945779585002626,17.999999692953104
11.71755,14.03662,53.65744,3933.64057,-0.3155,54.58568,7.927237515351463,2.953104552640545,17.999999692953104
11.748,14.08042,53.62581,3929.28356,-0.29901,54.65078,7.944948591264652,2.9597023944246605,17.999999692953104
11.77837,14.1242,53.59593,3924.913,-0.28227,54.71609,7.960672150749495,2.965559834044515,17.999999692953104
11.80865,14.16798,53.56781,3920.52996,-0.26533,54.78157,7.974378833184942,2.970665933896239,17.999999692953104
11.83886,14.21175,53.54147,3916.13553,-0.24823,54.84723,7.986045711358683,2.9750121529899967,17.999999692953104
11.86898,14.25551,53.51691,3911.73081,-0.23101,54.91305,7.995656410890809,2.978592391438437,17.999999692953104
11.89902,14.29926,53.49415,3907.31694,-0.21372,54.97901,8.00320119247232,2.9814030210927016,17.999999692953104
11.92897,14.343,53.47319,3902.89505,-0.1964,55.0451,8.008676996172802,2.9834429020481976,17.999999692953104
11.95884,14.38673,53.45402,3898.46631,-0.17908,55.11131,8.012087447479537,2.984713384894331,17.999999692953104
11.98863,14.43045,53.43663,3894.03186,-0.16183,55.17762,8.0134428250878,2.985218298715539,17.999999692953104
12.01834,14.47417,53.42102,3889.59287,-0.14467,55.24402,8.01275999092224,2.98496392502242,17.999999692953104
12.04796,14.51787,53.40716,3885.15051,-0.12765,55.3105,8.010062283221426,2.983958957922906,17.999999692953104
12.0775,14.56156,53.39504,3880.70593,-0.11081,55.37703,8.005379373893843,2.9822144509836206,17.999999692953104
12.10695,14.60525,53.38464,3876.26028,-0.0942,55.44362,7.998747091728317,2.979743751371116,17.999999692953104
12.13632,14.64892,53.37591,3871.81471,-0.07785,55.51024,7.990207213361722,2.9765624219818365,17.999999692953104
12.16561,14.69258,53.36884,3867.37034,-0.06181,55.57688,7.979807224203454,2.9726881523801985,17.999999692953104
12.19482,14.73623,53.36339,3862.92827,-0.04611,55.64353,7.9676000517650545,2.968140659456857,17.999999692953104
12.22394,14.77987,53.3595,3858.48959,-0.0308,55.71018,7.953643774110428,2.9629415788187434,17.999999692953104
12.25298,14.8235,53.35715,3854.05537,-0.0159,55.77681,7.938001306264634,2.9571143479680853,17.999999692953104
12.28193,14.86712,53.35628,3849.62664,-0.00146,55.84341,7.920740067612718,2.950684082399724,17.999999692953104
12.31081,14.91073,53.35684,3845.20439,0.01248,55.90998,7.901931633389726,2.9436774457719714,17.999999692953104
12.3396,14.95433,53.35877,3840.78962,0.02591,55.9765,7.881651373404836,2.936122515321845,17.999999692953104
12.3683,14.99792,53.36203,3836.38324,0.03878,56.04296,7.859978081202207,2.928048643717727,17.999999692953104
12.39693,15.04149,53.36654,3831.98616,0.05107,56.10935,7.836993596766718,2.9194863185073254,17.999999692953104
12.42547,15.08506,53.37225,3827.59924,0.06275,56.17567,7.812782425873343,2.9104670203152976,17.999999692953104
12.45394,15.12861,53.37909,3823.2233,0.07378,56.24189,7.787431359030725,2.9010230808897095,17.999999692953104
12.48232,15.17215,53.387,3818.85912,0.08416,56.30802,7.76102909286263,2.8911875420566617,17.999999692953104
12.51062,15.21568,53.3959,3814.50742,0.09385,56.37405,7.733665856609764,2.8809940165823926,17.999999692953104
12.53883,15.2592,53.40572,3810.16891,0.10283,56.43998,7.705433046196935,2.870476551853664,17.999999692953104
12.56697,15.30271,53.41639,3805.84421,0.11109,56.50578,7.676422868187508,2.859669497241431,17.999999692953104
12.59503,15.3462,53.42783,3801.53392,0.11861,56.57147,7.64672799564297,2.8486073758994706,17.999999692953104
12.623,15.38968,53.43997,3797.23859,0.12538,56.63703,7.616441237717172,2.8373247616795494,17.999999692953104
12.6509,15.43316,53.45273,3792.95871,0.13137,56.70246,7.585655224561662,2.825856161750364,17.999999692953104
12.67872,15.47662,53.46604,3788.69474,0.13658,56.76775,7.554462108861642,2.8142359054118375,17.999999692953104
12.70645,15.52006,53.4798,3784.44707,0.14101,56.83291,7.522953285098309,2.802498039512947,17.999999692953104
12.73411,15.5635,53.49395,3780.21606,0.14463,56.89793,7.491219127379644,2.790676230786802,17.999999692953104
12.76169,15.60692,53.5084,3776.00201,0.14746,56.96281,7.459348746440266,2.7788036753266945,17.999999692953104
12.78919,15.65034,53.52308,3771.80517,0.14948,57.02755,7.427429766202077,2.7669130153490533,17.999999692953104
12.81661,15.69374,53.5379,3767.62575,0.1507,57.09214,7.395548120081938,2.7550362633127063,17.999999692953104
12.84395,15.73713,53.55278,3763.46391,0.15111,57.15659,7.363787866991397,2.7432047333739273,17.999999692953104
12.87122,15.7805,53.56765,3759.31976,0.15072,57.2209,7.332231026848526,2.731448980110273,17.999999692953104
12.89841,15.82387,53.58242,3755.19338,0.14953,57.28506,7.3009574352067785,2.719798744366002,17.999999692953104
12.92552,15.86722,53.59702,3751.08477,0.14755,57.34909,7.2700446164944585,2.708282906030451,17.999999692953104
12.95255,15.91057,53.61138,3746.99391,0.14478,57.41297,7.2395676751787095,2.696929443493747,17.999999692953104
12.97951,15.9539,53.6254,3742.92075,0.14123,57.47672,7.209599204119262,2.685765399506173,17.999999692953104
13.00639,15.99721,53.63903,3738.86517,0.13692,57.54035,7.18020920919471,2.674816853099471,17.999999692953104
13.0332,16.04052,53.65218,3734.82702,0.13186,57.60384,7.151465049300298,2.6641088972344376,17.999999692953104
13.05993,16.08382,53.66479,3730.80611,0.12606,57.66721,7.123431390661682,2.653665621781602,17.999999692953104
13.08658,16.1271,53.67678,3726.80221,0.11953,57.73046,7.096170174423295,2.6435101014470344,17.999999692953104
13.11316,16.17037,53.68809,3722.81505,0.11229,57.79359,7.0697405964017195,2.6336643882299478,17.999999692953104
13.13966,16.21363,53.69865,3718.84433,0.10437,57.85662,7.044199097891936,2.624149507997782,17.999999692953104
13.16609,16.25688,53.70839,3714.88972,0.09578,57.91955,7.019599366395882,2.6149854607576115,17.999999692953104
13.19245,16.30012,53.71726,3710.95083,0.08653,57.98238,6.995992345145083,2.6061912242035765,17.999999692953104
13.21873,16.34334,53.72519,3707.02726,0.07666,58.04512,6.97342625030569,2.5977847601262134,17.999999692953104
13.24494,16.38656,53.73212,3703.11857,0.06618,58.10778,6.951946594780633,2.589783023279379,17.999999692953104
13.27108,16.42976,53.738,3699.22429,0.05512,58.17037,6.931596217540024,2.5822019723066014,17.999999692953104
13.29714,16.47295,53.74278,3695.34393,0.0435,58.23289,6.9124153174574765,2.5750565823459977,17.999999692953104
13.32312,16.51613,53.7464,3691.47695,0.03135,58.29535,6.8944414906664395,2.568360858946491,17.999999692953104
13.34904,16.5593,53.74882,3687.62281,0.0187,58.35776,6.877709770495734,2.5621278529448506,17.999999692953104
13.37488,16.60245,53.75,3683.78092,0.00556,58.42013,6.862252669109123,2.5563696759775234,17.999999692953104
13.40065,16.6456,53.74988,3679.95068,-0.00802,58.48247,6.848100220001079,2.55109751631143,17.999999692953104
13.42635,16.68873,53.74844,3676.13147,-0.02202,58.54479,6.835280020571367,2.5463216547041134,17.999999692953104
13.45197,16.73185,53.74563,3672.32264,-0.03642,58.60709,6.823817274063327,2.5420514800268563,17.999999692953104
13.47753,16.77496,53.74143,3668.52351,-0.05118,58.66939,6.8137348301958385,2.538295504401153,17.999999692953104
13.50301,16.81806,53.73579,3664.7334,-0.06627,58.7317,6.805053223895898,2.5350613776276156,17.999999692953104
13.52842,16.86115,53.7287,3660.9516,-0.08166,58.79402,6.797790711573242,2.5323559006992262,17.999999692953104
13.55376,16.90423,53.72013,3657.17738,-0.09732,58.85637,6.791963304455738,2.530185038219648,17.999999692953104
13.57902,16.94729,53.71006,3653.41,-0.11321,58.91875,6.787584798579525,2.5285539295753345,17.999999692953104
13.60422,16.99035,53.69847,3649.6487,-0.12931,58.98118,6.784666801034281,2.527466898712595,17.999999692953104
13.62936,17.03338,53.68572,3645.8918,-0.13776,58.99428,6.782859235402777,2.526793532954945,0.0
13.65446,17.07637,53.67217,3642.13785,-0.14637,59.00739,6.781812741126649,2.5264036863021664,0.0
13.67953,17.11934,53.6578,3638.38647,-0.15512,59.02052,6.781537004455423,2.5263009671370664,0.0
13.70457,17.16227,53.64261,3634.63725,-0.16398,59.03367,6.782040363411165,2.5264884815922515,0.0
13.72957,17.20516,53.62659,3630.88978,-0.17294,59.04683,6.783329691044945,2.526968790060087,0.0
13.75453,17.24802,53.60973,3627.14365,-0.18198,59.06001,6.785410393138307,2.527743906336431,0.0
13.77946,17.29085,53.59203,3623.39843,-0.19109,59.0732,6.788286406301049,2.5288152969120126,0.0
13.80435,17.33365,53.57348,3619.65368,-0.20024,59.08642,6.791960196415343,2.5301838803928227,0.0
13.82921,17.37641,53.55408,3615.90898,-0.20941,59.09964,6.796432757394717,2.531850027037801,0.0
13.85404,17.41914,53.53383,3612.16387,-0.21859,59.11289,6.80170361025408,2.533813558412399,0.0
13.87882,17.46183,53.51274,3608.41792,-0.22776,59.12615,6.807770802482074,2.536073747154762,0.0
13.90358,17.50449,53.4908,3604.67067,-0.23689,59.13942,6.814630907779832,2.5386293168784104,0.0
13.92829,17.54712,53.46803,3600.92166,-0.24597,59.15272,6.822279026186668,2.5414784422190633,0.0
13.95298,17.58971,53.44443,3597.17046,-0.25498,59.16602,6.830708784685264,2.544618749060086,0.0
13.97762,17.63227,53.42001,3593.41659,-0.26391,59.17935,6.839912338373781,2.54804731496913,0.0
14.00223,17.67479,53.39478,3589.65961,-0.27272,59.19269,6.849880372312972,2.551760669886236,0.0
14.02681,17.71728,53.36875,3585.89907,-0.28141,59.20604,6.860602104180794,2.5557547971127437,0.0
14.05135,17.75974,53.34195,3582.1345,-0.28996,59.21941,6.87206528789196,2.5600251346596687,0.0
14.07586,17.80216,53.31438,3578.36547,-0.29834,59.2328,6.884256218327354,2.564566577009538,0.0
14.10033,17.84455,53.28606,3574.59152,-0.30654,59.2462,6.89715973736755,2.56937347736403,0.0
14.12476,17.88691,53.25701,3570.81221,-0.31455,59.25962,6.910759241429532,2.5744396504516054,0.0
14.14916,17.92923,53.22725,3567.02712,-0.32234,59.27305,6.925036690697342,2.5797583759661635,0.0
14.17353,17.97151,53.19681,3563.2358,-0.32991,59.2865,6.939972620278648,2.5853224027231594,0.0
14.19786,18.01377,53.16571,3559.43785,-0.33723,59.29996,6.955546153504892,2.591123953614256,0.0
14.22215,18.05598,53.13397,3555.63283,-0.34428,59.31344,6.971735017620322,2.597154731451904,0.0
14.24641,18.09816,53.10162,3551.82035,-0.35106,59.32693,6.9885155620888435,2.6034059257891258,0.0
14.27063,18.14031,53.06869,3548.00002,-0.35755,59.34044,7.005862779777318,2.6098682208108497,0.0
14.29482,18.18243,53.03521,3544.17144,-0.36374,59.35396,7.02375033123384,2.6165318043782086,0.0
14.31897,18.2245,53.0012,3540.33425,-0.36961,59.36749,7.042150572329921,2.6233863783259794,0.0
14.34308,18.26655,52.96671,3536.48809,-0.37514,59.38104,7.061034585492265,2.630421170097242,0.0
14.36716,18.30856,52.93175,3532.6326,-0.38034,59.39461,7.080372214746105,2.6376249457979455,0.0
14.3912,18.35053,52.89637,3528.76745,-0.38518,59.40818,7.100132104797053,2.644986024755921,0.0
14.41521,18.39247,52.86059,3524.89234,-0.38965,59.42177,7.120281744358088,2.6524922956613324,0.0
14.43918,18.43437,52.82446,3521.00694,-0.39376,59.43538,7.140787513907394,2.660131234357717,0.0
14.46312,18.47623,52.78801,3517.11099,-0.39748,59.449,7.16161473804105,2.667889923344751,0.0
14.48702,18.51806,52.75128,3513.20422,-0.40081,59.46263,7.1827277425686455,2.675755073047863,0.0
14.51088,18.55986,52.7143,3509.28636,-0.40374,59.47627,7.204089916481325,2.68371304490296,0.0
14.53471,18.60162,52.67711,3505.3572,-0.40627,59.48993,7.225663778860033,2.691749876281511,0.0
14.5585,18.64334,52.63975,3501.41652,-0.40838,59.5036,7.247411050803454,2.699851307285598,0.0
14.58226,18.68502,52.60225,3497.46414,-0.41009,59.51729,7.26929273237799,2.7080028094138053,0.0
14.60598,18.72667,52.56466,3493.49988,-0.41137,59.53098,7.2912691845926245,2.7161896160990144,0.0
14.62966,18.76828,52.52702,3489.5236,-0.41224,59.54469,7.313300216326506,2.724396755091218,0.0
14.6533,18.80986,52.48935,3485.53516,-0.41269,59.55842,7.335345176119916,2.732609082652064,0.0
14.67691,18.8514,52.45171,3481.53448,-0.41271,59.57215,7.357363048674438,2.740811319503717,0.0
14.70049,18.8929,52.41413,3477.52146,-0.41231,59.5859,7.3793125558981245,2.748988088470833,0.0
14.72402,18.93436,52.37665,3473.49605,-0.4115,59.59965,7.401152262215924,2.7571239537114707,0.0
14.74752,18.97579,52.33931,3469.45822,-0.41026,59.61342,7.422840683915484,2.765203461451276,0.0
14.77098,19.01718,52.30214,3465.40796,-0.40861,59.6272,7.444336402151011,2.773211182080395,0.0
14.79441,19.05853,52.26518,3461.34529,-0.40655,59.641,7.4655981792534485,2.781131753482078,0.0
14.8178,19.09984,52.22847,3457.27023,-0.40409,59.6548,7.486585077915055,2.788949925432064,0.0
14.84115,19.14111,52.19204,3453.18287,-0.40123,59.66861,7.5072565827788855,2.7966506048938675,0.0
14.86446,19.18235,52.15594,3449.08328,-0.39798,59.68244,7.527572723930646,2.8042189020227437,0.0
14.88774,19.22355,52.12018,3444.97157,-0.39435,59.69628,7.547494201721088,2.8116401766653096,0.0
14.91098,19.26471,52.08482,3440.84789,-0.39034,59.71012,7.566982512360778,2.818900085146909,0.0
14.93418,19.30583,52.04987,3436.71239,-0.38598,59.72398,7.586000073654615,2.8259846271110156,0.0
14.95735,19.34691,52.01537,3432.56526,-0.38127,59.73785,7.604510350222139,2.832880192167106,0.0
14.98047,19.38795,51.98135,3428.4067,-0.37622,59.75173,7.622477977545692,2.8395736061018573,0.0
15.00356,19.42895,51.94784,3424.23695,-0.37085,59.76562,7.639868884164593,2.8460521763996898,0.0
15.02661,19.46991,51.91487,3420.05624,-0.36517,59.77952,7.656650411307021,2.852303736808798,0.0
15.04963,19.51084,51.88246,3415.86487,-0.35919,59.79343,7.672791429251929,2.8583166906890183,0.0
15.07261,19.55172,51.85064,3411.66311,-0.35294,59.80734,7.688262449751898,2.864080052892305,0.0
15.09554,19.59256,51.81942,3407.45129,-0.34642,59.82127,7.703035733779578,2.8695834899011126,0.0
15.11845,19.63337,51.78884,3403.22973,-0.33966,59.83521,7.717085393958282,2.8748173579864873,0.0
15.14131,19.67413,51.7589,3398.9988,-0.33268,59.84916,7.730387490995954,2.8797727391322576,0.0
15.16414,19.71485,51.72964,3394.75885,-0.32549,59.86311,7.742920123519508,2.884441474500689,0.0
15.18692,19.75553,51.70105,3390.51028,-0.31811,59.87708,7.754663510690175,2.888816195208875,0.0
15.20967,19.79617,51.67317,3386.25348,-0.31056,59.89105,7.765600067067135,2.8928903502174097,0.0
15.23238,19.83677,51.646,3381.98887,-0.30286,59.90503,7.775714469220667,2.8966582311455373,0.0
15.25506,19.87733,51.61954,3377.71688,-0.29504,59.91902,7.7849937136336695,2.900114993840996,0.0
15.27769,19.91785,51.59382,3373.43794,-0.28711,59.93302,7.79342716549791,2.9032566765578984,0.0
15.30029,19.95833,51.56883,3369.15252,-0.27909,59.94703,7.80100659809901,2.9060802146286826,0.0
15.32285,19.99877,51.54459,3364.86107,-0.27102,59.96105,7.807726222487557,2.9085834515173747,0.0
15.34537,20.03916,51.52108,3360.56405,-0.2629,59.97507,7.813582707278779,2.910765146195493,0.0
15.36785,20.07951,51.49833,3356.26195,-0.25476,59.98911,7.818575188433467,2.9126249767856995,0.0
15.3903,20.11983,51.47631,3351.95524,-0.24662,60.00315,7.822705268974607,2.9141635404562334,0.0
15.4127,20.1601,51.45504,3347.64441,-0.23851,60.0172,7.825977008658036,2.9153823495729623,0.0
15.43507,20.20032,51.43451,3343.32994,-0.23045,60.03126,7.828396903694695,2.916283824145389,0.0
15.4574,20.24051,51.4147,3339.01232,-0.22246,60.04532,7.829973856671432,2.916871280621353,0.0
15.47969,20.28066,51.39561,3334.69205,-0.21455,60.05939,7.8307191369216484,2.917148917124062,0.0
15.50194,20.32076,51.37723,3330.3696,-0.20676,60.07348,7.830646331623027,2.9171217952347033,0.0
15.52416,20.36082,51.35955,3326.04546,-0.1991,60.08756,7.829771287993199,2.9167958184588088,0.0
15.54633,20.40084,51.34255,3321.72011,-0.19159,60.10166,7.828112046992114,2.9161777075286457,0.0
15.56847,20.44082,51.32622,3317.39403,-0.18425,60.11576,7.8256887690032055,2.9152749727174965,0.0
15.59057,20.48075,51.31054,3313.06768,-0.17711,60.12987,7.822523652009821,2.91409588335822,0.0
15.61263,20.52065,51.29549,3308.74151,-0.17019,60.14399,7.818640842823621,2.912649434773503,0.0
15.63466,20.5605,51.28105,3304.41599,-0.16349,60.15812,7.814066341960141,2.910945312839495,0.0
15.65664,20.60031,51.2672,3300.09155,-0.15704,60.17225,7.808827902776198,2.9089938564118456,0.0
15.67859,20.64007,51.25391,3295.76862,-0.15086,60.18639,7.802954925534813,2.906806017862099,0.0
15.7005,20.6798,51.24116,3291.44761,-0.14496,60.20054,7.796478347031121,2.9043933219604368,0.0
15.72237,20.71948,51.22892,3287.12893,-0.13936,60.21469,7.789430526475523,2.901767823364158,0.0
15.7442,20.75912,51.21716,3282.81296,-0.13408,60.22886,7.781845128291193,2.8989420629566567,0.0
15.76599,20.79872,51.20586,3278.50007,-0.12912,60.24303,7.773757002508184,2.8959290232910884,0.0
15.78775,20.83828,51.19499,3274.19063,-0.12451,60.2572,7.765202063405795,2.892742083381454,0.0
15.80947,20.87779,51.18451,3269.88496,-0.12025,60.27139,7.756217167052284,2.88939497308292,0.0
15.83115,20.91726,51.17439,3265.58339,-0.11635,60.28558,7.7468399883831,2.8859017273002294,0.0
15.85279,20.95669,51.1646,3261.28623,-0.11283,60.29977,7.737108898391959,2.8822766402381417,0.0
15.8744,20.99608,51.15511,3256.99375,-0.1097,60.31398,7.727062842034418,2.8785342199173063,0.0
15.89596,21.03543,51.14588,3252.70623,-0.10696,60.32819,7.7167412173714105,2.8746891431520467,0.0
15.91749,21.07473,51.13688,3248.42389,-0.10462,60.34241,7.70618375645539,2.8707562111773144,0.0
15.93898,21.11399,51.12808,3244.14697,-0.10269,60.35663,7.695430408428852,2.8667503060998136,0.0
15.96044,21.15321,51.11943,3239.87567,-0.10117,60.37086,7.6845212252723005,2.8626863483361147,0.0
15.98186,21.19239,51.1109,3235.61017,-0.10007,60.3851,7.673496250551771,2.858579255168174,0.0
16.00323,21.23153,51.10246,3231.35062,-0.09939,60.39935,7.662395411550016,2.854443900559368,0.0
16.02458,21.27062,51.09407,3227.09718,-0.09913,60.4136,7.651258415030726,2.850295076323917,0.0
16.04588,21.30967,51.0857,3222.84994,-0.0993,60.42786,7.640124646937081,2.8461474547619656,0.0
16.06715,21.34869,51.07731,3218.60901,-0.09989,60.44213,7.629033076190999,2.8420155528222604,0.0
16.08838,21.38766,51.06885,3214.37447,-0.10091,60.4564,7.618022162793723,2.8379136978672066,0.0
16.10957,21.42658,51.06031,3210.14635,-0.10235,60.47069,7.607129770328856,2.8338559950779496,0.0
16.13072,21.46547,51.05164,3205.9247,-0.10421,60.48497,7.596393082984276,2.8298562965428475,0.0
16.15184,21.50432,51.04281,3201.70952,-0.10648,60.49927,7.585848527112473,2.8259281720366385,0.0
16.17292,21.54312,51.03378,3197.5008,-0.10916,60.51357,7.575531697374171,2.8220848815069925,0.0
16.19397,21.58188,51.02452,3193.2985,-0.11225,60.52788,7.5654772874262175,2.8183393492539333,0.0
16.21497,21.6206,51.015,3189.10256,-0.11573,60.54219,7.555719025126881,2.8147041397920964,0.0
16.23594,21.65928,51.00518,3184.91292,-0.1196,60.55652,7.546289612165092,2.811191435361043,0.0
16.25688,21.69792,50.99504,3180.72948,-0.12386,60.57085,7.5372206680453955,2.807813015058176,0.0
16.27777,21.73652,50.98455,3176.55213,-0.12849,60.58518,7.52854267827441,2.8045802355368306,0.0
16.29863,21.77508,50.97366,3172.38072,-0.13347,60.59952,7.5202849466466715,2.801504013231502,0.0
16.31946,21.81359,50.96237,3168.21511,-0.13881,60.61387,7.512475551445357,2.798594808041458,0.0
16.34024,21.85207,50.95063,3164.05512,-0.14449,60.62823,7.5051413054351395,2.7958626084270257,0.0
16.36099,21.8905,50.93842,3159.90058,-0.15049,60.64259,7.498307719425377,2.7933169178359205,0.0
16.38171,21.92889,50.92572,3155.75126,-0.15681,60.65696,7.491998969265362,2.790966742408107,0.0
16.40238,21.96724,50.9125,3151.60696,-0.16342,60.67134,7.486237866054339,2.788820579878253,0.0
16.42303,22.00555,50.89875,3147.46742,-0.17032,60.68572,7.481045829411231,2.78688640961799,0.0
16.44363,22.04382,50.88443,3143.33241,-0.17748,60.70011,7.476442863589074,2.785171683737916,0.0
16.4642,22.08205,50.86953,3139.20164,-0.1849,60.71451,7.472447536274083,2.7836833191896933,0.0
16.48473,22.12024,50.85403,3135.07483,-0.19255,60.72892,7.46907695988434,2.7824276907993126,0.0
16.50523,22.15839,50.83792,3130.9517,-0.20042,60.74333,7.466346775192398,2.7814106251660813,0.0
16.52569,22.1965,50.82117,3126.83193,-0.20849,60.75774,7.464271137128607,2.7806373953739945,0.0
16.54611,22.23456,50.80378,3122.71519,-0.21675,60.77217,7.462862702596949,2.780112716452809,0.0
16.5665,22.27259,50.78573,3118.60117,-0.22517,60.7866,7.462132620173094,2.7798407415402986,0.0
16.58685,22.31057,50.76701,3114.48951,-0.23374,60.80103,7.46209052156832,2.779825058702339,0.0
16.60717,22.34852,50.74761,3110.37987,-0.24244,60.81548,7.462744514737883,2.7800686883655974,0.0
16.62745,22.38642,50.72752,3106.27188,-0.25124,60.82993,7.464101178541581,2.780574081328448,0.0
16.64769,22.42429,50.70674,3102.16518,-0.26013,60.84438,7.46616555888585,2.7813431173238046,0.0
16.6679,22.46211,50.68527,3098.05938,-0.2691,60.85884,7.468941166279599,2.782377104108601,0.0
16.68807,22.49989,50.66309,3093.95411,-0.27811,60.87331,7.472429974760103,2.783676777063665,0.0
16.70821,22.53763,50.64021,3089.84897,-0.28715,60.88779,7.476632422171446,2.7852422992974364,0.0
16.72831,22.57533,50.61663,3085.74358,-0.29621,60.90227,7.481547411775753,2.7870732622462002,0.0
16.74838,22.61299,50.59236,3081.63753,-0.30525,60.91675,7.487172315205678,2.7891686867739636,0.0
16.7684,22.65061,50.56738,3077.53043,-0.31427,60.93124,7.493502976804366,2.7915270247892066,0.0
16.7884,22.68819,50.54172,3073.42187,-0.32323,60.94574,7.500533719370832,2.7941461613851857,0.0
16.80836,22.72572,50.51537,3069.31145,-0.33213,60.96025,7.508257351391538,2.7970234175338877,0.0
16.82828,22.76322,50.48834,3065.19877,-0.34094,60.97476,7.516665175820316,2.8001555533567823,0.0
16.84816,22.80068,50.46065,3061.08341,-0.34964,60.98927,7.525747000505995,2.8035387720093876,0.0
16.86802,22.83809,50.43231,3056.96498,-0.35821,61.00379,7.535491150376419,2.807168724220133,0.0
16.88783,22.87546,50.40332,3052.84307,-0.36664,61.01832,7.545884481481989,2.8110405135219585,0.0
16.90761,22.9128,50.37371,3048.7173,-0.3749,61.03285,7.556912397046464,2.815148702231646,0.0
16.92735,22.95009,50.34348,3044.58725,-0.38299,61.04739,7.568558865655272,2.8194873182254585,0.0
16.94706,22.98734,50.31266,3040.45255,-0.39087,61.06193,7.580806441724195,2.824049862564254,0.0
16.96673,23.02454,50.28126,3036.31281,-0.39853,61.07648,7.593636288422447,2.8288293180329354,0.0
16.98637,23.06171,50.24931,3032.16766,-0.40596,61.09103,7.607028203189311,2.833818158646077,0.0
17.00597,23.09883,50.21682,3028.01672,-0.41315,61.10559,7.620960646013565,2.839008360182744,0.0
17.02553,23.13592,50.18381,3023.85964,-0.42006,61.12015,7.635410770653214,2.8443914118166753,0.0
17.04506,23.17296,50.15032,3019.69605,-0.4267,61.13472,7.650354458926855,2.8499583288907093,0.0
17.06455,23.20996,50.11636,3015.52563,-0.43304,61.14929,7.665766358259277,2.8556996669035133,0.0
17.08401,23.24692,50.08196,3011.34804,-0.43907,61.16386,7.681619922630543,2.8616055367641935,0.0
17.10343,23.28383,50.04714,3007.16296,-0.44478,61.17844,7.69788745704901,2.867665621359663,0.0
17.12282,23.32071,50.01193,3002.97009,-0.45015,61.19303,7.714540165704718,2.8738691934930487,0.0
17.14217,23.35754,49.97637,2998.76913,-0.45519,61.20761,7.73154820389744,2.880205135228256,0.0
17.16148,23.39433,49.94047,2994.5598,-0.45986,61.22221,7.748880733854859,2.886661958683704,0.0
17.18076,23.43107,49.90428,2990.34184,-0.46417,61.2368,7.766505984501409,2.893227828297799,0.0
17.2,23.46778,49.86781,2986.115,-0.46811,61.2514,7.784391315257035,2.899890584595644,0.0
17.2192,23.50444,49.8311,2981.87906,-0.47166,61.266,7.8025032838760975,2.9066377694608203,0.0
17.23837,23.54105,49.79418,2977.63379,-0.47482,61.28061,7.820807718345938,2.9134566529194914,0.0
17.25751,23.57763,49.75708,2973.379,-0.47759,61.29522,7.8392697928253865,2.920334261429502,0.0
17.2766,23.61416,49.71983,2969.1145,-0.47996,61.30983,7.857854107547569,2.927257407646264,0.0
17.29566,23.65065,49.68247,2964.84015,-0.48193,61.32444,7.8765247726281755,2.9342127216435543,0.0
17.31469,23.68709,49.64503,2960.55579,-0.48348,61.33906,7.895245495627935,2.9411866835328317,0.0
17.33368,23.72349,49.60754,2956.26132,-0.48463,61.35368,7.913979672741916,2.9481656574336554,0.0
17.35263,23.75985,49.57003,2951.95662,-0.48537,61.3683,7.932690483397747,2.9551359267140103,0.0
17.37154,23.79616,49.53253,2947.64161,-0.4857,61.38293,7.9513409880419825,2.9620837304182994,0.0
17.39042,23.83243,49.49508,2943.31624,-0.48562,61.39756,7.969894228850483,2.968995300784611,0.0
17.40927,23.86865,49.4577,2938.98047,-0.48513,61.41219,7.988313333050483,2.9758569017349097,0.0
17.42807,23.90483,49.42043,2934.63429,-0.48424,61.42682,8.006561618518507,2.9826548682130367,0.0
17.44684,23.94097,49.38331,2930.27768,-0.48296,61.44145,8.024602701269151,2.9893756462271073,0.0
17.46557,23.97706,49.34635,2925.91069,-0.48128,61.45608,8.042400604438468,2.996005833448694,0.0
17.48427,24.0131,49.30958,2921.53335,-0.47921,61.47072,8.05991986830755,3.0025322201995013,0.0
17.50293,24.0491,49.27305,2917.14574,-0.47676,61.48536,8.07712566090532,3.008941830653821,0.0
17.52155,24.08506,49.23677,2912.74795,-0.47395,61.49999,8.093983888679958,3.0152219640665416,0.0
17.54014,24.12097,49.20078,2908.34009,-0.47078,61.51463,8.110461306741,3.0213602358412412,0.0
17.55869,24.15683,49.16509,2903.92228,-0.46725,61.52927,8.126525628110699,3.0273446182291885,0.0
17.5772,24.19265,49.12974,2899.49469,-0.46339,61.54391,8.14214563144525,3.033163480458331,0.0
17.59567,24.22842,49.09475,2895.05749,-0.45921,61.55856,8.157291266654116,3.0388056280792806,0.0
17.61411,24.26414,49.06014,2890.61086,-0.45471,61.5732,8.17193375786042,3.0442603413207587,0.0
17.63251,24.29982,49.02594,2886.15502,-0.44991,61.58784,8.186045703104515,3.04951741223181,0.0
17.65088,24.33546,48.99216,2881.6902,-0.44484,61.60248,8.199601170260907,3.0545671804133727,0.0
17.66921,24.37104,48.95882,2877.21665,-0.4395,61.61712,8.212575788587001,3.0594005671225966,0.0
17.6875,24.40659,48.92595,2872.73464,-0.43391,61.63177,8.224946835357239,3.064009107546341,0.0
17.70575,24.44208,48.89356,2868.24444,-0.42809,61.64641,8.236693317095027,3.0683849810622026,0.0
17.72397,24.47753,48.86167,2863.74636,-0.42206,61.66105,8.247796044869844,3.072521039288671,0.0
17.74215,24.51293,48.83028,2859.24071,-0.41584,61.67569,8.258237703210598,3.0764108317571672,0.0
17.76029,24.54828,48.79942,2854.72781,-0.40944,61.69033,8.268002912204002,3.080048629045323,0.0
17.77839,24.58358,48.76909,2850.20801,-0.40288,61.70497,8.277078282399465,3.083429443230494,0.0
17.79646,24.61884,48.7393,2845.68166,-0.3962,61.71961,8.285452462142896,3.086549045522852,0.0
17.81449,24.65405,48.71006,2841.14913,-0.3894,61.73425,8.293116177075524,3.089403980979731,0.0
17.83248,24.68922,48.68137,2836.61077,-0.38251,61.74889,8.300062261524042,3.0919915801992857,0.0
17.85044,24.72433,48.65324,2832.06699,-0.37555,61.76352,8.306285681597117,3.0943099679245436,0.0
17.86836,24.7594,48.62568,2827.51816,-0.36854,61.77816,8.31178354985231,3.096358068507223,0.0
17.88624,24.79442,48.59868,2822.96468,-0.36151,61.79279,8.316555131431407,3.098135608193304,0.0
17.90408,24.82939,48.57225,2818.40696,-0.35447,61.80743,8.320601841661965,3.0996431142295404,0.0
17.92189,24.86431,48.54637,2813.8454,-0.34745,61.82206,8.323927235133558,3.1008819107940777,0.0
17.93966,24.89919,48.52106,2809.28041,-0.34046,61.83669,8.32653698635249,3.1018541117898164,0.0
17.95739,24.93402,48.49629,2804.7124,-0.33354,61.85131,8.328438862105708,3.102562610549253,0.0
17.97509,24.96879,48.47207,2800.14178,-0.3267,61.86594,8.329642685740593,3.103011066527754,0.0
17.99275,25.00352,48.44839,2795.56897,-0.31997,61.88057,8.330160293611762,3.1032038890788467,0.0
18.01037,25.03821,48.42523,2790.99436,-0.31336,61.89519,8.3300054839779,3.103146218416947,0.0
18.02795,25.07284,48.40259,2786.41837,-0.30689,61.90981,8.329193958703195,3.102843903899605,0.0
18.0455,25.10742,48.38045,2781.84139,-0.3006,61.92443,8.327743258155442,3.1023034797753377,0.0
18.06301,25.14196,48.3588,2777.26383,-0.29448,61.93905,8.32567268970937,3.101532138549241,0.0
18.08048,25.17645,48.33763,2772.68607,-0.28858,61.95366,8.323003250314434,3.1005377021374496,0.0
18.09792,25.21089,48.3169,2768.1085,-0.28289,61.96827,8.319757543612793,3.099328590991405,0.0
18.11531,25.24528,48.29662,2763.53149,-0.27745,61.98288,8.315959692123181,3.097913791384039,0.0
18.13267,25.27962,48.27675,2758.9554,-0.27227,61.99749,8.311635244998659,3.0963028210471024,0.0
18.15,25.31391,48.25728,2754.3806,-0.26736,62.0121,8.306811081907515,3.094505693364281,0.0
18.16729,25.34816,48.23818,2749.80741,-0.26275,62.0267,8.301515313583472,3.092532880323524,0.0
18.18454,25.38235,48.21944,2745.23619,-0.25844,62.04131,8.295777179596204,3.090395274433875,0.0
18.20175,25.4165,48.20103,2740.66723,-0.25445,62.05591,8.289626943883055,3.0881041498082866,0.0
18.21893,25.4506,48.18292,2736.10085,-0.25079,62.0705,8.283095788596844,3.085671122619135,0.0
18.23606,25.48465,48.16509,2731.53734,-0.24748,62.0851,8.276215706782006,3.08310811111726,0.0
18.25317,25.51865,48.14752,2726.97697,-0.24453,62.09969,8.269019394417112,3.0804272954149625,0.0
18.27023,25.5526,48.13017,2722.42,-0.24195,62.11428,8.261540142307023,3.0776410772129887,0.0
18.28726,25.5865,48.11302,2717.86667,-0.23974,62.12887,8.253811728309282,3.074762039652019,0.0
18.30426,25.62036,48.09604,2713.31722,-0.23792,62.14345,8.245868310337343,3.071802907453566,0.0
18.32121,25.65416,48.07921,2708.77184,-0.23649,62.15804,8.237744320581518,3.068776507514487,0.0
18.33813,25.68792,48.06249,2704.23074,-0.23546,62.17262,8.22947436132455,3.0656957300955416,0.0
18.35501,25.72163,48.04586,2699.69407,-0.23483,62.1872,8.221093102728753,3.0625734907444224,0.0
18.37186,25.75528,48.02929,2695.16201,-0.23461,62.20177,8.212635182927913,3.0594226930773454,0.0
18.38867,25.78889,48.01274,2690.63468,-0.2348,62.21635,8.204135110711816,3.0562561925264897,0.0
18.40545,25.82246,47.9962,2686.11221,-0.2354,62.23092,8.195627171081235,3.0530867611567336,0.0
18.42218,25.85597,47.97962,2681.59469,-0.23642,62.24548,8.18714533390228,3.0499270536370053,0.0
18.43889,25.88943,47.96299,2677.08221,-0.23785,62.26005,8.178723165857807,3.046789574439861,0.0
18.45555,25.92285,47.94628,2672.57482,-0.23969,62.27461,8.17039374585883,3.0436866463300123,0.0
18.47218,25.95622,47.92944,2668.07257,-0.24194,62.28917,8.162189584063675,3.0406303801968284,0.0
18.48877,25.98954,47.91247,2663.57549,-0.24459,62.30373,8.154142544596088,3.0376326462648007,0.0
18.50533,26.02281,47.89532,2659.08357,-0.24765,62.31829,8.146283772046237,3.0347050467132313,0.0
18.52185,26.05603,47.87798,2654.59681,-0.2511,62.33284,8.138643621803089,3.0318588897232073,0.0
18.53834,26.08921,47.86041,2650.11518,-0.25493,62.34739,8.131251594232669,3.0291051649572744,0.0
18.55479,26.12233,47.8426,2645.63862,-0.25915,62.36194,8.124136272718157,3.026454520477742,0.0
18.5712,26.15541,47.82451,2641.16706,-0.26375,62.37648,8.117325265525475,3.0239172410900834,0.0
18.58758,26.18844,47.80612,2636.70044,-0.2687,62.39103,8.110845151465735,3.0215032281007677,0.0
18.60392,26.22142,47.7874,2632.23863,-0.27401,62.40557,8.104721429285533,3.0192219804638154,0.0
18.62023,26.25435,47.76834,2627.78153,-0.27966,62.42011,8.098978470736387,3.0170825772979253,0.0
18.6365,26.28724,47.74892,2623.329,-0.28564,62.43464,8.093639477203299,3.0150936617294746,0.0
18.65274,26.32007,47.7291,2618.88089,-0.29193,62.44917,8.088726439840684,3.013263426042107,0.0
18.66894,26.35286,47.70888,2614.43704,-0.29853,62.4637,8.084260103092971,3.0115995980871912,0.0
18.68511,26.3856,47.68823,2609.99726,-0.30542,62.47823,8.080259931488056,3.0101094289135117,0.0
18.70124,26.41829,47.66714,2605.56137,-0.31258,62.49276,8.076744079611569,3.00879968158189,0.0
18.71733,26.45094,47.64558,2601.12914,-0.32,62.50728,8.073729365138384,3.0076766211187174,0.0
18.73339,26.48353,47.62355,2596.70037,-0.32766,62.5218,8.07123124482528,3.006746005572584,0.0
18.74942,26.51608,47.60103,2592.27481,-0.33555,62.53631,8.069263793333754,3.006013078125226,0.0
18.76541,26.54858,47.578,2587.85223,-0.34365,62.55083,8.067839684803552,3.0054825602271755,0.0
18.78136,26.58103,47.55446,2583.43237,-0.35193,62.56534,8.066970177072276,3.005158645719151,0.0
18.79728,26.61343,47.53039,2579.01495,-0.36039,62.57984,8.066665098430141,3.005044995897853,0.0
18.81317,26.64579,47.50579,2574.59971,-0.369,62.59435,8.06693283685937,3.005144735507363,0.0
18.82902,26.6781,47.48065,2570.18636,-0.37774,62.60885,8.067780331644718,3.0054604496138353,0.0
18.84483,26.71036,47.45495,2565.7746,-0.3866,62.62335,8.069213067334521,3.005994181355831,0.0
18.86061,26.74257,47.42871,2561.36413,-0.39556,62.63785,8.071235069948322,3.0067474305315622,0.0
18.87636,26.77473,47.4019,2556.95465,-0.40459,62.65234,8.073848905430863,3.0077211530229593,0.0
18.89207,26.80685,47.37454,2552.54583,-0.41367,62.66683,8.077055680293462,3.008915761034603,0.0
18.90775,26.83891,47.34662,2548.13737,-0.4228,62.68132,8.080855044421563,3.0103311241396074,0.0
18.92339,26.87093,47.31813,2543.72893,-0.43194,62.6958,8.08524519606148,3.0119665711373185,0.0
18.93899,26.9029,47.28909,2539.32019,-0.44107,62.71028,8.09022288895868,3.013820892712507,0.0
18.95457,26.93483,47.25949,2534.91082,-0.45018,62.72476,8.095783441677161,3.015892344907089,0.0
18.9701,26.9667,47.22934,2530.50048,-0.45925,62.73923,8.101920749127078,3.01817865341446,0.0
18.98561,26.99853,47.19864,2526.08884,-0.46825,62.7537,8.10862729631228,3.020677018700825,0.0
19.00107,27.0303,47.16741,2521.67557,-0.47717,62.76817,8.115894174366813,3.023384121979207,0.0
19.01651,27.06203,47.13564,2517.26034,-0.48598,62.78263,8.123711098915045,3.026296132049088,0.0
19.03191,27.09371,47.10336,2512.8428,-0.49468,62.79709,8.132066430807228,3.0294087130209384,0.0
19.04727,27.12535,47.07056,2508.42263,-0.50323,62.81154,8.140947199319276,3.0327170329587587,0.0
19.0626,27.15693,47.03727,2503.99951,-0.51163,62.826,8.150339127848254,3.0362157734523154,0.0
19.0779,27.18846,47.00349,2499.57311,-0.51985,62.84044,8.160226662221044,3.039899140162866,0.0
19.09316,27.21995,46.96924,2495.1431,-0.52788,62.85489,8.170593001646683,3.0437608743537226,0.0
19.10839,27.25139,46.93453,2490.70918,-0.53569,62.86933,8.181420132411592,3.0477942654426062,0.0
19.12358,27.28278,46.89938,2486.27104,-0.54328,62.88376,8.192688864382198,3.05199216459984,0.0
19.13873,27.31412,46.86381,2481.82838,-0.55062,62.89819,8.20437887038314,3.056346999417761,0.0
19.15386,27.34541,46.82784,2477.3809,-0.55771,62.91262,8.216468728525502,3.0608507896791033,0.0
19.16895,27.37665,46.79148,2472.92832,-0.56452,62.92704,8.22893596751744,3.0654951642364,0.0
19.184,27.40784,46.75475,2468.47037,-0.57105,62.94145,8.241757115033657,3.0702713790308844,0.0
19.19902,27.43898,46.71768,2464.00678,-0.57728,62.95587,8.254907749160353,3.0751703362570875,0.0
19.214,27.47008,46.68028,2459.53729,-0.58319,62.97027,8.268362552950194,3.0801826046859966,0.0
19.22895,27.50112,46.64258,2455.06167,-0.58879,62.98468,8.282095372089767,3.0852984411477067,0.0
19.24387,27.53212,46.6046,2450.57968,-0.59405,62.99907,8.296079275686706,3.090507813176213,0.0
19.25875,27.56306,46.56637,2446.0911,-0.59897,63.01346,8.310286620128272,3.0958004227984266,0.0
19.2736,27.59395,46.5279,2441.59573,-0.60353,63.02785,8.324689115995223,3.1011657314613403,0.0
19.28841,27.6248,46.48922,2437.09338,-0.60774,63.04223,8.33925789793864,3.106592986062986,0.0
19.30319,27.65559,46.45036,2432.58387,-0.61158,63.0566,8.353963597456161,3.1120712460635036,0.0
19.31793,27.68634,46.41133,2428.06704,-0.61506,63.07097,8.368776418442684,3.1175894116297598,0.0
19.33264,27.71703,46.37217,2423.54274,-0.61815,63.08534,8.383666215376456,3.123136252761727,0.0
19.34731,27.74768,46.3329,2419.01085,-0.62087,63.09969,8.398602573997461,3.1287004393472984,0.0
19.36195,27.77827,46.29354,2414.47124,-0.62321,63.11405,8.413554894283253,3.1342705720729795,0.0
19.37656,27.80881,46.25412,2409.92383,-0.62516,63.12839,8.428492475496345,3.1398352141062724,0.0
19.39113,27.8393,46.21467,2405.36854,-0.62673,63.14273,8.443384603085622,3.1453829234687376,0.0
19.40566,27.86974,46.1752,2400.80529,-0.62792,63.15706,8.458200637190526,3.150902286006133,0.0
19.42016,27.90013,46.13575,2396.23405,-0.62872,63.17139,8.4729101024167,3.1563819488322067,0.0
19.43463,27.93047,46.09633,2391.65478,-0.62915,63.1857,8.487482778623804,3.1618106541495394,0.0
19.44906,27.96076,46.05697,2387.06748,-0.62921,63.20002,8.501888792363943,3.1671772733127757,0.0
19.46346,27.99099,46.01769,2382.47215,-0.6289,63.21432,8.516098708622641,3.1724708410045395,0.0
19.47782,28.02118,45.97853,2377.86881,-0.62822,63.22862,8.530083622506368,3.1776805893914575,0.0
19.49215,28.05131,45.93949,2373.25752,-0.62719,63.24291,8.543815250473545,3.1827959821101075,0.0
19.50644,28.08139,45.9006,2368.63833,-0.62581,63.25719,8.557266020712738,3.187806747935272,0.0
19.52069,28.11142,45.86188,2364.01132,-0.6241,63.27146,8.570409162258603,3.192702913977973,0.0
19.53492,28.14139,45.82336,2359.37658,-0.62206,63.28573,8.58321879243918,3.1974748382618925,0.0
19.5491,28.17132,45.78504,2354.73423,-0.6197,63.29999,8.595670002199725,3.2021132415087417,0.0
19.56326,28.20119,45.74696,2350.08439,-0.61704,63.31424,8.607738938919024,3.2066092379895172,0.0
19.57737,28.231,45.70912,2345.42721,-0.61409,63.32849,8.619402886257028,3.2109543652698487,0.0
19.59146,28.26077,45.67155,2340.76284,-0.61086,63.34272,8.630640340644725,3.2151406127044853,0.0
19.6055,28.29048,45.63426,2336.09148,-0.60737,63.35695,8.641431083997627,3.219160448524986,0.0
19.61952,28.32014,45.59727,2331.4133,-0.60364,63.37117,8.651756252259803,3.223006845374174,0.0
19.63349,28.34975,45.56058,2326.72851,-0.59967,63.38538,8.661598399403763,3.2266733041477758,0.0
19.64744,28.3793,45.52421,2322.03732,-0.5955,63.39958,8.67094155653407,3.230153876012075,0.0
19.66135,28.4088,45.48818,2317.33998,-0.59113,63.41377,8.679771285747844,3.2334431824683634,0.0
19.67522,28.43825,45.45249,2312.63673,-0.58658,63.42796,8.688074728462217,3.2365364333561946,0.0
19.68906,28.46764,45.41716,2307.92781,-0.58188,63.44213,8.695840647933949,3.239429442693053,0.0
19.70286,28.49698,45.38218,2303.2135,-0.57704,63.4563,8.70305946570101,3.2421186422498103,0.0
19.71663,28.52627,45.34757,2298.49406,-0.57208,63.47046,8.709723291782058,3.244601092800817,0.0
19.73036,28.5555,45.31333,2293.7698,-0.56703,63.4846,8.715825948416379,3.246874492967661,0.0
19.74406,28.58468,45.27947,2289.04099,-0.5619,63.49874,8.721362987250604,3.24893718562167,0.0
19.75772,28.61381,45.24599,2284.30794,-0.55671,63.51287,8.726331699857846,3.250788161802565,0.0
19.77135,28.64288,45.21289,2279.57095,-0.55149,63.52699,8.730731121543776,3.252427062136325,0.0
19.78494,28.67189,45.18017,2274.83035,-0.54626,63.5411,8.734562028426668,3.253854175747428,0.0
19.7985,28.70086,45.14782,2270.08643,-0.54103,63.5552,8.73782692782846,3.2550704366792687,0.0
19.81203,28.72976,45.11586,2265.33953,-0.53583,63.56929,8.740530042043819,3.2560774178477065,0.0
19.82552,28.75862,45.08427,2260.58996,-0.53068,63.58337,8.742677285604865,3.2568773225715746,0.0
19.83897,28.78742,45.05304,2255.83805,-0.5256,63.59744,8.744276236178267,3.257472973731088,0.0
19.85239,28.81616,45.02218,2251.08412,-0.52062,63.61151,8.74533609930766,3.257867800633465,0.0
19.86577,28.84485,44.99168,2246.3285,-0.51574,63.62556,8.74586766719555,3.2580658236580966,0.0
19.87912,28.87349,44.96152,2241.57151,-0.511,63.6396,8.745883271805704,3.258071636785961,0.0
19.89244,28.90207,44.9317,2236.81347,-0.50641,63.65363,8.74539673255405,3.2578903881131014,0.0
19.90571,28.93059,44.90221,2232.0547,-0.502,63.66765,8.744423298916125,3.257527758470394,0.0
19.91896,28.95906,44.87303,2227.29551,-0.49777,63.68166,8.742979588285111,3.256989938274028,0.0
19.93217,28.98748,44.84415,2222.53621,-0.49375,63.69566,8.741083519418265,3.256283602732553,0.0
19.94534,29.01584,44.81557,2217.7771,-0.48996,63.70966,8.738754241897304,3.255415885569016,0.0
19.95849,29.04415,44.78725,2213.01848,-0.48641,63.72364,8.736012061941068,3.254394351384221,0.0
19.97159,29.0724,44.7592,2208.26064,-0.48312,63.73761,8.73287836500477,3.2532269668229215,0.0
19.98466,29.1006,44.73139,2203.50385,-0.48011,63.75157,8.729375535567625,3.251922070692595,0.0
19.9977,29.12874,44.7038,2198.74839,-0.47739,63.76552,8.725526874512607,3.2504883431852343,0.0
20.0107,29.15682,44.67642,2193.99453,-0.47497,63.77946,8.721356514527368,3.2489347743619574,0.0
20.02367,29.18486,44.64923,2189.2425,-0.47287,63.79338,8.716889333928467,3.247270632050272,0.0
20.0366,29.21283,44.62221,2184.49256,-0.4711,63.8073,8.712150869304457,3.24550542930132,0.0
20.0495,29.24075,44.59534,2179.74494,-0.46967,63.82121,8.707167227395058,3.2436488915625583,0.0
20.06237,29.26862,44.5686,2174.99984,-0.46859,63.83511,8.701964996581674,3.2417109237056416,0.0
20.0752,29.29643,44.54197,2170.25748,-0.46787,63.849,8.696571158347318,3.2397015770429194,0.0
20.08799,29.32419,44.51543,2165.51804,-0.46752,63.86287,8.691012999085403,3.237631016473884,0.0
20.10076,29.35189,44.48896,2160.78171,-0.46755,63.87674,8.685318022587717,3.235509487884646,0.0
20.11348,29.37954,44.46253,2156.04865,-0.46795,63.89059,8.679513863504383,3.233347285909487,0.0
20.12618,29.40713,44.43612,2151.31901,-0.46875,63.90444,8.673628202127075,3.23115472218537,0.0
20.13884,29.43467,44.40972,2146.59292,-0.46994,63.91827,8.667688680716353,3.2289420941816616,0.0
20.15146,29.46215,44.3833,2141.87052,-0.47151,63.9321,8.661722821665206,3.2267196547139103,0.0
20.16405,29.48958,44.35683,2137.1519,-0.47349,63.94591,8.655757947720556,3.224497582224249,0.0
20.17661,29.51695,44.33031,2132.43716,-0.47586,63.95971,8.649821104455253,3.222285951900176,0.0
20.18913,29.54426,44.30369,2127.72638,-0.47863,63.97351,8.643938985206896,3.220094707712291,0.0
20.20162,29.57153,44.27698,2123.01961,-0.48179,63.98729,8.638137858617537,3.2179336354209283,0.0
20.21408,29.59873,44.25013,2118.31691,-0.48535,64.00106,8.632443498930202,3.215812336609776,0.0
20.2265,29.62589,44.22314,2113.61831,-0.48929,64.01482,8.6268811191668,3.213740203792889,0.0
20.23889,29.65298,44.19598,2108.92383,-0.49362,64.02857,8.621475307273476,3.2117263966271543,0.0
20.25125,29.68003,44.16862,2104.23346,-0.49833,64.04231,8.61624996531806,3.20977981926174,0.0
20.26357,29.70702,44.14107,2099.5472,-0.5034,64.05604,8.611228251807294,3.207909098849745,0.0
20.27586,29.73395,44.11328,2094.86501,-0.50885,64.06976,8.606432527158974,3.206122565235136,0.0
20.28811,29.76083,44.08525,2090.18687,-0.51465,64.08347,8.601884302366088,3.204428231828789,0.0
20.30033,29.78765,44.05695,2085.51271,-0.52079,64.09716,8.597604190854328,3.202833777674148,0.0
20.31252,29.81442,44.02837,2080.84246,-0.52727,64.11085,8.593611863566684,3.2013465307150466,0.0
20.32468,29.84113,43.9995,2076.17604,-0.53408,64.12453,8.589926007202722,3.199973452238754,0.0
20.3368,29.86779,43.97031,2071.51336,-0.5412,64.13819,8.58656428568002,3.19872112251933,0.0
20.34889,29.8944,43.94079,2066.85431,-0.54862,64.15185,8.583543304705579,3.1975957276195577,0.0
20.36094,29.92095,43.91093,2062.19877,-0.55632,64.16549,8.580878579482993,3.1966030473610045,0.0
20.37297,29.94744,43.88072,2057.54661,-0.5643,64.17912,8.578584505482231,3.195748444435001,0.0
20.38496,29.97389,43.85014,2052.89767,-0.57254,64.19275,8.57667433224426,3.195036854644173,0.0
20.39691,30.00027,43.81918,2048.25182,-0.58102,64.20636,8.575160140165274,3.1944727782539606,0.0
20.40884,30.0266,43.78782,2043.60888,-0.58972,64.21996,8.57405282022028,3.1940602724391085,0.0
20.42073,30.05288,43.75607,2038.96868,-0.59863,64.23355,8.573362056572188,3.1938029448051086,0.0
20.43259,30.0791,43.72391,2034.33103,-0.60774,64.24713,8.573096312014444,3.193703947965189,0.0
20.44441,30.10527,43.69134,2029.69574,-0.61702,64.2607,8.573262816216314,3.193765975161375,0.0
20.4562,30.13139,43.65834,2025.06261,-0.62645,64.27426,8.573867556704203,3.193991256904793,0.0
20.46796,30.15744,43.62491,2020.43144,-0.63603,64.28781,8.574915272564985,3.1943815586299977,0.0
20.47969,30.18345,43.59105,2015.80199,-0.64572,64.30135,8.576409450802224,3.1949381793375653,0.0
20.49139,30.2094,43.55676,2011.17406,-0.65551,64.31487,8.578352325342035,3.1956619512237507,0.0
20.50305,30.23529,43.52202,2006.54742,-0.66539,64.32839,8.580744878637246,3.196553240278082,0.0
20.51468,30.26113,43.48685,2001.92183,-0.67533,64.34189,8.583586845852302,3.197611947842349,0.0
20.52627,30.28692,43.45124,1997.29705,-0.68531,64.35538,8.586876721617152,3.198837513126597,0.0
20.53784,30.31265,43.41519,1992.67284,-0.69531,64.36887,8.590611769305626,3.200228916665573,0.0
20.54937,30.33833,43.37869,1988.04897,-0.70532,64.38234,8.594788032868932,3.2017846847270115,0.0
20.56087,30.36395,43.34177,1983.42517,-0.71531,64.3958,8.599400351166553,3.2035028946502737,0.0
20.57234,30.38951,43.30441,1978.80122,-0.72527,64.40924,8.604442374830079,3.2053811811285637,0.0
20.58377,30.41503,43.26663,1974.17684,-0.73518,64.42268,8.609906585632075,3.207416743424346,0.0
20.59518,30.44048,43.22842,1969.55181,-0.74501,64.43611,8.615784318374631,3.2096063535234043,0.0
20.60655,30.46588,43.1898,1964.92586,-0.75476,64.44952,8.622065785276664,3.211946365219753,0.0
20.61789,30.49123,43.15077,1960.29875,-0.7644,64.46292,8.628740102889038,3.2144327241422275,0.0
20.62919,30.51652,43.11135,1955.67024,-0.77391,64.47632,8.635795321521181,3.217060978716675,0.0
20.64047,30.54176,43.07153,1951.04008,-0.78328,64.4897,8.643218457171976,3.2198262920610494,0.0
20.65171,30.56694,43.03134,1946.40803,-0.79249,64.50306,8.650995525983156,3.2227234548202097,0.0
20.66292,30.59207,42.99077,1941.77386,-0.80152,64.51642,8.659111581188759,3.2257468989305624,0.0
20.67409,30.61714,42.94985,1937.13732,-0.81036,64.52976,8.667550752556323,3.228890712312942,0.0
20.68524,30.64216,42.90859,1932.49821,-0.819,64.5431,8.676296288305657,3.232148654488463,0.0
20.69635,30.66712,42.86699,1927.85629,-0.82741,64.55642,8.685330599478325,3.2355141731073154,0.0
20.70743,30.69203,42.82507,1923.21136,-0.83559,64.56973,8.694635306723008,3.238980421377542,0.0
20.71848,30.71688,42.78285,1918.5632,-0.84352,64.58302,8.704191289462797,3.2425402763811517,0.0
20.7295,30.74167,42.74035,1913.91161,-0.85119,64.59631,8.713978737386586,3.246186358256016,0.0
20.74048,30.76641,42.69756,1909.25642,-0.85859,64.60958,8.72397720420649,3.2499110502219257,0.0
20.75144,30.7911,42.65452,1904.59742,-0.86571,64.62284,8.73416566360495,3.253706519422352,0.0
20.76236,30.81572,42.61124,1899.93446,-0.87254,64.63608,8.74452256729036,3.257564738551704,0.0
20.77325,30.8403,42.56773,1895.26736,-0.87907,64.64932,8.755025905046429,3.2614775082252896,0.0
20.7841,30.86481,42.52401,1890.59598,-0.88529,64.66254,8.76565326668327,3.2654364800577254,0.0
20.79493,30.88927,42.4801,1885.92018,-0.89119,64.67575,8.776381905732999,3.2694331803912324,0.0
20.80572,30.91368,42.43602,1881.23981,-0.89678,64.68894,8.787188804781529,3.2734590346334373,0.0
20.81648,30.93803,42.39178,1876.55477,-0.90204,64.70213,8.798050742235342,3.277505392129757,0.0
20.82721,30.96232,42.3474,1871.86495,-0.90697,64.71529,8.808944360388127,3.2815635515200134,0.0
20.83791,30.98655,42.30289,1867.17025,-0.91158,64.72845,8.819846234569733,3.2856247864982344,0.0
20.84857,31.01073,42.25829,1862.47058,-0.91584,64.74159,8.830732943191467,3.2896803719063747,0.0
20.8592,31.03486,42.21359,1857.76589,-0.91978,64.75472,8.841581138460935,3.293721610077448,0.0
20.8698,31.05892,42.16883,1853.05611,-0.92338,64.76784,8.852367617534846,3.297739857341824,0.0
20.88037,31.08293,42.12401,1848.34121,-0.92665,64.78094,8.863069393880146,3.3017265506111313,0.0
20.89091,31.10688,42.07916,1843.62114,-0.9296,64.79403,8.873663768554145,3.3056732339319703,0.0
20.90141,31.13078,42.03428,1838.8959,-0.93222,64.8071,8.884128401189043,3.3095715849295253,0.0
20.91189,31.15462,41.98941,1834.16547,-0.93451,64.82017,8.89444138036123,3.3134134410219778,0.0
20.92233,31.1784,41.94454,1829.42988,-0.9365,64.83321,8.904581293092834,3.317190825311661,0.0
20.93274,31.20212,41.89971,1824.68914,-0.93818,64.84624,8.914527293184106,3.320895972040672,0.0
20.94311,31.22579,41.85492,1819.9433,-0.93955,64.85926,8.92425916809672,3.3245213515066605,0.0
20.95346,31.2494,41.81019,1815.1924,-0.94064,64.87227,8.933757404089357,3.328059694327548,0.0
20.96377,31.27295,41.76553,1810.4365,-0.94145,64.88526,8.94300324932967,3.3315040149523947,0.0
20.97405,31.29645,41.72095,1805.67568,-0.94199,64.89823,8.951978774669474,3.334847634301756,0.0
20.9843,31.31989,41.67647,1800.91004,-0.94227,64.91119,8.960666931832993,3.3380842014443393,0.0
20.99452,31.34327,41.63211,1796.13967,-0.9423,64.92414,8.96905160871834,3.3412077141982577,0.0
21.0047,31.36659,41.58786,1791.36468,-0.9421,64.93707,8.977117681554736,3.3442125385609645,0.0
21.01485,31.38985,41.54375,1786.58521,-0.94169,64.94998,8.984851063669842,3.347093426876371,0.0
21.02498,31.41306,41.49978,1781.80138,-0.94107,64.96289,8.992238750615394,3.3498455346453313,0.0
21.03506,31.4362,41.45596,1777.01334,-0.94027,64.97577,8.999268861425518,3.3524644358954507,0.0
21.04512,31.45929,41.4123,1772.22126,-0.93929,64.98864,9.005930675831548,3.3549461370445828,0.0
21.05515,31.48232,41.36881,1767.42529,-0.93816,65.0015,9.012214667194419,3.3572870891690156,0.0
21.06514,31.5053,41.32549,1762.62562,-0.9369,65.01434,9.018112531046146,3.359484198635922,0.0
21.0751,31.52821,41.28234,1757.82243,-0.93551,65.02716,9.023617209056281,3.3615348360314923,0.0
21.08503,31.55107,41.23939,1753.01591,-0.93403,65.03997,9.02872290832201,3.363436843347009,0.0
21.09493,31.57387,41.19662,1748.20627,-0.93247,65.05277,9.03342511590084,3.365188539392651,0.0
21.10479,31.5966,41.15404,1743.39372,-0.93084,65.06555,9.037720608492561,3.366788723404279,0.0
21.11463,31.61929,41.11165,1738.57846,-0.92918,65.07831,9.041607457255967,3.368236676837794,0.0
21.12443,31.64191,41.06946,1733.76073,-0.92749,65.09105,9.045085027726417,3.3695321633384228,0.0
21.1342,31.66447,41.02746,1728.94073,-0.92579,65.10379,9.048153974867345,3.3706754268972774,0.0
21.14394,31.68697,40.98565,1724.11871,-0.92412,65.1165,9.050816233280296,3.3716671882043365,0.0
21.15365,31.70942,40.94404,1719.2949,-0.92249,65.1292,9.053075002653015,3.372508639227473,0.0
21.16332,31.7318,40.90261,1714.46954,-0.92091,65.14188,9.054934728527664,3.3732014360481126,0.0
21.17296,31.75413,40.86137,1709.64286,-0.91941,65.15455,9.056401078518249,3.3737476900015952,0.0
21.18258,31.7764,40.82031,1704.8151,-0.918,65.1672,9.057480914111046,3.3741499571720968,0.0
21.19216,31.79861,40.77943,1699.9865,-0.91671,65.17984,9.05818225821085,3.374411226302748,0.0
21.2017,31.82076,40.73871,1695.15731,-0.91556,65.19246,9.058514258630767,3.3745349051946234,0.0
21.21122,31.84285,40.69816,1690.32776,-0.91457,65.20506,9.058487147715676,3.3745248056654207,0.0
21.22071,31.86488,40.65777,1685.4981,-0.91374,65.21765,9.058112198326075,3.374385127152283,0.0
21.23016,31.88685,40.61752,1680.66856,-0.91311,65.23022,9.05740167642496,3.3741204390491606,0.0
21.23958,31.90876,40.57742,1675.83938,-0.91269,65.24277,9.056368790519397,3.373735661872474,0.0
21.24897,31.93062,40.53744,1671.01079,-0.91249,65.25531,9.055027638203265,3.3732360473468743,0.0
21.25833,31.95241,40.49758,1666.18301,-0.91254,65.26783,9.053393150096264,3.372627157521047,0.0
21.26766,31.97414,40.45783,1661.35626,-0.91284,65.28034,9.051481031441943,3.3719148430114414,0.0
21.27695,31.99582,40.41817,1656.53078,-0.91341,65.29283,9.049307701661387,3.371105220484437,0.0
21.28622,32.01744,40.3786,1651.70676,-0.91428,65.3053,9.04689023213858,3.3702046494797404,0.0
21.29545,32.03899,40.3391,1646.88442,-0.91544,65.31776,9.044246282529798,3.3692197086839673,0.0
21.30465,32.06049,40.29966,1642.06395,-0.91692,65.3302,9.041394035896923,3.368157171766096,0.0
21.31382,32.08193,40.26027,1637.24555,-0.91872,65.34262,9.038352132919618,3.3670239828697652,0.0
21.32296,32.1033,40.2209,1632.4294,-0.92085,65.35503,9.035139605509709,3.365827231882891,0.0
21.33207,32.12462,40.18156,1627.61568,-0.92334,65.36742,9.031775810050064,3.364574129567388,0.0
21.34115,32.14588,40.14221,1622.80455,-0.92617,65.37979,9.028280360574064,3.3632719826667667,0.0
21.35019,32.16708,40.10286,1617.99618,-0.92938,65.39215,9.02467306210789,3.3619281690743823,0.0
21.35921,32.18822,40.06348,1613.19071,-0.93295,65.40449,9.020973844428003,3.3605501131563495,0.0
21.36819,32.2093,40.02405,1608.38828,-0.93689,65.41681,9.017202696489514,3.3591452613243886,0.0
21.37715,32.23033,39.98457,1603.58903,-0.94122,65.42912,9.013379601718432,3.3577210579304833,0.0
21.38607,32.25129,39.94502,1598.79308,-0.94593,65.44142,9.009524474406827,3.3562849215724064,0.0
21.39496,32.27219,39.90539,1594.00054,-0.95103,65.45369,9.00565709736907,3.354844221869027,0.0
21.40382,32.29304,39.86565,1589.2115,-0.95652,65.46595,9.001797061098928,3.3534062567947336,0.0
21.41265,32.31382,39.82579,1584.42606,-0.9624,65.47819,8.997963704540101,3.351978230614889,0.0
21.42145,32.33455,39.7858,1579.6443,-0.96868,65.49042,8.99417605765043,3.350567232489498,0.0
21.43022,32.35521,39.74567,1574.86628,-0.97534,65.50263,8.99045278590816,3.3491802158003274,0.0
21.43896,32.37582,39.70538,1570.09206,-0.98238,65.51482,8.986812136864389,3.347823978240281,0.0
21.44766,32.39637,39.66491,1565.32169,-0.98982,65.527,8.983271888877168,3.3465051427155097,0.0
21.45634,32.41685,39.62425,1560.5552,-0.99763,65.53916,8.979849302107109,3.345230139089986,0.0
21.46499,32.43728,39.58339,1555.79262,-1.00581,65.55131,8.976561071877864,3.3440051868110476,0.0
21.4736,32.45765,39.54232,1551.03397,-1.01437,65.56343,8.973423284470377,3.3428362784416037,0.0
21.48219,32.47796,39.50101,1546.27925,-1.02328,65.57555,8.970451375413472,3.3417291641222726,0.0
21.49074,32.49821,39.45947,1541.52845,-1.03255,65.58764,8.967660090312298,3.3406893369789543,0.0
21.49927,32.51841,39.41767,1536.78155,-1.04216,65.59972,8.965063448292543,3.3397220195048316,0.0
21.50776,32.53854,39.37561,1532.03854,-1.05211,65.61178,8.962674708053019,3.3388321509140706,0.0
21.51623,32.55862,39.33328,1527.29937,-1.06238,65.62383,8.96050633656731,3.338024375482357,0.0
21.52466,32.57863,39.29065,1522.564,-1.07297,65.63586,8.958569980470724,3.3373030318877834,0.0
21.53307,32.59859,39.24774,1517.83238,-1.08385,65.64787,8.956876440110587,3.3366721435439044,0.0
21.54144,32.61848,39.20452,1513.10443,-1.09503,65.65987,8.955435646284904,3.33613540993427,0.0
21.54979,32.63832,39.16099,1508.38009,-1.10647,65.67185,8.954256639655707,3.3356961989433627,0.0
21.5581,32.6581,39.11713,1503.65928,-1.11818,65.68381,8.953347552858054,3.3353575401917235,0.0
21.56639,32.67782,39.07295,1498.94191,-1.13014,65.69576,8.952715595245921,3.3351221193533984,0.0
21.57464,32.69748,39.02844,1494.22789,-1.14232,65.70769,8.95236704030841,3.334992273468143,0.0
21.58287,32.71709,38.98359,1489.5171,-1.15472,65.71961,8.952307215715491,3.334969987233201,0.0
21.59106,32.73663,38.93839,1484.80944,-1.16732,65.73151,8.952540495972848,3.3350568902670394,0.0
21.59923,32.75612,38.89284,1480.1048,-1.1801,65.74339,8.953070297683785,3.335254255344286,0.0
21.60737,32.77554,38.84694,1475.40305,-1.19305,65.75526,8.953899077361548,3.3355629975807584,0.0
21.61547,32.79491,38.80068,1470.70406,-1.20615,65.76711,8.955028331802483,3.335983674572479,0.0
21.62355,32.81422,38.75406,1466.00771,-1.21938,65.77894,8.956458600970489,3.336516487470208,0.0
21.6316,32.83347,38.70709,1461.31385,-1.23273,65.79076,8.958189473369128,3.337161282980694,0.0
21.63962,32.85266,38.65975,1456.62235,-1.24617,65.80256,8.960219593885952,3.3379175562888976,0.0
21.64761,32.87179,38.61205,1451.93306,-1.25969,65.81434,8.962546674057082,3.338784454881807,0.0
21.65556,32.89086,38.56399,1447.24583,-1.27328,65.82611,8.965167504732685,3.3397607832666756,0.0
21.66349,32.90988,38.51557,1442.56052,-1.28691,65.83786,8.968077971121046,3.3408450085753185,0.0
21.6714,32.92883,38.4668,1437.87697,-1.30057,65.84959,8.97127307015049,3.3420352670319016,0.0
21.67927,32.94773,38.41767,1433.19504,-1.31423,65.86131,8.974746930133106,3.343329371278184,0.0
21.68711,32.96657,38.36818,1428.51456,-1.3279,65.87301,8.97849283268991,3.344724818541221,0.0
21.69492,32.98534,38.31835,1423.83539,-1.34153,65.8847,8.982503236878882,3.346218799621698,0.0
21.70271,33.00406,38.26818,1419.15737,-1.35513,65.89636,8.9867698055031,3.3478082086943957,0.0
21.71046,33.02273,38.21767,1414.48034,-1.36868,65.90802,8.991283433535436,3.349489653897142,0.0
21.71819,33.04133,38.16682,1409.80417,-1.38215,65.91965,8.996034278617335,3.3512594686924064,0.0
21.72588,33.05987,38.11565,1405.12869,-1.39554,65.93127,9.001011793558462,3.3531137239742765,0.0
21.73355,33.07836,38.06416,1400.45377,-1.40883,65.94287,9.006204760807568,3.3550482409097606,0.0
21.74119,33.09678,38.01236,1395.77925,-1.422,65.95445,9.011601328786078,3.3570586044740045,0.0
21.7488,33.11515,37.96025,1391.105,-1.43505,65.96602,9.017189050055284,3.359140177668578,0.0
21.75638,33.13346,37.90785,1386.43088,-1.44795,65.97757,9.022954921192069,3.36128811637623,0.0
21.76393,33.15171,37.85516,1381.75675,-1.46071,65.9891,9.028885424332815,3.3634973848370873,0.0
21.77146,33.1699,37.80218,1377.08249,-1.4733,66.00061,9.034966570269077,3.3657627717029244,0.0
21.77895,33.18803,37.74894,1372.40798,-1.48571,66.01211,9.041183942989719,3.3680789066302848,0.0
21.78642,33.2061,37.69544,1367.73309,-1.49795,66.02359,9.047522745578334,3.3704402773784787,0.0
21.79385,33.22411,37.64168,1363.05772,-1.50999,66.03506,9.053967847350926,3.372841247369603,0.0
21.80126,33.24206,37.58768,1358.38177,-1.52183,66.0465,9.060503832097789,3.3752760736599177,0.0
21.80864,33.25996,37.53346,1353.70512,-1.53346,66.05793,9.067115047311232,3.3777389252784666,0.0
21.81599,33.27779,37.47901,1349.0277,-1.54488,66.06934,9.073785654261583,3.3802239018817044,0.0
21.82331,33.29557,37.42435,1344.34942,-1.55609,66.08073,9.080499678771378,3.38272505266822,0.0
21.8306,33.31329,37.36949,1339.67021,-1.56707,66.09211,9.087241062535593,3.3852363954968716,0.0
21.83787,33.33094,37.31445,1334.98999,-1.57782,66.10347,9.093993714833811,3.387751936150933,0.0
21.8451,33.34854,37.25922,1330.3087,-1.58835,66.11481,9.100741564463789,3.390265687684709,0.0
21.85231,33.36608,37.20383,1325.62631,-1.59865,66.12613,9.107468611733122,3.392771689791802,0.0
21.85949,33.38356,37.14828,1320.94276,-1.60872,66.13744,9.114158980320301,3.3952640281247186,0.0
21.86664,33.40098,37.09258,1316.25802,-1.61856,66.14873,9.12079696882614,3.3977368534991323,0.0
21.87376,33.41834,37.03675,1311.57207,-1.62818,66.15999,9.127367101847257,3.4001844009201023,0.0
21.88085,33.43564,36.98078,1306.88489,-1.63757,66.17125,9.133854180359199,3.402601008351109,0.0
21.88792,33.45288,36.92471,1302.19648,-1.64675,66.18248,9.140243331237519,3.4049811351619605,0.0
21.89495,33.47007,36.86852,1297.50684,-1.65571,66.19369,9.146520055720128,3.4073193801822925,0.0
21.90196,33.48719,36.81224,1292.81598,-1.66447,66.20489,9.152670276616535,3.4096104992882545,0.0
21.90894,33.50425,36.75587,1288.12394,-1.67302,66.21607,9.15868038408039,3.411849422453985,0.0
21.91589,33.52126,36.69942,1283.43073,-1.68138,66.22723,9.164537279767487,3.4140312702016296,0.0
21.92281,33.5382,36.6429,1278.7364,-1.68956,66.23837,9.170228419175295,3.416151369373928,0.0
21.9297,33.55508,36.58632,1274.04101,-1.69757,66.2495,9.175741852006961,3.4182052681708726,0.0
21.93657,33.57191,36.52968,1269.34461,-1.70541,66.2606,9.18106626037627,3.4201887503820556,0.0
21.94341,33.58867,36.47299,1264.64727,-1.7131,66.27169,9.186190994713964,3.4220978487627223,0.0
21.95021,33.60537,36.41626,1259.94907,-1.72065,66.28275,9.191106107170198,3.423928857477061,0.0
21.95699,33.62202,36.3595,1255.25009,-1.72808,66.2938,9.195802382431921,3.425678343578492,0.0
21.96375,33.6386,36.3027,1250.55043,-1.7354,66.30483,9.20027136577754,3.427343157460764,0.0
21.97047,33.65513,36.24588,1245.8502,-1.74261,66.31585,9.204505388259268,3.4289204422390434,0.0
21.97717,33.67159,36.18905,1241.14949,-1.74975,66.32684,9.208497588912367,3.4304076420234444,0.0
21.98383,33.688,36.13219,1236.44844,-1.75682,66.33781,9.212241933877067,3.43180250904244,0.0
21.99047,33.70434,36.07533,1231.74716,-1.76384,66.34877,9.215733232388967,3.4331031095997155,0.0
21.99708,33.72063,36.01845,1227.04579,-1.77083,66.35971,9.218967149520967,3.434307828820866,0.0
22.00367,33.73685,35.96157,1222.34447,-1.77781,66.37062,9.221940215681068,3.435415374191582,0.0
22.01022,33.75301,35.90469,1217.64334,-1.78478,66.38152,9.224649832788945,3.4364247778585835,0.0
22.01675,33.76912,35.8478,1212.94256,-1.79178,66.3924,9.227094277142088,3.437335397697331,0.0
22.02325,33.78516,35.79091,1208.24227,-1.79882,66.40326,9.22927269896237,3.4381469171431136,0.0
22.02972,33.80115,35.73402,1203.54265,-1.80592,66.4141,9.231185118633848,3.4388593437895296,0.0
22.03616,33.81707,35.67713,1198.84385,-1.8131,66.42493,9.232832419673993,3.4394730067700827,0.0
22.04258,33.83293,35.62023,1194.14604,-1.82037,66.43573,9.23421633847545,3.43998855293672,0.0
22.04896,33.84874,35.56333,1189.44941,-1.82775,66.44651,9.23533945089563,3.440406941864103,0.0
22.05532,33.86448,35.50642,1184.75413,-1.83528,66.45728,9.23620515576863,3.4407294397073627,0.0
22.06165,33.88016,35.4495,1180.06037,-1.84295,66.46803,9.236817655422367,3.440957611944215,0.0
22.06796,33.89579,35.39256,1175.36832,-1.8508,66.47875,9.237181933324209,3.4410933150473793,0.0
22.07423,33.91135,35.33561,1170.67816,-1.85884,66.48946,9.237303728979276,3.4411386871335288,0.0
22.08048,33.92685,35.27864,1165.99007,-1.86709,66.50015,9.237189510189262,3.4410961376289717,0.0
22.0867,33.94229,35.22164,1161.30425,-1.87556,66.51082,9.236846442839859,3.4409683360146732,0.0
22.09289,33.95767,35.16462,1156.62088,-1.88429,66.52147,9.23628235836821,3.440758199707028,0.0
22.09906,33.973,35.10755,1151.94013,-1.89327,66.5321,9.235505719058487,3.4404688811295463,0.0
22.10519,33.98826,35.05044,1147.26221,-1.90254,66.54271,9.234525581351235,3.4401037540446193,0.0
22.1113,34.00346,34.99328,1142.58729,-1.9121,66.5533,9.233351557335151,3.439666399208197,0.0
22.11739,34.0186,34.93607,1137.91556,-1.92198,66.56388,9.231993774610936,3.439160589418014,0.0
22.12344,34.03368,34.87879,1133.24719,-1.93218,66.57443,9.230462834699287,3.4385902740194707,0.0
22.12947,34.0487,34.82144,1128.58237,-1.94272,66.58496,9.228769770205833,3.437959562948452,0.0
22.13547,34.06366,34.76401,1123.92128,-1.95362,66.59548,9.226926000905445,3.4372727103715675,0.0
22.14144,34.07856,34.70649,1119.26407,-1.96489,66.60598,9.224943288962407,3.4365340980044943,0.0
22.14739,34.09341,34.64887,1114.61094,-1.97655,66.61645,9.222833693470776,3.4357482181770633,0.0
22.15331,34.10819,34.59115,1109.96204,-1.98859,66.62691,9.220609524482494,3.4349196567075206,0.0
22.1592,34.12291,34.53332,1105.31753,-2.00104,66.63735,9.218283296751874,3.4340530756711294,0.0
22.16506,34.13757,34.47537,1100.67757,-2.01391,66.64777,9.215867683343332,3.433153196117834,0.0
22.1709,34.15217,34.41728,1096.04232,-2.0272,66.65817,9.213375469294409,3.4322247808105124,0.0
22.17671,34.16671,34.35905,1091.41191,-2.04091,66.66856,9.210819505513319,3.4312726170506003,0.0
22.18249,34.18119,34.30067,1086.78651,-2.05507,66.67892,9.208212663078784,3.4303014996535848,0.0
22.18824,34.19561,34.24213,1082.16624,-2.06968,66.68926,9.205567788088123,3.4293162141287135,0.0
22.19397,34.20998,34.18342,1077.55123,-2.08473,66.69959,9.202897657231075,3.428321520129092,0.0
22.19967,34.22428,34.12453,1072.94161,-2.10024,66.70989,9.200214934224126,3.4273221352223135,0.0
22.20535,34.23852,34.06545,1068.3375,-2.1162,66.72018,9.197532127240605,3.426322719032052,0.0
22.211,34.25271,34.00618,1063.73901,-2.13263,66.73045,9.194861547485212,3.4253278578059856,0.0
22.21662,34.26683,33.9467,1059.14626,-2.14952,66.7407,9.192215269026468,3.4243420494523265,0.0
22.22221,34.28089,33.887,1054.55933,-2.16687,66.75093,9.189605089992014,3.4233696890840486,0.0
22.22778,34.2949,33.82708,1049.97833,-2.18468,66.76114,9.187042495256792,3.422415055119253,0.0
22.23332,34.30884,33.76692,1045.40334,-2.20295,66.77134,9.184538620708258,3.4214822959690196,0.0
22.23884,34.32273,33.70652,1040.83445,-2.22168,66.78151,9.182104219178173,3.420575417346104,0.0
22.24433,34.33656,33.64587,1036.27173,-2.24086,66.79167,9.179749628127459,3.4196982702266943,0.0
22.24979,34.35032,33.58496,1031.71524,-2.2605,66.80181,9.177484739163624,3.41885453949485,0.0
22.25523,34.36403,33.52378,1027.16504,-2.28058,66.81192,9.175318969442527,3.4180477332889114,0.0
22.26064,34.37768,33.46234,1022.62121,-2.3011,66.82203,9.173261235025072,3.4172811730761574,0.0
22.26602,34.39127,33.4006,1018.08377,-2.32205,66.83211,9.171319926234501,3.416557984472762,0.0
22.27138,34.40481,33.33859,1013.55277,-2.34343,66.84217,9.169502885064075,3.4158810888275477,0.0
22.27671,34.41828,33.27627,1009.02825,-2.36523,66.85222,9.16781738466379,3.4152531955802568,0.0
22.28202,34.43169,33.21366,1004.51024,-2.38743,66.86224,9.16627011094227,3.414676795407768,0.0
22.2873,34.44505,33.15074,999.99876,-2.41003,66.87225,9.164867146309591,3.414154154167875,0.0
