0.04788,0.04788,50.44011,5053.59182,-0.23798,45.00008,20.59883547307062,7.673608201699178,0.0
0.09565,0.09565,50.42599,5042.11842,0.02427,45.00017,20.546229450005914,7.654011073959807,0.0
0.14331,0.14331,50.4464,5030.63615,0.28504,45.00028,20.394183791780215,7.597370065708695,0.0
0.19087,0.19087,50.50088,5019.20015,0.54265,45.00039,20.14665818932642,7.505160266004089,0.0
0.23831,0.23831,50.58875,5007.86324,0.79551,45.00051,19.80945965593406,7.379544940088053,0.0
0.28564,0.28565,50.70914,4996.67494,1.04211,45.00064,19.38997173020563,7.223274650362612,0.0
0.33286,0.33287,50.861,4985.68062,1.28109,45.00078,18.89683185166509,7.039567070315151,0.0
0.37998,0.37999,51.04311,4974.9209,1.51121,45.00094,18.339579734928744,6.831975994645238,0.0
0.42699,0.427,51.25413,4964.43122,1.73142,45.00111,17.72829940518851,6.604257988063539,0.0
0.47389,0.4739,51.4926,4954.2415,1.94083,45.00129,17.07327538521127,6.360244305902795,0.0
0.52069,0.52071,51.75696,4944.3762,2.13872,45.00149,16.384679857127512,6.103724353652833,0.0
0.56739,0.56741,52.04561,4934.8543,2.32455,45.0017,15.67230308142321,5.838345260941935,0.0
0.61399,0.61402,52.35688,4925.68961,2.49792,45.00194,14.945334554539127,5.567530356984487,0.0
0.6605,0.66054,52.68908,4916.89109,2.65863,45.0022,14.212197849614782,5.29441764441251,0.0
0.70692,0.70696,53.04052,4908.46327,2.80657,45.00248,13.480438193741612,5.021817918844438,0.0
0.75325,0.7533,53.40954,4900.40671,2.94179,45.00278,12.756658812125682,4.752191055410842,0.0
0.7995,0.79956,53.79447,4892.71856,3.06444,45.00312,12.04649998977259,4.487638208681133,0.0
0.84568,0.84575,54.19369,4885.393,3.17476,45.00348,11.354653620969643,4.2299072327285065,0.0
0.89177,0.89185,54.60564,4878.42178,3.27308,45.00387,10.684905612718037,3.9804084775241133,0.0
0.9378,0.93789,55.02879,4871.7947,3.35978,45.00429,10.040198713627046,3.7402381943532848,0.0
0.98376,0.98386,55.4617,4865.50001,3.4353,45.00474,9.422708976875883,3.510207020280683,0.0
1.02965,1.02977,55.90298,4859.52482,3.5001,45.00523,8.83392996844417,3.290871347931803,0.0
1.07548,1.07562,56.3513,4853.85547,3.55468,45.00576,8.274759859018893,3.082565769519841,0.0
1.12125,1.12141,56.80541,4848.47779,3.59955,45.00632,7.745587580733075,2.8854351724977665,0.0
1.16697,1.16714,57.26412,4843.37741,3.63522,45.00692,7.246375211164981,2.699465429765685,0.0
1.21263,1.21283,57.72631,4838.53993,3.66221,45.00757,6.776734618980242,2.5245119521891954,0.0
1.25825,1.25847,58.19095,4833.95114,3.68103,45.00825,6.335997143515657,2.3603256460777318,0.0
1.30382,1.30406,58.65704,4829.59711,3.69217,45.00898,5.923275678314387,2.206576040934949,0.0
1.34934,1.34961,59.12368,4825.46437,3.69612,45.00976,5.537518991560166,2.0628715252497116,0.0
1.39482,1.39512,59.58998,4821.53991,3.69333,45.01057,5.1775584581832685,1.9287767554351725,0.0
1.44027,1.4406,60.05517,4817.81131,3.68426,45.01144,4.8421476162264625,1.8038273916158738,0.0
1.48567,1.48604,60.5185,4814.26674,3.66931,45.01235,4.529995112490424,1.6875423707475201,0.0
1.53104,1.53144,60.97926,4810.89499,3.6489,45.01331,4.239791687380742,1.5794339591825004,0.0
1.57638,1.57682,61.43682,4807.68549,3.6234,45.01431,3.9702318824850877,1.4790158393135435,0.0
1.62168,1.62216,61.89058,4804.6283,3.59316,45.01537,3.720031150626252,1.3858094835186694,0.0
1.66695,1.66748,62.33998,4801.7141,3.55853,45.01648,3.4879390186387016,1.299349057641787,0.0
1.7122,1.71277,62.78451,4798.93417,3.5198,45.01763,3.272748906979007,1.219185079055951,0.0
1.75741,1.75803,63.2237,4796.28039,3.47728,45.01884,3.0733051547338253,1.1448870336636723,0.0
1.8026,1.80328,63.65709,4793.74517,3.43123,45.0201,2.888507738845612,1.0760451339326667,0.0
1.84777,1.8485,64.08429,4791.32148,3.38191,45.02141,2.717315116287909,1.0122713776809324,0.0
1.89291,1.8937,64.50491,4789.00279,3.32955,45.02278,2.558745560006523,0.9532000457499892,0.0
1.93802,1.93888,64.91859,4786.78303,3.27438,45.0242,2.411877305424102,0.8984877565816876,0.0
1.98312,1.98404,65.32503,4784.65659,3.21659,45.02567,2.275847775034393,0.8478131773591681,0.0
2.02819,2.02918,65.72391,4782.61826,3.15638,45.0272,2.1498521046168064,0.8008764749830094,0.0
2.07325,2.07431,66.11495,4780.66324,3.09391,45.02878,2.0331411558480412,0.7573985757167658,0.0
2.11828,2.11942,66.4979,4778.78707,3.02936,45.03041,1.925019166460874,0.7171202898092897,0.0
2.1633,2.16452,66.87252,4776.98563,2.96287,45.0321,1.8248411602481616,0.679801346653075,0.0
2.2083,2.2096,67.23858,4775.25513,2.89457,45.03384,1.7320102147040999,0.6452193769087332,0.0
2.25328,2.25467,67.59588,4773.59205,2.8246,45.03564,1.6459746634851276,0.6131688703480728,0.0
2.29825,2.29973,67.94423,4771.99313,2.75308,45.0375,1.5662252937011518,0.5834601317713365,0.0
2.34319,2.34478,68.28345,4770.45536,2.68012,45.03941,1.4922925838563044,0.5559182520674595,0.0
2.38813,2.38981,68.61337,4768.97597,2.60581,45.04138,1.4237440166346658,0.5303821071560461,0.0
2.43305,2.43484,68.93385,4767.55237,2.53026,45.0434,1.3601814912795231,0.5067033940305595,0.0
2.47795,2.47985,69.24475,4766.18219,2.45354,45.04632,1.3012390195952956,0.48474577245841705,1.999999965883678
2.52284,2.52486,69.54592,4764.86321,2.37574,45.04926,1.2465801812156172,0.4643839170013946,1.999999965883678
2.56772,2.56986,69.83726,4763.59339,2.29694,45.05222,1.1958957640208367,0.4455026380090617,1.999999965883678
2.61258,2.61485,70.11864,4762.37082,2.21721,45.05521,1.1489018883966418,0.4279961828557647,1.999999965883678
2.65743,2.65984,70.38996,4761.19374,2.13661,45.05823,1.1053380689819279,0.41176751389071,1.999999965883678
2.70227,2.70482,70.65113,4760.0605,2.05522,45.06128,1.064965412680618,0.39672763714995307,1.999999965883678
2.74709,2.74979,70.90206,4758.96958,1.97307,45.06436,1.0275649473242143,0.382794979739224,1.999999965883678
2.7919,2.79476,71.14265,4757.91954,1.89023,45.06748,0.9929360759935836,0.36989481402812313,1.999999965883678
2.8367,2.83972,71.37285,4756.90905,1.80675,45.07064,0.9608951512738411,0.35795872652255156,1.999999965883678
2.88149,2.88468,71.59257,4755.93687,1.72267,45.07383,0.9312741632749635,0.3469241291178694,1.999999965883678
2.92627,2.92963,71.80174,4755.00184,1.63804,45.07706,0.9039195350338275,0.3367338103544601,1.999999965883678
2.97104,2.97458,72.00032,4754.10284,1.5529,45.08033,0.8786910188620282,0.3273355242782541,1.999999965883678
3.01579,3.01953,72.18823,4753.23886,1.46728,45.08365,0.8554606872913603,0.3186816145413704,1.999999965883678
3.06054,3.06447,72.36544,4752.40892,1.38122,45.08701,0.834112012446267,0.3107286714441315,1.999999965883678
3.10528,3.10941,72.53188,4751.6121,1.29476,45.09041,0.8145390279262636,0.303437219714213,1.999999965883678
3.15,3.15435,72.68752,4750.84754,1.20793,45.09386,0.7966455675780704,0.2967714349292342,1.999999965883678
3.19472,3.19929,72.83232,4750.1144,1.12075,45.09736,0.7803445758753152,0.29069888661505294,1.999999965883678
3.23943,3.24422,72.96624,4749.4119,1.03327,45.10091,0.7655574849738046,0.2851903061824627,1.999999965883678
3.28413,3.28915,73.08925,4748.73928,0.9455,45.10451,0.7522136538750968,0.28021937800086727,1.999999965883678
3.32882,3.33409,73.20131,4748.09583,0.85747,45.10815,0.740249865500386,0.2757625520450702,1.999999965883678
3.3735,3.37902,73.30241,4747.48084,0.76922,45.11185,0.7296098778384333,0.2717988766860687,1.999999965883678
3.41818,3.42395,73.39251,4746.89365,0.68075,45.1156,0.7202440256934656,0.26830985033166704,1.999999965883678
3.46284,3.46888,73.4716,4746.3336,0.5921,45.11941,0.7121088699081238,0.2652792907527962,1.999999965883678
3.5075,3.51381,73.53965,4745.80006,0.50329,45.12326,0.7051668912782035,0.26269322105870024,1.999999965883678
3.55215,3.55874,73.59665,4745.2924,0.41435,45.12717,0.6993862267048792,0.26053977140669804,1.999999965883678
3.59679,3.60367,73.64259,4744.81003,0.32528,45.13114,0.694740445451727,0.2588090956520373,1.999999965883678
3.64143,3.64861,73.67746,4744.35232,0.23612,45.13516,0.6912083636804831,0.2574933022575844,1.999999965883678
3.68606,3.69354,73.70125,4743.9187,0.14689,45.13924,0.6887738957410866,0.2565863988954526,1.999999965883678
3.73068,3.73848,73.71395,4743.50855,0.0576,45.14338,0.6874259409790443,0.25608425027976756,1.999999965883678
3.77529,3.78341,73.71555,4743.1213,-0.03172,45.14757,0.6871583051106165,0.2559845488768547,1.999999965883678
3.8199,3.82835,73.70607,4742.75634,-0.12105,45.15182,0.6879696554881831,0.2562867982404115,1.999999965883678
3.8645,3.8733,73.68549,4742.41307,-0.21038,45.15614,0.6898635098526403,0.25699230882147905,1.999999965883678
3.90909,3.91824,73.65383,4742.09087,-0.29967,45.16051,0.6928482584382477,0.2581042062030796,1.999999965883678
3.95368,3.96319,73.61109,4741.78913,-0.38892,45.16494,0.6969372195590638,0.2596274518076258,1.999999965883678
3.99826,4.00814,73.55727,4741.50721,-0.4781,45.16944,0.7021487290732072,0.26156887622471214,1.999999965883678
4.04284,4.05309,73.4924,4741.24445,-0.56719,45.174,0.7085062643870689,0.26393722540594705,1.999999965883678
4.08741,4.09805,73.41648,4741.00019,-0.65616,45.17862,0.7160386039287234,0.2667432200729945,1.999999965883678
4.13197,4.14301,73.32952,4740.77373,-0.745,45.1833,0.7247800232892231,0.2699996287853664,1.999999965883678
4.17653,4.18797,73.23156,4740.56434,-0.83369,45.18805,0.734770529506011,0.2737213552171588,1.999999965883678
4.22108,4.23294,73.12261,4740.37127,-0.92219,45.19286,0.7460561352396224,0.2779255402950871,1.999999965883678
4.26562,4.27791,73.00269,4740.19375,-1.01048,45.19774,0.7586891748770324,0.2826316799553001,1.999999965883678
4.31016,4.32289,72.87183,4740.03094,-1.09855,45.20269,0.7727286648797353,0.287861759382521,1.999999965883678
4.35469,4.36787,72.73007,4739.88199,-1.18636,45.2077,0.7882407109859673,0.2936404047035895,1.999999965883678
4.39922,4.41286,72.57743,4739.74598,-1.27388,45.21279,0.8052989651637216,0.2999950532144827,1.999999965883678
4.44374,4.45785,72.41397,4739.62196,-1.36108,45.21794,0.8239851355016519,0.3069561433280937,1.999999965883678
4.48826,4.50285,72.23971,4739.50891,-1.44794,45.22316,0.8443895525078143,0.31455732553541177,1.999999965883678
4.53277,4.54785,72.0547,4739.40576,-1.53443,45.22846,0.8666117955599683,0.3228356957747437,1.999999965883678
4.57727,4.59286,71.85899,4739.31135,-1.6205,45.23383,0.8907613835071235,0.3318320526989597,1.999999965883678
4.62177,4.63787,71.65264,4739.22449,-1.70612,45.23927,0.9169585336535947,0.3415911804170248,1.999999965883678
4.66627,4.68289,71.43571,4739.14387,-1.79126,45.24479,0.9453349935476298,0.352162158357148,1.999999965883678
4.71076,4.72791,71.20825,4739.06811,-1.87587,45.25038,0.9760349501378229,0.36359869995146743,1.999999965883678
4.75524,4.77295,70.97034,4738.99574,-1.95991,45.25605,1.0092160209291794,0.37595952186776377,1.999999965883678
4.79971,4.81798,70.72205,4738.92517,-2.04334,45.26181,1.045050331744607,0.3893087455039731,1.999999965883678
4.84419,4.86303,70.46347,4738.85472,-2.12609,45.26764,1.0837256855479644,0.4037163324055263,1.999999965883678
4.88865,4.90808,70.19467,4738.78257,-2.20813,45.27356,1.1254468264744677,0.41925855514993376,1.999999965883678
4.93311,4.95313,69.91575,4738.70677,-2.28939,45.27956,1.1704368027049783,0.4360185050533169,1.999999965883678
4.97756,4.99819,69.62681,4738.62524,-2.36981,45.28565,1.218938431046199,0.4540866377650675,1.999999965883678
5.02201,5.04326,69.32797,4738.53572,-2.44933,45.29183,1.271215864997213,0.4735613574138909,1.999999965883678
5.06645,5.08834,69.01934,4738.43579,-2.52788,45.2981,1.3275562665867244,0.49454963941116703,1.999999965883678
5.11089,5.13342,68.70104,4738.32284,-2.60536,45.3036,1.388271398581821,0.5171676235906081,0.0
5.15532,5.17851,68.37322,4738.19407,-2.68172,45.30916,1.4536996377569753,0.5415413642039341,0.0
5.19974,5.2236,68.03603,4738.04645,-2.75685,45.31478,1.5242081245171502,0.5678076307120387,0.0
5.24416,5.2687,67.68961,4737.87672,-2.83067,45.32045,1.6001946437923773,0.5961146084677107,0.0
5.28857,5.3138,67.33415,4737.68136,-2.90308,45.32618,1.682089724031653,0.6266226806460863,0.0
5.33297,5.35891,66.96983,4737.45657,-2.97396,45.33197,1.7703587748991163,0.6595052245927222,0.0
5.37736,5.40403,66.59685,4737.19827,-3.0432,45.33781,1.865504231308254,0.6949494105327506,0.0
5.42175,5.44915,66.21543,4736.90203,-3.11066,45.34371,1.9680676627166436,0.7331569873386694,0.0
5.46613,5.49427,65.8258,4736.5631,-3.17622,45.34966,2.0786317949676723,0.7743450357195798,0.0
5.51051,5.5394,65.4282,4736.17633,-3.23972,45.35567,2.1978223780895276,0.8187466640254558,0.0
5.55487,5.58454,65.02291,4735.7362,-3.301,45.36173,2.3263098170159084,0.8666116157335157,0.0
5.59923,5.62967,64.61023,4735.23672,-3.35989,45.36784,2.464810462956397,0.918206750517664,0.0
5.64357,5.67481,64.19046,4734.67147,-3.41621,45.37401,2.614087440831951,0.9738163524899816,0.0
5.68791,5.71996,63.76395,4734.03355,-3.46974,45.38023,2.774950862627402,1.0337422096801483,0.0
5.73223,5.7651,63.33105,4733.31551,-3.52028,45.3865,2.9482572476665516,1.0983033980726593,0.0
5.77654,5.81025,62.89218,4732.50938,-3.5676,45.39283,3.1349079387185235,1.1678356915647694,0.0
5.82085,5.8554,62.44774,4731.6066,-3.61145,45.39921,3.335846267872797,1.2426905061803704,0.0
5.86513,5.90055,61.99821,4730.59801,-3.65156,45.40564,3.552053188920876,1.3232332730172445,0.0
5.90941,5.9457,61.54406,4729.47383,-3.68765,45.41211,3.784541054652199,1.4098411201260634,0.0
5.95367,5.99085,61.08583,4728.22362,-3.71942,45.41864,4.034345179703682,1.5028997294498458,0.0
5.99791,6.03599,60.62409,4726.8363,-3.74655,45.42522,4.302512794758912,1.6027992219725253,0.0
6.04214,6.08113,60.15944,4725.30009,-3.76869,45.43184,4.590088969370169,1.709928913599761,0.0
6.08635,6.12627,59.69255,4723.60257,-3.78548,45.43851,4.8980990626256125,1.8246707775707134,0.0
6.13054,6.1714,59.22411,4721.73065,-3.79656,45.44523,5.2275272590334545,1.9473914485101445,0.0
6.17471,6.21653,58.75488,4719.67062,-3.80151,45.45199,5.5792907679420916,2.0784326110335627,0.0
6.21885,6.26165,58.28564,4717.40815,-3.79993,45.45879,5.954209316656919,2.2180996351305517,0.0
6.26297,6.30675,57.81726,4714.92843,-3.79139,45.46564,6.352969659283229,2.3666483547749193,0.0
6.30707,6.35185,57.35064,4712.21615,-3.77545,45.47252,6.7760849649467785,2.524269938968303,0.0
6.35114,6.39693,56.88674,4709.25571,-3.75166,45.47945,7.223849150294723,2.6910738793951814,0.0
6.39518,6.442,56.42658,4706.03125,-3.71957,45.48641,7.696286490886925,2.8670692193403307,0.0
6.43918,6.48705,55.97122,4702.52692,-3.67872,45.49342,8.193097190447245,3.052144276802775,0.0
6.48316,6.53207,55.5218,4698.72698,-3.62867,45.50045,8.713600007950472,3.2460452715760932,0.0
6.52709,6.57708,55.07948,4694.61612,-3.56898,45.50752,9.256673535151432,3.44835444958293,0.0
6.57099,6.62206,54.64549,4690.17965,-3.49925,45.51462,9.820698267274718,3.6584685026827115,0.0
6.61484,6.66701,54.22111,4685.40387,-3.41909,45.52174,10.403502190843824,3.875578298706326,0.0
6.65865,6.71193,53.80763,4680.27633,-3.32817,45.5289,11.002313185045603,4.098651149711987,0.0
6.70241,6.75682,53.40642,4674.78624,-3.2262,45.53608,11.613722041288403,4.326417035797629,0.0
6.74612,6.80167,53.01883,4668.92486,-3.11297,45.54328,12.233660280690383,4.557360341531641,0.0
6.78978,6.84648,52.64625,4662.68582,-2.98833,45.5505,12.857397111181466,4.789718722393292,0.0
6.83337,6.89124,52.29006,4656.06558,-2.85224,45.55774,13.479559731482487,5.021490668539181,0.0
6.87691,6.93596,51.95164,4649.06374,-2.70473,45.565,14.094180681137026,5.250453143935959,0.0
6.92038,6.98062,51.63235,4641.68344,-2.54599,45.57227,14.69477499704812,5.474190329200359,0.0
6.96378,7.02523,51.3335,4633.93159,-2.37628,45.57955,15.27444854531533,5.690133978058887,0.0
7.00711,7.06978,51.05636,4625.81915,-2.19603,45.58684,15.826037080151709,5.8956152204532515,0.0
7.05036,7.11427,50.80212,4617.36123,-2.00578,45.59414,16.34227342718721,6.087926842719746,0.0
7.09354,7.15869,50.57189,4608.57713,-1.80621,45.60144,16.815977849334434,6.2643942038830644,0.0
7.13663,7.20304,50.36667,4599.49029,-1.59814,45.60875,17.240264340463767,6.422452085478196,0.0
7.17963,7.24732,50.18734,4590.12809,-1.38252,45.61605,17.608753555881727,6.55972401375616,0.0
7.22254,7.29152,50.03465,4580.52154,-1.16041,45.62336,17.91578159007371,6.674100034886446,0.0
7.26537,7.33564,49.90922,4570.70485,-0.93297,45.63066,18.156593083744642,6.763808652410602,0.0
7.30809,7.37968,49.81151,4560.71491,-0.70145,45.63796,18.32750734911137,6.827478713284679,0.0
7.35072,7.42364,49.74179,4550.59064,-0.46718,45.64525,18.426047407714222,6.864187477859224,0.0
7.39326,7.46751,49.70021,4540.37236,-0.23151,45.65254,18.4510239795549,6.873491908043034,0.0
7.43569,7.51129,49.68671,4530.10101,0.00417,45.65983,18.40256936453168,6.855441289029233,0.0
7.47802,7.55498,49.7011,4519.81746,0.23847,45.66711,18.282119532300086,6.810570557297142,0.0
7.52024,7.59858,49.743,4509.56176,0.47006,45.67438,18.092346237719276,6.739875011829896,0.0
7.56237,7.64209,49.81189,4499.37249,0.69764,45.68165,17.837044245449874,6.644768302309846,0.0
7.60439,7.68551,49.90711,4489.28617,0.91997,45.68891,17.520981458684496,6.527026598127326,0.0
7.64631,7.72884,50.02784,4479.33669,1.13593,45.69616,17.149721665131914,6.388722556595916,0.0
7.68812,7.77207,50.17318,4469.55495,1.34449,45.70342,16.729430611626828,6.2321530806421075,0.0
7.72984,7.81522,50.3421,4459.96854,1.54473,45.71067,16.26667618706209,6.05976488169004,0.0
7.77146,7.85829,50.53348,4450.60151,1.73585,45.71792,15.768232728895816,5.874081578686413,0.0
7.81298,7.90126,50.74614,4441.4743,1.91721,45.72517,15.240898047260952,5.677635534766898,0.0
7.85441,7.94416,50.97883,4432.60373,2.08826,45.73242,14.691329904133202,5.472906941443701,0.0
7.89574,7.98697,51.23027,4424.00312,2.24859,45.73967,14.125906624342255,5.2622718925397125,0.0
7.93698,8.0297,51.49912,4415.68239,2.39792,45.74693,13.550614461565653,5.047960425057628,0.0
7.97814,8.07236,51.78407,4407.6483,2.53605,45.7542,12.970962465786862,4.832024805068116,0.0
8.0192,8.11494,52.08377,4399.90473,2.66292,45.76148,12.391924017028515,4.616317747487116,0.0
8.06019,8.15746,52.39688,4392.45293,2.77853,45.76877,11.817902967690856,4.4024798032060435,0.0
8.1011,8.19991,52.72211,4385.29186,2.883,45.77607,11.252721489249938,4.191934831667117,0.0
8.14193,8.24229,53.05816,4378.41844,2.97649,45.78338,10.69962622728351,3.9858922937724324,0.0
8.18269,8.28461,53.40376,4371.82789,3.05924,45.79071,10.161309184773714,3.7853550314636975,0.0
8.22338,8.32688,53.75771,4365.51402,3.13152,45.79806,9.639939816866146,3.59113122386445,0.0
8.264,8.36909,54.11882,4359.46947,3.19367,45.80544,9.137205065110347,3.403849301087996,0.0
8.30455,8.41124,54.48595,4353.68597,3.24603,45.81283,8.654354423859434,3.2239747326570454,0.0
8.34504,8.45335,54.85803,4348.15459,3.28899,45.82025,8.192247561467715,3.051827767652816,0.0
8.38548,8.49541,55.234,4342.86591,3.32294,45.82769,7.751402470378432,2.8876013718896165,0.0
8.42585,8.53743,55.61289,4337.81019,3.34829,45.83516,7.332042559963323,2.7313787712366726,0.0
8.46617,8.5794,55.99375,4332.97755,3.36544,45.84266,6.93414151166882,2.583150161340296,0.0
8.50644,8.62134,56.37569,4328.35806,3.37482,45.85019,6.557465073687331,2.4428282772386263,0.0
8.54666,8.66323,56.75788,4323.94189,3.37682,45.85775,6.201609275734629,2.3102626293716892,0.0
8.58683,8.7051,57.13951,4319.71935,3.37185,45.86534,5.866034792380346,2.1852523048261663,0.0
8.62696,8.74693,57.51984,4315.681,3.36028,45.87297,5.550097378560313,2.067557305364547,0.0
8.66704,8.78873,57.89817,4311.81767,3.34251,45.88064,5.253074448324476,1.9569084487080555,0.0
8.70708,8.83051,58.27382,4308.12053,3.31888,45.88834,4.974187973986332,1.8530158990723289,0.0
8.74707,8.87225,58.6462,4304.58111,3.28976,45.89608,4.712623954253477,1.7555764195582846,0.0
8.78703,8.91397,59.0147,4301.19128,3.25547,45.90385,4.467548743282046,1.6642794551545395,0.0
8.82696,8.95567,59.37879,4297.94334,3.21633,45.91167,4.238122553942023,1.5788121630590337,0.0
8.86684,8.99735,59.73796,4294.82996,3.17265,45.91953,4.023510453259735,1.498863508770666,0.0
8.90669,9.03901,60.09173,4291.84418,3.1247,45.92742,3.822891160554859,1.4241275436268195,0.0
8.94651,9.08065,60.43965,4288.97946,3.07277,45.93536,3.635463942968004,1.354305973568823,0.0
8.9863,9.12227,60.78132,4286.22961,3.01709,45.94335,3.460453881891665,1.2891101210260443,0.0
9.02606,9.16388,61.11633,4283.58881,2.95793,45.95137,3.2971157595702087,1.2282623727766515,0.0
9.06578,9.20547,61.44433,4281.05157,2.8955,45.95944,3.144736789616423,1.1714971971368686,0.0
9.10548,9.24705,61.76499,4278.61277,2.83001,45.96756,3.0026383896855973,1.118561804328715,0.0
9.14515,9.28861,62.07797,4276.26758,2.76167,45.97572,2.8701771699107477,1.069216514698134,0.0
9.18479,9.33016,62.383,4274.01148,2.69066,45.98392,2.7467452875859673,1.0232348908438698,0.0
9.22441,9.37171,62.6798,4271.84022,2.61716,45.99217,2.6317702972805734,0.9804036817810482,0.0
9.264,9.41324,62.96811,4269.74984,2.54134,46.00047,2.5247146062985246,0.9405226200854785,0.0
9.30357,9.45477,63.24769,4267.73661,2.46335,46.00882,2.425074628199236,0.9034041065578857,0.0
9.34312,9.49628,63.51832,4265.79705,2.38334,46.01721,2.3323797119133673,0.8688728112913661,0.0
9.38264,9.53779,63.7798,4263.92788,2.30144,46.02565,2.2461909107477918,0.8367652150933472,0.0
9.42214,9.57929,64.03194,4262.12605,2.21778,46.03414,2.166099644114574,0.8069291109444207,0.0
9.46161,9.62079,64.27455,4260.38868,2.13249,46.04268,2.091726294996394,0.7792230815173099,0.0
9.50107,9.66228,64.50748,4258.71306,2.04567,46.05126,2.022718777802791,0.7535159656656394,0.0
9.54051,9.70377,64.73056,4257.09666,1.95743,46.0599,1.9587511042150951,0.7296863241634353,0.0
9.57992,9.74525,64.94366,4255.53708,1.86788,46.06858,1.899521968700322,0.7076219127718353,0.0
9.61932,9.78674,65.14665,4254.03208,1.7771,46.07732,1.844753370462191,0.6872191688795836,0.0
9.65869,9.82821,65.33939,4252.57952,1.68519,46.0861,1.7941892845249265,0.6683827164467813,0.0
9.69805,9.86969,65.52179,4251.1774,1.59223,46.09494,1.7475943913284846,0.6510248927456816,0.0
9.73739,9.91116,65.69373,4249.82382,1.4983,46.10382,1.7047528715085796,0.6350652993845394,0.0
9.77671,9.95264,65.85512,4248.51695,1.40347,46.11276,1.6654672703681048,0.6204303792933361,0.0
9.81602,9.99411,66.00587,4247.25508,1.30782,46.12175,1.6295574348253503,0.6070530207090225,0.0
9.8553,10.03558,66.14591,4246.03657,1.21141,46.13078,1.5968595242691233,0.5948721886930227,0.0
9.89457,10.07705,66.27515,4244.85984,1.11432,46.13987,1.5672250957249316,0.5838325843315689,0.0
9.93383,10.11852,66.39354,4243.72339,1.01659,46.14901,1.540520262940633,0.5738843314729789,0.0
9.97306,10.16,66.50101,4242.62575,0.9183,46.1582,1.5166249284477507,0.5649826906502906,0.0
10.01228,10.20147,66.59751,4241.56553,0.8195,46.16744,1.4954320872510452,0.5570877996873063,0.0
10.05149,10.24295,66.68299,4240.54135,0.72024,46.17674,1.4768472005516988,0.5501644403940007,0.0
10.09068,10.28443,66.75741,4239.5519,0.62058,46.18608,1.46078763777067,0.5441818307055398,0.0
10.12985,10.32591,66.82074,4238.59587,0.52057,46.19548,1.4471821850977462,0.5391134416038711,0.0
10.16901,10.36739,66.87293,4237.672,0.42026,46.20493,1.4359706188115422,0.5349368381681971,0.0
10.20815,10.40888,66.91398,4236.77902,0.3197,46.21443,1.4271033417174255,0.5316335441385368,0.0
10.24728,10.45037,66.94385,4235.9157,0.21894,46.22398,1.4205410811607673,0.5291889294177146,0.0
10.2864,10.49186,66.96253,4235.0808,0.11802,46.23359,1.4162546472580344,0.5275921200060829,0.0
10.3255,10.53336,66.97002,4234.27309,0.017,46.24324,1.414224750159106,0.526835929926925,0.0
10.36458,10.57486,66.9663,4233.49132,-0.08409,46.25295,1.4144418753789079,0.5269168147842094,0.0
10.40365,10.61637,66.95138,4232.73426,-0.18518,46.26271,1.416906216431795,0.5278348466671254,0.0
10.44271,10.65788,66.92526,4232.00064,-0.28624,46.27252,1.4216276642365693,0.5295937102031724,0.0
10.48175,10.69939,66.88795,4231.28919,-0.38723,46.28239,1.4286258529713753,0.532200719640315,0.0
10.52078,10.74091,66.83948,4230.59859,-0.48808,46.29231,1.4379302622661674,0.5356668569163674,0.0
10.5598,10.78244,66.77985,4229.92751,-0.58876,46.30227,1.4495803758186825,0.5400068307476154,0.0
10.5988,10.82397,66.70909,4229.27458,-0.68921,46.3123,1.4636258966916957,0.5452391568327086,0.0
10.63779,10.8655,66.62724,4228.63838,-0.78938,46.32237,1.4801270197012273,0.5513862593244356,0.0
10.67677,10.90705,66.53433,4228.01744,-0.88923,46.33249,1.4991547614185636,0.5584745937641593,0.0
10.71573,10.94859,66.43041,4227.41025,-0.9887,46.34267,1.5207913483781852,0.5665347916994834,0.0
10.75468,10.99015,66.31552,4226.81521,-1.08773,46.3529,1.5451306640939464,0.5756018272095433,0.0
10.79362,11.03171,66.18971,4226.23068,-1.18627,46.36318,1.5722787554420077,0.5857152055459697,0.0
10.83254,11.07327,66.05305,4225.65492,-1.28427,46.37351,1.6023543988213507,0.5969191740425782,0.0
10.87145,11.11485,65.90561,4225.08611,-1.38165,46.3839,1.6354897262697259,0.6092629553600343,0.0
10.91035,11.15642,65.74745,4224.52236,-1.47835,46.39433,1.6718309113478866,0.6228010029957763,0.0
10.94923,11.19801,65.57867,4223.96164,-1.57432,46.40482,1.7115389140952428,0.6375932787995978,0.0
10.9881,11.2396,65.39934,4223.40183,-1.66947,46.41536,1.7547902836655311,0.6537055519765539,0.0
11.02696,11.2812,65.20957,4222.84069,-1.76373,46.42595,1.8017780163494104,0.6712097187229528,0.0
11.0658,11.3228,65.00947,4222.27585,-1.85703,46.43659,1.8527124655267802,0.6901841412075376,0.0
11.10463,11.36441,64.79914,4221.70478,-1.94929,46.44728,1.907822298631868,0.7107140040661604,0.0
11.14344,11.40603,64.57871,4221.12481,-2.0404,46.45803,1.9673554943845801,0.7328916858966992,0.0
11.18225,11.44765,64.34831,4220.5331,-2.1303,46.46882,2.031580371313531,0.7568171424109481,0.0
11.22103,11.48928,64.1081,4219.92664,-2.21886,46.47966,2.1007866358593716,0.7825982968806848,0.0
11.25981,11.53092,63.85822,4219.30221,-2.306,46.49056,2.175286435053419,0.8103514322881576,0.0
11.29856,11.57256,63.59885,4218.65639,-2.3916,46.5015,2.2554153948334266,0.8402015781260296,0.0
11.33731,11.61421,63.33016,4217.98554,-2.47555,46.51249,2.3415336203573514,0.8722828830405769,0.0
11.37604,11.65586,63.05235,4217.28577,-2.55771,46.52353,2.4340266291658934,0.9067389624592868,0.0
11.41475,11.69752,62.76563,4216.55296,-2.63797,46.53463,2.5333061815815023,0.9437232079363383,0.0
11.45345,11.73918,62.47023,4215.78268,-2.71616,46.54577,2.6398109652415513,0.983399042159219,0.0
11.49214,11.78084,62.16605,4214.97097,-2.79814,46.53197,2.7541359435181962,1.025988104638486,-26.999999539429652
11.53083,11.82249,61.85302,4214.11349,-2.87802,46.51711,2.876931468280682,1.0717326685572202,-26.999999539429652
11.56953,11.86412,61.53137,4213.2048,-2.95564,46.5011,3.008770821965278,1.1208462967069006,-26.999999539429652
11.60823,11.90574,61.20137,4212.2391,-3.03084,46.48387,3.150261912760286,1.1735554508826969,-26.999999539429652
11.64693,11.94734,60.86332,4211.21018,-3.10342,46.46531,3.302048188139443,1.2300998321986973,-26.999999539429652
11.68563,11.98892,60.51751,4210.11142,-3.17321,46.44533,3.464808225293762,1.2907322285129956,-26.999999539429652
11.72434,12.03048,60.16429,4208.93578,-3.23999,46.42381,3.639254681207764,1.3557181233034594,-26.999999539429652
11.76305,12.07202,59.80399,4207.67573,-3.30356,46.40065,3.826132454038267,1.4253350107329534,-26.999999539429652
11.80177,12.11353,59.437,4206.32329,-3.36368,46.37571,4.026215886083764,1.4998713536818382,-26.999999539429652
11.84049,12.15502,59.06373,4204.86994,-3.42011,46.34888,4.240304816417929,1.5796251132500903,-26.999999539429652
11.87922,12.19648,58.68461,4203.30669,-3.47258,46.32001,4.4692192690068255,1.664901769941197,-26.999999539429652
11.91795,12.23792,58.3001,4201.62398,-3.52083,46.28895,4.71379254089082,1.75601174882806,-26.999999539429652
11.9567,12.27931,57.91069,4199.81173,-3.56456,46.25556,4.97486243629154,1.8532671540271903,-26.999999539429652
11.99545,12.32067,57.51693,4197.85933,-3.60346,46.21968,5.253260378240259,1.956977712493795,-26.999999539429652
12.0342,12.362,57.11937,4195.7556,-3.63722,46.18112,5.549798121987569,2.0674458244172857,-26.999999539429652
12.07297,12.40328,56.71862,4193.48885,-3.6655,46.13972,5.86525179715995,2.184960618504725,-26.999999539429652
12.11175,12.44451,56.3153,4191.04689,-3.68795,46.09528,6.200343022031997,2.3097909165503188,-26.999999539429652
12.15053,12.4857,55.91011,4188.41705,-3.7042,46.04761,6.555716867683835,2.4421770245042564,-26.999999539429652
12.18933,12.52683,55.50377,4185.58622,-3.71388,45.99652,6.931916506990041,2.5823212885540556,-26.999999539429652
12.22814,12.56791,55.09702,4182.54095,-3.7166,45.94179,7.329354468380784,2.73037738639423,-26.999999539429652
12.26697,12.60892,54.69069,4179.26748,-3.71197,45.88322,7.7482805322498765,2.886438367793594,-26.999999539429652
12.3058,12.64987,54.2856,4175.75187,-3.69959,45.82058,8.188746463183783,3.0505235164226114,-26.999999539429652
12.34465,12.69074,53.88267,4171.98012,-3.67906,45.75368,8.650567967266188,3.2225641779483927,-26.999999539429652
12.38352,12.73154,53.4828,4167.93831,-3.64999,45.68229,9.13328450186782,3.4023887881239268,-26.999999539429652
12.4224,12.77226,53.08699,4163.61275,-3.61198,45.60621,9.636117843625028,3.589707438269965,-26.999999539429652
12.4613,12.81289,52.69623,4158.99019,-3.56468,45.52524,10.15793063288282,3.7840964319892896,-26.999999539429652
12.50022,12.85343,52.31159,4154.05805,-3.50773,45.43918,10.697186447969248,3.984983411783412,-26.999999539429652
12.53916,12.89386,51.93412,4148.80463,-3.4408,45.34786,11.25191330248006,4.191633760830664,-26.999999539429652
12.57811,12.93419,51.56496,4143.21937,-3.36362,45.25112,11.819672777995253,4.403139104110943,-26.999999539429652
12.61709,12.97441,51.20523,4137.29315,-3.27594,45.14882,12.397537271158068,4.618408832343979,-26.999999539429652
12.65608,13.01451,50.85607,4131.01859,-3.17759,45.04087,12.982078009358283,4.836165637516024,-26.999999539429652
12.6951,13.05447,50.51865,4124.3903,-3.06845,44.92719,13.569366531122702,5.054946064364274,-26.999999539429652
12.73413,13.09431,50.19413,4117.40522,-2.94847,44.80773,14.154992193136923,5.273107032203099,-26.999999539429652
12.77319,13.134,49.88366,4110.06286,-2.81769,44.68251,14.734097918349912,5.488839152033606,-26.999999539429652
12.81227,13.17354,49.58838,4102.36558,-2.67625,44.55158,15.301435812473052,5.700187445152872,-26.999999539429652
12.85137,13.21293,49.30938,4094.31883,-2.52437,44.41505,15.851443441755542,5.905079758632284,-26.999999539429652
12.89049,13.25215,49.04773,4085.93128,-2.36239,44.27306,16.37834050007133,6.101362776350881,-26.999999539429652
12.92963,13.2912,48.80444,4077.21497,-2.19074,44.12583,16.87624434441543,6.2868450590076534,-26.999999539429652
12.96879,13.33007,48.58046,4068.18535,-2.01,43.97363,17.339301522739245,6.459346041700908,-26.999999539429652
13.00797,13.36876,48.37666,4058.86126,-1.8208,43.81679,17.761831062012728,6.616749412501551,-26.999999539429652
13.04717,13.40726,48.19381,4049.26481,-1.62394,43.65568,18.138474054246828,6.757058837182308,-26.999999539429652
13.08639,13.44556,48.03261,4039.42118,-1.42028,43.49074,18.464343107494397,6.878453633647843,-26.999999539429652
13.12562,13.48366,47.89362,4029.35836,-1.21079,43.32245,18.735164642449337,6.979341781162,-26.999999539429652
13.16487,13.52156,47.77731,4019.10678,-0.9965,43.15133,18.9474069109527,7.058407610609681,-26.999999539429652
13.20413,13.55924,47.68402,4008.69888,-0.77854,42.97793,19.098387044455816,7.114651682865988,-26.999999539429652
13.2434,13.59672,47.61395,3998.16864,-0.55807,42.80285,19.186351406565986,7.147420722233688,-26.999999539429652
13.28268,13.63398,47.5672,3987.55103,-0.33628,42.62668,19.21052496276948,7.1564260079640345,-26.999999539429652
13.32197,13.67102,47.54371,3976.88152,-0.11438,42.45004,19.171127175171627,7.141749295465654,-26.999999539429652
13.36126,13.70785,47.5433,3966.19545,0.1064,42.27354,19.069353921290325,7.103836080579396,-26.999999539429652
13.40056,13.74446,47.56568,3955.52756,0.32489,42.09778,18.90732694216211,7.043476767667741,-26.999999539429652
13.43986,13.78085,47.61043,3944.91146,0.53993,41.92334,18.68801416591341,6.9617769880486655,-26.999999539429652
13.47916,13.81703,47.67701,3934.37917,0.75044,41.75079,18.415125772145448,6.86011888124433,-26.999999539429652
13.51845,13.85299,47.76479,3923.96072,0.95538,41.58065,18.09299194587506,6.740115555107529,-26.999999539429652
13.55775,13.88874,47.87304,3913.68385,1.15381,41.41341,17.72642885671227,6.603561159539047,-26.999999539429652
13.59703,13.92429,48.00093,3903.57372,1.34488,41.2495,17.32059948445239,6.452379040358811,-26.999999539429652
13.63631,13.95963,48.14758,3893.65274,1.52784,41.08932,16.880875542001334,6.288570301962546,-26.999999539429652
13.67558,13.99478,48.31205,3883.94047,1.70202,40.9332,16.4127060055095,6.114164831337468,-26.999999539429652
13.71485,14.02973,48.49332,3874.45361,1.86687,40.78145,15.921496757694333,5.931176462033158,-26.999999539429652
13.7541,14.06449,48.69035,3865.20598,2.02194,40.63431,15.41250470062177,5.741563528386599,-26.999999539429652
13.79333,14.09907,48.90208,3856.20863,2.1669,40.49195,14.890748509005522,5.5471956187779226,-26.999999539429652
13.83256,14.13348,49.1274,3847.46996,2.30147,40.35452,14.360937068395293,5.349826916972632,-26.999999539429652
13.87177,14.16771,49.36522,3838.99589,2.4255,40.22213,13.827415645621027,5.151076149195733,-26.999999539429652
13.91096,14.20178,49.61444,3830.79008,2.53892,40.09481,13.294129017090116,4.952412848452292,-26.999999539429652
13.95014,14.23569,49.87395,3822.85408,2.6417,39.9726,12.76460015569251,4.75514941483881,-26.999999539429652
13.98931,14.26945,50.14266,3815.1876,2.73393,39.85546,12.241922650023746,4.56043829150434,-26.999999539429652
14.02846,14.30307,50.41952,3807.78869,2.81572,39.74336,11.728764785650098,4.369273485029139,-26.999999539429652
14.06759,14.33654,50.70348,3800.65402,2.88725,39.6362,11.22738313187938,4.182495626854277,-26.999999539429652
14.1067,14.36989,50.99351,3793.77904,2.94874,39.5339,10.739643518243216,4.000799787573216,-26.999999539429652
14.1458,14.4031,51.28864,3787.15821,3.00046,39.43633,10.267047420436821,3.824745306388626,-26.999999539429652
14.18488,14.4362,51.5879,3780.78514,3.04268,39.34336,9.810761975033818,3.654766972383393,-26.999999539429652
14.22394,14.46918,51.89039,3774.65285,3.07573,39.25484,9.371652079087522,3.4911869824666866,-26.999999539429652
14.26298,14.50205,52.19521,3768.75383,3.09992,39.17061,8.950313282326565,3.3342271945822817,-26.999999539429652
14.30201,14.53481,52.50153,3763.08024,3.11562,39.09051,8.547104429060052,3.184021287677078,-26.999999539429652
14.34102,14.56748,52.80853,3757.62399,3.12315,39.01438,8.16217924142859,3.040626527293128,-26.999999539429652
14.38002,14.60005,53.11545,3752.37689,3.12289,38.94204,7.795516247676491,2.90403491463648,-26.999999539429652
14.419,14.63253,53.42156,3747.3307,3.11518,38.87332,7.4469466437722165,2.7741835657638854,-26.999999539429652
14.45796,14.66492,53.72615,3742.47721,3.10038,38.80804,7.1161798326706664,2.650964225629975,-26.999999539429652
14.49691,14.69724,54.02858,3737.80834,3.07883,38.74605,6.8028265130038506,2.5342318692320385,-26.999999539429652
14.53584,14.72947,54.32822,3733.31613,3.05088,38.68718,6.506419289882593,2.423812379675957,-26.999999539429652
14.57475,14.76164,54.62448,3728.99283,3.01685,38.63125,6.226430857547636,2.3195093216921583,-26.999999539429652
14.61365,14.79373,54.91681,3724.83092,2.97708,38.57813,5.962289859862181,2.2211098500863993,-26.999999539429652
14.65254,14.82576,55.20468,3720.82311,2.93188,38.52764,5.713394573441975,2.1283898070657505,-26.999999539429652
14.69141,14.85772,55.48759,3716.9624,2.88154,38.47965,5.479124582597635,2.0411180714617996,-26.999999539429652
14.73027,14.88963,55.76509,3713.24204,2.82636,38.43402,5.258850628306368,1.9590602277317524,-26.999999539429652
14.76911,14.92148,56.03674,3709.65556,2.76661,38.39061,5.051942817526444,1.8819816241440825,-26.999999539429652
14.80794,14.95328,56.30213,3706.1968,2.70256,38.34928,4.857777376723663,1.8096498886448305,-26.999999539429652
14.84676,14.98502,56.56087,3702.85984,2.63447,38.30992,4.6757421261962575,1.7418369681876702,-26.999999539429652
14.88556,15.01671,56.81261,3699.63908,2.56257,38.2724,4.505240841352133,1.678320753424434,-26.999999539429652
14.92435,15.04836,57.057,3696.52914,2.48711,38.23662,4.345696654619549,1.6188863460063487,-26.999999539429652
14.96312,15.07997,57.29374,3693.52494,2.40829,38.20246,4.196554638109472,1.5633270206937182,-26.999999539429652
15.00189,15.11153,57.52252,3690.62162,2.32634,38.16983,4.057283693300286,1.5114449293131975,-26.999999539429652
15.04064,15.14305,57.74307,3687.81459,2.24144,38.13862,3.92737786029639,1.463051588491069,-26.999999539429652
15.07938,15.17454,57.95513,3685.09944,2.15379,38.10874,3.8063571460758685,1.4179681881972923,-26.999999539429652
15.11811,15.20598,58.15847,3682.47202,2.06357,38.08011,3.69376795879021,1.376025753533578,-26.999999539429652
15.15683,15.2374,58.35286,3679.92836,1.97095,38.05263,3.589183223766445,1.3370651879472328,-26.999999539429652
15.19554,15.26877,58.53809,3677.46468,1.87609,38.02624,3.4922022464886124,1.3009372221881548,-26.999999539429652
15.23423,15.30012,58.71398,3675.07738,1.77916,38.00085,3.402450378469578,1.267502289837291,-26.999999539429652
15.27292,15.33143,58.88033,3672.76302,1.68029,37.9764,3.319578533627702,1.2366303471442237,-26.999999539429652
15.31159,15.36272,59.037,3670.51832,1.57963,37.9528,3.2432625954083134,1.2082006521643174,-26.999999539429652
15.35026,15.39398,59.18383,3668.34012,1.47731,37.93001,3.173202748488572,1.1821015158011985,-26.999999539429652
15.38891,15.42521,59.32068,3666.22542,1.37347,37.90794,3.1091227632843723,1.1582300352667505,-26.999999539429652
15.42756,15.45641,59.44742,3664.17131,1.26823,37.88655,3.0507692566914533,1.1364918186877246,-26.999999539429652
15.46619,15.48759,59.56394,3662.17498,1.1617,37.86578,2.997910948318771,1.116800708033104,-26.999999539429652
15.50482,15.51874,59.67013,3660.23374,1.05401,37.84556,2.9503379279807054,1.0990785062356754,-26.999999539429652
15.54344,15.54987,59.7659,3658.34497,0.94526,37.82585,2.907860947203837,1.083254713259664,-26.999999539429652
15.58205,15.58098,59.85116,3656.50612,0.83556,37.80659,2.87031074499103,1.069266274930111,-26.999999539429652
15.62065,15.61206,59.92584,3654.7147,0.725,37.78773,2.83753741598699,1.057057347557922,-26.999999539429652
15.65924,15.64312,59.98988,3652.96829,0.61371,37.76922,2.8094098273959047,1.0465790807263458,-26.999999539429652
15.69782,15.67416,60.04321,3651.26448,0.50176,37.75102,2.7858150895703577,1.0377894200714142,-26.999999539429652
15.7364,15.70518,60.08579,3649.60094,0.38926,37.73307,2.7666580839415698,1.0306529314235364,-26.999999539429652
15.77497,15.73618,60.11758,3647.97532,0.27631,37.71534,2.751861050968658,1.0251406473077578,-26.999999539429652
15.81353,15.76716,60.13856,3646.38532,0.16298,37.69776,2.7413632399328356,1.0212299364828816,-26.999999539429652
15.85208,15.79812,60.14869,3644.82862,0.04939,37.68031,2.7351206217013275,1.0189043969384741,-26.999999539429652
15.89063,15.82906,60.14798,3643.30292,-0.0644,37.66293,2.733105664963067,1.0181537725367693,-26.999999539429652
15.92916,15.85998,60.13641,3641.80588,-0.17827,37.64558,2.73530717592561,1.0189738932955563,-26.999999539429652
15.9677,15.89088,60.11399,3640.33517,-0.29215,37.62821,2.741730200955158,1.0213666391190224,-26.999999539429652
16.00622,15.92177,60.08073,3638.8884,-0.40593,37.61078,2.752395991185058,1.0253399266134908,-26.999999539429652
16.04474,15.95263,60.03665,3637.46318,-0.51954,37.59324,2.767342027639515,1.030907718446663,-26.999999539429652
16.08325,15.98348,59.98179,3636.05702,-0.63288,37.57555,2.786622104916946,1.03809005452187,-26.999999539429652
16.12176,16.01431,59.91618,3634.66743,-0.74586,37.55766,2.8103064709274155,1.0469131040339448,-26.999999539429652
16.16026,16.04512,59.83987,3633.29179,-0.85837,37.53952,2.8384820195280387,1.0574092372309776,-26.999999539429652
16.19875,16.07591,59.75291,3631.92746,-0.97033,37.52108,2.871252532175713,1.0696171154363174,-26.999999539429652
16.23724,16.10668,59.65537,3630.57169,-1.08163,37.50229,2.908738963827929,1.083581797554146,-26.999999539429652
16.27573,16.13743,59.54734,3629.22161,-1.19218,37.4831,2.9510797672859668,1.0993548608958525,-26.999999539429652
16.31421,16.16816,59.42888,3627.87427,-1.30187,37.46346,2.9984312489427873,1.1169945337054832,-26.999999539429652
16.35268,16.19887,59.30009,3626.5266,-1.41058,37.44331,3.050967947436368,1.1365658362180735,-26.999999539429652
16.39115,16.22956,59.16109,3625.17539,-1.51821,37.42259,3.1088830249753676,1.1581407264387518,-26.999999539429652
16.42961,16.26023,59.01199,3623.81729,-1.62465,37.40124,3.1723886590725106,1.1817982460737344,-26.999999539429652
16.46807,16.29088,58.85291,3622.4488,-1.72977,37.3792,3.241716420055844,1.2076246611632009,-26.999999539429652
16.50653,16.32151,58.684,3621.06624,-1.83344,37.3564,3.317117616950822,1.235713590931471,-26.999999539429652
16.54498,16.35211,58.50541,3619.66578,-1.93554,37.33279,3.398863591159701,1.266166117190308,-26.999999539429652
16.58343,16.38269,58.3173,3618.24337,-2.03592,37.30827,3.487245933692792,1.2990908652632736,-26.999999539429652
16.62187,16.41325,58.11984,3616.79477,-2.13445,37.28279,3.582576597575549,1.334604045860327,-26.999999539429652
16.66031,16.44378,57.91324,3615.31553,-2.23097,37.25625,3.6851878723460656,1.3728294455774728,-26.999999539429652
16.69875,16.47428,57.6977,3613.80095,-2.32533,37.22858,3.795432182346106,1.4138983517548602,-26.999999539429652
16.73717,16.50477,57.47392,3612.2449,-2.40737,37.24135,3.9134191715627415,1.4578516096625804,0.0
16.77557,16.53527,57.24261,3610.64113,-2.48659,37.25417,4.039237162699032,1.504722121831433,0.0
16.81395,16.56576,57.00407,3608.98445,-2.56281,37.26702,4.1732207685727385,1.5546345403402275,0.0
16.8523,16.59625,56.75859,3607.26942,-2.63582,37.27991,4.315712502726833,1.607716460495795,0.0
16.89062,16.62675,56.50651,3605.49035,-2.70542,37.29285,4.467058765895217,1.6640969256858646,0.0
16.92892,16.65724,56.24816,3603.64132,-2.7714,37.30582,4.627606513967429,1.723905186108249,0.0
16.96719,16.68773,55.98391,3601.71615,-2.83352,37.31883,4.797699291099479,1.7872692210002528,0.0
17.00543,16.71822,55.71415,3599.70841,-2.89157,37.33187,4.977672558391383,1.8543139984481443,0.0
17.04364,16.74871,55.43928,3597.61144,-2.9453,37.34496,5.1678482495118185,1.9251594472140907,0.0
17.08183,16.77919,55.15973,3595.41833,-2.99447,37.35807,5.368528488232434,1.9999181163523858,0.0
17.11998,16.80967,54.87597,3593.12195,-3.03881,37.37122,5.57998840978163,2.0786925009748525,0.0
17.1581,16.84015,54.58846,3590.71496,-3.07806,37.38441,5.802468038985008,2.1615720166444614,0.0
17.19619,16.87062,54.29771,3588.18983,-3.11197,37.39762,6.0361631941779015,2.248629610843412,0.0
17.23425,16.90108,54.00426,3585.53887,-3.14025,37.41087,6.281215407718631,2.3399180080991218,0.0
17.27227,16.93154,53.70865,3582.75425,-3.16263,37.42414,6.5377008823894895,2.4354655959530103,0.0
17.31026,16.96199,53.41147,3579.82807,-3.17883,37.43744,6.805618538811626,2.535271972308055,0.0
17.3482,16.99243,53.11333,3576.75235,-3.18858,37.45077,7.084877252672602,2.639303190960247,0.0
17.38611,17.02287,52.81484,3573.51915,-3.1916,37.46413,7.375282432406526,2.7474867614312815,0.0
17.42398,17.05329,52.51668,3570.12059,-3.18761,37.47751,7.676522147562002,2.859706481420627,0.0
17.46181,17.08369,52.21952,3566.54892,-3.17636,37.49091,7.988153084921034,2.975797205090308,0.0
17.49959,17.11409,51.92406,3562.79664,-3.15759,37.50433,8.309586681605056,3.095539677282038,0.0
17.53733,17.14447,51.63102,3558.85653,-3.13107,37.51776,8.640075859825842,3.2186555918629027,0.0
17.57502,17.17483,51.34115,3554.72178,-3.09657,37.53122,8.978702862928133,3.344803060331188,0.0
17.61267,17.20517,51.05521,3550.38612,-3.05389,37.54469,9.324368762624163,3.473572702985155,0.0
17.65026,17.2355,50.77397,3545.84387,-3.00287,37.55817,9.675785267156117,3.6044845972480237,0.0
17.6878,17.2658,50.49821,3541.09008,-2.94337,37.57167,10.03146950326579,3.7369863338143694,0.0
17.72529,17.29608,50.22874,3536.12067,-2.87528,37.58517,10.38974246410012,3.8704524384540964,0.0
17.76272,17.32634,49.96634,3530.93253,-2.79854,37.59868,10.748731803301698,4.004185412884673,0.0
17.80009,17.35656,49.71182,3525.52362,-2.71313,37.61219,11.106379605685753,4.137418629552762,0.0
17.8374,17.38676,49.46596,3519.89311,-2.61909,37.62571,11.460455671342698,4.2693212803119565,0.0
17.87464,17.41694,49.22954,3514.04148,-2.51651,37.63923,11.808576708972181,4.399005526444702,0.0
17.91183,17.44707,49.00333,3507.97061,-2.40553,37.65274,12.148231645064547,4.525535926998335,0.0
17.94894,17.47718,48.78807,3501.68384,-2.28637,37.66626,12.476813021098637,4.647941135067358,0.0
17.98598,17.50725,48.58448,3495.18607,-2.15929,37.67977,12.791654178352129,4.765227750113695,0.0
18.02295,17.53728,48.39322,3488.48373,-2.02464,37.69327,13.090071631529105,4.876396103257866,0.0
18.05985,17.56727,48.21495,3481.5849,-1.88283,37.70676,13.369411724021926,4.980457637591622,0.0
18.09667,17.59722,48.05024,3474.49918,-1.73432,37.72024,13.62710035979998,5.076453434615015,0.0
18.13341,17.62712,47.89965,3467.23772,-1.57964,37.73371,13.860694341573208,5.163473339053109,0.0
18.17007,17.65699,47.76365,3459.81315,-1.4194,37.74716,14.067932635091713,5.240675056156425,0.0
18.20665,17.6868,47.64267,3452.23942,-1.25425,37.7606,14.246785746305504,5.307302545992138,0.0
18.24314,17.71657,47.53706,3444.53174,-1.08489,37.77402,14.395501358253657,5.3627030243860725,0.0
18.27954,17.74628,47.4471,3436.7064,-0.91206,37.78743,14.512644439002479,5.406341904184964,0.0
18.31586,17.77595,47.373,3428.78056,-0.73656,37.80081,14.597130203013815,5.437815074233425,0.0
18.35209,17.80556,47.3149,3420.77211,-0.55918,37.81418,14.648248579780946,5.456858014584622,0.0
18.38823,17.83512,47.27286,3412.69944,-0.38077,37.82752,14.665679200389063,5.463351379388375,0.0
18.42428,17.86463,47.24685,3404.5812,-0.20216,37.84084,14.649496331967296,5.457322835104373,0.0
18.46024,17.89408,47.23677,3396.43612,-0.02419,37.85414,14.600163643111589,5.438945110484458,0.0
18.4961,17.92347,47.24247,3388.28277,0.15231,37.86742,14.518519139319888,5.408530384625867,0.0
18.53187,17.95281,47.2637,3380.13938,0.32653,37.88068,14.405751034544528,5.366521298489637,0.0
18.56755,17.9821,47.30015,3372.02359,0.49769,37.89391,14.263365695521323,5.31347901331975,0.0
18.60313,18.01132,47.35144,3363.95236,0.66504,37.90713,14.093149086998483,5.250068847976477,0.0
18.63862,18.04049,47.41713,3355.94172,0.82788,37.92032,13.897123343910138,5.177044100928354,0.0
18.67402,18.06961,47.49673,3348.00673,0.98556,37.9335,13.677500194180844,5.09522869902134,0.0
18.70933,18.09867,47.5897,3340.1613,1.13747,37.94665,13.436632955728276,5.005499315099292,0.0
18.74455,18.12767,47.69545,3332.41816,1.28308,37.95979,13.176968741866823,4.908767563259245,0.0
18.77967,18.15662,47.81335,3324.78879,1.4219,37.97291,12.901002346297465,4.805962819796788,0.0
18.81471,18.18551,47.94273,3317.28336,1.55352,37.98602,12.61123306026046,4.698016136459228,0.0
18.84966,18.21436,48.08291,3309.91078,1.67757,37.99911,12.310125420569637,4.585845618055579,0.0
18.88452,18.24315,48.23318,3302.67868,1.79375,38.01219,12.000074617897065,4.470343536132449,0.0
18.9193,18.27189,48.39281,3295.59342,1.90184,38.02526,11.68337702754682,4.352365350911878,0.0
18.954,18.30058,48.56105,3288.66019,2.00165,38.03832,11.362206075021176,4.232720720579728,0.0
18.98861,18.32922,48.73716,3281.88303,2.09305,38.05137,11.03859342678733,4.112166494351392,0.0
19.02315,18.35782,48.92039,3275.26491,2.17598,38.06442,10.71441531044216,3.991401616373226,0.0
19.05761,18.38637,49.10998,3268.80782,2.2504,38.07746,10.391383621167954,3.871063812643306,0.0
19.09199,18.41488,49.30521,3262.51284,2.31634,38.09051,10.071041363839658,3.751727893076451,0.0
19.1263,18.44334,49.50532,3256.3802,2.37386,38.10355,9.754761910108908,3.633905474748478,0.0
19.16053,18.47177,49.7096,3250.40943,2.42304,38.11659,9.443751513562347,3.5180459188588533,0.0
19.1947,18.50016,49.91734,3244.59936,2.46401,38.12963,9.13905451848211,3.404538271131024,0.0
19.22879,18.5285,50.12785,3238.94828,2.49693,38.14268,8.841560713467123,3.2937140012298385,0.0
19.26282,18.55682,50.34044,3233.45396,2.52196,38.15574,8.552014314505938,3.1858503491925325,0.0
19.29679,18.58509,50.55447,3228.11376,2.53932,38.1688,8.271024107760434,3.0811741038825335,0.0
19.33069,18.61334,50.7693,3222.92467,2.54919,38.18187,7.99907433573195,2.9798656583727774,0.0
19.36453,18.64155,50.98431,3217.8834,2.55182,38.19496,7.736535967535792,2.8820632084195017,0.0
19.39831,18.66973,51.19891,3212.9864,2.54744,38.20806,7.483678051573991,2.787866981631551,0.0
19.43203,18.69789,51.41254,3208.22995,2.53629,38.22117,7.240678904527505,2.6973434056643777,0.0
19.4657,18.72601,51.62465,3203.6102,2.51862,38.2343,7.00763694239762,2.6105291430679403,0.0
19.49932,18.75411,51.83471,3199.12319,2.49468,38.24744,6.784581006363587,2.527434937940368,0.0
19.53288,18.78218,52.04223,3194.76488,2.46473,38.26061,6.571480077671492,2.4480492349796745,0.0
19.56638,18.81023,52.24672,3190.53123,2.42903,38.27379,6.36825231146431,2.372341544823152,0.0
19.59984,18.83826,52.44774,3186.41818,2.38782,38.287,6.174773349498877,2.3002655407531565,0.0
19.63325,18.86627,52.64485,3182.42166,2.34135,38.30022,5.990883896319732,2.2317618810212156,0.0
19.66662,18.89425,52.83764,3178.53769,2.28988,38.31348,5.816396563123946,2.166760758367741,0.0
19.69993,18.92222,53.02572,3174.76227,2.23365,38.32675,5.651101998816827,2.1051841840016023,0.0
19.73321,18.95016,53.20873,3171.09153,2.17289,38.34005,5.494774339094188,2.0469480175266406,0.0
19.76644,18.97809,53.38631,3167.52162,2.10784,38.35338,5.3471760125132155,1.9919637573295286,0.0
19.79962,19.006,53.55813,3164.04878,2.03874,38.36673,5.208061947778633,1.9401401079045608,0.0
19.83277,19.0339,53.72389,3160.66934,1.96579,38.38012,5.077183229557851,1.891384341740991,0.0
19.86587,19.06178,53.8833,3157.37971,1.88922,38.39353,4.954290251355666,1.8456034738518152,0.0
19.89894,19.08965,54.03607,3154.17638,1.80924,38.40697,4.839135413832959,1.802705266968479,0.0
19.93196,19.11751,54.18196,3151.05593,1.72605,38.42044,4.731475415697967,1.7625990849581596,0.0
19.96495,19.14535,54.32073,3148.01503,1.63985,38.43395,4.631073182280206,1.7251966112682915,0.0
19.9979,19.17318,54.45215,3145.0504,1.55084,38.44749,4.537699474343468,1.69041244825174,0.0
20.03082,19.201,54.57602,3142.15889,1.45921,38.46105,4.451134216754105,1.6581646121306954,0.0
20.0637,19.22881,54.69214,3139.33736,1.36513,38.47466,4.371167583541948,1.628374937210417,0.0
20.09654,19.25661,54.80033,3136.5828,1.26878,38.48829,4.297600872672813,1.6009694017550054,0.0
20.12936,19.2844,54.90044,3133.89223,1.17034,38.50196,4.230247200704548,1.5758783867650599,0.0
20.16213,19.31218,54.99232,3131.26272,1.06998,38.51567,4.168932044389439,1.553036877738824,0.0
20.19488,19.33995,55.07582,3128.69142,0.96785,38.52941,4.113493653345871,1.5323846184032377,0.0
20.22759,19.36772,55.15082,3126.1755,0.86412,38.54318,4.063783355093827,1.513866224347686,0.0
20.26027,19.39547,55.21722,3123.7122,0.75895,38.55699,4.019665771147901,1.4974312635243328,0.0
20.29292,19.42322,55.27492,3121.29875,0.65248,38.57084,3.9810189603828245,1.483034309655552,0.0
20.32554,19.45097,55.32383,3118.93245,0.54488,38.58473,3.9477345036541456,1.4706349737573552,0.0
20.35813,19.4787,55.36388,3116.61059,0.43627,38.59865,3.9197175415500003,1.4601979182029223,0.0
20.39069,19.50644,55.395,3114.33049,0.32683,38.6126,3.896886775212627,1.4516928570286347,0.0
20.42322,19.53416,55.41715,3112.08946,0.21667,38.6266,3.879174438401926,1.4450945455270192,0.0
20.45572,19.56188,55.4303,3109.88482,0.10596,38.64063,3.866526247325012,1.4403827615569325,0.0
20.48819,19.5896,55.4344,3107.71387,-0.00518,38.6547,3.8589013331996838,1.4375422804216826,0.0
20.52063,19.61731,55.42945,3105.57391,-0.1166,38.66881,3.8562721611034894,1.436562844638169,0.0
20.55304,19.64501,55.41544,3103.46219,-0.22816,38.68295,3.858624437265095,1.4374391294004778,0.0
20.58543,19.67272,55.39238,3101.37596,-0.33972,38.69713,3.865957005652927,1.440170704056431,0.0
20.61778,19.70041,55.36028,3099.31242,-0.45114,38.71135,3.8782817334489117,1.4447619894435404,0.0
20.65011,19.72811,55.31918,3097.26871,-0.56228,38.72561,3.8956233837075174,1.4512222104511507,0.0
20.68241,19.7558,55.26911,3095.24193,-0.673,38.7399,3.9180194722622934,1.4595653427143596,0.0
20.71468,19.78348,55.21013,3093.22912,-0.78316,38.75423,3.945520104644459,1.4698100518619024,0.0
20.74693,19.81116,55.1423,3091.22726,-0.89261,38.7686,3.9781877874861156,1.4819796232588858,0.0
20.77914,19.83884,55.06569,3089.23324,-1.00121,38.78301,4.016097207499984,1.4961018796709233,0.0
20.81133,19.86651,54.98039,3087.24388,-1.1088,38.79745,4.059334969725735,1.5122090837540083,0.0
20.84349,19.89418,54.8865,3085.25589,-1.21524,38.81193,4.107999285244662,1.530337821720012,0.0
20.87562,19.92185,54.78413,3083.2659,-1.32037,38.82645,4.162199596999307,1.5505288639446477,0.0
20.90773,19.94951,54.6734,3081.27045,-1.42404,38.841,4.222056130745745,1.5728269976853841,0.0
20.9398,19.97717,54.55445,3079.26594,-1.52608,38.85559,4.287699356422167,1.5972808264270675,0.0
20.97185,20.00482,54.42743,3077.24867,-1.62632,38.87021,4.359269343503947,1.623942529734725,0.0
21.00387,20.03247,54.2925,3075.21483,-1.72461,38.88487,4.436914992070711,1.6528675768058128,0.0
21.03586,20.06012,54.14984,3073.16044,-1.82076,38.89957,4.520793119498241,1.6841143862389245,0.0
21.06782,20.08776,53.99964,3071.08143,-1.9146,38.91429,4.611067380900641,1.7177439238700893,0.0
21.09975,20.11539,53.8421,3068.97357,-2.00594,38.92906,4.707906999700862,1.7538192298768915,0.0
21.13165,20.14302,53.67745,3066.83248,-2.0946,38.94385,4.811485283133969,1.7924048657643812,0.0
21.16352,20.17065,53.50591,3064.65367,-2.18039,38.95868,4.921977896128137,1.8335662713403262,0.0
21.19537,20.19826,53.32774,3062.43245,-2.2631,38.97354,5.0395608659663855,1.8773690213992078,0.0
21.22718,20.22588,53.14321,3060.16404,-2.34254,38.98843,5.164408289570721,1.9238779716252383,0.0
21.25895,20.25348,52.9526,3057.84345,-2.41849,39.00335,5.296689715270288,1.9731562832321103,0.0
21.2907,20.28108,52.75621,3055.4656,-2.49075,39.0183,5.436567171738102,2.0252643161637525,0.0
21.32242,20.30867,52.55435,3053.02523,-2.55909,39.03328,5.5841918185579775,2.0802583813423827,0.0
21.3541,20.33626,52.34737,3050.51696,-2.62329,39.04829,5.739700195879234,2.138189343566212,0.0
21.38574,20.36383,52.13561,3047.93528,-2.68313,39.06332,5.903210055052687,2.199101068311643,0.0
21.41736,20.3914,51.91945,3045.27456,-2.73837,39.07839,6.0748157582451405,2.263028707968627,0.0
21.44894,20.41895,51.69928,3042.52907,-2.78879,39.09347,6.254583243107464,2.3299968260470387,0.0
21.48048,20.4465,51.4755,3039.693,-2.83415,39.10858,6.442544558838398,2.4000173617166722,0.0
21.51198,20.47403,51.24853,3036.76045,-2.87421,39.12372,6.638691992670069,2.4730874417685618,0.0
21.54345,20.50155,51.01883,3033.72549,-2.90874,39.13887,6.842971821047494,2.549187052764921,0.0
21.57488,20.52906,50.78685,3030.5822,-2.9375,39.15405,7.055277737763014,2.628276592846317,0.0
21.60627,20.55656,50.55307,3027.32463,-2.96026,39.16924,7.275444031908982,2.710294330339531,0.0
21.63762,20.58404,50.31799,3023.94691,-2.97679,39.18446,7.5032386116767125,2.795153804939126,0.0
21.66893,20.6115,50.08213,3020.44326,-2.98687,39.19969,7.738355995364243,2.8827412166734128,0.0
21.70019,20.63895,49.84601,3016.80804,-2.99029,39.21493,7.980410417955222,2.9729128579237147,0.0
21.73142,20.66638,49.61018,3013.03578,-2.98685,39.23019,8.228929229432334,3.065492654122408,0.0
21.76259,20.69379,49.3752,3009.12128,-2.97636,39.24546,8.483346788606156,3.1602698890435192,0.0
21.79372,20.72119,49.14164,3005.0596,-2.95864,39.26074,8.742999082199129,3.2569972002699155,0.0
21.8248,20.74856,48.91008,3000.84619,-2.93354,39.27603,9.007119321661891,3.355388938891539,0.0
21.85583,20.7759,48.68111,2996.4769,-2.90093,39.29133,9.274834787729631,3.455119994019624,0.0
21.88682,20.80323,48.45533,2991.94808,-2.86071,39.30663,9.545165203001986,3.55582518652988,0.0
21.91774,20.83053,48.23334,2987.25663,-2.81278,39.32193,9.81702291358171,3.65709933672769,0.0
21.94862,20.8578,48.01575,2982.40006,-2.75712,39.33724,10.089215149996638,3.7584981066010186,0.0
21.97944,20.88504,47.80316,2977.37658,-2.69369,39.35254,10.36044861309995,3.859539708188925,0.0
22.0102,20.91226,47.59617,2972.18514,-2.62253,39.36785,10.629336591107577,3.9597075548652625,0.0
22.04091,20.93944,47.39538,2966.82551,-2.54369,39.38315,10.894408758272538,4.0584539116026805,0.0
22.07155,20.96659,47.20135,2961.29832,-2.45729,39.39844,11.154123733993638,4.155204573571071,0.0
22.10214,20.99371,47.01467,2955.60509,-2.36347,39.41373,11.406884394404617,4.249364570107392,0.0
22.13266,21.02079,46.83588,2949.74831,-2.26243,39.42901,11.6510558288422,4.340324853972487,0.0
22.16311,21.04783,46.6655,2943.73144,-2.15442,39.44427,11.884985724596971,4.427469895207135,0.0
22.1935,21.07484,46.50405,2937.55893,-2.03973,39.45953,12.10702684973198,4.510186056573539,0.0
22.22382,21.1018,46.35199,2931.23622,-1.91869,39.47477,12.315561191275492,4.587870585667246,0.0
22.25407,21.12872,46.20977,2924.76973,-1.79171,39.48999,12.509025201328013,4.659941019756272,0.0
22.28425,21.1556,46.07778,2918.16684,-1.65921,39.5052,12.685935513659182,4.725844765890095,0.0
22.31435,21.18244,45.9564,2911.43585,-1.52167,39.52038,12.844914424665205,4.785068593226735,0.0
22.34438,21.20923,45.84594,2904.58592,-1.37962,39.53555,12.984714391686879,4.83714775930082,0.0
22.37434,21.23597,45.74669,2897.627,-1.23361,39.5507,13.104240792680354,4.881674488599775,0.0
22.40422,21.26267,45.65886,2890.56976,-1.08424,39.56582,13.202572217724857,4.918305531684356,0.0
22.43402,21.28931,45.58265,2883.42546,-0.93212,39.58092,13.278977624726593,4.9467685561397525,0.0
22.46374,21.3159,45.51817,2876.2059,-0.77791,39.59599,13.332929787741993,4.966867156429834,0.0
22.49339,21.34244,45.46552,2868.92327,-0.62226,39.61104,13.364114591841465,4.9784843164784665,0.0
22.52295,21.36893,45.4247,2861.59006,-0.46585,39.62606,13.3724358772196,4.981584214228016,0.0
22.55243,21.39537,45.3957,2854.21889,-0.30935,39.64106,13.358015698911125,4.976212318390382,0.0
22.58182,21.42175,45.37844,2846.82247,-0.15345,39.65603,13.321190037908746,4.962493790725541,0.0
22.61114,21.44808,45.37278,2839.41339,0.0012,39.67098,13.262500164859878,4.94063026879134,0.0
22.64037,21.47435,45.37855,2832.00408,0.15394,39.68589,13.18268000985538,4.910895160857487,0.0
22.66952,21.50057,45.39552,2824.60668,0.30412,39.70079,13.082640022952557,4.873627633525713,0.0
22.69859,21.52673,45.42343,2817.2329,0.45114,39.71565,12.963448113844247,4.829225511254995,0.0
22.72758,21.55284,45.46196,2809.89401,0.59442,39.73049,12.826308331103736,4.778137333819304,0.0
22.75648,21.57889,45.51076,2802.60068,0.73341,39.7453,12.672537980247174,4.720853832183803,0.0
22.7853,21.60489,45.56944,2795.36298,0.8676,39.76009,12.50354388547913,4.657899085380462,0.0
22.81403,21.63084,45.63759,2788.19027,0.99652,39.77486,12.320798475295778,4.5898216117660375,0.0
22.84269,21.65672,45.71476,2781.09123,1.11975,39.7896,12.12581632093918,4.517185628978961,0.0
22.87127,21.68256,45.80048,2774.07374,1.2369,39.80432,11.920131684603213,4.440562690055322,0.0
22.89977,21.70834,45.89424,2767.14496,1.34763,39.81902,11.705277546977339,4.360523870637093,0.0
22.92818,21.73407,45.99554,2760.31124,1.45165,39.83371,11.482766487578173,4.2776326463925765,0.0
22.95653,21.75975,46.10385,2753.5782,1.54871,39.84837,11.254073691820926,4.1924385627034,0.0
22.98479,21.78538,46.21862,2746.95067,1.63861,39.86302,11.020622261439138,4.105471762409372,0.0
23.01298,21.81096,46.33931,2740.43277,1.72118,39.87765,10.78377091356929,4.0172384033938275,0.0
23.0411,21.83649,46.46537,2734.02791,1.7963,39.89226,10.544804072209754,3.9282169673913905,0.0
23.06914,21.86197,46.59623,2727.73884,1.8639,39.90687,10.304924285635296,3.838855435275361,0.0
23.09711,21.8874,46.73134,2721.56766,1.92392,39.92146,10.065246846266266,3.7495692828174287,0.0
23.12501,21.91279,46.87016,2715.5159,1.97637,39.93605,9.82679644551203,3.660740234528837,0.0
23.15284,21.93814,47.01211,2709.58452,2.02124,39.95062,9.590505664960359,3.5727157015887263,0.0
23.18061,21.96344,47.15668,2703.77398,2.05861,39.9652,9.357215085931415,3.4858088226558857,0.0
23.2083,21.9887,47.30331,2698.0843,2.08854,39.97976,9.127674790526681,3.4002990230489645,0.0
23.23594,22.01392,47.45149,2692.51505,2.11113,39.99432,8.902547027290714,3.3164330077756166,0.0
23.26351,22.0391,47.6007,2687.06546,2.12651,40.00888,8.682409821742608,3.234426106550474,0.0
23.29102,22.06425,47.75044,2681.73439,2.13481,40.02345,8.467761324749583,3.1544638936787117,0.0
23.31846,22.08935,47.90023,2676.52043,2.1362,40.03801,8.2590247083729,3.0767040118874776,0.0
23.34585,22.11442,48.04959,2671.42191,2.13085,40.05257,8.056553438023084,3.0012781363424264,0.0
23.37318,22.13945,48.19807,2666.43692,2.11893,40.06714,7.860636770389523,2.928294022771158,0.0
23.40046,22.16445,48.34521,2661.56337,2.10065,40.08172,7.671505347573837,2.8578375914250835,0.0
23.42768,22.18942,48.49061,2656.79899,2.0762,40.0963,7.489336778399805,2.78997500626423,0.0
23.45484,22.21436,48.63384,2652.14141,2.0458,40.11089,7.31426111742633,2.7247547160337313,0.0
23.48195,22.23926,48.77451,2647.58809,2.00965,40.12548,7.146366170287249,2.662209430642496,0.0
23.50901,22.26413,48.91225,2643.13645,1.96797,40.14009,6.985702570388306,2.6023580123664094,0.0
23.53602,22.28898,49.04669,2638.7838,1.92099,40.15471,6.832288586557135,2.5452072668244465,0.0
23.56298,22.3138,49.1775,2634.52741,1.86893,40.16935,6.6861146338626645,2.4907536233775884,0.0
23.58989,22.33859,49.30435,2630.36449,1.81202,40.18399,6.547147470664674,2.4389846986402133,0.0
23.61675,22.36336,49.42692,2626.29224,1.75046,40.19866,6.41533407395462,2.389880740146519,0.0
23.64357,22.3881,49.54493,2622.30781,1.6845,40.21333,6.290605192432042,2.3434159499649727,0.0
23.67034,22.41282,49.65809,2618.40836,1.61434,40.22803,6.172878582671346,2.2995596902555855,0.0
23.69707,22.43751,49.76614,2614.59103,1.54022,40.24274,6.062061938294904,2.2582775744639654,0.0
23.72375,22.46218,49.86884,2610.85296,1.46234,40.25747,5.958055525467738,2.2195324491124255,0.0
23.75039,22.48683,49.96595,2607.1913,1.38093,40.27222,5.860754540453795,2.1832852720517364,0.0
23.77698,22.51146,50.05726,2603.60319,1.2962,40.28699,5.7700512065576275,2.1494958936270665,0.0
23.80354,22.53606,50.14257,2600.0858,1.20836,40.30178,5.685836628597389,2.1181237475179744,0.0
23.83005,22.56065,50.2217,2596.63628,1.11761,40.3166,5.608002423407603,2.089128458143587,0.0
23.85653,22.58522,50.29446,2593.25181,1.02417,40.33143,5.536442144661369,2.062470371446363,0.0
23.88296,22.60977,50.3607,2589.92957,0.92824,40.34629,5.471052519798763,2.038111015680465,0.0
23.90936,22.6343,50.42028,2586.66675,0.83002,40.36117,5.411734516018333,2.0160134985216427,0.0
23.93572,22.65881,50.47307,2583.46051,0.7297,40.37607,5.358394251295275,1.996142846445472,0.0
23.96204,22.68331,50.51895,2580.30807,0.62749,40.391,5.310943765200662,1.9784662918778002,0.0
23.98832,22.70778,50.55782,2577.2066,0.52358,40.40595,5.269301663050176,1.9629535131570945,0.0
24.01456,22.73225,50.58958,2574.15329,0.41816,40.42093,5.2333936455345125,1.9495768318357076,0.0
24.04077,22.75669,50.61415,2571.1453,0.31141,40.43593,5.203152934663498,1.9383113713552642,0.0
24.06695,22.78112,50.63148,2568.1798,0.20354,40.45096,5.178520605437707,1.9291351806030685,0.0
24.09308,22.80554,50.64151,2565.25393,0.09473,40.46601,5.159445831279516,1.9220293253416287,0.0
24.11918,22.82994,50.64419,2562.36481,-0.01484,40.48109,5.1458860499063155,1.916977950000791,0.0
24.14525,22.85432,50.63951,2559.50954,-0.12498,40.4962,5.137807054971219,1.913968311816318,0.0
24.17128,22.8787,50.62744,2556.68518,-0.23551,40.51133,5.1351830174926345,1.9129907888129634,0.0
24.19728,22.90305,50.60798,2553.88876,-0.34624,40.52648,5.137996439792056,1.914038862645094,0.0
24.22324,22.92739,50.58114,2551.11729,-0.45698,40.54167,5.146238043446661,1.9171090768560772,0.0
24.24917,22.95172,50.54695,2548.36769,-0.56755,40.55688,5.15990659148985,1.922200970643309,0.0
24.27507,22.97604,50.50543,2545.63689,-0.67777,40.57211,5.17900864398153,1.9293169878017098,0.0
24.30093,23.00034,50.45663,2542.92171,-0.78744,40.58737,5.203558244865237,1.938462360069765,0.0
24.32675,23.02462,50.40061,2540.21896,-0.89639,40.60266,5.233576536972307,1.9496449637084492,0.0
24.35255,23.04889,50.33744,2537.52536,-1.00441,40.61798,5.269091300951341,1.9628751477403186,0.0
24.3783,23.07315,50.26719,2534.83757,-1.11134,40.63332,5.310136412906196,1.9781655319053943,0.0
24.40403,23.0974,50.18998,2532.15219,-1.21696,40.64868,5.356751214590256,1.995530772041955,0.0
24.42972,23.12163,50.1059,2529.46575,-1.3211,40.66407,5.408979789128845,2.0149872902740826,0.0
24.45538,23.14585,50.01507,2526.7747,-1.42354,40.67948,5.466870134488387,2.0365529671071694,0.0
24.481,23.17005,49.91762,2524.0754,-1.52411,40.69492,5.530473226254149,2.060246792287978,0.0
24.50659,23.19424,49.81371,2521.36415,-1.62259,40.71039,5.5998419607578835,2.086088471091872,0.0
24.53214,23.21841,49.7035,2518.63716,-1.7188,40.72587,5.675029969313504,2.114097982594409,0.0
24.55766,23.24257,49.58714,2515.89056,-1.81251,40.74138,5.7560902941590735,2.144295086424893,0.0
24.58315,23.26672,49.46483,2513.12041,-1.90354,40.75691,5.843073916902524,2.1766987745736843,0.0
24.6086,23.29085,49.33678,2510.32267,-1.99166,40.77247,5.9360281307216365,2.211326664993866,0.0
24.63402,23.31496,49.20318,2507.49324,-2.07668,40.78804,6.034994748415029,2.2481943340530837,0.0
24.6594,23.33906,49.06426,2504.62793,-2.15838,40.80364,6.140008139696027,2.287314585373873,0.0
24.68474,23.36315,48.92027,2501.7225,-2.23655,40.81925,6.251093092882141,2.3286966532567264,0.0
24.71005,23.38721,48.77146,2498.77263,-2.31097,40.83489,6.368262498498556,2.3723453397614453,0.0
24.73532,23.41126,48.61809,2495.77394,-2.38142,40.85054,6.49151485528964,2.418260085630806,0.0
24.76055,23.4353,48.46044,2492.72201,-2.44771,40.86621,6.620831602817782,2.4664339766134447,0.0
24.78575,23.45931,48.29881,2489.61239,-2.5096,40.8819,6.756174289257939,2.516852688392804,0.0
24.8109,23.48331,48.13351,2486.44058,-2.56688,40.8976,6.897481588236733,2.5694933752812066,0.0
24.83602,23.50729,47.96485,2483.20208,-2.61935,40.91332,7.044666184577753,2.6243235100780393,0.0
24.8611,23.53125,47.79317,2479.8924,-2.66679,40.92906,7.197611555708717,2.681299685059232,0.0
24.88614,23.55518,47.61882,2476.50706,-2.709,40.9448,7.356168683054444,2.740366386884618,0.0
24.91114,23.5791,47.44215,2473.04163,-2.74577,40.96056,7.520152736108632,2.801454761327414,0.0
24.9361,23.603,47.26354,2469.49173,-2.77692,40.97632,7.689339780678028,2.8644813870085715,0.0
24.96101,23.62687,47.08336,2465.85309,-2.80224,40.9921,7.863463572093789,2.9293470807836264,0.0
24.98588,23.65072,46.90201,2462.12153,-2.82157,41.00788,8.042212503474433,2.9959357608903567,0.0
25.01071,23.67455,46.7199,2458.29303,-2.83474,41.02367,8.225226788269817,3.0641133973722807,0.0
25.0355,23.69835,46.53742,2454.36375,-2.84159,41.03946,8.412095964842193,3.133727082469441,0.0
25.06023,23.72213,46.35501,2450.33003,-2.84197,41.05526,8.602356818254373,3.204604256429817,0.0
25.08493,23.74588,46.17309,2446.18847,-2.83576,41.07106,8.795491820278647,3.276552126371599,0.0
25.10957,23.7696,45.9921,2441.93595,-2.82285,41.08686,8.990928192322391,3.349357317198324,0.0
25.13417,23.79329,45.81246,2437.56963,-2.80316,41.10266,9.18803769679485,3.4227857938775084,0.0
25.15871,23.81696,45.63462,2433.08704,-2.77661,41.11846,9.386137260022515,3.496583093493021,0.0
25.18321,23.84059,45.45901,2428.4861,-2.74315,41.13426,9.584490523404792,3.570474903091378,0.0
25.20765,23.86419,45.28609,2423.76512,-2.70278,41.15005,9.782310408712693,3.6441680153230096,0.0
25.23205,23.88776,45.11628,2418.92289,-2.6555,41.16583,9.97876276793257,3.7173516881050763,0.0
25.25638,23.9113,44.95002,2413.95865,-2.60135,41.18161,10.17297116768304,3.7896994269426587,0.0
25.28067,23.9348,44.78774,2408.87219,-2.5404,41.19737,10.36402283299625,3.8608711991436824,0.0
25.3049,23.95826,44.62985,2403.66382,-2.47276,41.21312,10.550975745579002,3.930516078107935,0.0
25.32907,23.98169,44.47676,2398.33441,-2.39854,41.22886,10.732866858100833,3.9982753033655194,0.0
25.35318,24.00507,44.32886,2392.88542,-2.31794,41.24459,10.908721349628532,4.063785728469731,0.0
25.37724,24.02842,44.18654,2387.3189,-2.23115,41.2603,11.077562809140739,4.126683614624196,0.0
25.40123,24.05173,44.05016,2381.63749,-2.13841,41.27599,11.238424195876652,4.186608713701139,0.0
25.42516,24.07499,43.92005,2375.84444,-2.03999,41.29166,11.39035938850663,4.243208570611318,0.0
25.44903,24.09821,43.79654,2369.94359,-1.93622,41.30732,11.532455101943217,4.296142962629683,0.0
25.47284,24.12139,43.67993,2363.93937,-1.82742,41.32295,11.663842922741209,4.345088382898558,0.0
25.49658,24.14452,43.57048,2357.83676,-1.71399,41.33855,11.783711193226962,4.389742467578514,0.0
25.52025,24.1676,43.46843,2351.64127,-1.59632,41.35414,11.891316462498308,4.429828261647121,0.0
25.54386,24.19064,43.37401,2345.35893,-1.47484,41.3697,11.985994220285733,4.4650982175446705,0.0
25.5674,24.21362,43.28739,2338.99621,-1.35003,41.38523,12.067168638104526,4.495337824009647,0.0
25.59087,24.23656,43.20873,2332.56002,-1.22237,41.40074,12.13436106150108,4.520368769663925,0.0
25.61428,24.25945,43.13815,2326.05759,-1.09235,41.41621,12.187197026918664,4.5400515569798925,0.0
25.63761,24.28228,43.07573,2319.49652,-0.9605,41.43166,12.225411615875064,4.554287496852501,0.0
25.66087,24.30506,43.02152,2312.8846,-0.82734,41.44708,12.248853006110993,4.563020031495482,0.0
25.68407,24.32779,42.97554,2306.22984,-0.69342,41.46247,12.257484132235163,4.566235353075332,0.0
25.70719,24.35047,42.93777,2299.54039,-0.55928,41.47783,12.251382424486795,4.563962306393472,0.0
25.73023,24.37309,42.90818,2292.82443,-0.42547,41.49316,12.230737651375824,4.556271585212962,0.0
25.75321,24.39566,42.88666,2286.09016,-0.29251,41.50846,12.195847947111046,4.543274252370964,0.0
25.77611,24.41817,42.87312,2279.34571,-0.16095,41.52372,12.14711415579792,4.525119632843603,0.0
25.79894,24.44063,42.8674,2272.59911,-0.03129,41.53896,12.085032668953039,4.501992645531658,0.0
25.8217,24.46303,42.86933,2265.85821,0.09595,41.55417,12.0101869693786,4.474110653131302,0.0
25.84438,24.48537,42.87871,2259.13063,0.2203,41.56934,11.923238121570611,4.4417199195609545,0.0
25.867,24.50767,42.89531,2252.42372,0.34128,41.58449,11.824914465973396,4.405091770799914,0.0
25.88953,24.5299,42.91887,2245.74454,0.45847,41.5996,11.716000781397842,4.364518557604008,0.0
25.912,24.55208,42.94912,2239.09978,0.57145,41.61469,11.597327177345921,4.3203095176042225,0.0
25.93439,24.5742,42.98577,2232.49579,0.67984,41.62975,11.46975796658863,4.272786630049184,0.0
25.95672,24.59627,43.02848,2225.93849,0.78329,41.64478,11.334180749411589,4.222280549399461,0.0
25.97897,24.61829,43.07694,2219.4334,0.88148,41.65979,11.191495916077356,4.169126694718547,0.0
26.00115,24.64024,43.1308,2212.98562,0.97412,41.67477,11.042606744666505,4.113661560858133,0.0
26.02326,24.66215,43.18969,2206.59981,1.06095,41.68972,10.888410239418633,4.056219305499071,0.0
26.0453,24.684,43.25324,2200.28018,1.14175,41.70465,10.729788821451786,3.9971286537257313,0.0
26.06727,24.7058,43.32109,2194.03052,1.21634,41.71956,10.567602950747535,3.936710149521311,0.0
26.08917,24.72755,43.39284,2187.85419,1.28455,41.73445,10.402684726790383,3.8752737718376458,0.0
26.11101,24.74925,43.4681,2181.75412,1.34625,41.74931,10.23583248618938,3.8131169220671053,0.0
26.13278,24.77089,43.54648,2175.73285,1.40136,41.76416,10.067806389787245,3.7505227801246366,0.0
26.15448,24.79249,43.6276,2169.79252,1.44979,41.77899,9.89932496956381,3.6877590180784443,0.0
26.17612,24.81404,43.71104,2163.93488,1.49151,41.7938,9.731062587343056,3.6250768534514863,0.0
26.1977,24.83554,43.79644,2158.16133,1.52652,41.8086,9.563647743026499,3.562710418993907,0.0
26.21921,24.85699,43.88339,2152.47296,1.5548,41.82339,9.397662159517001,3.5008764217930723,0.0
26.24066,24.87839,43.97152,2146.87049,1.57641,41.83816,9.233640564583991,3.4397740620126283,0.0
26.26205,24.89975,44.06045,2141.35439,1.59139,41.85292,9.072071086133842,3.3795851801411185,0.0
26.28338,24.92106,44.14981,2135.92483,1.59982,41.86767,8.913396176414519,3.3204746012825277,0.0
26.30466,24.94233,44.23923,2130.58172,1.6018,41.88241,8.758013981946425,3.2625906454915725,0.0
26.32587,24.96356,44.32836,2125.32476,1.59742,41.89714,8.606280079352127,3.206065774415942,0.0
26.34703,24.98475,44.41685,2120.1534,1.58683,41.91187,8.458509501795234,3.151017346198104,0.0
26.36813,25.00589,44.50438,2115.06691,1.57015,41.92659,8.314978986579217,3.0975484527649964,0.0
26.38917,25.02699,44.59061,2110.06437,1.54753,41.9413,8.175929380790839,3.045748815993506,0.0
26.41016,25.04805,44.67523,2105.14471,1.51914,41.95602,8.041568148745958,2.995695721800006,0.0
26.4311,25.06908,44.75794,2100.30669,1.48515,41.97073,7.912071931793604,2.9474549737347244,0.0
26.45198,25.09006,44.83844,2095.54895,1.44574,41.98544,7.7875891179198815,2.901081850226806,0.0
26.47282,25.11101,44.91646,2090.87001,1.4011,42.00016,7.66824238505382,2.8566220520326664,0.0
26.4936,25.13192,44.99173,2086.26827,1.35141,42.01487,7.554131188138623,2.8141126287354647,0.0
26.51433,25.1528,45.06399,2081.74202,1.29688,42.02959,7.445334165674126,2.7735828752454936,0.0
26.53502,25.17364,45.133,2077.28949,1.23771,42.04431,7.34191144656843,2.735055191163108,0.0
26.55565,25.19445,45.19853,2072.9088,1.17411,42.05903,7.243906842663401,2.698545897552163,0.0
26.57624,25.21522,45.26035,2068.59802,1.10629,42.07377,7.151349916344476,2.664066007179064,0.0
26.59678,25.23596,45.31828,2064.35513,1.03447,42.0885,7.064257916049132,2.631621945540607,0.0
26.61727,25.25667,45.3721,2060.17808,0.95885,42.10324,6.982637575425354,2.6012162210978387,0.0
26.63772,25.27734,45.42165,2056.06473,0.87965,42.118,6.906486774319225,2.5728480440376402,0.0
26.65812,25.29799,45.46674,2052.01291,0.79711,42.13276,6.835796061747463,2.54651389362007,0.0
26.67848,25.3186,45.50724,2048.02039,0.71142,42.14752,6.7705500425344995,2.5222080347371563,0.0
26.6988,25.33919,45.54298,2044.08491,0.62283,42.1623,6.710728630557981,2.499922984779824,0.0
26.71907,25.35974,45.57385,2040.20415,0.53153,42.17709,6.656308172365113,2.479649932214549,0.0
26.7393,25.38027,45.59973,2036.37575,0.43777,42.19189,6.6072624455255475,2.461379108496071,0.0
26.75948,25.40077,45.6205,2032.59731,0.34175,42.2067,6.563563536461788,2.4451001150823246,0.0
26.77963,25.42123,45.63607,2028.86641,0.24371,42.22152,6.525182602628005,2.430802207366094,0.0
26.79973,25.44168,45.64636,2025.18055,0.14385,42.23636,6.492090523891102,2.418474537331603,0.0
26.81979,25.46209,45.6513,2021.53723,0.04241,42.2512,6.464258447820328,2.4081063566892458,0.0
26.83981,25.48248,45.65083,2017.93388,-0.06039,42.26606,6.441658233313376,2.3996871821379733,0.0
26.8598,25.50284,45.64491,2014.36791,-0.16434,42.28094,6.424262796648137,2.393206924278687,0.0
26.87974,25.52317,45.63349,2010.83668,-0.26921,42.29582,6.412046363616745,2.3886559815407953,0.0
26.89964,25.54348,45.61655,2007.33751,-0.37478,42.31072,6.404984630977039,2.386025300327137,0.0
26.9195,25.56376,45.59409,2003.86767,-0.48083,42.32564,6.40305483992779,2.385306402385433,0.0
26.93932,25.58401,45.56611,2000.4244,-0.58714,42.34056,6.406235763881111,2.386491380253191,0.0
26.95911,25.60424,45.5326,1997.00487,-0.69349,42.3555,6.414507612291509,2.389572861431495,0.0
26.97885,25.62444,45.49361,1993.60625,-0.79965,42.37046,6.4278518518553,2.3945439417770817,0.0
26.99856,25.64462,45.44915,1990.22561,-0.9054,42.38543,6.446250945999511,2.4013980884551023,0.0
27.01823,25.66478,45.39928,1986.86001,-1.01053,42.40041,6.469688013191082,2.410129012650314,0.0
27.03786,25.6849,45.34405,1983.50646,-1.11481,42.4154,6.4981464042928945,2.4207305121210743,0.0
27.05745,25.70501,45.28353,1980.1619,-1.21801,42.43041,6.531609199016231,2.4331962836146355,0.0
27.077,25.72508,45.2178,1976.82326,-1.31992,42.44543,6.570058621349201,2.4475197050988546,0.0
27.09652,25.74514,45.14695,1973.48738,-1.42032,42.46047,6.613475373847809,2.463693587768097,0.0
27.116,25.76516,45.07109,1970.15109,-1.51898,42.47552,6.661837890784733,2.4817098978215055,0.0
27.13543,25.78516,44.99032,1966.81117,-1.61568,42.49058,6.7151215103933755,2.501559448102133,0.0
27.15484,25.80514,44.90477,1963.46435,-1.7102,42.50565,6.773297566878596,2.5232315598470483,0.0
27.1742,25.82509,44.81457,1960.10733,-1.80232,42.52073,6.8363324033922765,2.546713694994761,0.0
27.19352,25.84502,44.71987,1956.73676,-1.89183,42.53582,6.904186308002167,2.571991059805625,0.0
27.2128,25.86491,44.62083,1953.34928,-1.97849,42.55093,6.976812375610947,2.59904618089674,0.0
27.23205,25.88479,44.51762,1949.94148,-2.0621,42.56604,7.054155299978808,2.627858455238584,0.0
27.25126,25.90463,44.4104,1946.50996,-2.14244,42.58117,7.136150101402075,2.6584036761818184,0.0
27.27042,25.92445,44.29938,1943.05127,-2.21929,42.5963,7.222720797254379,2.690653538198898,0.0
27.28955,25.94425,44.18474,1939.56197,-2.29245,42.61144,7.313779024431813,2.7245751237086435,0.0
27.30864,25.96401,44.0667,1936.03863,-2.3617,42.62658,7.409222624847687,2.7601303761358227,0.0
27.32769,25.98375,43.94547,1932.47781,-2.42685,42.64174,7.508934207397054,2.7972755642050955,0.0
27.3467,26.00346,43.82129,1928.8761,-2.4877,42.6569,7.612779702286197,2.8359607433907157,0.0
27.36566,26.02314,43.69439,1925.23011,-2.54405,42.67206,7.72060692624399,2.8761292214200047,0.0
27.38459,26.04279,43.56501,1921.53651,-2.59571,42.68723,7.832244179817531,2.917717035729072,0.0
27.40347,26.06242,43.4334,1917.79201,-2.64251,42.7024,7.947498900728459,2.9606524518026105,0.0
27.42231,26.08201,43.29984,1913.9934,-2.68427,42.71757,8.06615639994714,3.004855492328272,0.0
27.44111,26.10157,43.16459,1910.13754,-2.72083,42.73274,8.18797870969954,3.050237508048921,0.0
27.45987,26.1211,43.02791,1906.22139,-2.75204,42.74791,8.312703574975744,3.09670080207302,0.0
27.47858,26.1406,42.89011,1902.24205,-2.77775,42.76309,8.440043622022523,3.1441383201162307,0.0
27.49725,26.16007,42.75145,1898.19673,-2.79783,42.77825,8.569685738804248,3.1924334197068096,0.0
27.51588,26.17951,42.61224,1894.0828,-2.81217,42.79342,8.70129070322001,3.2414597316866964,0.0
27.53446,26.19891,42.47277,1889.89779,-2.82067,42.80858,8.834493094954793,3.2910811273737606,0.0
27.55299,26.21828,42.33333,1885.63942,-2.82325,42.82373,8.968901525923267,3.341151804408177,0.0
27.57148,26.23761,42.19424,1881.30564,-2.81982,42.83888,9.10409922241772,3.3915165036178467,0.0
27.58992,26.25691,42.05578,1876.89458,-2.81035,42.85402,9.23964498894675,3.4420108680736705,0.0
27.60831,26.27617,41.91826,1872.40466,-2.7948,42.86915,9.375074579486919,3.4924619539168678,0.0
27.62666,26.29539,41.78199,1867.83452,-2.77317,42.88426,9.509902496198658,3.5426889004279847,0.0
27.64496,26.31458,41.64725,1863.1831,-2.74546,42.89937,9.643624228778247,3.5925037642444195,0.0
27.6632,26.33372,41.51435,1858.44963,-2.71172,42.91446,9.775718939404303,3.641712519573639,0.0
27.6814,26.35283,41.38358,1853.63364,-2.672,42.92954,9.905652588947378,3.6901162227885096,0.0
27.69954,26.3719,41.25521,1848.73498,-2.62638,42.9446,10.032881489747952,3.7375123359305755,0.0
27.71764,26.39092,41.12952,1843.75384,-2.57498,42.95964,10.156856259251404,3.7836961995431153,0.0
27.73568,26.40991,41.00679,1838.69074,-2.51793,42.97467,10.277026137274383,3.8284626409664595,0.0
27.75366,26.42885,40.88728,1833.54653,-2.45538,42.98967,10.392843618099493,3.8716076999151348,0.0
27.7716,26.44775,40.77122,1828.32243,-2.38754,43.00466,10.50376933733754,3.912930448962636,0.0
27.78948,26.4666,40.65886,1823.02001,-2.3146,43.01962,10.609277143016344,3.952234882655434,0.0
27.8073,26.4854,40.55042,1817.64116,-2.23681,43.03456,10.70885927103477,3.9893318455057782,0.0
27.82507,26.50416,40.4461,1812.18813,-2.15442,43.04947,10.802031537552764,4.0240409662936045,0.0
27.84278,26.52288,40.3461,1806.6635,-2.06773,43.06436,10.888338455290986,4.056192564022769,0.0
27.86043,26.54154,40.2506,1801.07017,-1.97704,43.07922,10.967358177565705,4.085629489704126,0.0
27.87803,26.56016,40.15974,1795.41135,-1.88269,43.09406,11.038707173472538,4.112208867984487,0.0
27.89556,26.57873,40.07368,1789.69052,-1.78502,43.10886,11.102044539993823,4.135803703520077,0.0
27.91304,26.59724,39.99254,1783.91146,-1.6844,43.12364,11.157075862136448,4.156304318979434,0.0
27.93046,26.61571,39.91641,1778.07817,-1.58121,43.13839,11.203556540355398,4.173619594596241,0.0
27.94781,26.63412,39.84537,1772.19487,-1.47586,43.1531,11.241294515292742,4.187677983206282,0.0
27.96511,26.65249,39.77949,1766.26601,-1.36876,43.16779,11.270152332955638,4.1984282795805905,0.0
27.98234,26.6708,39.71881,1760.29616,-1.26032,43.18244,11.290048508403256,4.205840128434711,0.0
27.99952,26.68905,39.66334,1754.29006,-1.15097,43.19706,11.300958162311996,4.2099042615659865,0.0
28.01663,26.70725,39.61309,1748.25254,-1.04114,43.21165,11.302912921856906,4.2106324609292844,0.0
28.03368,26.7254,39.56803,1742.18852,-0.93126,43.2262,11.296000094554671,4.20805725087177,0.0
28.05066,26.7435,39.52812,1736.10296,-0.82177,43.24073,11.280361140388514,4.202231328959226,0.0
28.06758,26.76153,39.49331,1730.00082,-0.71309,43.25521,11.256189483208665,4.193226750665155,0.0
28.08444,26.77952,39.4635,1723.88708,-0.60564,43.26967,11.223727716448778,4.1811338884266105,0.0
28.10124,26.79744,39.43861,1717.76664,-0.49983,43.28409,11.183264270162976,4.166060190027801,0.0
28.11797,26.81531,39.41851,1711.64437,-0.39607,43.29848,11.13512961605544,4.148128764873772,0.0
28.13464,26.83313,39.40306,1705.525,-0.29474,43.31284,11.079692094141226,4.127476829311737,0.0
28.15125,26.85089,39.39213,1699.41317,-0.19622,43.32716,11.017353449040394,4.104254043783209,0.0
28.16779,26.86859,39.38555,1693.31339,-0.10087,43.34145,10.948544165485528,4.078620775177809,0.0
28.18427,26.88624,39.38313,1687.22998,-0.00902,43.35571,10.873718691726454,4.050746317425851,0.0
28.20068,26.90383,39.38468,1681.16711,0.07901,43.36993,10.793350636212336,4.020807102136034,0.0
28.21704,26.92136,39.39001,1675.12874,0.16293,43.38413,10.70792801761161,3.9889849291029003,0.0
28.23333,26.93884,39.3989,1669.11865,0.24245,43.3983,10.617948641184944,3.955465243884086,0.0
28.24955,26.95626,39.41113,1663.14039,0.31733,43.41243,10.523915666213455,3.92043548655073,0.0
28.26572,26.97363,39.42646,1657.19729,0.38733,43.42654,10.426333419835409,3.88408353223148,0.0
28.28183,26.99095,39.44465,1651.29245,0.45225,43.44062,10.325703502897571,3.8465962404396707,0.0
28.29787,27.0082,39.46548,1645.42877,0.51191,43.45467,10.222521223383202,3.8081581264313997,0.0
28.31385,27.02541,39.48867,1639.60887,0.56615,43.4687,10.117272383121655,3.7689501641703207,0.0
28.32977,27.04256,39.51399,1633.83519,0.61484,43.4827,10.010430434081673,3.7291487269720602,0.0
28.34564,27.05965,39.54119,1628.1099,0.65787,43.49667,9.902454011753324,3.688924668624093,0.0
28.36144,27.0767,39.56999,1622.43496,0.69515,43.51063,9.793784845196646,3.648442544823877,0.0
28.37718,27.09369,39.60015,1616.81212,0.72662,43.52455,9.6848460363167,3.6078599721635256,0.0
28.39287,27.11063,39.63142,1611.24288,0.75222,43.53846,9.576040694980247,3.5673271196748697,0.0
28.4085,27.12751,39.66353,1605.72856,0.77195,43.55235,9.467750911657975,3.526986326111642,0.0
28.42407,27.14435,39.69623,1600.27027,0.78579,43.56622,9.36033704538229,3.486971834695034,0.0
28.43959,27.16114,39.72928,1594.86891,0.79377,43.58007,9.2541373019356,3.4474096359777207,0.0
28.45505,27.17787,39.76243,1589.52519,0.79593,43.5939,9.149467575209506,3.4084174087459918,0.0
28.47045,27.19456,39.79544,1584.23965,0.7923,43.60772,9.04662152353217,3.3701045484537038,0.0
28.4858,27.2112,39.82808,1579.01266,0.78297,43.62152,8.94587085238169,3.3325722725404487,0.0
28.5011,27.22779,39.8601,1573.84441,0.76802,43.6353,8.847465775149848,3.2959137920781774,0.0
28.51634,27.24433,39.89129,1568.73494,0.74755,43.64907,8.751635624346711,3.26021453946099,0.0
28.53153,27.26082,39.92143,1563.68413,0.72167,43.66283,8.658589586852797,3.225552442305919,0.0
28.54667,27.27727,39.95031,1558.69174,0.69051,43.67658,8.56851753833147,3.191998234293495,0.0
28.56175,27.29368,39.97772,1553.75738,0.65421,43.69032,8.481590953634694,3.1596157943178507,0.0
28.57679,27.31003,40.00346,1548.88053,0.61291,43.70405,8.397963871976524,3.1284625060392375,0.0
28.59177,27.32635,40.02736,1544.06056,0.56678,43.71777,8.317773897567164,3.0985896306465395,0.0
28.60671,27.34262,40.04923,1539.29672,0.51598,43.73148,8.241143218484579,3.070042686413763,0.0
28.62159,27.35884,40.06889,1534.58815,0.46069,43.74519,8.168179628464852,3.04286182934382,0.0
28.63643,27.37503,40.08619,1529.93389,0.40109,43.75889,8.098977538279268,3.017082229933113,0.0
28.65122,27.39117,40.10097,1525.33289,0.33739,43.77258,8.033618965130001,2.9927344417474546,0.0
28.66596,27.40726,40.11309,1520.78399,0.26976,43.78627,7.972174490271258,2.9698447581611394,0.0
28.68065,27.42332,40.12241,1516.28597,0.19843,43.79996,7.914704176564306,2.9484355541703384,0.0
28.6953,27.43934,40.1288,1511.83749,0.12359,43.81364,7.861258439184529,2.9285256107543884,0.0
28.7099,27.45531,40.13215,1507.43717,0.04547,43.82732,7.811878863956653,2.910130419727185,0.0
28.72446,27.47125,40.13236,1503.08352,-0.03573,43.841,7.7665989689364885,2.893262467446434,0.0
28.73897,27.48714,40.12931,1498.77501,-0.11977,43.85468,7.725444905925522,2.8779314961462816,0.0
28.75343,27.503,40.12293,1494.51,-0.20643,43.86835,7.6884360994274905,2.8641447419654606,0.0
28.76785,27.51882,40.11313,1490.28683,-0.29548,43.88203,7.655585821376103,2.851907149048484,0.0
28.78223,27.53459,40.09985,1486.10373,-0.38669,43.8957,7.626901700583884,2.841221559328742,0.0
28.79657,27.55033,40.08303,1481.95891,-0.47982,43.90938,7.602386166436392,2.832088877816276,0.0
28.81086,27.56604,40.06261,1477.85048,-0.57464,43.92306,7.582036826825087,2.824508213387716,0.0
28.8251,27.5817,40.03855,1473.77652,-0.67092,43.93674,7.565846780701756,2.818476995221024,0.0
28.83931,27.59733,40.01083,1469.73506,-0.76841,43.95042,7.553804865983343,2.8139910651465705,0.0
28.85347,27.61292,39.97941,1465.72404,-0.86687,43.9641,7.545895843826313,2.811044746294179,0.0
28.86759,27.62847,39.9443,1461.74139,-0.96606,43.97778,7.54210052052746,2.809630888504391,0.0
28.88167,27.64399,39.90548,1457.78497,-1.06574,43.99147,7.542395808558917,2.8097408910656037,0.0
28.89571,27.65947,39.86296,1453.85259,-1.16566,44.00516,7.546754728429846,2.8113647034076097,0.0
28.9097,27.67492,39.81676,1449.94203,-1.2656,44.01885,7.555146353312584,2.814490804473369,0.0
28.92365,27.69032,39.76689,1446.051,-1.36529,44.03254,7.567535698558193,2.8191061615606503,0.0
28.93757,27.7057,39.7134,1442.1772,-1.46451,44.04624,7.583883558473705,2.8251961695172603,0.0
28.95144,27.72103,39.65633,1438.31827,-1.56301,44.05993,7.6041462929970685,2.8327445712718453,0.0
28.96527,27.73633,39.59573,1434.47183,-1.66056,44.07363,7.6282755671740246,2.841733360782175,0.0
28.97906,27.7516,39.53165,1430.63545,-1.75691,44.08733,7.656218046680703,2.852142669609296,0.0
28.99281,27.76683,39.46417,1426.8067,-1.85183,44.10103,7.687915053002572,2.8639506384626223,0.0
29.00652,27.78202,39.39335,1422.9831,-1.94508,44.11474,7.723302182264578,2.877133275204128,0.0
29.02019,27.79718,39.3193,1419.16215,-2.03644,44.12844,7.762308892200514,2.891664300983571,0.0
29.03382,27.8123,39.2421,1415.34135,-2.12568,44.14215,7.804858062240854,2.9075149863596392,0.0
29.04741,27.82739,39.16184,1411.51816,-2.21257,44.15585,7.850865532209019,2.9246539794521706,0.0
29.06095,27.84244,39.07865,1407.69007,-2.29689,44.16956,7.900239625764351,2.943047128412119,0.0
29.07446,27.85746,38.99263,1403.85453,-2.37843,44.18326,7.952880665312906,2.962657300713065,0.0
29.08792,27.87243,38.90392,1400.00901,-2.45697,44.19697,8.008680485777882,2.9834442020179064,0.0
29.10135,27.88738,38.81263,1396.15101,-2.53231,44.21067,8.067521955246011,3.0053641976070242,0.0
29.11473,27.90228,38.71891,1392.27801,-2.60425,44.22437,8.129278511237647,3.028370139626691,0.0
29.12808,27.91715,38.62289,1388.38755,-2.67259,44.23807,8.193813721903455,3.052411203623291,0.0
29.14138,27.93199,38.52474,1384.47716,-2.73716,44.25177,8.260980882145688,3.0774327380878703,0.0
29.15464,27.94678,38.4246,1380.54445,-2.79777,44.26546,8.330622655143078,3.1033761309147256,0.0
29.16786,27.96154,38.32264,1376.58705,-2.85425,44.27914,8.402570770255068,3.130178696862784,0.0
29.18104,27.97626,38.21901,1372.60266,-2.90645,44.29282,8.476645788590606,3.157773590223805,0.0
29.19418,27.99095,38.1139,1368.58903,-2.95422,44.3065,8.552656947788968,3.1860897469991603,0.0
29.20727,28.00559,38.00747,1364.544,-2.99742,44.32016,8.630402097516606,3.215051860870707,0.0
29.22032,28.0202,37.8999,1360.46549,-3.03593,44.33382,8.709667737077217,3.2445803972115317,0.0
29.23333,28.03477,37.79137,1356.3515,-3.06962,44.34747,8.790229166077536,3.27459164921292,0.0
29.2463,28.0493,37.68207,1352.20013,-3.09841,44.36112,8.871850758475425,3.304997839974481,0.0
29.25922,28.06379,37.57217,1348.00962,-3.1222,44.37475,8.954286369357265,3.3357072740394282,0.0
29.27211,28.07824,37.46187,1343.7783,-3.14093,44.38837,9.037279882567644,3.3666245414010505,0.0
29.28494,28.09265,37.35135,1339.50463,-3.15454,44.40197,9.120565905791091,3.397650776438942,0.0
29.29774,28.10702,37.24079,1335.18724,-3.16299,44.41557,9.203870617788,3.4286839735366796,0.0
29.31048,28.12134,37.13039,1330.82487,-3.16627,44.42914,9.286912770375443,3.4596193603460375,0.0
29.32319,28.13563,37.02034,1326.41645,-3.16436,44.44271,9.36940484526926,3.490349828741104,0.0
29.33585,28.14987,36.9108,1321.96103,-3.15729,44.45626,9.451054363229774,3.5207664225095088,0.0
29.34846,28.16408,36.80196,1317.45788,-3.14508,44.46979,9.531565340048381,3.550758879745733,0.0
29.36103,28.17823,36.69401,1312.9064,-3.12779,44.4833,9.610639880850599,3.5802162267709443,0.0
29.37355,28.19235,36.58711,1308.30622,-3.1055,44.49679,9.687979901042445,3.609027419230809,0.0
29.38603,28.20642,36.48144,1303.65711,-3.07828,44.51026,9.763288959067088,3.637082024845561,0.0
29.39845,28.22044,36.37715,1298.95906,-3.04626,44.52372,9.836274183051131,3.6642709411364343,0.0
29.41083,28.23443,36.2744,1294.21224,-3.00956,44.53715,9.906648270496076,3.690487140363357,0.0
29.42317,28.24836,36.17335,1289.41703,-2.96834,44.55055,9.974131537509395,3.7156264329174364,0.0
29.43545,28.26225,36.07413,1284.57398,-2.92276,44.56394,10.0384539917378,3.739588239543145,0.0
29.44769,28.27609,35.97689,1279.68386,-2.87302,44.5773,10.099357401333474,3.762276362082684,0.0
29.45988,28.28989,35.88175,1274.7476,-2.81932,44.59063,10.156597330926484,3.783599741929269,0.0
29.47201,28.30363,35.78883,1269.76633,-2.76189,44.60393,10.209945114813,3.8034731950916676,0.0
29.4841,28.31733,35.69823,1264.74139,-2.70096,44.61721,10.25918973751378,3.8218181127517137,0.0
29.49614,28.33098,35.61006,1259.67424,-2.6368,44.63047,10.3041395924297,3.838563116409756,0.0
29.50813,28.34458,35.52441,1254.56657,-2.56967,44.64369,10.344624090592863,3.8536446571867895,0.0
29.52007,28.35813,35.44134,1249.42017,-2.49987,44.65688,10.380495093532204,3.8670075496045846,0.0
29.53195,28.37163,35.36094,1244.23703,-2.4277,44.67005,10.41162814687948,3.8786054311363785,0.0
29.54379,28.38508,35.28325,1239.01925,-2.35345,44.68318,10.43792349453349,3.888401140009733,0.0
29.55557,28.39848,35.20831,1233.76907,-2.27746,44.69628,10.459306857026325,3.8963670051684445,0.0
29.5673,28.41183,35.13617,1228.48884,-2.20005,44.70935,10.475729961817422,3.902485043821021,0.0
29.57898,28.42512,35.06684,1223.18102,-2.12155,44.72239,10.48717081773189,3.9067470636761965,0.0
29.5906,28.43836,35.00033,1217.84817,-2.0423,44.7354,10.493633730402866,3.9091546686956007,0.0
29.60217,28.45155,34.93663,1212.4929,-1.96264,44.74838,10.49514906026277,3.909719168939144,0.0
29.61369,28.46469,34.87575,1207.11791,-1.88292,44.76132,10.491772729202221,3.908461396782473,0.0
29.62516,28.47777,34.81764,1201.72593,-1.80348,44.77423,10.48358548643935,3.905411433433982,0.0
29.63657,28.4908,34.76227,1196.31973,-1.72466,44.78711,10.4706919481544,3.9006082511734284,0.0
29.64793,28.50378,34.7096,1190.90211,-1.6468,44.79995,10.453219429123179,3.8940992781046537,0.0
29.65924,28.5167,34.65958,1185.47586,-1.57022,44.81276,10.431316587614612,3.8859398933442684,0.0
29.67049,28.52957,34.61213,1180.0438,-1.49525,44.82554,10.405151907410866,3.876192861534205,0.0
29.68169,28.54238,34.56717,1174.60868,-1.42222,44.83829,10.374912042638165,3.864927716247645,0.0
29.69284,28.55514,34.52464,1169.17327,-1.35141,44.851,10.340800052389438,3.8522201023395133,0.0
29.70393,28.56785,34.48442,1163.74027,-1.28314,44.86369,10.303033552663877,3.838151087495328,0.0
29.71496,28.5805,34.44642,1158.31234,-1.21768,44.87634,10.261842813179339,3.822806453243756,0.0
29.72595,28.59309,34.41054,1152.89208,-1.15531,44.88895,10.217468825960013,3.8062759754546853,0.0
29.73688,28.60563,34.37665,1147.482,-1.09627,44.90154,10.170161371443859,3.7886527039133764,0.0
29.74775,28.61812,34.34463,1142.08455,-1.0408,44.9141,10.12017710630329,3.7700322499833456,0.0
29.75858,28.63055,34.31437,1136.7021,-0.98914,44.92662,10.067777695137908,3.750512090612757,0.0
29.76935,28.64293,34.28572,1131.33692,-0.94148,44.93912,10.013228005916586,3.7301908960891095,0.0
29.78007,28.65526,34.25855,1125.99116,-0.89803,44.95159,9.956794386517997,3.7091678880052443,0.0
29.79073,28.66753,34.23273,1120.66691,-0.85894,44.96403,9.89874303709226,3.687542232921227,0.0
29.80134,28.67974,34.20811,1115.36612,-0.82437,44.97644,9.839338490220486,3.665412476183794,0.0
29.8119,28.6919,34.18454,1110.09064,-0.79446,44.98882,9.778842208158753,3.6428760193628182,0.0
29.82241,28.70401,34.16188,1104.84221,-0.76932,45.00118,9.717511303780391,3.6200286437686646,0.0
29.83286,28.71607,34.13999,1099.62245,-0.74906,45.01351,9.65559738938137,3.5969640816018984,0.0
29.84327,28.72807,34.11871,1094.43287,-0.73375,45.02582,9.593345555139694,3.573773635402537,0.0
29.85362,28.74002,34.09789,1089.27486,-0.72345,45.03811,9.530993476845726,3.550545845656117,0.0
29.86392,28.75192,34.0774,1084.14968,-0.71821,45.05037,9.46877065069589,3.5273662057342148,0.0
29.87417,28.76376,34.05708,1079.05851,-0.71806,45.0626,9.406897751211636,3.504316922702366,0.0
29.88438,28.77555,34.03678,1074.00237,-0.723,45.07482,9.34558610697084,3.48147672201622,0.0
29.89453,28.7873,34.01637,1068.9822,-0.73303,45.08701,9.285037287649764,3.458920693683802,0.0
29.90463,28.79899,33.99571,1063.99879,-0.74812,45.09919,9.22544279496834,3.4367201771344984,0.0
29.91468,28.81063,33.97465,1059.05286,-0.76823,45.11134,9.166983849446881,3.4149426817803263,0.0
29.92468,28.82222,33.95306,1054.14498,-0.79331,45.12348,9.109831264409234,3.393651840078787,0.0
29.93464,28.83375,33.93082,1049.27565,-0.82328,45.1356,9.054145398342262,3.372907389785523,0.0
29.94455,28.84524,33.90779,1044.44522,-0.85806,45.1477,9.000076176714932,3.3527651820825017,0.0
29.95441,28.85668,33.88386,1039.65397,-0.89755,45.15979,8.94776317430626,3.3332772122473373,0.0
29.96422,28.86808,33.8589,1034.90206,-0.94164,45.17186,8.897335749336003,3.3144916696205122,0.0
29.97398,28.87942,33.8328,1030.18957,-0.99021,45.18392,8.848913220958982,3.296453003726671,0.0
29.9837,28.89071,33.80545,1025.51645,-1.04311,45.19596,8.802605082097367,3.279202003560255,0.0
29.99338,28.90196,33.77676,1020.88259,-1.1002,45.20799,8.75851123997279,3.2627758871900396,0.0
30.003,28.91316,33.74662,1016.28777,-1.16132,45.22,8.71672227727458,3.247208399051174,0.0
30.01258,28.92431,33.71493,1011.73169,-1.22631,45.23201,8.677319727396217,3.232529912478,0.0
30.02212,28.93542,33.68163,1007.21393,-1.29499,45.244,8.64037635776688,3.2187675352525162,0.0
30.03161,28.94647,33.64662,1002.73404,-1.36716,45.25599,8.60595645586619,3.2059452161523843,0.0
30.04106,28.95749,33.60983,998.29145,-1.44264,45.26796,8.574116113109438,3.1940838507056557,0.0
