0.04945,0.04945,51.73967,5220.88056,-0.27939,45.00009,18.312602820079487,6.821926384058542,0.0
0.0988,0.0988,51.71661,5210.69009,-0.05819,45.00019,18.30046149141231,6.817403419672435,0.0
0.14805,0.14805,51.72372,5200.47231,0.1623,45.00032,18.210593441887013,6.783925206653569,0.0
0.19721,0.19721,51.76068,5190.27046,0.38082,45.00046,18.045203009947215,6.722312919071828,0.0
0.24627,0.24627,51.82702,5180.12646,0.59614,45.00062,17.80781912456326,6.633881175820373,0.0
0.29523,0.29523,51.92213,5170.08023,0.80709,45.00081,17.50314666398807,6.520382667841216,0.0
0.34409,0.3441,52.04522,5160.16908,1.01258,45.00101,17.136879766402025,6.3839386114283405,0.0
0.39286,0.39287,52.19538,5150.42717,1.21161,45.00123,16.715489221829024,6.226959546122381,0.0
0.44153,0.44154,52.37157,5140.88511,1.40331,45.00147,16.245996756989555,6.052061249879468,0.0
0.4901,0.49012,52.57268,5131.5697,1.5869,45.00174,15.735748611019213,5.861980390068799,0.0
0.53858,0.53861,52.79748,5122.50378,1.76173,45.00203,15.1921994608501,5.659494029991931,0.0
0.58697,0.587,53.04469,5113.70618,1.92727,45.00234,14.622715741824535,5.44734636063646,0.0
0.63528,0.63531,53.31297,5105.19181,2.08312,45.00268,14.034405009025024,5.228185133281649,0.0
0.68349,0.68354,53.60094,5096.97179,2.22898,45.00304,13.433975476674707,5.004509334229355,0.0
0.73163,0.73168,53.90721,5089.05369,2.36468,45.00344,12.82762749570475,4.77862875734249,0.0
0.77968,0.77974,54.23039,5081.44182,2.49012,45.00386,12.220976660152107,4.552635359154992,0.0
0.82765,0.82773,54.56907,5074.13752,2.60532,45.00432,11.619006580458203,4.328385665682972,0.0
0.87555,0.87564,54.92188,5067.13953,2.71037,45.0048,11.026048169772398,4.107493056027751,0.0
0.92338,0.92348,55.28746,5060.44431,2.80544,45.00532,10.445781548739223,3.8913284719592194,0.0
0.97114,0.97126,55.66449,5054.04638,2.89072,45.00588,9.881256335993285,3.6810279766590623,0.0
1.01883,1.01897,56.05168,5047.93869,2.96651,45.00647,9.334926084427487,3.477505583136747,0.0
1.06646,1.06662,56.44781,5042.11287,3.0331,45.0071,8.808692865638482,3.281469863108546,0.0
1.11403,1.11421,56.85167,5036.55957,3.09083,45.00777,8.303958416684633,3.093443000510619,0.0
1.16155,1.16175,57.26214,5031.26868,3.14006,45.00848,7.8216787729056225,2.9137811436618,0.0
1.20901,1.20923,57.67811,5026.22959,3.18117,45.00924,7.3624198586682805,2.742695114279101,0.0
1.25641,1.25667,58.09857,5021.43135,3.21455,45.01003,6.92641204978016,2.5802707334123887,0.0
1.30377,1.30405,58.52253,5016.86287,3.24058,45.01087,6.513602225304055,2.4264882121148568,0.0
1.35108,1.3514,58.94906,5012.51309,3.25964,45.01175,6.123702273223085,2.2812402210795337,0.0
1.39835,1.3987,59.37729,5008.37102,3.27213,45.01268,5.756233394230996,2.1443483949668734,0.0
1.44557,1.44596,59.8064,5004.42591,3.2784,45.01366,5.410565858403881,2.015578142811027,0.0
1.49276,1.49318,60.23562,5000.66731,3.27884,45.01469,5.085954113735947,1.8946517268731833,0.0
1.5399,1.54036,60.66421,4997.0851,3.27378,45.01576,4.781567329472572,1.7812596408367738,0.0
1.58701,1.58752,61.0915,4993.66957,3.26357,45.01688,4.4965155889236375,1.675070367319611,0.0
1.63408,1.63464,61.51686,4990.41144,3.24852,45.01805,4.229872034466208,1.5757386274700604,0.0
1.68112,1.68173,61.93969,4987.30185,3.22895,45.01928,3.980691320195637,1.4829122550650922,0.0
1.72813,1.72879,62.35943,4984.33241,3.20514,45.02055,3.7480247528694526,1.3962378369102657,0.0
1.77511,1.77582,62.77556,4981.49519,3.17737,45.02188,3.5309325063261254,1.3153652630320956,0.0
1.82206,1.82283,63.1876,4978.7827,3.14591,45.02326,3.328493284106664,1.2399513262588389,0.0
1.86898,1.86982,63.5951,4976.18791,3.11099,45.02469,3.13981178441754,1.1696625031155987,0.0
1.91588,1.91678,63.99764,4973.70421,3.07284,45.02618,2.964024294581003,1.1041770379042648,0.0
1.96275,1.96372,64.39483,4971.3254,3.03169,45.02772,2.8003027116220056,1.0431864404779307,0.0
2.00959,2.01064,64.7863,4969.0457,2.98774,45.02931,2.6478572538421,0.9863964963735184,0.0
2.05641,2.05754,65.17171,4966.85968,2.94116,45.03096,2.505938096669918,0.9335278762091208,0.0
2.10321,2.10442,65.55076,4964.76231,2.89215,45.03267,2.373836135869419,0.8843164199991574,0.0
2.14999,2.15129,65.92313,4962.74888,2.84086,45.03443,2.2508830529734003,0.8385131615300785,0.0
2.19675,2.19814,66.28856,4960.81499,2.78746,45.03625,2.1364508320188818,0.7958841483315789,0.0
2.24349,2.24497,66.6468,4958.95657,2.73207,45.03812,2.0299508534816804,0.7562101041433891,0.0
2.29021,2.29179,66.9976,4957.16981,2.67484,45.04005,1.9308326707336125,0.7192859731133882,0.0
2.33691,2.3386,67.34075,4955.45118,2.61589,45.04204,1.8385825563288238,0.6849203782510126,0.0
2.38359,2.38539,67.67603,4953.79739,2.55534,45.04408,1.7527218897960883,0.6529350208374683,0.0
2.43025,2.43217,68.00327,4952.20537,2.4933,45.04618,1.6728054451916798,0.6231640424941177,0.0
2.4769,2.47894,68.32228,4950.6723,2.42986,45.04834,1.5984196252289482,0.5954533673492841,0.0
2.52353,2.5257,68.63289,4949.1955,2.36512,45.05056,1.5291806791448066,0.5696600381466274,0.0
2.57015,2.57245,68.93474,4947.77294,2.29591,45.06544,1.4647765942389772,0.5456678219457456,28.999999505313333
2.61673,2.6192,69.22748,4946.40266,2.22571,45.07987,1.4049130751027765,0.5233670859635261,28.999999505313333
2.6633,2.66596,69.511,4945.08246,2.15458,45.09387,1.3492723575722303,0.5026394546880101,28.999999505313333
2.70984,2.71271,69.78518,4943.81027,2.08259,45.10748,1.2975621294965929,0.48337603415184927,28.999999505313333
2.75635,2.75947,70.04994,4942.58419,2.00979,45.12073,1.2495133317954745,0.46547659276822795,28.999999505313333
2.80285,2.80623,70.30517,4941.40242,1.93625,45.13365,1.204878442157278,0.4488489219633723,28.999999505313333
2.84932,2.85299,70.55078,4940.26331,1.862,45.14627,1.1634298754277408,0.43340824027919356,28.999999505313333
2.89578,2.89975,70.7867,4939.1653,1.78711,45.15861,1.1249584972373594,0.4190766396603954,28.999999505313333
2.94221,2.94651,71.01286,4938.10694,1.71162,45.17071,1.089272246594672,0.4057825723342292,28.999999505313333
2.98863,2.99327,71.22917,4937.08685,1.63556,45.18257,1.0561948626069357,0.3934603764804454,28.999999505313333
3.03502,3.04004,71.43558,4936.10376,1.55899,45.19423,1.0255647101516936,0.3820498387630526,28.999999505313333
3.0814,3.08681,71.63203,4935.15648,1.48192,45.2057,0.9972336991548691,0.37149579173297287,28.999999505313333
3.12776,3.13358,71.81845,4934.24386,1.40441,45.217,0.971066292100032,0.36174774409912924,28.999999505313333
3.1741,3.18036,71.99481,4933.36484,1.32648,45.22815,0.9469385944589516,0.3527595418898948,28.999999505313333
3.22043,3.22713,72.16105,4932.51842,1.24816,45.23916,0.92473752288362,0.34448905858273426,28.999999505313333
3.26674,3.27392,72.31713,4931.70362,1.16949,45.25006,0.9043600461996253,0.3368979123542661,28.999999505313333
3.31303,3.3207,72.46301,4930.91956,1.09049,45.26085,0.8857124944856792,0.3299512086942065,28.999999505313333
3.35931,3.36749,72.59864,4930.16535,1.01118,45.27156,0.8687099317958092,0.32361730672788136,28.999999505313333
3.40557,3.41428,72.72401,4929.44018,0.9316,45.28218,0.8532755883678913,0.3178676076989654,28.999999505313333
3.45182,3.46108,72.83908,4928.74324,0.85177,45.29275,0.8393403484596131,0.3126763641749028,28.999999505313333
3.49805,3.50788,72.94381,4928.07379,0.77172,45.30326,0.8268422902610563,0.3080205086522379,28.999999505313333
3.54427,3.55469,73.03819,4927.43108,0.69145,45.31374,0.8157262746280246,0.3038795003489597,28.999999505313333
3.59047,3.6015,73.12219,4926.8144,0.611,45.32419,0.8059435796850449,0.30023518908450453,28.999999505313333
3.63666,3.64831,73.1958,4926.22307,0.53039,45.33462,0.7974515786365398,0.29707169525594135,28.999999505313333
3.68284,3.69514,73.25899,4925.65641,0.44963,45.34505,0.7902134584136561,0.2943753050265123,28.999999505313333
3.729,3.74196,73.31176,4925.11376,0.36875,45.35548,0.7841979770615262,0.2921343799460037,28.999999505313333
3.77515,3.7888,73.35408,4924.59448,0.28777,45.36593,0.7793792580433551,0.29033928032360695,28.999999505313333
3.82128,3.83564,73.38596,4924.09791,0.2067,45.3764,0.7757366199006172,0.28898230177185935,28.999999505313333
3.8674,3.88248,73.40737,4923.62344,0.12557,45.38691,0.7732544399645181,0.28805762443557775,28.999999505313333
3.91351,3.92933,73.41833,4923.17043,0.04438,45.39747,0.7719220510645193,0.28756127451306623,28.999999505313333
3.95961,3.97619,73.41881,4922.73825,-0.03683,45.40807,0.77173367042034,0.28749109776651643,28.999999505313333
4.00569,4.02306,73.40883,4922.32625,-0.11806,45.41875,0.7726883601457707,0.2878467448086378,28.999999505313333
4.05176,4.06993,73.38839,4921.93382,-0.19928,45.42949,0.7747900190257185,0.2886296680393916,28.999999505313333
4.09782,4.11682,73.35748,4921.5603,-0.28048,45.44033,0.7780474054585068,0.28984313019260044,28.999999505313333
4.14387,4.16371,73.31611,4921.20502,-0.36163,45.45125,0.7824741916892742,0.29149222453931706,28.999999505313333
4.1899,4.2106,73.2643,4920.86733,-0.44272,45.46228,0.7880890496855034,0.2935839068787177,28.999999505313333
4.23592,4.25751,73.20205,4920.54653,-0.52373,45.47342,0.7949157692375686,0.29612703953366376,28.999999505313333
4.28193,4.30443,73.12937,4920.24192,-0.60465,45.48469,0.8029834090967348,0.2991324476535833,28.999999505313333
4.32793,4.35135,73.04628,4919.95277,-0.68544,45.49609,0.8123264821942816,0.3026129882134678,28.999999505313333
4.37392,4.39828,72.9528,4919.67832,-0.7661,45.50763,0.8229851762204927,0.30658363218534973,28.999999505313333
4.41989,4.44523,72.84895,4919.41778,-0.84659,45.51934,0.8350056110773701,0.31106156044621247,28.999999505313333
4.46585,4.49218,72.73476,4919.17036,-0.9269,45.53121,0.8484401349578041,0.31606627407527155,28.999999505313333
4.5118,4.53914,72.61023,4918.93518,-1.00701,45.54327,0.8633476610421426,0.3216197197823055,28.999999505313333
4.55774,4.58611,72.47542,4918.71135,-1.08689,45.55551,0.8797940470471239,0.3277464312996204,28.999999505313333
4.60366,4.6331,72.33034,4918.49795,-1.16652,45.56797,0.8978525200973182,0.33447368765784,28.999999505313333
4.64957,4.68009,72.17503,4918.29397,-1.24587,45.58064,0.917604149629194,0.3418316893551142,28.999999505313333
4.69547,4.7271,72.00954,4918.09839,-1.32492,45.59356,0.9391383712637673,0.3498537535134643,28.999999505313333
4.74136,4.77412,71.8339,4917.91009,-1.40363,45.60672,0.9625535648058327,0.35857652919870464,28.999999505313333
4.78723,4.82114,71.64815,4917.72791,-1.48199,45.62015,0.9879576897236018,0.3680402341533287,28.999999505313333
4.83309,4.86819,71.45236,4917.55062,-1.55995,45.63387,1.0154689816433957,0.3782889142591076,28.999999505313333
4.87894,4.91524,71.24656,4917.37691,-1.63748,45.64789,1.0452167135336023,0.3893707270981422,28.999999505313333
4.92477,4.9623,71.03083,4917.20537,-1.71455,45.66223,1.0773420253435022,0.4013382510151554,28.999999505313333
4.97059,5.00938,70.80522,4917.03451,-1.79112,45.67692,1.111998825900685,0.41424882109800903,28.999999505313333
5.0164,5.05648,70.56979,4916.86276,-1.86716,45.69197,1.1493547708184542,0.4281648934739435,28.999999505313333
5.06219,5.10358,70.32463,4916.68841,-1.94261,45.70741,1.189592320009381,0.4431544392612007,28.999999505313333
5.10797,5.1507,70.06982,4916.50966,-2.01743,45.72327,1.232909878121148,0.45929136941138293,28.999999505313333
5.15373,5.19784,69.80543,4916.32455,-2.09158,45.73957,1.279523020752418,0.4766559915071274,28.999999505313333
5.19948,5.24499,69.53156,4916.13102,-2.16501,45.75634,1.3296658086457784,0.49533549933355664,28.999999505313333
5.24521,5.29215,69.2483,4915.92683,-2.23765,45.77361,1.3835921911350795,0.5154244956993392,28.999999505313333
5.29092,5.33932,68.95597,4915.70921,-2.30636,45.77944,1.4415369433180283,0.5370104405056755,0.0
5.33664,5.3865,68.65489,4915.47524,-2.37403,45.78533,1.5037493173776726,0.5601861867489701,0.0
5.38234,5.43369,68.34518,4915.22217,-2.44059,45.79127,1.5705363412777895,0.5850661104241225,0.0
5.42804,5.48088,68.02701,4914.94707,-2.50597,45.79727,1.6422289740565112,0.6117735024808929,0.0
5.47373,5.52808,67.70054,4914.64681,-2.57006,45.80333,1.7191832689695534,0.6404410021253604,0.0
5.51941,5.57528,67.36594,4914.318,-2.63278,45.80945,1.8017817682537038,0.6712111164060206,0.0
5.56508,5.62249,67.0234,4913.95701,-2.69403,45.81562,1.8904348661999482,0.7042367279943893,0.0
5.61075,5.6697,66.67311,4913.55998,-2.75369,45.82186,1.9855821074405975,0.7396815788311176,0.0
5.6564,5.71692,66.31529,4913.12273,-2.81166,45.82814,2.0876933793910335,0.7777207143419175,0.0
5.70205,5.76415,65.95018,4912.64079,-2.86781,45.83449,2.1972699484331577,0.8185408694431592,0.0
5.74769,5.81137,65.57801,4912.10937,-2.92199,45.84089,2.3148452786258673,0.8623407735330659,0.0
5.79332,5.85861,65.19907,4911.52334,-2.97408,45.84735,2.4409855592954814,0.9093313470330298,0.0
5.83893,5.90584,64.81362,4910.87721,-3.02392,45.85386,2.576289853762481,0.9597357567922343,0.0
5.88454,5.95308,64.42198,4910.16509,-3.07135,45.86042,2.7213897656222796,1.0137892917684619,0.0
5.93014,6.00032,64.02448,4909.38071,-3.11618,45.86705,2.8769485014958542,1.0717390138780425,0.0
5.97572,6.04757,63.62147,4908.51735,-3.15824,45.87372,3.0436591901091865,1.1338431318087192,0.0
6.02129,6.09481,63.21333,4907.56787,-3.19732,45.88045,3.2222422972638998,1.2003700380281928,0.0
6.06685,6.14206,62.80045,4906.52465,-3.23321,45.88723,3.413441955195452,1.2715969413734685,0.0
6.11239,6.18931,62.38329,4905.3796,-3.26569,45.89407,3.6180210037066827,1.3478080197426272,0.0
6.15791,6.23655,61.96229,4904.12414,-3.29452,45.90095,3.836754520373439,1.4292920099261908,0.0
6.20343,6.2838,61.53796,4902.7492,-3.31945,45.90789,4.070421599436779,1.516339145028156,0.0
6.24892,6.33104,61.11082,4901.2452,-3.3402,45.91488,4.319795125616913,1.6092373449426234,0.0
6.29439,6.37828,60.68145,4899.60207,-3.35651,45.92191,4.585629282387937,1.7082675628574528,0.0
6.33985,6.42552,60.25043,4897.80925,-3.36808,45.929,4.868644537190767,1.813698191851027,0.0
6.38529,6.47275,59.81843,4895.85573,-3.37459,45.93613,5.169509862165256,1.925778441647156,0.0
6.4307,6.51997,59.3861,4893.73004,-3.37574,45.94331,5.488821982399529,2.0447306080419496,0.0
6.47609,6.56719,58.95419,4891.42034,-3.3712,45.95054,5.827081498933374,2.170741178094335,0.0
6.52146,6.61439,58.52345,4888.91446,-3.36063,45.95781,6.18466581574733,2.3039507447171577,0.0
6.5668,6.66159,58.0947,4886.19995,-3.34369,45.96513,6.561798913464533,2.444442746585822,0.0
6.61211,6.70877,57.66878,4883.26423,-3.32003,45.97248,6.95851816186796,2.592231104927745,0.0
6.65739,6.75593,57.24659,4880.09465,-3.2893,45.97988,7.374638551650913,2.747246898908293,0.0
6.70264,6.80308,56.82907,4876.67866,-3.25118,45.98732,7.80971495426465,2.9093243064310235,0.0
6.74785,6.85021,56.41721,4873.00394,-3.20531,45.99479,8.263003285396703,3.078186136511506,0.0
6.79303,6.89732,56.01201,4869.0586,-3.15139,46.0023,8.73342174646823,3.253429390715287,0.0
6.83817,6.94441,55.61454,4864.83138,-3.08912,46.00985,9.2195136383019,3.4345114102707486,0.0
6.88327,6.99147,55.22589,4860.31189,-3.01822,46.01743,9.719413564104402,3.62073728579084,0.0
6.92832,7.0385,54.84718,4855.4908,-2.93846,46.02504,10.230819140768801,3.8112493189888816,0.0
6.97333,7.0855,54.47955,4850.36017,-2.84965,46.03268,10.75097058676246,4.005019418629744,0.0
7.01829,7.13246,54.12416,4844.91368,-2.75163,46.04035,11.276640714357258,4.200845372372283,0.0
7.06319,7.17939,53.78218,4839.14691,-2.64434,46.04805,11.804137882931444,4.397351946951986,0.0
7.10805,7.22628,53.45477,4833.05762,-2.52775,46.05577,12.329324327556733,4.592997716061918,0.0
7.15284,7.27313,53.1431,4826.646,-2.40191,46.06351,12.847651927555038,4.786088385081234,0.0
7.19757,7.31993,52.84831,4819.9149,-2.26698,46.07127,13.354216898884554,4.974797165428041,0.0
7.24224,7.36667,52.5715,4812.87006,-2.12318,46.07905,13.843834075657051,5.157192446379045,0.0
7.28685,7.41337,52.31373,4805.52022,-1.97084,46.08685,14.31113040818031,5.33127262555045,0.0
7.33138,7.46001,52.07603,4797.87726,-1.81036,46.09467,14.750656094516147,5.4950075083273635,0.0
7.37584,7.50659,51.85932,4789.95621,-1.64228,46.10249,15.157010456766388,5.646385200092327,0.0
7.42022,7.55311,51.66447,4781.77522,-1.46721,46.11033,15.52497837674971,5.78346293210478,0.0
7.46453,7.59957,51.49225,4773.35542,-1.28585,46.11818,15.849671941729468,5.9044198282616005,0.0
7.50875,7.64595,51.34332,4764.72076,-1.09899,46.12603,16.126671049793305,6.007609284300552,0.0
7.5529,7.69227,51.21825,4755.89771,-0.90752,46.1339,16.3521562059491,6.09160843784011,0.0
7.59695,7.73852,51.11747,4746.91488,-0.71236,46.14177,16.52302669630596,6.1552621913712215,0.0
7.64092,7.78469,51.04128,4737.80266,-0.51452,46.14964,16.636997806969607,6.197719428853828,0.0
7.6848,7.83078,50.98987,4728.59274,-0.31502,46.15752,16.692671749565772,6.218459437340492,0.0
7.72858,7.87679,50.96328,4719.31756,-0.11493,46.16541,16.689578400709028,6.217307083500448,0.0
7.77228,7.92273,50.96142,4710.00986,0.08471,46.1733,16.628183738725955,6.194435956520977,0.0
7.81588,7.96859,50.98407,4700.70213,0.28283,46.18119,16.509865808037382,6.150359414207366,0.0
7.85939,8.01436,51.03089,4691.4261,0.4784,46.18908,16.33685998037712,6.08591019134663,0.0
7.90281,8.06005,51.10141,4682.2123,0.67045,46.19698,16.112177036798194,6.0022098830994395,0.0
7.94613,8.10567,51.19505,4673.08962,0.85805,46.20488,15.839499015238333,5.900630145477848,0.0
7.98936,8.1512,51.31111,4664.08495,1.04033,46.21279,15.52305874917462,5.7827478203246185,0.0
8.03249,8.19665,51.44882,4655.22293,1.21652,46.2207,15.167509510532115,5.650296373866792,0.0
8.07554,8.24203,51.60731,4646.52566,1.3859,46.22862,14.777791167704136,5.505116037056634,0.0
8.1185,8.28732,51.78564,4638.01264,1.54788,46.23654,14.35899882873145,5.349104871699695,0.0
8.16136,8.33254,51.98282,4629.70063,1.70192,46.24448,13.916259149651989,5.184172692060544,0.0
8.20414,8.37769,52.19779,4621.60365,1.84762,46.25242,13.454618458697636,5.0121993881824425,0.0
8.24684,8.42276,52.42947,4613.73308,1.98463,46.26038,12.978945695084578,4.83499876803292,0.0
8.28945,8.46777,52.67675,4606.09767,2.1127,46.26834,12.493851994475515,4.654288600972616,0.0
8.33198,8.5127,52.93851,4598.70377,2.23168,46.27632,12.003627662320932,4.471667138666565,0.0
8.37444,8.55757,53.2136,4591.55546,2.34147,46.28432,11.512196327229422,4.28859603600835,0.0
8.41681,8.60238,53.50089,4584.65474,2.44206,46.29234,11.023085300389305,4.106389309224764,0.0
8.45912,8.64713,53.79927,4578.00174,2.5335,46.30037,10.539410600212461,3.9262077571616096,0.0
8.50135,8.69182,54.10762,4571.59496,2.61589,46.30842,10.063874730977844,3.749058133769966,0.0
8.54351,8.73645,54.42485,4565.43148,2.68938,46.3165,9.598775112032707,3.5757962882054235,0.0
8.58561,8.78103,54.74992,4559.50712,2.75418,46.3246,9.146021012489228,3.407133473448165,0.0
8.62764,8.82556,55.08178,4553.81673,2.8105,46.33272,8.70715692344835,3.243645053071296,0.0
8.66961,8.87004,55.41945,4548.3543,2.8586,46.34087,8.283390462666874,3.0857808964635622,0.0
8.71153,8.91448,55.76197,4543.11317,2.89877,46.34905,7.875623125000187,2.933876834178352,0.0
8.75338,8.95887,56.10841,4538.08618,2.93129,46.35726,7.484482439718082,2.788166637379951,0.0
8.79518,9.00323,56.45789,4533.26582,2.95648,46.36549,7.110354351594965,2.648794080651644,0.0
8.83693,9.04754,56.80957,4528.64434,2.97464,46.37376,6.753414890789474,2.5158247398591573,0.0
8.87862,9.09182,57.16266,4524.21386,2.9861,46.38207,6.413660425676542,2.3892572621265984,0.0
8.92027,9.13607,57.51638,4519.96646,2.99117,46.3904,6.0909359963119325,2.269033920797498,0.0
8.96187,9.18028,57.87001,4515.89427,2.99016,46.39878,5.784961400672957,2.1550503332458453,0.0
9.00342,9.22446,58.22286,4511.98954,2.98338,46.40719,5.495354850470918,2.0471642732886464,0.0
9.04493,9.26862,58.57429,4508.24465,2.97114,46.41564,5.221654129380223,1.9452035531829748,0.0
9.0864,9.31275,58.92369,4504.6522,2.95372,46.42412,4.96333527634321,1.8489729836486055,0.0
9.12783,9.35685,59.27047,4501.20502,2.93142,46.43265,4.719828883248005,1.758260445181837,0.0
9.16922,9.40093,59.6141,4497.8962,2.9045,46.44121,4.490534143158461,1.6728421213907732,0.0
9.21057,9.44499,59.95405,4494.71909,2.87324,46.44982,4.274830815799137,1.592486956453307,0.0
9.25189,9.48903,60.28985,4491.66734,2.83787,46.45847,4.072089294315988,1.5169604052503545,0.0
9.29317,9.53305,60.62105,4488.73488,2.79864,46.46717,3.8816789643950265,1.4460275473574937,0.0
9.33442,9.57705,60.94722,4485.91594,2.75579,46.4759,3.7029750461151822,1.3794556358151773,0.0
9.37563,9.62104,61.26796,4483.20503,2.70952,46.48468,3.535364102545277,1.3170161492260437,0.0
9.41682,9.66501,61.58289,4480.59695,2.66005,46.49351,3.3782483888954284,1.2584864119282497,0.0
9.45797,9.70897,61.89168,4478.08678,2.60756,46.50238,3.231049203329305,1.203650842261201,0.0
9.49909,9.75291,62.19398,4475.66986,2.55226,46.5113,3.0932093864916004,1.1523018837052998,0.0
9.54019,9.79685,62.48949,4473.34181,2.4943,46.52026,2.964195102222971,1.1042406682451174,0.0
9.58125,9.84077,62.77792,4471.09847,2.43385,46.52927,2.8434970174203134,1.059277455898386,0.0
9.62229,9.88468,63.05901,4468.93594,2.37108,46.53833,2.7306309850408335,1.0172318891529901,0.0
9.66331,9.92859,63.3325,4466.85053,2.30613,46.54744,2.6251383210690373,0.9779330961444548,0.0
9.7043,9.97248,63.59816,4464.83879,2.23913,46.55659,2.5265857540965797,0.9412196718731154,0.0
9.74526,10.01637,63.85576,4462.89743,2.17022,46.5658,2.43456511508813,0.9069395626337373,0.0
9.7862,10.06026,64.1051,4461.02338,2.09951,46.57505,2.3486928249217573,0.874949875110827,0.0
9.82711,10.10413,64.34599,4459.21374,2.02714,46.58435,2.268609228439335,0.8451166282948857,0.0
9.86801,10.14801,64.57825,4457.46578,1.9532,46.59371,2.193977815919569,0.8173144634606276,0.0
9.90888,10.19187,64.80171,4455.77691,1.87779,46.60311,2.1244843660705905,0.7914263249091721,0.0
9.94972,10.23574,65.01621,4454.1447,1.80103,46.61256,2.0598360387131898,0.7673431219686743,0.0
9.99055,10.2796,65.22162,4452.56684,1.72299,46.62206,1.9997604402524638,0.7449633808579262,0.0
10.03136,10.32346,65.4178,4451.04116,1.64377,46.63162,1.9440046806745426,0.7241928933928246,0.0
10.07214,10.36732,65.60462,4449.5656,1.56344,46.64122,1.8923344371315722,0.7049443681471387,0.0
10.11291,10.41117,65.78197,4448.13819,1.48209,46.65088,1.8445330360487286,0.6871370885132215,0.0
10.15365,10.45503,65.94973,4446.75709,1.3998,46.66059,1.8004005631116506,0.6706965811489114,0.0
10.19438,10.49888,66.10782,4445.42052,1.31662,46.67035,1.7597530083036774,0.6555542974814073,0.0
10.23509,10.54274,66.25613,4444.12679,1.23263,46.68016,1.7224214514006246,0.641647310282642,0.0
10.27577,10.58659,66.3946,4442.87428,1.14789,46.69002,1.6882512918574002,0.6289180267817834,0.0
10.31644,10.63045,66.52312,4441.66145,1.06246,46.69994,1.6571015258539068,0.6173139193458118,0.0
10.3571,10.67431,66.64165,4440.48681,0.9764,46.70991,1.6288440723150677,0.6067872744042448,0.0
10.39773,10.71817,66.75011,4439.34893,0.88978,46.71993,1.6033631489758915,0.5972949600169587,0.0
10.43835,10.76203,66.84845,4438.24642,0.80263,46.73,1.5805546989893162,0.5887982122705222,0.0
10.47894,10.80589,66.93661,4437.17794,0.71501,46.74013,1.5603258681355245,0.5812624405249117,0.0
10.51953,10.84976,67.01455,4436.14217,0.62698,46.7503,1.5425945323640644,0.5746570514105204,0.0
10.56009,10.89363,67.08222,4435.13784,0.53858,46.76054,1.5272888751879459,0.5689552913963388,0.0
10.60064,10.9375,67.1396,4434.1637,0.44986,46.77082,1.514347014286905,0.5641341076898468,0.0
10.64117,10.98138,67.18666,4433.21852,0.36087,46.78116,1.503716676616084,0.5601740272064484,0.0
10.68169,11.02526,67.22336,4432.30108,0.27165,46.79155,1.49535492126712,0.5570590533279348,0.0
10.72219,11.06915,67.2497,4431.41017,0.18224,46.80199,1.489227909353733,0.5547765801788124,0.0
10.76267,11.11304,67.26564,4430.54459,0.0927,46.81249,1.4853107202359948,0.5533173241650061,0.0
10.80314,11.15694,67.2712,4429.70314,0.00306,46.82304,1.4835872134592634,0.552675272542481,0.0
10.8436,11.20084,67.26635,4428.88462,-0.08664,46.83364,1.4840499358781183,0.5528476488184643,0.0
10.88403,11.24475,67.25111,4428.08781,-0.17634,46.8443,1.4867000735238085,0.553834894820802,0.0
10.92446,11.28866,67.22547,4427.31149,-0.26601,46.85501,1.4915474478776933,0.5556406693097193,0.0
10.96486,11.33258,67.18945,4426.55441,-0.3556,46.86578,1.4986105563139247,0.5582718630437831,0.0
11.00526,11.37651,67.14306,4425.8153,-0.44507,46.87659,1.5079166565660422,0.5617386302459311,0.0
11.04563,11.42044,67.08632,4425.09285,-0.53437,46.88746,1.5195018951548123,0.566054436446221,0.0
11.086,11.46438,67.01926,4424.38575,-0.62346,46.89839,1.5334114797832976,0.5712361227035295,0.0
11.12634,11.50832,66.9419,4423.69261,-0.71229,46.90937,1.5496998957335508,0.5773039862190159,0.0
11.16668,11.55227,66.85429,4423.01202,-0.80082,46.9204,1.568431166327876,0.5842818773647932,0.0
11.20699,11.59623,66.75646,4422.34251,-0.88899,46.93148,1.5896791574661036,0.5921973131320768,0.0
11.2473,11.6402,66.64847,4421.68257,-0.97676,46.94262,1.6135279261903819,0.6010816069807412,0.0
11.28759,11.68417,66.53035,4421.0306,-1.06407,46.95381,1.6400721130787799,0.6109700150162602,0.0
11.32786,11.72815,66.40218,4420.38494,-1.15088,46.96505,1.669417378066756,0.6219018983446726,0.0
11.36812,11.77214,66.26402,4419.74388,-1.23712,46.97635,1.7016808789984215,0.6339209013455179,0.0
11.40836,11.81614,66.11594,4419.10559,-1.32273,46.9877,1.736991791811225,0.6470751454543195,0.0
11.44859,11.86014,65.95802,4418.46817,-1.40766,46.9991,1.7754918707409677,0.6614174378536918,0.0
11.48881,11.90415,65.79034,4417.82962,-1.49184,47.01056,1.817336046268746,0.6770054942243091,0.0
11.52901,11.94817,65.613,4417.18783,-1.57521,47.02206,1.8626930576996903,0.6939021743971313,0.0
11.56919,11.9922,65.4261,4416.54058,-1.6577,47.03362,1.9117461162347864,0.7121757293651022,0.0
11.60936,12.03623,65.22975,4415.88551,-1.73922,47.04524,1.9646935931304612,0.7319000576407028,0.0
11.64952,12.08027,65.02407,4415.22014,-1.81971,47.0569,2.021749726020412,0.7531549683794163,0.0
11.68965,12.12432,64.80918,4414.54184,-1.89909,47.06862,2.083145334628247,0.7760264480015197,0.0
11.72978,12.16838,64.58523,4413.84784,-1.97726,47.08038,2.149128534916152,0.8006069262312508,0.0
11.76989,12.21244,64.35236,4413.13519,-2.05414,47.0922,2.219965438119093,0.8269955365054429,0.0
11.80998,12.25651,64.11074,4412.40075,-2.12962,47.10408,2.295940818069013,0.8552983645693444,0.0
11.85005,12.30059,63.86052,4411.64122,-2.20362,47.116,2.3773587266742418,0.8856286777588962,0.0
11.89013,12.34466,63.6009,4410.85519,-2.29349,47.09129,2.464894993333943,0.918238240307428,-50.99999913003379
11.93021,12.38871,63.33102,4410.04091,-2.3823,47.06524,2.5593104212601454,0.9534104714293575,-50.99999913003379
11.9703,12.43274,63.05101,4409.1941,-2.46996,47.03775,2.661090543494681,0.9913262449579109,-50.99999913003379
12.01041,12.47675,62.76102,4408.31021,-2.55637,47.00869,2.770758889331623,1.0321805893300149,-50.99999913003379
12.05053,12.52073,62.46121,4407.38437,-2.64144,46.97793,2.8888813527550434,1.0761843149443033,-50.99999913003379
12.09067,12.56468,62.15173,4406.41132,-2.72506,46.94535,3.0160687279230367,1.123564958695628,-50.99999913003379
12.13082,12.60861,61.83278,4405.38546,-2.80713,46.9108,3.1529792426387293,1.174567727759669,-50.99999913003379
12.17099,12.6525,61.50455,4404.30074,-2.88751,46.87412,3.300321040178604,1.229456424139287,-50.99999913003379
12.21117,12.69637,61.16725,4403.15069,-2.96608,46.83515,3.458854546680585,1.288514326578875,-50.99999913003379
12.25138,12.7402,60.82111,4401.92837,-3.04271,46.79371,3.6293946456301796,1.3520450006176596,-50.99999913003379
12.2916,12.78399,60.46637,4400.62632,-3.11723,46.74959,3.8128125626280607,1.4203730007152162,-50.99999913003379
12.33184,12.82774,60.10329,4399.23654,-3.18949,46.70261,4.010037342229375,1.4938444204129704,-50.99999913003379
12.37211,12.87145,59.73217,4397.75047,-3.25932,46.65253,4.22205677403481,1.5728272373274867,-50.99999913003379
12.4124,12.91511,59.35329,4396.1589,-3.32653,46.59913,4.449917597180339,1.65771138932828,-50.99999913003379
12.45272,12.95872,58.967,4394.45201,-3.39093,46.54213,4.6947247808737265,1.7489085065187315,-50.99999913003379
12.49306,13.00228,58.57364,4392.61927,-3.4523,46.48127,4.957639643814511,1.8468512106705541,-50.99999913003379
12.53343,13.04578,58.17359,4390.64944,-3.51042,46.41626,5.23987653746864,1.9519918796563225,-50.99999913003379
12.57384,13.08922,57.76726,4388.53053,-3.56504,46.34679,5.542697778095801,2.0648007594963103,-50.99999913003379
12.61427,13.1326,57.35509,4386.24976,-3.61592,46.27252,5.867406471094531,2.1857632912382394,-50.99999913003379
12.65474,13.1759,56.93753,4383.79355,-3.66277,46.19309,6.215336830462759,2.3153765047016206,-50.99999913003379
12.69525,13.21912,56.5151,4381.14752,-3.7053,46.10814,6.587841558289465,2.454144317006334,-50.99999913003379
12.7358,13.26227,56.08833,4378.29641,-3.74321,46.01726,6.986275817504226,2.602571562000129,-50.99999913003379
12.7764,13.30532,55.65779,4375.22417,-3.77617,45.92003,7.411977309771874,2.7611565687502044,-50.99999913003379
12.81703,13.34827,55.2241,4371.91391,-3.80383,45.816,7.8662419649696105,2.9303821052337864,-50.99999913003379
12.85772,13.39113,54.78791,4368.34794,-3.82585,45.70472,8.350294765540603,3.110704509642181,-50.99999913003379
12.89846,13.43387,54.34991,4364.50782,-3.84185,45.58568,8.86525527618068,3.3025408492821047,-50.99999913003379
12.93925,13.47649,53.91086,4360.37445,-3.85143,45.4584,9.41209753554484,3.5062539791810443,-50.99999913003379
12.9801,13.51898,53.47153,4355.9281,-3.8542,45.32233,9.99160410170199,3.72213542281001,-50.99999913003379
13.02101,13.56134,53.03276,4351.1486,-3.84974,45.17696,10.604314236753504,3.950386069490604,-50.99999913003379
13.06198,13.60354,52.59542,4346.01543,-3.83764,45.02171,11.250466477563672,4.1910947804810545,-50.99999913003379
13.10303,13.64559,52.16045,4340.50793,-3.81747,44.85606,11.929936175987708,4.4442151210677405,-50.99999913003379
13.14414,13.68747,51.7288,4334.60553,-3.78882,44.67942,12.64216900714155,4.709540590646185,-50.99999913003379
13.18533,13.72917,51.30151,4328.28799,-3.75126,44.49127,13.38611193568135,4.986678905843773,-50.99999913003379
13.2266,13.77067,50.87963,4321.53572,-3.7044,44.29107,14.16014368781327,5.2750260995140215,-50.99999913003379
13.26796,13.81196,50.46426,4314.33009,-3.64785,44.0783,14.962007380055358,5.573741423177725,-50.99999913003379
13.3094,13.85304,50.05653,4306.65385,-3.58126,43.85249,15.788748571518546,5.881724269867688,-50.99999913003379
13.35093,13.89387,49.65762,4298.49152,-3.50431,43.6132,16.63666258735369,6.197594550726742,-50.99999913003379
13.39256,13.93446,49.26871,4289.82981,-3.41674,43.36006,17.501255445821016,6.519678139313044,-50.99999913003379
13.43429,13.97478,48.89103,4280.65812,-3.31832,43.09277,18.377223037189218,6.845999115192159,-50.99999913003379
13.47612,14.01482,48.52579,4270.96901,-3.20892,42.81108,19.25845326828343,7.174280562837594,-50.99999913003379
13.51805,14.05457,48.17421,4260.75861,-3.08845,42.51488,20.138055622361733,7.501955583462584,-50.99999913003379
13.56009,14.094,47.83751,4250.02713,-2.95695,42.20414,21.0084219201754,7.82618993011373,-50.99999913003379
13.60224,14.1331,47.51688,4238.77921,-2.81451,41.87896,21.861320959835258,8.14391726351136,-50.99999913003379
13.64451,14.17186,47.21348,4227.02426,-2.66137,41.53956,22.688028152448823,8.451887444735274,-50.99999913003379
13.68689,14.21027,46.92842,4214.77677,-2.49785,41.1863,23.479489300595173,8.746727547015908,-50.99999913003379
13.72938,14.24829,46.66276,4202.05641,-2.32439,40.8197,24.226515388393373,9.025014420160051,-50.99999913003379
13.77199,14.28593,46.41746,4188.8881,-2.14158,40.44041,24.920002825937914,9.283356737398043,-50.99999913003379
13.81471,14.32317,46.19344,4175.30192,-1.95008,40.04923,25.55117122910838,9.518483574619209,-50.99999913003379
13.85755,14.35999,45.99147,4161.33293,-1.75069,39.64711,26.111808761459475,9.727335806681259,-50.99999913003379
13.9005,14.39638,45.81225,4147.02074,-1.54433,39.23512,26.594513565884114,9.907156047057223,-50.99999913003379
13.94356,14.43234,45.65635,4132.40909,-1.332,38.81447,26.99291908624728,10.055572586072635,-50.99999913003379
13.98673,14.46785,45.5242,4117.54518,-1.11478,38.38648,27.301891273668918,10.170672855434713,-50.99999913003379
14.03,14.50291,45.4161,4102.479,-0.89383,37.95254,27.517686844557012,10.251062383513721,-50.99999913003379
14.07337,14.53751,45.33224,4087.26252,-0.67036,37.51412,27.63806385102781,10.295905985733754,-50.99999913003379
14.11684,14.57165,45.27263,4071.94883,-0.44563,37.07274,27.662338672183186,10.304948995323118,-50.99999913003379
14.1604,14.60532,45.23717,4056.59129,-0.22089,36.62994,27.59138687494372,10.278517583997276,-50.99999913003379
14.20405,14.63852,45.22561,4041.24267,0.00262,36.18724,27.42758890638585,10.217498530925537,-50.99999913003379
14.24778,14.67125,45.23758,4025.95433,0.22366,35.74616,27.17472492869346,10.123300045983447,-50.99999913003379
14.29158,14.70352,45.27257,4010.77546,0.44105,35.30814,26.837825987296913,9.997796325968592,-50.99999913003379
14.33546,14.73534,45.32997,3995.75243,0.65367,34.87458,26.422990873387818,9.8432593310687,-50.99999913003379
14.37939,14.76669,45.40907,3980.92821,0.86048,34.44678,25.937179361311745,9.662281760350178,-50.99999913003379
14.42339,14.79761,45.50904,3966.34199,1.06052,34.02593,25.387992929262865,9.457695364447282,-50.99999913003379
14.46744,14.82808,45.62899,3952.02876,1.25293,33.61311,24.78345366770027,9.232488583129935,-50.99999913003379
14.51153,14.85812,45.76795,3938.01922,1.43695,33.20927,24.1317909805406,8.989727085885725,-50.99999913003379
14.55567,14.88774,45.9249,3924.33959,1.61193,32.81526,23.441244076513765,8.732480194753174,-50.99999913003379
14.59984,14.91696,46.09876,3911.01172,1.77733,32.43177,22.719886340769214,8.463755458124005,-50.99999913003379
14.64404,14.94577,46.28843,3898.05312,1.9327,32.05937,21.9754756698112,8.186442896568588,-50.99999913003379
14.68827,14.97421,46.49278,3885.4772,2.07771,31.69852,21.215332920130425,7.9032697217530385,-50.99999913003379
14.73253,15.00227,46.71065,3873.29349,2.21213,31.34955,20.446248894098066,7.616765686237382,-50.99999913003379
14.7768,15.02998,46.94091,3861.50794,2.33581,31.01267,19.67441885309538,7.329238687893281,-50.99999913003379
14.82109,15.05734,47.18241,3850.12324,2.44868,30.68801,18.905402448804523,7.042759843255573,-50.99999913003379
14.86539,15.08437,47.43402,3839.13915,2.55076,30.37558,18.14410620475077,6.759156961435825,-50.99999913003379
14.9097,15.11108,47.69462,3828.55288,2.64213,30.07532,17.394785236192877,6.480015184826747,-50.99999913003379
14.95402,15.13748,47.96312,3818.35938,2.72294,29.78711,16.661060725296007,6.2066834990638995,-50.99999913003379
14.99834,15.1636,48.23846,3808.55173,2.79337,29.51075,15.94594971578677,5.940285832318641,-50.99999913003379
15.04266,15.18943,48.5196,3799.12143,2.85366,29.24597,15.251904001810345,5.68173554242064,-50.99999913003379
15.08699,15.215,48.80555,3790.05866,2.90408,28.9925,14.580855206475233,5.431752209801872,-50.99999913003379
15.13131,15.24031,49.09535,3781.35262,2.94493,28.74999,13.934263529897537,5.190879797425765,-50.99999913003379
15.17563,15.26538,49.38806,3772.99171,2.97653,28.51809,13.313168056709218,4.959505391657688,-50.99999913003379
15.21994,15.29022,49.68282,3764.96378,2.99922,28.2964,12.718236919627467,4.737877889514421,-50.99999913003379
15.26425,15.31483,49.97876,3757.25632,3.01335,28.08454,12.149815998034605,4.526126140166516,-50.99999913003379
15.30856,15.33924,50.2751,3749.85658,3.01928,27.88209,11.607975175314523,4.324276177013213,-50.99999913003379
15.35285,15.36344,50.57105,3742.7518,3.01736,27.68864,11.092551478588964,4.132267288369288,-50.99999913003379
15.39714,15.38745,50.8659,3735.92923,3.00796,27.50378,10.60318867696909,3.949966768855649,-50.99999913003379
15.44143,15.41127,51.15895,3729.37629,2.99143,27.32709,10.13937312042662,3.777183270321816,-50.99999913003379
15.4857,15.43492,51.44956,3723.08065,2.96812,27.15816,9.70046576398272,3.6136787316988874,-50.99999913003379
15.52996,15.45841,51.7371,3717.03024,2.93837,26.99661,9.28573044575972,3.459178913317847,-50.99999913003379
15.57422,15.48173,52.021,3711.21337,2.90252,26.84203,8.894358577725619,3.313382594861544,-50.99999913003379
15.61847,15.5049,52.3007,3705.61872,2.86089,26.69405,8.525490470097983,3.1759695192662205,-50.99999913003379
15.6627,15.52793,52.57568,3700.23538,2.8138,26.5523,8.178233549511601,3.0466071794683183,-50.99999913003379
15.70693,15.55082,52.84548,3695.05287,2.76155,26.41644,7.851677751949011,2.9249565526761048,-50.99999913003379
15.75115,15.57357,53.10962,3690.06114,2.70443,26.28612,7.5449083782309385,2.8106768893781187,-50.99999913003379
15.79536,15.5962,53.36767,3685.25058,2.64272,26.161,7.257016696240857,2.7034296629507724,-50.99999913003379
15.83955,15.6187,53.61924,3680.61201,2.57669,26.04079,6.987108562864318,2.6028817815576124,-50.99999913003379
15.88374,15.64109,53.86395,3676.13669,2.50658,25.92519,6.734311322437544,2.508708158002929,-50.99999913003379
15.92792,15.66337,54.10145,3671.81629,2.43265,25.8139,6.497779219116684,2.420593725981712,-50.99999913003379
15.97209,15.68554,54.3314,3667.64287,2.35513,25.70665,6.276697539604367,2.3382349833542944,-50.99999913003379
16.01625,15.7076,54.55349,3663.60892,2.27423,25.60319,6.070285681139131,2.261341135053137,-50.99999913003379
16.0604,15.72956,54.76745,3659.70724,2.19017,25.50326,5.877799318433166,2.1896349003241515,-50.99999913003379
16.10454,15.75143,54.97299,3655.93105,2.10315,25.40664,5.6985318229161015,2.122853041432361,-50.99999913003379
16.14868,15.7732,55.16987,3652.27385,2.01336,25.3131,5.531815068531028,2.0607466638421106,-50.99999913003379
16.1928,15.79489,55.35785,3648.72949,1.92099,25.22241,5.377019740709224,2.003081331318289,-50.99999913003379
16.23691,15.81649,55.53673,3645.2921,1.8262,25.13439,5.2335552491319675,1.9496370334278061,-50.99999913003379
16.28102,15.838,55.70629,3641.95608,1.72916,25.04884,5.1008693304531265,1.9002080375433037,-50.99999913003379
16.32512,15.85943,55.86636,3638.71612,1.63003,24.96557,4.9784474143520985,1.8546026526811983,-50.99999913003379
16.36921,15.88079,56.01675,3635.56711,1.52896,24.8844,4.865811814933717,1.8126429282768672,-50.99999913003379
16.41329,15.90206,56.15732,3632.50417,1.4261,24.80516,4.762520799619511,1.7741643073221474,-50.99999913003379
16.45737,15.92326,56.28792,3629.52265,1.32158,24.72769,4.66816757903069,1.7390152500701657,-50.99999913003379
16.50144,15.94439,56.40841,3626.61804,1.21553,24.65184,4.582379253972763,1.7070568417594068,-50.99999913003379
16.54549,15.96544,56.51868,3623.78603,1.10808,24.57746,4.504815749197083,1.6781623954118303,-50.99999913003379
16.58955,15.98643,56.61861,3621.02245,0.99936,24.5044,4.435168758243352,1.6522170587589444,-50.99999913003379
16.63359,16.00734,56.70812,3618.32324,0.88949,24.43251,4.373160718977436,1.6291174326026858,-50.99999913003379
16.67763,16.02819,56.7871,3615.6845,0.77856,24.36167,4.318543835577973,1.6087712064796948,-50.99999913003379
16.72166,16.04898,56.85548,3613.1024,0.66671,24.29175,4.271099159429907,1.591096816269981,-50.99999913003379
16.76569,16.06969,56.9132,3610.57321,0.55404,24.22261,4.230635738618204,1.5760231273609449,-50.99999913003379
16.80971,16.09034,56.9602,3608.09328,0.44064,24.15413,4.196989843400555,1.5634891461155873,-50.99999913003379
16.85372,16.11093,56.99643,3605.65898,0.32664,24.08619,4.170024273130375,1.5534437616830903,-50.99999913003379
16.89773,16.13146,57.02186,3603.26678,0.21211,24.01866,4.149627748435232,1.5458455195692862,-50.99999913003379
16.94173,16.15192,57.03644,3600.91314,0.09718,23.95143,4.135714391099438,1.5406624278792391,-50.99999913003379
16.98573,16.17232,57.04018,3598.59454,-0.01807,23.88438,4.128223292911675,1.5378717967016413,-50.99999913003379
17.02972,16.19266,57.03304,3596.30748,-0.13354,23.81738,4.12711817368269,1.5374601107114079,-50.99999913003379
17.0737,16.21294,57.01503,3594.04844,-0.24913,23.75033,4.132387127702147,1.5394229347181791,-50.99999913003379
17.11768,16.23315,56.98616,3591.81386,-0.36473,23.68309,4.144042457015609,1.5437648515576148,-50.99999913003379
17.16166,16.2533,56.94644,3589.60017,-0.48027,23.61556,4.16212058900135,1.5504994313865832,-50.99999913003379
17.20563,16.27339,56.8959,3587.40373,-0.59563,23.54762,4.186682074850898,1.5596492311171266,-50.99999913003379
17.2496,16.29342,56.83458,3585.22083,-0.71071,23.47913,4.217811664555216,1.5712458223507855,-50.99999913003379
17.29356,16.31339,56.76251,3583.04771,-0.82542,23.40998,4.255618452947658,1.5853298457834415,-50.99999913003379
17.33752,16.33329,56.67975,3580.88047,-0.93965,23.34003,4.300236090095564,1.601951089581723,-50.99999913003379
17.38147,16.35313,56.58636,3578.71516,-1.0533,23.26917,4.35182304796193,1.621168588721496,-50.99999913003379
17.42542,16.3729,56.48242,3576.54764,-1.16626,23.19725,4.410562933563837,1.6430507416476137,-50.99999913003379
17.46936,16.3926,56.368,3574.3737,-1.27842,23.12413,4.476664836986645,1.6676754399183638,-50.99999913003379
17.51331,16.41224,56.24321,3572.18894,-1.38967,23.04968,4.550363700322549,1.6951302056447872,-50.99999913003379
17.55725,16.43181,56.10814,3569.98879,-1.49989,22.97375,4.6319206910160045,1.7255123305716733,-50.99999913003379
17.60118,16.45132,55.96292,3567.76851,-1.60895,22.89618,4.721623560047462,1.7589290095104237,-50.99999913003379
17.64511,16.47075,55.80766,3565.52316,-1.71674,22.81681,4.819786961867903,1.7954974595230855,-50.99999913003379
17.68903,16.49014,55.64454,3563.24236,-1.77958,22.82684,4.925331520889753,1.8348155848032064,0.0
17.73291,16.50953,55.47578,3560.91645,-1.8399,22.8369,5.037051743972778,1.8764343074376162,0.0
17.77676,16.52893,55.30163,3558.54128,-1.89756,22.847,5.15506180363977,1.9203961596951136,0.0
17.82057,16.54832,55.12237,3556.11262,-1.95241,22.85712,5.2794734543781665,1.9667427730627083,0.0
17.86436,16.56772,54.93827,3553.62613,-2.00428,22.86729,5.410388589749702,2.0155121055731264,0.0
17.90811,16.58711,54.74962,3551.07739,-2.05301,22.87748,5.547896437138479,2.0667373967746596,0.0
17.95182,16.6065,54.55673,3548.46188,-2.09845,22.88771,5.692070474678405,2.1204460192055152,0.0
17.9955,16.62589,54.35993,3545.775,-2.14043,22.89797,5.842965066108748,2.1766582247889663,0.0
18.03914,16.64528,54.15955,3543.0121,-2.17879,22.90825,6.000611814752757,2.235385786594456,0.0
18.08274,16.66466,53.95596,3540.16847,-2.21335,22.91857,6.165015644547695,2.296630538918172,0.0
18.12631,16.68405,53.74951,3537.23936,-2.24396,22.92892,6.336150624175236,2.3603828216617444,0.0
18.16983,16.70343,53.54059,3534.22,-2.27045,22.93929,6.5139555599319605,2.426619838560545,0.0
18.21332,16.7228,53.3296,3531.10563,-2.29264,22.94969,6.698329393998451,2.4953039429178503,0.0
18.25676,16.74218,53.11696,3527.89153,-2.31039,22.96011,6.889126457346979,2.5663808691880483,0.0
18.30016,16.76155,52.90309,3524.573,-2.32353,22.97056,7.08615164033656,2.6397779338962293,0.0
18.34352,16.78091,52.68843,3521.14545,-2.33191,22.98104,7.289155559106952,2.715402234992768,0.0
18.38683,16.80027,52.47343,3517.6044,-2.33539,22.99153,7.497829811731217,2.7931388846453378,0.0
18.4301,16.81962,52.25857,3513.94553,-2.33381,23.00205,7.711802434361217,2.872849316533548,0.0
18.47332,16.83897,52.04431,3510.16471,-2.32705,23.01258,7.930633683688682,2.9543697147047268,0.0
18.51649,16.85831,51.83116,3506.25802,-2.315,23.02314,8.153812287279296,3.0375096167247033,0.0
18.55961,16.87764,51.61959,3502.22185,-2.29753,23.03371,8.380752316782552,3.12205074886621,0.0
18.60267,16.89696,51.41013,3498.05291,-2.27456,23.0443,8.610790849723227,3.2077461550646884,0.0
18.64569,16.91628,51.20327,3493.74825,-2.24602,23.0549,8.84318659253902,3.2943196839635736,0.0
18.68865,16.93558,50.99954,3489.30537,-2.21184,23.06552,9.07711963934713,3.381465899048498,0.0
18.73155,16.95487,50.79944,3484.72222,-2.17198,23.07614,9.311692536812128,3.468850475338597,0.0
18.77439,16.97416,50.6035,3479.99727,-2.12643,23.08678,9.545932813993874,3.5561111418214186,0.0
18.81718,16.99343,50.41224,3475.12956,-2.0752,23.09743,9.77879711662593,3.642859221580412,0.0
18.8599,17.01268,50.22616,3470.11873,-2.01831,23.10808,10.009177056983704,3.7286818110247295,0.0
18.90256,17.03193,50.04576,3464.96507,-1.95584,23.11875,10.23590685332888,3.813144625783285,0.0
18.94516,17.05116,49.87155,3459.66953,-1.88787,23.12941,10.457772786935703,3.8957955236958735,0.0
18.98769,17.07037,49.704,3454.23382,-1.81452,23.14008,10.673524450694801,3.9761686952140636,0.0
19.03015,17.08957,49.54358,3448.66035,-1.73594,23.15076,10.881887702785052,4.053789488984795,0.0
19.07254,17.10875,49.39073,3442.95231,-1.65232,23.16143,11.081579173744123,4.128179816115869,0.0
19.11486,17.12791,49.24589,3437.11365,-1.56388,23.17211,11.271322108203528,4.198864051639069,0.0
19.1571,17.14706,49.10945,3431.14909,-1.47085,23.18278,11.44986325674552,4.265375327171306,0.0
19.19927,17.16618,48.98179,3425.06409,-1.37352,23.19345,11.615990472190411,4.327262085994635,0.0
19.24137,17.18529,48.86326,3418.86488,-1.2722,23.20412,11.768550611877515,4.384094752126942,0.0
19.28339,17.20437,48.75417,3412.55835,-1.16724,23.21478,11.906467306796177,4.435472349790785,0.0
19.32532,17.22344,48.6548,3406.1521,-1.05898,23.22544,12.028758132805313,4.481028900144471,0.0
19.36718,17.24248,48.56539,3399.65431,-0.94784,23.23609,12.134550711388025,4.5204394192368005,0.0
19.40896,17.2615,48.48615,3393.07374,-0.83421,23.24673,12.223097279046382,4.55342534548995,0.0
19.45065,17.28049,48.41724,3386.41962,-0.71855,23.25737,12.293787296121817,4.57975923681684,0.0
19.49226,17.29946,48.35878,3379.70161,-0.60128,23.268,12.346157716903136,4.599268596506583,0.0
19.53378,17.31841,48.31086,3372.92969,-0.48288,23.27861,12.379900611548255,4.61183871259088,0.0
19.57522,17.33734,48.27351,3366.11409,-0.36383,23.28922,12.394867913500285,4.617414426381427,0.0
19.61657,17.35623,48.24673,3359.26519,-0.24458,23.29982,12.391073159787853,4.616000780777568,0.0
19.65783,17.37511,48.23047,3352.39345,-0.12562,23.31041,12.36869019109075,4.607662536006546,0.0
19.69901,17.39395,48.22464,3345.5093,-0.00742,23.32099,12.328048878763163,4.592522577827236,0.0
19.74009,17.41278,48.22912,3338.62307,0.10955,23.33156,12.269628041892922,4.57075927894834,0.0
19.78109,17.43157,48.24373,3331.74489,0.22485,23.34212,12.19404580446016,4.542602906816282,0.0
19.822,17.45034,48.26827,3324.88464,0.33802,23.35267,12.102047716472219,4.508331198425397,0.0
19.86283,17.46908,48.30249,3318.05184,0.44866,23.36322,11.994493020721269,4.468264244323806,0.0
19.90356,17.4878,48.34612,3311.25561,0.55636,23.37375,11.872339486391171,4.42275883873292,0.0
19.94421,17.50649,48.39884,3304.50463,0.66075,23.38428,11.736627251514276,4.372202460437472,0.0
19.98477,17.52516,48.46032,3297.80704,0.76147,23.39479,11.588462118420134,4.317007049900628,0.0
20.02525,17.5438,48.53019,3291.17046,0.8582,23.40531,11.428998731233204,4.257602742439262,0.0
20.06564,17.56241,48.60807,3284.60192,0.95064,23.41581,11.259424034590095,4.194431706160907,0.0
20.10594,17.581,48.69354,3278.10786,1.03854,23.42631,11.080941370419048,4.127942217595662,0.0
20.14616,17.59956,48.78617,3271.69409,1.12165,23.43681,10.894755518541306,4.05858308892661,0.0
20.1863,17.61811,48.88552,3265.36583,1.19978,23.4473,10.702058929899186,3.986798539505029,0.0
20.22635,17.63662,48.99113,3259.12768,1.27274,23.4578,10.504019341758413,3.913023582187424,0.0
20.26633,17.65511,49.10254,3252.98363,1.3404,23.46829,10.301768905105636,3.8376799730050046,0.0
20.30622,17.67358,49.21926,3246.93709,1.40263,23.47878,10.096394898114493,3.761172751685462,0.0
20.34603,17.69203,49.34081,3240.9909,1.45935,23.48927,9.888932047977509,3.683887381333322,0.0
20.38577,17.71046,49.46672,3235.14736,1.5105,23.49977,9.680356437999407,3.6061874786618935,0.0
20.42543,17.72886,49.59649,3229.40824,1.55605,23.51027,9.471580938503356,3.5284131118856186,0.0
20.46502,17.74725,49.72964,3223.77485,1.59597,23.52077,9.263452069326867,3.450879631917248,0.0
20.50454,17.76561,49.86569,3218.24801,1.63028,23.53128,9.05674817829037,3.3738769937994553,0.0
20.54398,17.78396,50.00416,3212.82815,1.65902,23.5418,8.85217880388631,3.297669519289759,0.0
20.58335,17.80228,50.14458,3207.51531,1.68222,23.55232,8.650385080734912,3.2224960479034586,0.0
20.62265,17.82059,50.28648,3202.30916,1.69996,23.56286,8.451941042523172,3.1485704222926962,0.0
20.66189,17.83888,50.42942,3197.20905,1.71232,23.5734,8.257355678091338,3.0760822541927655,0.0
20.70106,17.85715,50.57295,3192.21406,1.71939,23.58396,8.067075601295109,3.005197919016034,0.0
20.74017,17.87541,50.71662,3187.32298,1.72127,23.59453,7.881488203324843,2.936061730173784,0.0
20.77921,17.89365,50.86002,3182.53441,1.7181,23.60512,7.70092516636946,2.8687972480084727,0.0
20.81819,17.91187,51.00274,3177.84671,1.70999,23.61572,7.525666229242944,2.8035086825886806,0.0
20.85711,17.93009,51.14438,3173.25808,1.69707,23.62634,7.355943108116859,2.740282354285134,0.0
20.89597,17.94828,51.28455,3168.76658,1.6795,23.63697,7.191943488227383,2.6791881807866047,0.0
20.93477,17.96647,51.42287,3164.37012,1.65741,23.64763,7.033815015020971,2.6202811639066828,0.0
20.97351,17.98464,51.559,3160.06652,1.63096,23.6583,6.881669225251769,2.5636028540209974,0.0
21.0122,18.0028,51.69258,3155.85348,1.60031,23.66899,6.735585369744262,2.5091827741468835,0.0
21.05084,18.02095,51.82329,3151.72864,1.56561,23.67971,6.595614089863021,2.4570397895250977,0.0
21.08942,18.03908,51.95081,3147.68959,1.52701,23.69045,6.461780918951456,2.4071834119978828,0.0
21.12795,18.05721,52.07484,3143.73386,1.48469,23.70121,6.334089588146766,2.359615031512018,0.0
21.16643,18.07533,52.19508,3139.85893,1.43881,23.71199,6.212525123021432,2.314329069699251,0.0
21.20485,18.09343,52.31127,3136.06228,1.38951,23.7228,6.097056723481684,2.2713140527142546,0.0
21.24323,18.11153,52.42314,3132.34135,1.33698,23.73363,5.987640424381086,2.2305536023831873,0.0
21.28156,18.12962,52.53044,3128.69357,1.28136,23.74449,5.884221538320304,2.192027346210886,0.0
21.31985,18.1477,52.63295,3125.11636,1.22281,23.75538,5.786736885437106,2.1557117480363064,0.0
21.35808,18.16577,52.73045,3121.60714,1.16151,23.7663,5.6951168174017655,2.121580862024068,0.0
21.39628,18.18384,52.82272,3118.16335,1.09759,23.77724,5.609287044784003,2.0896070134067193,0.0
21.43442,18.20189,52.90957,3114.78239,1.03123,23.78821,5.529170278201057,2.059761409855575,0.0
21.47253,18.21995,52.99083,3111.46171,0.96256,23.79921,5.454687694509774,2.0320146876758485,0.0
21.51059,18.23799,53.06633,3108.19872,0.89175,23.81024,5.38576023974449,2.006337397185296,0.0
21.54861,18.25603,53.1359,3104.99089,0.81895,23.8213,5.322309780586794,1.9827004316669976,0.0
21.58658,18.27406,53.19942,3101.83564,0.7443,23.83239,5.264260116017661,1.9610754042363971,0.0
21.62452,18.29209,53.25674,3098.73044,0.66795,23.84352,5.211537860406411,1.9414349768151733,0.0
21.66241,18.31011,53.30775,3095.67272,0.59006,23.85467,5.164073208764231,1.923753145208314,0.0
21.70026,18.32813,53.35235,3092.65996,0.51075,23.86585,5.12180059422182,1.9080054840318375,0.0
21.73808,18.34614,53.39043,3089.68959,0.43018,23.87707,5.084659247014047,1.8941693549492817,0.0
21.77585,18.36415,53.42192,3086.75907,0.34849,23.88832,5.052593663451163,1.8822240813758269,0.0
21.81359,18.38216,53.44673,3083.86585,0.26582,23.8996,5.02555399245863,1.8721510924745466,0.0
21.85129,18.40016,53.46482,3081.00735,0.18231,23.91092,5.00349634636806,1.863934038934211,0.0
21.88895,18.41816,53.47613,3078.181,0.09809,23.92226,4.986383041731284,1.8575588826788672,0.0
21.92657,18.43615,53.48062,3075.38421,0.01331,23.93364,4.974182774989397,1.8530139623091768,0.0
21.96415,18.45414,53.47826,3072.61436,-0.0719,23.94506,4.966870736914601,1.850290035735015,0.0
22.0017,18.47212,53.46905,3069.86882,-0.1574,23.9565,4.964428668835418,1.849380301120841,0.0
22.03921,18.49011,53.45296,3067.14492,-0.24305,23.96798,4.966844862723194,1.850280396917925,0.0
22.07669,18.50809,53.43002,3064.43997,-0.32872,23.97949,4.974114106362925,1.8529883814390358,0.0
22.11412,18.52607,53.40023,3061.75126,-0.41427,23.99104,4.986237573935442,1.8575046920974287,0.0
22.15153,18.54404,53.36362,3059.07601,-0.49955,24.00262,5.003222661499858,1.8638320841197233,0.0
22.18889,18.56201,53.32023,3056.41143,-0.58445,24.01423,5.025082766011207,1.871975548224167,0.0
22.22622,18.57998,53.27011,3053.75467,-0.6688,24.02587,5.051837005735263,1.8819422064677915,0.0
22.26351,18.59794,53.21331,3051.10283,-0.75249,24.03755,5.083509879110647,1.893741185163576,0.0
22.30077,18.61591,53.14992,3048.45298,-0.83535,24.04926,5.1201308583747895,1.9073834634954239,0.0
22.33799,18.63387,53.08001,3045.8021,-0.91726,24.06101,5.161733913582374,1.9228816962025124,0.0
22.37518,18.65183,53.00368,3043.14716,-0.99807,24.07278,5.208356961963856,1.9402500084508465,0.0
22.41232,18.66978,52.92103,3040.48504,-1.07764,24.08459,5.26004123700624,1.959503760799255,0.0
22.44944,18.68773,52.83217,3037.81256,-1.15582,24.09643,5.316830571105261,1.9806592819684488,0.0
22.48651,18.70568,52.73724,3035.1265,-1.23247,24.1083,5.378770585253303,2.003733566978451,0.0
22.52355,18.72363,52.63637,3032.42355,-1.30743,24.1202,5.445907778890397,2.028743938094147,0.0
22.56055,18.74157,52.52972,3029.70035,-1.38055,24.13213,5.518288512921822,2.0557076659725833,0.0
22.59751,18.75951,52.41744,3026.95349,-1.4517,24.14409,5.595957878920743,2.0846415484111933,0.0
22.63444,18.77744,52.29972,3024.17948,-1.5207,24.15608,5.6789584477445025,2.1155614441744444,0.0
22.67133,18.79538,52.17674,3021.37475,-1.58741,24.1681,5.767328891290318,2.148481759561568,0.0
22.70818,18.8133,52.0487,3018.53572,-1.65168,24.18015,5.8611024718645455,2.183414885656867,0.0
22.74499,18.83123,51.9158,3015.65871,-1.71333,24.19223,5.960305394709936,2.2203705846027675,0.0
22.78176,18.84915,51.77828,3012.74001,-1.77223,24.20433,6.0649550207430565,2.2593553237974824,0.0
22.81849,18.86707,51.63636,3009.77585,-1.82821,24.21646,6.175057938399131,2.300371557606486,0.0
22.85518,18.88498,51.4903,3006.76243,-1.8811,24.22862,6.290607895861098,2.343416957063427,0.0
22.89184,18.90288,51.34036,3003.69591,-1.93076,24.2408,6.411583597814259,2.3884835891032683,0.0
22.92845,18.92078,51.1868,3000.57244,-1.97702,24.25301,6.53794637427891,2.4355570481411,0.0
22.96501,18.93868,51.02991,2997.38814,-2.01973,24.26524,6.669637733053154,2.484615544292694,0.0
23.00154,18.95657,50.86998,2994.13915,-2.05872,24.2775,6.806576811878008,2.535628954238964,0.0
23.03802,18.97445,50.70733,2990.82159,-2.09385,24.28977,6.948657751560481,2.5885578426451987,0.0
23.07446,18.99233,50.54227,2987.43163,-2.12497,24.30207,7.09574701700857,2.643352464176108,0.0
23.11085,19.0102,50.37513,2983.96549,-2.15192,24.31439,7.247680699269287,2.6999517584339987,0.0
23.14719,19.02806,50.20624,2980.41945,-2.17456,24.32672,7.404261838272173,2.7582823526102933,0.0
23.18349,19.04592,50.03598,2976.78987,-2.19276,24.33908,7.565257812766096,2.8182575891683124,0.0
23.21975,19.06376,49.86468,2973.0732,-2.20639,24.35145,7.7303978508844375,2.8797765984633026,0.0
23.25595,19.0816,49.69272,2969.26606,-2.21532,24.36384,7.899370721483353,2.9427234387051997,0.0
23.2921,19.09943,49.52047,2965.36518,-2.21943,24.37624,8.07182267283884,3.0069663280690433,0.0
23.3282,19.11725,49.34833,2961.36751,-2.21863,24.38866,8.247355690815589,3.0723569958170485,0.0
23.36425,19.13505,49.17668,2957.27019,-2.21282,24.40109,8.425526153225562,3.13873018101177,0.0
23.40025,19.15285,49.00591,2953.07061,-2.20191,24.41353,8.605843960111978,3.205903308523999,0.0
23.4362,19.17063,48.83643,2948.7664,-2.18586,24.42598,8.787772220869092,3.2736763724766558,0.0
23.47209,19.18841,48.66864,2944.35553,-2.16459,24.43844,8.970727577941487,3.341832056831285,0.0
23.50792,19.20617,48.50294,2939.83627,-2.13808,24.45091,9.154081243039824,3.4101361214056904,0.0
23.54369,19.22391,48.33973,2935.20726,-2.10632,24.46338,9.337160814832451,3.4783380790118925,0.0
23.57941,19.24164,48.17943,2930.4675,-2.06931,24.47586,9.519252936955757,3.5461721856349073,0.0
23.61506,19.25936,48.02242,2925.61644,-2.02706,24.48835,9.699606841374417,3.6133587604276807,0.0
23.65066,19.27706,47.86911,2920.65394,-1.97964,24.50083,9.87743880499022,3.6796058459151344,0.0
23.68619,19.29475,47.71987,2915.58034,-1.92711,24.51332,10.051937526787567,3.7446112111223417,0.0
23.72165,19.31242,47.5751,2910.39644,-1.86956,24.52581,10.222270409208384,3.8080646915519614,0.0
23.75706,19.33007,47.43515,2905.10355,-1.80711,24.5383,10.387590701370096,3.8696508502208773,0.0
23.79239,19.3477,47.30038,2899.70348,-1.73991,24.55078,10.547045433963223,3.929051933618335,0.0
23.82766,19.36531,47.17113,2894.19857,-1.66812,24.56326,10.699784047041048,3.985951085784602,0.0
23.86286,19.38291,47.04773,2888.59166,-1.59194,24.57574,10.844967583726392,4.040035773208648,0.0
23.89799,19.40048,46.93049,2882.88612,-1.51159,24.58821,10.981778296229333,4.091001363322484,0.0
23.93304,19.41804,46.81968,2877.08581,-1.42732,24.60067,11.109429486825835,4.138554790524646,0.0
23.96803,19.43557,46.71558,2871.19511,-1.33938,24.61313,11.227175387009957,4.182418236424322,0.0
24.00294,19.45308,46.61842,2865.21885,-1.24808,24.62558,11.33432086392585,4.222332745742658,0.0
24.03777,19.47056,46.52842,2859.16231,-1.15373,24.63802,11.430230735686088,4.258061696513948,0.0
24.07253,19.48803,46.44577,2853.03122,-1.05665,24.65044,11.514338476855826,4.289394043107535,0.0
24.10721,19.50546,46.37063,2846.83164,-0.9572,24.66286,11.586154102907146,4.316147253394497,0.0
24.14181,19.52288,46.30313,2840.57001,-0.85574,24.67527,11.645271037687342,4.338169867060288,0.0
24.17634,19.54027,46.24339,2834.25306,-0.75265,24.68766,11.691371790778442,4.355343610570538,0.0
24.21079,19.55763,46.19146,2827.88776,-0.64833,24.70004,11.72423230123738,4.367585015328559,0.0
24.24515,19.57497,46.1474,2821.48129,-0.54316,24.71241,11.743724839404251,4.374846498675265,0.0
24.27944,19.59228,46.11122,2815.04095,-0.43756,24.72476,11.749819398026148,4.377116882119409,0.0
24.31364,19.60957,46.0829,2808.57417,-0.33191,24.7371,11.742583545970689,4.374421336842025,0.0
24.34776,19.62683,46.06239,2802.08839,-0.22664,24.74942,11.7221807606377,4.366820762475896,0.0
24.3818,19.64406,46.04962,2795.59105,-0.12214,24.76173,11.688867296955703,4.35441062072437,0.0
24.41576,19.66126,46.04447,2789.08951,-0.0188,24.77403,11.642987689755167,4.337319259877052,0.0
24.44963,19.67844,46.04682,2782.59103,0.083,24.78632,11.584969020849693,4.315705779146709,0.0
24.48343,19.69559,46.05651,2776.10268,0.18287,24.79858,11.515314111024715,4.2897574925059265,0.0
24.51714,19.71271,46.07334,2769.63135,0.28046,24.81084,11.434593819313712,4.259687059964879,0.0
24.55077,19.7298,46.0971,2763.18367,0.37543,24.82308,11.34343864702915,4.2257293598519485,0.0
24.58431,19.74687,46.12757,2756.76598,0.46745,24.83531,11.242529851529508,4.18813817845813,0.0
24.61778,19.76391,46.16449,2750.38433,0.55622,24.84753,11.132590275248285,4.147182793609027,0.0
24.65116,19.78092,46.20758,2744.04441,0.64144,24.85974,11.014375089171956,4.103144526366852,0.0
24.68446,19.7979,46.25655,2737.75157,0.72287,24.87194,10.888662637808217,4.056313330540193,0.0
24.71769,19.81486,46.31109,2731.51076,0.80026,24.88412,10.75624555566399,4.006984483338349,0.0
24.75083,19.83179,46.37089,2725.32657,0.87338,24.8963,10.617922304388262,3.9554554327343587,0.0
24.78389,19.84869,46.4356,2719.20317,0.94206,24.90847,10.474489256325592,3.902022848380388,0.0
24.81688,19.86557,46.50489,2713.14435,1.00613,24.92063,10.326733425281201,3.846979913626461,0.0
24.84978,19.88242,46.57841,2707.1535,1.06543,24.93279,10.175425920117712,3.790613886812999,0.0
24.88262,19.89925,46.65578,2701.23362,1.11985,24.94494,10.021316172059572,3.7332039507898314,0.0
24.91537,19.91605,46.73666,2695.38731,1.16929,24.95708,9.86512696331544,3.6750193609472284,0.0
24.94805,19.93283,46.82067,2689.61682,1.21367,24.96922,9.70755026340276,3.616317894137251,0.0
24.98066,19.94958,46.90745,2683.92403,1.25295,24.98136,9.549243860794542,3.5573445938735526,0.0
25.01319,19.96631,46.99661,2678.31047,1.28708,24.9935,9.390828761483471,3.498330801228059,0.0
25.04566,19.98302,47.0878,2672.77735,1.31605,25.00564,9.23288731303853,3.4394934559927046,0.0
25.07805,19.9997,47.18065,2667.32554,1.33987,25.01778,9.075962002525328,3.381034648873118,0.0
25.11037,20.01636,47.27479,2661.95565,1.35855,25.02992,8.9205548692998,3.323141402738841,0.0
25.14263,20.033,47.36987,2656.66799,1.37214,25.04206,8.767127468872305,3.265985659161735,0.0
25.17481,20.04962,47.46552,2651.46262,1.38069,25.0542,8.616101321625578,3.20972444557524,0.0
25.20693,20.06622,47.56142,2646.33936,1.38426,25.06636,8.467858779634971,3.1545001981877108,0.0
25.23899,20.0828,47.6572,2641.2978,1.38293,25.07851,8.322744246146337,3.100441216270024,0.0
25.27098,20.09936,47.75254,2636.33734,1.3768,25.09068,8.181065684866676,3.047662224406049,0.0
25.30291,20.11589,47.84713,2631.45719,1.36595,25.10285,8.043096359873138,2.9962650206545365,0.0
25.33477,20.13241,47.94063,2626.65637,1.35052,25.11503,7.909076751400156,2.9463391902302254,0.0
25.36658,20.14892,48.03275,2621.93378,1.3306,25.12722,7.779216597722717,2.8979628661590975,0.0
25.39832,20.1654,48.12318,2617.28816,1.30633,25.13943,7.653697018559855,2.851203520302039,0.0
25.43001,20.18187,48.21166,2612.71812,1.27784,25.15164,7.532672680744059,2.8061187701236796,0.0
25.46163,20.19832,48.29789,2608.22215,1.24527,25.16387,7.416273972184291,2.762757188550822,0.0
25.4932,20.21475,48.38162,2603.79867,1.20876,25.17611,7.3046091551410814,2.7211591061240648,0.0
25.52472,20.23117,48.46259,2599.44597,1.16846,25.18837,7.197766474674321,2.681357396450083,0.0
25.55617,20.24757,48.54057,2595.16229,1.12452,25.20064,7.0958162024809335,2.643378237584943,0.0
25.58758,20.26396,48.61531,2590.94577,1.07709,25.21292,6.998812600408753,2.6072418434946756,0.0
25.61893,20.28033,48.68661,2586.7945,1.02633,25.22523,6.906795791497059,2.572963161067115,0.0
25.65022,20.29669,48.75425,2582.70651,0.9724,25.23755,6.819793529600215,2.5405525293432585,0.0
25.68147,20.31303,48.81803,2578.67977,0.91545,25.24989,6.737822861395691,2.5100162986589893,0.0
25.71266,20.32936,48.87779,2574.71222,0.85565,25.26225,6.660891676933989,2.4813574082657186,0.0
25.74381,20.34568,48.93333,2570.80173,0.79317,25.27463,6.589000146871705,2.454575921737519,0.0
25.7749,20.36199,48.9845,2566.94615,0.72816,25.28702,6.522142046139554,2.4296695200722893,0.0
25.80594,20.37828,49.03114,2563.14329,0.66079,25.29944,6.460305965097615,2.406633952878955,0.0
25.83694,20.39456,49.07313,2559.39092,0.59122,25.31188,6.403476410261097,2.3854634484267727,0.0
25.86788,20.41083,49.11033,2555.68679,0.51962,25.32434,6.3516347973969465,2.366151083599949,0.0
25.89878,20.42708,49.14263,2552.02861,0.44615,25.33682,6.304760340349629,2.348689115008631,0.0
25.92964,20.44333,49.16991,2548.41405,0.37098,25.34933,6.2628308392775045,2.3330692726276943,0.0
25.96044,20.45956,49.1921,2544.84078,0.29426,25.36186,6.2258233721190255,2.319283017386097,0.0
25.9912,20.47579,49.2091,2541.30642,0.21617,25.37441,6.1937148931736905,2.3073217641540333,0.0
26.02192,20.492,49.22084,2537.80856,0.13687,25.38698,6.166482742536018,2.2971770715204944,0.0
26.05258,20.5082,49.22727,2534.34478,0.05652,25.39958,6.144105069967255,2.2888407996966285,0.0
26.08321,20.5244,49.22833,2530.9126,-0.02472,25.4122,6.126561176499021,2.282305237772093,0.0
26.11379,20.54058,49.22398,2527.50955,-0.10667,25.42484,6.113831776726194,2.2775632014260494,0.0
26.14432,20.55675,49.2142,2524.13308,-0.18919,25.43751,6.105899184400481,2.2746081020656552,0.0
26.17481,20.57291,49.19897,2520.78066,-0.2721,25.4502,6.102747423505116,2.2734339882043115,0.0
26.20526,20.58907,49.17829,2517.44969,-0.35524,25.46292,6.104362266593188,2.274035559743697,0.0
26.23567,20.60521,49.15215,2514.13754,-0.43844,25.47566,6.11073120173979,2.276408155662576,0.0
26.26603,20.62134,49.12058,2510.84157,-0.52155,25.48843,6.12184332904633,2.280547715461928,0.0
26.29634,20.63747,49.0836,2507.55908,-0.6044,25.50122,6.137689187250543,2.286450714572619,0.0
26.32662,20.65358,49.04124,2504.28734,-0.68683,25.51403,6.158260510610752,2.29411407378839,0.0
26.35685,20.66969,48.99355,2501.02358,-0.76867,25.52686,6.183549915924775,2.3035350426721646,0.0
26.38704,20.68578,48.9406,2497.76501,-0.84976,25.53973,6.213550519260103,2.3147110567779547,0.0
26.41718,20.70187,48.88245,2494.50877,-0.92993,25.55261,6.248255481768947,2.32763956845502,0.0
26.44729,20.71795,48.81918,2491.252,-1.00902,25.56552,6.287657483802847,2.3423178509417153,0.0
26.47735,20.73401,48.75087,2487.99177,-1.08686,25.57845,6.331748126540092,2.358742775455969,0.0
26.50736,20.75007,48.67763,2484.72513,-1.16329,25.5914,6.380517260319904,2.376910560982086,0.0
26.53734,20.76612,48.59958,2481.4491,-1.23815,25.60438,6.43395223912446,2.396816496545693,0.0
26.56727,20.78216,48.51682,2478.16065,-1.31127,25.61737,6.492037100878303,2.4184546358536916,0.0
26.59715,20.79819,48.42949,2474.85673,-1.38248,25.63039,6.554751673705384,2.4418174643515016,0.0
26.62699,20.81421,48.33774,2471.53425,-1.45162,25.64343,6.622070608893259,2.466895538976772,0.0
26.65679,20.83021,48.24171,2468.19012,-1.51853,25.65649,6.693962342057837,2.4936771011659196,0.0
26.68655,20.84621,48.14157,2464.82119,-1.58304,25.66957,6.77038798496628,2.522147664029003,0.0
26.71626,20.8622,48.03749,2461.42432,-1.64499,25.68267,6.851300151661192,2.552289575050091,0.0
26.74592,20.87818,47.92966,2457.99635,-1.70422,25.69579,6.936641723835374,2.5840815561568795,0.0
26.77554,20.89415,47.81826,2454.53412,-1.76057,25.70893,7.026344562038963,2.6174982236114372,0.0
26.80512,20.9101,47.7035,2451.03447,-1.81388,25.72209,7.120328171022017,2.6525095908152045,0.0
26.83465,20.92605,47.58558,2447.49423,-1.864,25.73526,7.218498329568117,2.689080557885955,0.0
26.86413,20.94198,47.46474,2443.91029,-1.91078,25.74845,7.320745697311857,2.727170392660655,0.0
26.89356,20.9579,47.3412,2440.27951,-1.95407,25.76165,7.426944413394172,2.766732208657708,0.0
26.92295,20.97381,47.21519,2436.59885,-1.99372,25.77487,7.536950704325775,2.8077124464694436,0.0
26.95229,20.9897,47.08697,2432.86527,-2.02959,25.78811,7.650601520976731,2.850050366004882,0.0
26.98158,21.00559,46.95679,2429.07581,-2.06155,25.80135,7.767713227258902,2.8936775579894336,0.0
27.01082,21.02146,46.82492,2425.2276,-2.08948,25.81461,7.88808036565992,2.9385174840938304,0.0
27.04001,21.03731,46.69161,2421.31784,-2.11324,25.82788,8.011474527239534,2.984485055978027,0.0
27.06915,21.05316,46.55715,2417.34385,-2.13273,25.84116,8.137643355989637,3.031486264389118,0.0
27.09824,21.06899,46.42183,2413.30304,-2.14785,25.85445,8.266309719379173,3.07941787016749,0.0
27.12728,21.0848,46.28591,2409.19299,-2.15849,25.86775,8.397171078387144,3.1281671695675386,0.0
27.15627,21.1006,46.14971,2405.01143,-2.16457,25.88105,8.529899091282008,3.177611846655075,0.0
27.1852,21.11638,46.0135,2400.75623,-2.16602,25.89436,8.66413948558257,3.2276199256093827,0.0
27.21408,21.13215,45.87759,2396.42549,-2.16278,25.90767,8.79951223200268,3.2780498355222,0.0
27.2429,21.1479,45.74229,2392.01748,-2.1548,25.92099,8.93561205264289,3.32875059971248,0.0
27.27167,21.16363,45.60788,2387.53071,-2.14205,25.93431,9.072009292938507,3.3795621605499795,0.0
27.30037,21.17934,45.47467,2382.96394,-2.1245,25.94764,9.20825118313657,3.4303158493886334,0.0
27.32903,21.19504,45.34296,2378.31616,-2.10217,25.96096,9.343863509952712,3.4808350093027127,0.0
27.35762,21.21072,45.21305,2373.58665,-2.07505,25.97429,9.478352712808231,3.5309357759902893,0.0
27.38615,21.22637,45.08523,2368.77497,-2.04319,25.98761,9.61120841155541,3.5804280194174303,0.0
27.41463,21.24201,44.95978,2363.88098,-2.00664,26.00093,9.741906363962116,3.6291164455590215,0.0
27.44304,21.25763,44.837,2358.90486,-1.96546,26.01424,9.869911841653737,3.67680185402597,0.0
27.47139,21.27323,44.71716,2353.8471,-1.91975,26.02755,9.994683402819597,3.723282543497607,0.0
27.49967,21.2888,44.60053,2348.70852,-1.86962,26.04085,10.115677029117284,3.768355852827402,0.0
27.5279,21.30435,44.48737,2343.49028,-1.81518,26.05415,10.232350583119338,3.811819821559131,0.0
27.55605,21.31988,44.37792,2338.19387,-1.75661,26.06744,10.344168531782733,3.853474949543543,0.0
27.58414,21.33539,44.27242,2332.82112,-1.69406,26.08072,10.450606871043558,3.8931260314794542,0.0
27.61217,21.35087,44.1711,2327.37419,-1.62772,26.09399,10.551158177383698,3.9305840387552533,0.0
27.64012,21.36633,44.07416,2321.85557,-1.5578,26.10724,10.645336704298769,3.965668018017297,0.0
27.66801,21.38177,43.9818,2316.26807,-1.48453,26.12049,10.73268343551261,3.9982069736252672,0.0
27.69583,21.39717,43.89419,2310.61482,-1.40815,26.13372,10.812771002932715,4.028041699719977,0.0
27.72358,21.41256,43.8115,2304.89921,-1.32893,26.14694,10.885208375865716,4.05502652707951,0.0
27.75125,21.42791,43.73387,2299.12494,-1.24714,26.16015,10.949645229288423,4.07903095041512,0.0
27.77886,21.44324,43.66142,2293.29595,-1.16307,26.17333,11.005775902919604,4.099941103229643,0.0
27.80639,21.45854,43.59425,2287.41641,-1.07702,26.18651,11.053342869607432,4.117661049883077,0.0
27.83385,21.47381,43.53246,2281.4907,-0.98932,26.19966,11.092139640851645,4.132113867976034,0.0
27.86124,21.48906,43.47609,2275.52339,-0.90028,26.21281,11.122013048958781,4.143242498512614,0.0
27.88855,21.50428,43.42521,2269.51919,-0.81023,26.22593,11.142864858952388,4.151010346379374,0.0
27.91579,21.51946,43.37982,2263.48295,-0.71951,26.23903,11.15465267855945,4.155401619339205,0.0
27.94295,21.53462,43.33993,2257.4196,-0.62845,26.25212,11.157390150699104,4.156421399738455,0.0
27.97004,21.54975,43.30553,2251.33414,-0.5374,26.26519,11.151146429452659,4.154095449291959,0.0
27.99705,21.56485,43.27657,2245.2316,-0.4467,26.27824,11.136044956904229,4.1484697534240125,0.0
28.02399,21.57992,43.25299,2239.11701,-0.35668,26.29127,11.112261573795978,4.139609817437718,0.0
28.05085,21.59495,43.23472,2232.99538,-0.26768,26.30429,11.080022011337732,4.12759973214808,0.0
28.07763,21.60996,43.22166,2226.87165,-0.18001,26.31728,11.039598824031192,4.112541031278323,0.0
28.10434,21.62494,43.21369,2220.75069,-0.094,26.33026,10.991307833879937,4.09455136683456,0.0
28.13097,21.63989,43.21068,2214.63726,-0.00994,26.34322,10.935504164357049,4.073763031654372,0.0
28.15752,21.6548,43.21249,2208.53598,0.07186,26.35617,10.872577948093811,4.050321360407919,0.0
28.184,21.66969,43.21894,2202.45132,0.15113,26.36909,10.802949795104261,4.0243830413923485,0.0
28.2104,21.68454,43.22985,2196.38759,0.22759,26.382,10.727066108784104,3.996114371618137,0.0
28.23673,21.69937,43.24504,2190.34889,0.30101,26.39489,10.645394334925536,3.9656894869421198,0.0
28.26298,21.71416,43.26431,2184.33912,0.37115,26.40777,10.558418224895773,3.9332885974768477,0.0
28.28915,21.72892,43.28742,2178.36197,0.43779,26.42063,10.46663318813681,3.8990962562744724,0.0
28.31525,21.74366,43.31416,2172.4209,0.50073,26.43348,10.370541801742016,3.8632996865258713,0.0
28.34128,21.75836,43.3443,2166.51913,0.5598,26.44631,10.270649536359961,3.826087189347371,0.0
28.36723,21.77303,43.37758,2160.65966,0.61483,26.45913,10.167460748317925,3.787646650741295,0.0
28.39311,21.78768,43.41377,2154.84523,0.66567,26.47194,10.061474978294806,3.748164162754241,0.0
28.41892,21.80229,43.4526,2149.07834,0.71222,26.48474,9.953183587092775,3.707822770213498,0.0
28.44465,21.81688,43.49382,2143.36125,0.75435,26.49752,9.843066749677964,3.6668013509281145,0.0
28.47032,21.83143,43.53717,2137.69598,0.792,26.5103,9.731590819693109,3.625273633900511,0.0
28.49591,21.84596,43.58238,2132.08431,0.82507,26.52306,9.61920606837685,3.583407357014431,0.0
28.52143,21.86046,43.62918,2126.52778,0.85354,26.53582,9.506344794495671,3.5413635629348565,0.0
28.54688,21.87493,43.67732,2121.02774,0.87736,26.54857,9.39341979541455,3.4992960295415925,0.0
28.57227,21.88937,43.72653,2115.58528,0.89651,26.56132,9.280823183995741,3.457350829192938,0.0
28.59758,21.90379,43.77654,2110.20129,0.91099,26.57406,9.168925531652684,3.415666009490722,0.0
28.62283,21.91818,43.82709,2104.87648,0.92082,26.58679,9.058075314389084,3.374371386915279,0.0
28.64801,21.93254,43.87793,2099.61134,0.92603,26.59952,8.948598636260385,3.3335884438075762,0.0
28.67313,21.94688,43.92881,2094.40618,0.92664,26.61225,8.840799202998022,3.2934303185435523,0.0
28.69818,21.96119,43.97947,2089.26115,0.92273,26.62498,8.734958517791462,3.254001878468078,0.0
28.72317,21.97548,44.02966,2084.17622,0.91435,26.63771,8.631336271032396,3.215399865084923,0.0
28.74809,21.98974,44.07916,2079.1512,0.90158,26.65043,8.530170896264243,3.1777131011625768,0.0
28.77295,22.00398,44.12773,2074.18576,0.8845,26.66316,8.431680265523976,3.1410227497673686,0.0
28.79775,22.01819,44.17515,2069.27943,0.86322,26.67589,8.336062498540542,3.105402615711176,0.0
28.82249,22.03238,44.22119,2064.43161,0.83784,26.68862,8.24349686182606,3.0709194804865474,0.0
28.84717,22.04654,44.26564,2059.64156,0.80847,26.70136,8.154144735514386,3.037633462439514,0.0
28.87179,22.06068,44.3083,2054.90846,0.77523,26.7141,8.06815062768205,3.0055983946308156,0.0
28.89634,22.0748,44.34898,2050.23134,0.73826,26.72684,7.985643217877192,2.974862213577901,0.0
28.92084,22.0889,44.38749,2045.60917,0.69768,26.73959,7.9067364135583444,2.945467352806156,0.0
28.94529,22.10298,44.42365,2041.04078,0.65363,26.75235,7.8315304051061325,2.917451135868533,0.0
28.96967,22.11703,44.45729,2036.52496,0.60627,26.76512,7.760112706893162,2.890846164171469,0.0
28.994,22.13106,44.48825,2032.06039,0.55573,26.77789,7.6925591737163925,2.865680695622691,0.0
29.01828,22.14507,44.51637,2027.64566,0.50218,26.79067,7.628934983514717,2.8419790107193705,0.0
29.0425,22.15906,44.54151,2023.27932,0.44577,26.80346,7.569295578794337,2.8197617632538496,0.0
29.06666,22.17303,44.56355,2018.95983,0.38667,26.81626,7.513687560586603,2.7990463133364525,0.0
29.09077,22.18698,44.58235,2014.68559,0.32502,26.82907,7.462149529936424,2.779847040872062,0.0
29.11483,22.20091,44.5978,2010.45493,0.26102,26.84189,7.41471287305995,2.7621756380520153,0.0
29.13883,22.21482,44.60979,2006.26614,0.19481,26.85473,7.371402487192588,2.746041379751587,0.0
29.16278,22.22871,44.61823,2002.11744,0.12657,26.86757,7.332237445008686,2.731451371043804,0.0
29.18668,22.24258,44.62303,1998.007,0.05649,26.88043,7.297231596141851,2.718410771281591,0.0
29.21053,22.25643,44.62412,1993.93294,-0.01528,26.89329,7.266394104950157,2.7069229944294597,0.0
29.23432,22.27026,44.62142,1989.89334,-0.08856,26.90618,7.2397299241272774,2.696989885496115,0.0
29.25807,22.28408,44.61487,1985.88622,-0.16316,26.91907,7.217240204134761,2.688611873058757,0.0
29.28177,22.29787,44.60444,1981.90956,-0.23891,26.93198,7.19892263878511,2.6817880980018605,0.0
29.30541,22.31165,44.59007,1977.96131,-0.31563,26.9449,7.184771747508804,2.6765165186690787,0.0
29.32901,22.32541,44.57174,1974.03935,-0.39314,26.95783,7.17477909505357,2.672793992706995,0.0
29.35255,22.33915,44.54943,1970.14155,-0.47126,26.97078,7.168933449523554,2.6706163359388726,0.0
29.37605,22.35288,44.52312,1966.26573,-0.54982,26.98374,7.167220879763316,2.6699783586427617,0.0
29.3995,22.36658,44.49282,1962.40967,-0.62862,26.99672,7.169624793228771,2.670873879659413,0.0
29.42289,22.38027,44.45854,1958.57111,-0.7075,27.00971,7.176125915542323,2.6732957187760347,0.0
29.44624,22.39394,44.42028,1954.74776,-0.78626,27.02272,7.186702213076711,2.677235667886731,0.0
29.46954,22.40759,44.37808,1950.93731,-0.86473,27.03573,7.2013287599494715,2.682684441444443,0.0
29.4928,22.42123,44.33196,1947.13741,-0.94273,27.04877,7.219977551010803,2.6896316067940136,0.0
29.516,22.43484,44.28198,1943.34566,-1.02007,27.06181,7.242617262497341,2.698065495009409,0.0
29.53916,22.44844,44.22819,1939.55966,-1.09658,27.07487,7.2692129622495285,2.707973092942075,0.0
29.56227,22.46203,44.17065,1935.77698,-1.17209,27.08794,7.299725771615183,2.7193399172711135,0.0
29.58533,22.47559,44.10943,1931.99517,-1.2464,27.10103,7.3341124814255245,2.732149871444254,0.0
29.60834,22.48914,44.0446,1928.21175,-1.31935,27.11413,7.372325124799828,2.7463850865363404,0.0
29.6313,22.50267,43.97627,1924.42423,-1.39076,27.12724,7.414310509876373,2.7620257471793197,0.0
29.65422,22.51618,43.90451,1920.6301,-1.46046,27.14036,7.460009716089959,2.779049903912362,0.0
29.67708,22.52967,43.82945,1916.82686,-1.52828,27.1535,7.509357558074753,2.7974332734715652,0.0
29.6999,22.54315,43.75118,1913.01198,-1.59405,27.16665,7.562282021896699,2.8171490287716914,0.0
29.72267,22.55661,43.66984,1909.18295,-1.65759,27.1798,7.618703678958931,2.8381675805705164,0.0
29.74539,22.57005,43.58555,1905.33726,-1.71876,27.19297,7.678535083604078,2.8604563530598353,0.0
29.76806,22.58347,43.49845,1901.4724,-1.77738,27.20615,7.741680161242169,2.8839795559270094,0.0
29.79069,22.59687,43.40867,1897.58589,-1.8333,27.21933,7.808033594592427,2.908697955713885,0.0
29.81326,22.61025,43.31638,1893.67526,-1.88637,27.23253,7.877480216462842,2.9345686496112076,0.0
29.83578,22.62362,43.22172,1889.73808,-1.93645,27.24573,7.949894418361994,2.9615448451509647,0.0
29.85826,22.63697,43.12486,1885.77195,-1.98338,27.25894,8.025139585043382,2.9895756495592716,0.0
29.88068,22.65029,43.02598,1881.77452,-2.02704,27.27216,8.103067565906928,3.0186058728395198,0.0
29.90305,22.6636,42.92524,1877.74348,-2.06728,27.28539,8.183518194943325,3.0485758489390244,0.0
29.92537,22.67689,42.82283,1873.6766,-2.104,27.29861,8.266318871563842,3.0794212795970877,0.0
29.94764,22.69015,42.71894,1869.5717,-2.13707,27.31185,8.35128421521249,3.1110731056789453,0.0
29.96986,22.7034,42.61375,1865.42668,-2.16638,27.32508,8.438215807083008,3.143457410958556,0.0
29.99203,22.71662,42.50746,1861.23956,-2.19183,27.33832,8.526902032440468,3.176495363379236,0.0
30.01414,22.72983,42.40026,1857.00841,-2.21333,27.35157,8.617118037047076,3.2101031988211397,0.0
30.0362,22.74301,42.29237,1852.73143,-2.23081,27.36481,8.708625810931903,3.2441922523076756,0.0
30.0582,22.75618,42.18398,1848.40695,-2.24419,27.37805,8.801174412135339,3.2786690413562076,0.0
30.08016,22.76931,42.0753,1844.03341,-2.25341,27.39129,8.89450034217853,3.313435405850302,0.0
30.10205,22.78243,41.96653,1839.6094,-2.25842,27.40453,8.988328083724078,3.3483887083324775,0.0
30.1239,22.79553,41.85789,1835.13363,-2.2592,27.41777,9.082370809303379,3.383422098023798,0.0
30.14568,22.8086,41.74957,1830.605,-2.25572,27.43101,9.176331267894474,3.4184248410974356,0.0
30.16741,22.82165,41.6418,1826.02255,-2.24797,27.44424,9.269902853826595,3.4532827188737514,0.0
30.18909,22.83467,41.53477,1821.38552,-2.23596,27.45746,9.36277085963959,3.487878494543386,0.0
30.2107,22.84767,41.42868,1816.69329,-2.21971,27.47068,9.454613911507632,3.5220924479003624,0.0
30.23226,22.86064,41.32374,1811.94548,-2.19926,27.48389,9.54510558237647,3.555802976278163,0.0
30.25376,22.87359,41.22015,1807.14185,-2.17466,27.49709,9.63391617441177,3.5888872585586236,0.0
30.2752,22.88652,41.11809,1802.2824,-2.14597,27.51028,9.720714658508587,3.6212219776902534,0.0
30.29658,22.89942,41.01775,1797.36732,-2.11327,27.52347,9.80517075485935,3.6526840957545472,0.0
30.3179,22.91229,40.91931,1792.39701,-2.07668,27.53664,9.886957134698486,3.68315167417379,0.0
30.33916,22.92513,40.82295,1787.37206,-2.0363,27.5498,9.965751719728852,3.7125047303079093,0.0
30.36035,22.93795,40.72883,1782.29331,-1.99226,27.56295,10.041240052327883,3.740626120418617,0.0
30.38149,22.95074,40.63712,1777.16176,-1.94472,27.57608,10.1131177066457,3.76740243786691,0.0
30.40256,22.9635,40.54796,1771.97864,-1.89382,27.5892,10.181092708174386,3.7927249144662767,0.0
30.42357,22.97623,40.46149,1766.7454,-1.83976,27.6023,10.244887927474638,3.8164903122088627,0.0
30.44451,22.98894,40.37784,1761.46364,-1.78271,27.61539,10.304243412581465,3.8386017921479607,0.0
30.46539,23.00161,40.29713,1756.1352,-1.72288,27.62846,10.358918624155514,3.858969747050691,0.0
30.48621,23.01426,40.21948,1750.76206,-1.6605,27.64151,10.40869453786195,3.87751258458945,0.0
30.50696,23.02687,40.14497,1745.34641,-1.59579,27.65455,10.453375579767219,3.894157448328129,0.0
30.52764,23.03946,40.07369,1739.89056,-1.52898,27.66756,10.492791362640645,3.9088408645401453,0.0
30.54826,23.05201,40.00571,1734.39702,-1.46034,27.68056,10.526798194002057,3.9215093039958546,0.0
30.56881,23.06453,39.9411,1728.86838,-1.39011,27.69354,10.55528033050639,3.9321196492538335,0.0
30.58929,23.07702,39.8799,1723.30741,-1.31857,27.70649,10.578150957601492,3.940639559609174,0.0
30.6097,23.08948,39.82215,1717.71695,-1.24598,27.71943,10.59535287836774,3.947047727704376,0.0
30.63005,23.10191,39.76785,1712.09994,-1.17261,27.73234,10.606858900788362,3.951334023797729,0.0
30.65033,23.1143,39.71703,1706.4594,-1.09876,27.74524,10.612671918345173,3.9534995257873375,0.0
30.67053,23.12666,39.66968,1700.79843,-1.0247,27.75811,10.612824684504531,3.953556435201218,0.0
30.69067,23.13899,39.62578,1695.12014,-0.95072,27.77096,10.607379287375581,3.951527881493662,0.0
30.71074,23.15129,39.58529,1689.4277,-0.87708,27.78379,10.596426336217121,3.947447618997647,0.0
30.73075,23.16355,39.54818,1683.72427,-0.80408,27.7966,10.580083876516692,3.9413596227632435,0.0
30.75068,23.17578,39.51438,1678.01303,-0.73199,27.80938,10.558496054925538,3.933317591210767,0.0
30.77054,23.18797,39.48384,1672.29711,-0.66106,27.82214,10.531831559228566,3.923384364978539,0.0
30.79033,23.20013,39.45647,1666.57964,-0.59158,27.83489,10.500281861756983,3.9116312725478735,0.0
30.81005,23.21226,39.43219,1660.86369,-0.52379,27.84761,10.464059297062681,3.8981374141262086,0.0
30.82971,23.22435,39.41089,1655.15225,-0.45793,27.86031,10.423395006315495,3.8829888958809997,0.0
30.84929,23.23641,39.39247,1649.44827,-0.39426,27.87298,10.37853678172287,3.866278026929323,0.0
30.8688,23.24843,39.3768,1643.7546,-0.33298,27.88564,10.32974684430528,3.8481024915007565,0.0
30.88825,23.26043,39.36376,1638.074,-0.27431,27.89828,10.27729958765284,3.8285645084273474,0.0
30.90762,23.27238,39.35323,1632.40912,-0.21847,27.9109,10.221479319028328,3.8077699896450556,0.0
30.92692,23.28431,39.34504,1626.76249,-0.16562,27.92349,10.162578027100109,3.7858277086155305,0.0
30.94616,23.2962,39.33907,1621.13656,-0.11596,27.93607,10.100893203321156,3.762848488732477,0.0
30.96533,23.30805,39.33515,1615.53361,-0.06964,27.94863,10.03672574106139,3.73894442069317,0.0
30.98443,23.31987,39.33312,1609.95581,-0.0268,27.96118,9.970377933553973,3.7142281166807782,0.0
31.00346,23.33166,39.33283,1604.40521,0.01242,27.9737,9.902151588470607,3.6888120079940463,0.0
31.02242,23.34342,39.33411,1598.8837,0.04791,27.98621,9.832346273563916,3.6628076915029286,0.0
31.04132,23.35514,39.33679,1593.39304,0.07956,27.99871,9.761257704532905,3.636325329086054,0.0
31.06015,23.36683,39.34069,1587.93485,0.10729,28.01118,9.689176282964647,3.609473102975533,0.0
31.07891,23.37848,39.34565,1582.51062,0.13103,28.02365,9.616385789208815,3.582356728818327,0.0
31.09761,23.3901,39.35149,1577.12168,0.15071,28.0361,9.543162232105537,3.555079027169617,0.0
31.11624,23.40169,39.35804,1571.76924,0.1663,28.04854,9.46977285492378,3.527739553178684,0.0
31.1348,23.41325,39.36512,1566.45436,0.17776,28.06096,9.396475294528397,3.5004342833565203,0.0
31.1533,23.42478,39.37256,1561.17796,0.18509,28.07337,9.323516888787166,3.4732553575667238,0.0
31.17174,23.43627,39.38019,1555.94085,0.18827,28.08578,9.251134125526589,3.446290873747037,0.0
31.19011,23.44773,39.38784,1550.74369,0.18733,28.09817,9.179552224946326,3.4196247323477316,0.0
31.20842,23.45917,39.39535,1545.58701,0.18229,28.11055,9.108984846336156,3.3933365270759657,0.0
31.22666,23.47056,39.40254,1540.47124,0.17318,28.12293,9.039633909105373,3.3675014782245207,0.0
31.24485,23.48193,39.40926,1535.39665,0.16005,28.1353,8.971689517635472,3.342190404677451,0.0
31.26297,23.49327,39.41536,1530.36344,0.14296,28.14766,8.905329979101303,3.3174697305489302,0.0
31.28103,23.50458,39.42067,1525.37166,0.12198,28.16001,8.840721903418963,3.2934015224164783,0.0
31.29903,23.51586,39.42505,1520.42127,0.09719,28.17236,8.778020374452462,3.2700435530999385,0.0
31.31697,23.52711,39.42836,1515.51212,0.06868,28.18471,8.717369181977903,3.247449388074248,0.0
31.33485,23.53832,39.43045,1510.64396,0.03655,28.19705,8.658901104206928,3.225668490716848,0.0
31.35267,23.54951,39.43121,1505.81644,0.0009,28.20938,8.602738231182604,3.2047463427811618,0.0
31.37043,23.56067,39.43048,1501.02912,-0.03815,28.22172,8.548992319940304,3.1847245767033705,0.0
31.38813,23.57181,39.42817,1496.28146,-0.08047,28.23405,8.497765172904852,3.1656411165653062,0.0
31.40577,23.58291,39.42414,1491.57286,-0.12595,28.24638,8.449149031685886,3.1475303247935806,0.0
31.42336,23.59398,39.4183,1486.90261,-0.17443,28.25871,8.403226979097537,3.1304231519224976,0.0
31.44089,23.60503,39.41053,1482.26992,-0.22579,28.27104,8.360073342895618,3.1143472869967788,0.0
31.45837,23.61605,39.40074,1477.67395,-0.27986,28.28337,8.31975409543815,3.099327306455624,0.0
31.47578,23.62704,39.38885,1473.11377,-0.33651,28.2957,8.282327244090908,3.0853848195690508,0.0
31.49315,23.638,39.37476,1468.58837,-0.39557,28.30803,8.247843207868824,3.0725386087467244,0.0
31.51045,23.64894,39.35841,1464.0967,-0.45688,28.32037,8.216345176410362,3.060804763265361,0.0
31.5277,23.65985,39.33971,1459.63762,-0.52027,28.3327,8.187869447940113,3.0501968051686847,0.0
31.5449,23.67073,39.31862,1455.20995,-0.58557,28.34504,8.162445743442516,3.0407258063054057,0.0
31.56204,23.68158,39.29508,1450.81243,-0.65262,28.35738,8.140097494762324,3.032400495654222,0.0
31.57913,23.69241,39.26903,1446.44377,-0.72123,28.36973,8.120842104846293,3.0252273562706997,0.0
31.59617,23.70321,39.24045,1442.1026,-0.79123,28.38207,8.104691178740136,3.019210711339715,0.0
31.61315,23.71399,39.20928,1437.78753,-0.86244,28.39443,8.091650724435313,3.0143527989961654,0.0
31.63008,23.72474,39.17551,1433.49709,-0.93467,28.40678,8.081721322972435,3.010653835692967,0.0
31.64696,23.73546,39.13913,1429.22978,-1.00775,28.41914,8.074898267630308,3.0081120680526343,0.0
31.66378,23.74616,39.1001,1424.98407,-1.08148,28.4315,8.071171672339169,3.0067238132540615,0.0
31.68055,23.75683,39.05844,1420.75836,-1.15569,28.44387,8.070526549772634,3.006483488123831,0.0
31.69727,23.76748,39.01414,1416.55105,-1.23018,28.45624,8.072942859926552,3.007383627233112,0.0
31.71394,23.7781,38.96721,1412.36047,-1.30477,28.46862,8.078395530219026,3.009414890385449,0.0
31.73056,23.7887,38.91766,1408.18495,-1.37928,28.481,8.086854448515009,3.012566060018237,0.0
31.74712,23.79927,38.86553,1404.02276,-1.45352,28.49339,8.098284430697069,3.016824029121986,0.0
31.76364,23.80981,38.81083,1399.87216,-1.52731,28.50578,8.112645164724526,3.0221737804008666,0.0
31.7801,23.82033,38.75361,1395.73139,-1.60045,28.51817,8.129891133394413,3.0285983574991446,0.0
31.79651,23.83083,38.6939,1391.59867,-1.67278,28.53057,8.149971518281992,3.036078829216492,0.0
31.81287,23.84129,38.63175,1387.47219,-1.74411,28.54297,8.172830087649857,3.044594247751179,0.0
31.82918,23.85174,38.56723,1383.35016,-1.81427,28.55538,8.198405071355825,3.0541216020999737,0.0
31.84544,23.86216,38.50039,1379.23074,-1.88307,28.56779,8.226629026100019,3.0646357678591287,0.0
31.86165,23.87255,38.43129,1375.11211,-1.95035,28.5802,8.257428694619282,3.0761094547706054,0.0
31.87781,23.88291,38.36001,1370.99246,-2.01594,28.59262,8.290724862685247,3.0885131534500845,0.0
31.89391,23.89326,38.28663,1366.86995,-2.07968,28.60503,8.326432218052071,3.1018150828412905,0.0
31.90997,23.90357,38.21123,1362.74278,-2.1414,28.61745,8.364459215724507,3.1159811400247985,0.0
31.92597,23.91386,38.1339,1358.60914,-2.20096,28.62988,8.40470795414224,3.1309748540934477,0.0
31.94193,23.92413,38.05474,1354.46725,-2.25819,28.6423,8.447074067077889,3.146757345881497,0.0
31.95783,23.93437,37.97383,1350.31536,-2.31296,28.65472,8.491446636213011,3.163287295396889,0.0
31.97368,23.94458,37.89128,1346.15173,-2.36513,28.66715,8.537708129466443,3.1805209188469377,0.0
31.98948,23.95477,37.80721,1341.97466,-2.41457,28.67957,8.585734370213421,3.198411957171632,0.0
32.00523,23.96493,37.72171,1337.7825,-2.46115,28.69199,8.635394542575078,3.2169116780141227,0.0
32.02093,23.97506,37.6349,1333.57364,-2.50475,28.70441,8.686551237877685,3.2359688930280064,0.0
32.03657,23.98517,37.54691,1329.34649,-2.54527,28.71683,8.73906054723125,3.2555299923652887,0.0
32.05217,23.99525,37.45784,1325.09957,-2.58261,28.72925,8.792772204998892,3.275538998122506,0.0
32.06771,24.00531,37.36782,1320.83141,-2.61668,28.74166,8.847529787588904,3.2959376383959946,0.0
32.0832,24.01533,37.27698,1316.54065,-2.64739,28.75407,8.903170971596788,3.316665443446592,0.0
32.09863,24.02533,37.18543,1312.22596,-2.67467,28.76648,8.959527854818417,3.33765986528549,0.0
32.11402,24.03531,37.09332,1307.88612,-2.69846,28.77887,9.016427343034549,3.3588564217616375,0.0
32.12935,24.04525,37.00075,1303.51999,-2.71871,28.79127,9.07369160473396,3.3801888659580737,0.0
32.14463,24.05517,36.90787,1299.12651,-2.73539,28.80365,9.131138595136267,3.4015893814042197,0.0
32.15985,24.06506,36.8148,1294.70472,-2.74846,28.81603,9.188582649941694,3.4229888032632876,0.0
32.17502,24.07492,36.72167,1290.25375,-2.7579,28.8284,9.245835148204655,3.4443168652701326,0.0
32.19014,24.08475,36.6286,1285.77285,-2.76372,28.84076,9.302705242657703,3.4655024717961336,0.0
32.2052,24.09456,36.53572,1281.26136,-2.76593,28.85312,9.359000654682802,3.4864739939969187,0.0
32.2202,24.10433,36.44315,1276.71873,-2.76454,28.86546,9.414528529863421,3.507159588528027,0.0
32.23516,24.11408,36.35102,1272.14456,-2.7596,28.87779,9.46909634894115,3.5274875369002108,0.0
32.25005,24.12379,36.25945,1267.53853,-2.75114,28.8901,9.522512887677138,3.5473866030530874,0.0
32.26489,24.13348,36.16854,1262.90044,-2.73924,28.90241,9.57458921804095,3.5667864063243244,0.0
32.27968,24.14314,36.07842,1258.23024,-2.72396,28.9147,9.625139741985652,3.5856178065580595,0.0
32.29441,24.15276,35.98919,1253.52798,-2.70539,28.92698,9.67398324806475,3.603813297722515,0.0
32.30908,24.16236,35.90095,1248.79385,-2.68364,28.93924,9.720943980207537,3.6213074060569284,0.0
32.3237,24.17192,35.81381,1244.02814,-2.65881,28.95149,9.765852707276373,3.6380370885097943,0.0
32.33825,24.18146,35.72786,1239.23128,-2.63103,28.96372,9.808547781380351,3.653942126988536,0.0
32.35275,24.19096,35.64318,1234.40382,-2.60044,28.97593,9.84887617260794,3.6689655138246473,0.0
32.3672,24.20043,35.55987,1229.54643,-2.56718,28.98812,9.886694467600345,3.683053823768545,0.0
32.38158,24.20987,35.47799,1224.65989,-2.53142,29.0003,9.921869819522021,3.69615756787858,0.0
32.39591,24.21927,35.39762,1219.74509,-2.49333,29.01246,9.95428083725077,3.7082315247677404,0.0
32.41017,24.22865,35.31882,1214.80305,-2.45309,29.0246,9.983818402175011,3.719235044882128,0.0
32.42438,24.23799,35.24165,1209.83486,-2.41088,29.03672,10.010386401731193,3.729132323762945,0.0
32.43853,24.2473,35.16616,1204.84174,-2.3669,29.04882,10.033902369895614,3.7378926406465527,0.0
32.45262,24.25657,35.09239,1199.82499,-2.32137,29.0609,10.054298025978815,3.7454905591795526,0.0
32.46665,24.26581,35.02038,1194.78599,-2.27449,29.07296,10.071519704521345,3.7519060875662804,0.0
32.48062,24.27502,34.95015,1189.72622,-2.22648,29.08499,10.085528670603876,3.757124796030104,0.0
32.49452,24.2842,34.88172,1184.64722,-2.17756,29.09701,10.096301316591395,3.7611378901058306,0.0
32.50837,24.29333,34.81511,1179.55059,-2.12796,29.109,10.103829238006492,3.763942238904487,0.0
32.52216,24.30244,34.75033,1174.43801,-2.07791,29.12097,10.108119188104494,3.7655403581913727,0.0
32.53588,24.31151,34.68736,1169.31119,-2.02763,29.13292,10.10919291240983,3.7659403487464966,0.0
32.54955,24.32055,34.62621,1164.17189,-1.97738,29.14485,10.10708686627051,3.7651557911461913,0.0
32.56315,24.32955,34.56685,1159.0219,-1.92736,29.15675,10.101851820130891,3.7632055987168296,0.0
32.57669,24.33852,34.50926,1153.86306,-1.87782,29.16863,10.093552358733561,3.760113830974353,0.0
32.59017,24.34745,34.45341,1148.69718,-1.82898,29.18049,10.082266281871195,3.7559094703885667,0.0
32.60359,24.35635,34.39926,1143.52614,-1.78107,29.19233,10.068083915503392,3.750626165756043,0.0
32.61695,24.36521,34.34677,1138.35178,-1.73431,29.20414,10.051107343067942,3.744301945843334,0.0
32.63024,24.37403,34.29588,1133.17594,-1.68892,29.21593,10.03144956759979,3.7369789072542456,0.0
32.64348,24.38282,34.24655,1128.00048,-1.6451,29.2277,10.009233615826918,3.7287028806819795,0.0
32.65665,24.39158,34.19871,1122.82719,-1.60305,29.23945,9.984591595814512,3.71952307985679,0.0
32.66976,24.4003,34.1523,1117.65789,-1.56298,29.25117,9.957663719749819,3.7094917375076317,0.0
32.68281,24.40898,34.10723,1112.49433,-1.52507,29.26288,9.928597303486423,3.6986637326660765,0.0
32.6958,24.41763,34.06345,1107.33822,-1.48949,29.27456,9.897545754067878,3.6870962134922327,0.0
32.70872,24.42624,34.02085,1102.19127,-1.45642,29.28622,9.86466755608239,3.674848219665185,0.0
32.72159,24.43482,33.97938,1097.05508,-1.42601,29.29786,9.830125266989167,3.6619803081156355,0.0
32.73439,24.44336,33.93892,1091.93125,-1.39841,29.30948,9.794084530856026,3.6485541856172,0.0
32.74713,24.45187,33.8994,1086.8213,-1.37376,29.32109,9.756713119045015,3.634632351416574,0.0
32.75981,24.46034,33.86072,1081.72669,-1.35218,29.33267,9.718180005467245,3.620277752741618,0.0
32.77243,24.46878,33.82279,1076.64881,-1.33378,29.34423,9.67865448297103,3.605553455632691,0.0
32.78499,24.47718,33.78551,1071.589,-1.31867,29.35578,9.63830532645105,3.5905223331787957,0.0
32.79749,24.48554,33.74878,1066.54852,-1.30692,29.36731,9.597300007167233,3.575246772830689,0.0
32.80993,24.49387,33.7125,1061.52854,-1.29863,29.37882,9.555803961761342,3.55978840409033,0.0
32.82231,24.50217,33.67657,1056.53019,-1.29384,29.39032,9.513979918453629,3.5442078475013976,0.0
32.83463,24.51043,33.64089,1051.55451,-1.29262,29.4018,9.47198728195338,3.528564485512292,0.0
32.84689,24.51865,33.60537,1046.60245,-1.295,29.41326,9.429981577706597,3.5129162554437685,0.0
32.85909,24.52684,33.5699,1041.6749,-1.30101,29.42471,9.388113955332482,3.4973194645059675,0.0
32.87123,24.535,33.53438,1036.77267,-1.31066,29.43615,9.346530750310786,3.481828626515412,0.0
32.88332,24.54312,33.49872,1031.89649,-1.32396,29.44757,9.305373102381592,3.466496319738896,0.0
32.89534,24.55121,33.46282,1027.047,-1.34089,29.45898,9.264776628517026,3.451373065066831,0.0
32.90731,24.55926,33.42659,1022.22478,-1.36143,29.47038,9.224871147874664,3.4365072235511636,0.0
32.91922,24.56728,33.38993,1017.43032,-1.38555,29.48177,9.185780455749535,3.421944912196542,0.0
32.93108,24.57526,33.35276,1012.66404,-1.41321,29.49315,9.147622143235328,3.407729936779372,0.0
32.94287,24.58322,33.31498,1007.92627,-1.44436,29.50451,9.110507459085625,3.3939037403874948,0.0
32.95461,24.59113,33.27651,1003.2173,-1.47892,29.51587,9.074541210118936,3.3805053663184395,0.0
32.9663,24.59902,33.23728,998.5373,-1.51682,29.52722,9.03982169643234,3.3675714339447977,0.0
