0.04563,0.04563,50.68694,4817.00774,-0.27702,45.00008,18.076750944538606,6.734065354783238,0.0
0.09117,0.09117,50.66611,4806.9514,-0.05363,45.00018,18.054203305736397,6.725665766065332,0.0
0.13661,0.13661,50.67336,4796.87125,0.16889,45.00028,17.960260035384163,6.690669426062918,0.0
0.18196,0.18196,50.7084,4786.80701,0.38929,45.0004,17.797093662761387,6.629885659095291,0.0
0.22721,0.22721,50.77076,4776.7972,0.60634,45.00053,17.568020976996113,6.544550056382618,0.0
0.27236,0.27237,50.85982,4766.87846,0.81887,45.00067,17.277370313349653,6.436275036695095,0.0
0.31742,0.31742,50.97486,4757.08509,1.0258,45.00083,16.930318340827544,6.3069890454436415,0.0
0.36238,0.36239,51.11501,4747.44854,1.22616,45.00099,16.532706414424823,6.15886814105921,0.0
0.40724,0.40726,51.27929,4737.99711,1.41903,45.00117,16.090846985032606,5.9942638775893196,0.0
0.45202,0.45203,51.46664,4728.75569,1.60367,45.00137,15.611330142194978,5.815631236784834,0.0
0.4967,0.49672,51.67591,4719.74563,1.7794,45.00158,15.100839239016887,5.625459943526949,0.0
0.54129,0.54131,51.90589,4710.98473,1.94569,45.00181,14.565982911641944,5.426211888662845,0.0
0.58579,0.58582,52.15533,4702.48724,2.10213,45.00206,14.013148878298244,5.220266665303463,0.0
0.63021,0.63024,52.42293,4694.26407,2.24839,45.00233,13.448382897992678,5.0098764777523686,0.0
0.67454,0.67458,52.70738,4686.32288,2.38428,45.00262,12.877294368147686,4.797130974141547,0.0
0.7188,0.71885,53.00736,4678.66842,2.5097,45.00293,12.304988379110023,4.583931934948178,0.0
0.76298,0.76303,53.32156,4671.30272,2.62463,45.00326,11.736022705933927,4.371977251302241,0.0
0.80708,0.80714,53.64866,4664.22542,2.72915,45.00362,11.174387239429224,4.162753262510742,0.0
0.85111,0.85119,53.98739,4657.43407,2.82338,45.00401,10.623502734148062,3.9575342896498285,0.0
0.89507,0.89516,54.33649,4650.92443,2.90753,45.00443,10.086235445645903,3.7573880883296296,0.0
0.93897,0.93907,54.69473,4644.69072,2.98185,45.00488,9.56492418974622,3.563185928982338,0.0
0.9828,0.98292,55.06095,4638.72595,3.04663,45.00536,9.061416520904144,3.375616074254573,0.0
1.02657,1.0267,55.43399,4633.02213,3.10218,45.00587,8.577111033470736,3.195199537341337,0.0
1.07029,1.07044,55.81276,4627.57053,3.14887,45.00641,8.113003182647201,3.022307151497082,0.0
1.11395,1.11411,56.19623,4622.36185,3.18704,45.00699,7.669732454167222,2.857177141983486,0.0
1.15756,1.15774,56.58339,4617.38647,3.21709,45.00761,7.247629146367972,2.6999325536218195,0.0
1.20111,1.20132,56.9733,4612.63451,3.23938,45.00827,6.84675943925272,2.5505980402046013,0.0
1.24462,1.24485,57.36505,4608.09607,3.25431,45.00896,6.466967794975148,2.4091156597916297,0.0
1.28809,1.28834,57.7578,4603.76125,3.26226,45.00969,6.10791605377621,2.2753594389751415,0.0
1.33151,1.33179,58.15074,4599.62033,3.26359,45.01047,5.769118855256392,2.149148568235717,0.0
1.37489,1.37519,58.54312,4595.66375,3.25868,45.01129,5.449975228212081,2.0302591699875068,0.0
1.41823,1.41856,58.93422,4591.88226,3.24787,45.01214,5.149796356768859,1.918434642193454,0.0
1.46153,1.4619,59.32337,4588.2669,3.23153,45.01305,4.867829652008754,1.8133946256798077,0.0
1.50479,1.5052,59.70995,4584.80908,3.20996,45.01399,4.603279343010524,1.7148426748404109,0.0
1.54803,1.54847,60.09336,4581.50057,3.18349,45.01499,4.355323855686922,1.6224727317108503,0.0
1.59122,1.59171,60.47305,4578.33351,3.15242,45.01602,4.1231302781133214,1.5359745146839707,0.0
1.63439,1.63492,60.84851,4575.30046,3.11704,45.01711,3.905866222779268,1.4550379375106934,0.0
1.67753,1.6781,61.21925,4572.39436,3.07761,45.01824,3.7027093941084206,1.3793566734529337,0.0
1.72064,1.72126,61.58483,4569.60851,3.0344,45.01942,3.5128551576701943,1.3086309750140916,0.0
1.76372,1.76439,61.9448,4566.93665,2.98764,45.02064,3.335522389021184,1.2425698527863787,0.0
1.80678,1.8075,62.29879,4564.37283,2.93757,45.02192,3.1699578576677707,1.1808927085922345,0.0
1.84981,1.85059,62.64643,4561.91149,2.88439,45.02324,3.015439377123039,1.1233305089634127,0.0
1.89282,1.89365,62.98736,4559.5474,2.82832,45.02462,2.8712779269869517,1.0696265756716816,0.0
1.9358,1.9367,63.32127,4557.27567,2.76953,45.02604,2.73681892841058,1.0195370608728096,0.0
1.97876,1.97973,63.64787,4555.0917,2.70821,45.02751,2.6114428309220377,0.9728311657146643,0.0
2.0217,2.02274,63.96686,4552.9912,2.64453,45.02904,2.494565146880421,0.9292911531722144,0.0
2.06463,2.06573,64.278,4550.97013,2.57863,45.03061,2.3856360499867777,0.8887121984822997,0.0
2.10753,2.1087,64.58104,4549.02475,2.51067,45.03224,2.284139636479691,0.8509021139195467,0.0
2.15041,2.15167,64.87574,4547.15153,2.44079,45.03392,2.1895929318192113,0.8156809787599999,0.0
2.19327,2.19461,65.16191,4545.34718,2.3691,45.03565,2.101544711792283,0.7828807001118725,0.0
2.23612,2.23754,65.43935,4543.60862,2.29574,45.03743,2.0195741949209745,0.7523445258032075,0.0
2.27895,2.28046,65.70787,4541.93298,2.22081,45.03927,1.9432896526671442,0.7239265266465494,0.0
2.32176,2.32337,65.96731,4540.31755,2.14442,45.04116,1.8723269750382903,0.6974910620893808,0.0
2.36457,2.36626,66.21664,4538.76158,2.05231,45.01491,1.8065661037744472,0.6729934072709414,-53.999999078859304
2.40738,2.40911,66.4549,4537.26424,1.95942,44.98968,1.7458761796644438,0.6503848136919569,-53.999999078859304
2.4502,2.45193,66.68202,4535.82298,1.86582,44.96539,1.689913456546281,0.6295372268625767,-53.999999078859304
2.49302,2.49473,66.89792,4534.43542,1.77155,44.94198,1.6383661167062316,0.6103344864800198,-53.999999078859304
2.53585,2.53749,67.10254,4533.09933,1.67665,44.91937,1.5909503570562404,0.592670868426677,-53.999999078859304
2.57868,2.58023,67.29581,4531.81262,1.58119,44.89751,1.5474081723015745,0.5764502589417322,-53.999999078859304
2.62152,2.62295,67.47767,4530.57333,1.4852,44.87633,1.50750534151447,0.56158540456687,-53.999999078859304
2.66436,2.66563,67.64807,4529.3796,1.38872,44.8558,1.4710296033483847,0.5479972323655714,-53.999999078859304
2.70721,2.7083,67.80696,4528.22971,1.29179,44.83584,1.4377890060409126,0.535614235255785,-53.999999078859304
2.75006,2.75094,67.95431,4527.12198,1.19445,44.81643,1.4076104192867134,0.5243719176434395,-53.999999078859304
2.79292,2.79356,68.09006,4526.05485,1.09674,44.7975,1.3803381960545904,0.5142122969140936,-53.999999078859304
2.83578,2.83616,68.21419,4525.02682,0.99868,44.77903,1.3558329733801657,0.5050834566966569,-53.999999078859304
2.87865,2.87873,68.32666,4524.03647,0.90032,44.76096,1.3339706021319968,0.4969391481731065,-53.999999078859304
2.92152,2.92129,68.42744,4523.08242,0.80167,44.74326,1.3146411966957103,0.4897384360608239,-53.999999078859304
2.96439,2.96382,68.5165,4522.16334,0.70277,44.72589,1.297748296417211,0.48344538622812583,-53.999999078859304
3.00727,3.00634,68.59383,4521.27796,0.60365,44.70882,1.2832081315306496,0.4780287922331187,-53.999999078859304
3.05016,3.04884,68.6594,4520.42504,0.50433,44.692,1.2709489871383768,0.47346193838949535,-53.999999078859304
3.09305,3.09132,68.71319,4519.60336,0.40485,44.67541,1.2609106596154487,0.46972239726291143,-53.999999078859304
3.13594,3.13378,68.7552,4518.81173,0.30522,44.659,1.2530440005854455,0.46679185978997906,-53.999999078859304
3.17884,3.17622,68.78541,4518.04899,0.20547,44.64276,1.2473105443565358,0.4646559964883975,-53.999999078859304
3.22174,3.21865,68.8038,4517.31397,0.10564,44.62663,1.2436822154264038,0.46330434849484364,-53.999999078859304
3.26465,3.26106,68.81039,4516.60553,0.00573,44.6106,1.2421411133451918,0.462730247420756,-53.999999078859304
3.30756,3.30345,68.80516,4515.92252,-0.09422,44.59463,1.2426793729003123,0.4629307632674996,-53.999999078859304
3.35048,3.34582,68.78811,4515.26377,-0.19419,44.57869,1.2452990982351424,0.4639066798838459,-53.999999078859304
3.39341,3.38818,68.75925,4514.62814,-0.29416,44.56275,1.2500123701462025,0.4656624976843634,-53.999999078859304
3.43634,3.43053,68.71858,4514.01443,-0.39409,44.54677,1.2568413264310967,0.46820646358114026,-53.999999078859304
3.47927,3.47285,68.66611,4513.42145,-0.49398,44.53072,1.2658183157786635,0.47155062831191413,-53.999999078859304
3.52222,3.51517,68.60185,4512.84797,-0.59378,44.51457,1.2769861263040125,0.47571093157538613,-53.999999078859304
3.56517,3.55746,68.52581,4512.29272,-0.69348,44.49828,1.290398290445499,0.4807073156133671,-53.999999078859304
3.60812,3.59974,68.43801,4511.75442,-0.79304,44.48182,1.3061194685584276,0.48656386810952423,-53.999999078859304
3.65108,3.642,68.33848,4511.23171,-0.89245,44.46515,1.3242259141559534,0.49330899550385854,-53.999999078859304
3.69405,3.68425,68.22723,4510.7232,-0.99167,44.44824,1.344806024369998,0.5009756280538793,-53.999999078859304
3.73703,3.72649,68.10429,4510.22742,-1.09068,44.43104,1.3679609798384234,0.5096014582094129,-53.999999078859304
3.78001,3.7687,67.96968,4509.74285,-1.18945,44.41352,1.3938054788447511,0.5192292140989647,-53.999999078859304
3.823,3.8109,67.82345,4509.2679,-1.28794,44.39563,1.4224685711800666,0.5299069701652181,-53.999999078859304
3.866,3.85308,67.66563,4508.80086,-1.38612,44.37732,1.4540945978139008,0.5416884972171634,-53.999999078859304
3.90901,3.89525,67.49627,4508.33997,-1.48395,44.35856,1.4888442430778899,0.5546336543961936,-53.999999078859304
3.95203,3.9374,67.31539,4507.88335,-1.58141,44.33929,1.5268957066604647,0.5688088257749655,-53.999999078859304
3.99505,3.97953,67.12307,4507.42899,-1.67846,44.31945,1.5684460032622625,0.5842874045132352,-53.999999078859304
4.03809,4.02165,66.91934,4506.97477,-1.77505,44.299,1.613712398266615,0.6011503276828905,-53.999999078859304
4.08113,4.06374,66.70427,4506.51844,-1.87113,44.27787,1.6629339881930107,0.6194866650284482,-53.999999078859304
4.12419,4.10582,66.47792,4506.05759,-1.96668,44.25599,1.716373435010857,0.6393942650445652,-53.999999078859304
4.16726,4.14787,66.24037,4505.58964,-2.06163,44.23331,1.774318863546981,0.6609804618102549,-53.999999078859304
4.21034,4.18991,65.99169,4505.11183,-2.15593,44.20975,1.8370859311665664,0.6843628459994937,-53.999999078859304
4.25343,4.23192,65.73197,4504.62121,-2.24954,44.18523,1.9050200785904061,0.709670103369869,-53.999999078859304
4.29653,4.27392,65.46128,4504.11461,-2.34238,44.15966,1.9784989700465927,0.7370429237832896,-53.999999078859304
4.33965,4.31589,65.17974,4503.58862,-2.43441,44.13296,2.0579351298505086,0.7666349834014031,-53.999999078859304
4.38278,4.35783,64.88744,4503.03958,-2.52554,44.10504,2.1437787808263598,0.7986140020723016,-53.999999078859304
4.42592,4.39975,64.5845,4502.46355,-2.61572,44.07578,2.2365208876221407,0.8331628770454208,-53.999999078859304
4.46908,4.44165,64.27105,4501.85627,-2.70484,44.04507,2.3366964047030145,0.8704808929345325,-53.999999078859304
4.51226,4.48351,63.94721,4501.21316,-2.79285,44.0128,2.444887724476245,0.9107850062350094,-53.999999078859304
4.55545,4.52535,63.61313,4500.52928,-2.87963,43.97884,2.561728315322863,0.9543112005863414,-53.999999078859304
4.59866,4.56715,63.26897,4499.7993,-2.9651,43.94304,2.6879065320219238,1.001315906255431,-53.999999078859304
4.64189,4.60892,62.9149,4499.01745,-3.04914,43.90525,2.824169571809847,1.0520774738727874,-53.999999078859304
4.68513,4.65066,62.55109,4498.1775,-3.13165,43.86531,2.9713275377121158,1.106897688130496,-53.999999078859304
4.7284,4.69236,62.17775,4497.27272,-3.2125,43.82304,3.1302575564103994,1.1661033017960702,-53.999999078859304
4.77169,4.73401,61.79509,4496.29586,-3.29154,43.77825,3.301907880239206,1.230047563814136,-53.999999078859304
4.81501,4.77563,61.40335,4495.23905,-3.36865,43.73073,3.4873018814203354,1.2991117072638567,-53.999999078859304
4.85834,4.8172,61.00276,4494.0938,-3.44366,43.68026,3.6875418207246824,1.3737063532846168,-53.999999078859304
4.90169,4.85874,60.59534,4492.8474,-3.48649,43.6854,3.9028420725698783,1.4539113619875148,0.0
4.94501,4.90028,60.18325,4491.48688,-3.52512,43.6906,4.1332227291312655,1.539734218236523,0.0
4.98832,4.94182,59.76703,4490.00251,-3.55926,43.69584,4.379510810938616,1.6314830089391998,0.0
5.03162,4.98335,59.34722,4488.38399,-3.5886,43.70112,4.64253454193789,1.7294662693073006,0.0
5.07489,5.02487,58.92442,4486.6205,-3.6128,43.70645,4.923101461796444,1.8339848291145628,0.0
5.11815,5.06638,58.49928,4484.70068,-3.63154,43.71182,5.221981731715928,1.9453255936727605,0.0
5.16138,5.10788,58.07247,4482.61268,-3.64445,43.71724,5.539888324362197,2.0637541640593664,0.0
5.20459,5.14937,57.64472,4480.34417,-3.65117,43.7227,5.877453861722778,2.189506208610019,0.0
5.24778,5.19085,57.21679,4477.88241,-3.6513,43.72819,6.23520392998795,2.322777522009603,0.0
5.29094,5.23232,56.78949,4475.21429,-3.64447,43.73373,6.613526797641601,2.4637127444843254,0.0
5.33407,5.27377,56.36368,4472.32643,-3.63026,43.7393,7.012639597569013,2.6123927637470636,0.0
5.37718,5.3152,55.94027,4469.20531,-3.60828,43.7449,7.432551211290655,2.768820888397879,0.0
5.42025,5.35662,55.5202,4465.83733,-3.57812,43.75055,7.873022316899973,2.9329079647296425,0.0
5.46329,5.39801,55.10447,4462.20903,-3.5394,43.75622,8.333523333020853,3.104456709745626,0.0
5.5063,5.43938,54.69413,4458.30721,-3.49171,43.76193,8.813191306235272,3.283145650591945,0.0
5.54926,5.48073,54.29025,4454.1192,-3.43469,43.76766,9.310787141014677,3.46851319158165,0.0
5.59219,5.52204,53.89396,4449.63301,-3.36801,43.77343,9.824654944376103,3.659942469009419,0.0
5.63507,5.56333,53.50641,4444.83761,-3.29134,43.77922,10.352685630028855,3.8566477927385647,0.0
5.67791,5.60459,53.12879,4439.72325,-3.20443,43.78503,10.892287267527047,4.057663600480205,0.0
5.7207,5.64581,52.76229,4434.28167,-3.10705,43.79086,11.440364931971741,4.2618369512771075,0.0
5.76343,5.68699,52.40816,4428.50645,-2.99906,43.79672,11.993312963229489,4.467824641858936,0.0
5.80612,5.72813,52.06761,4422.39328,-2.88038,43.80259,12.547022531188182,4.674096024899104,0.0
5.84874,5.76922,51.74188,4415.94028,-2.75099,43.80848,13.096907177528125,4.878942523996541,0.0
5.8913,5.81027,51.43218,4409.14827,-2.611,43.81438,13.637948525029566,5.080494661595441,0.0
5.9338,5.85127,51.1397,4402.02101,-2.46059,43.82029,14.164763589183865,5.276747134331489,0.0
5.97623,5.89221,50.86559,4394.5654,-2.30006,43.82621,14.671694094560833,5.46559208572875,0.0
6.01859,5.9331,50.61096,4386.79165,-2.12982,43.83214,15.152916922309794,5.644860250799871,0.0
6.06088,5.97392,50.37684,4378.71337,-1.95039,43.83808,15.602573364148302,5.8123691065577505,0.0
6.10308,6.01468,50.16419,4370.34755,-1.7624,43.84402,16.014913336024122,5.965976595399109,0.0
6.14521,6.05538,49.97388,4361.7145,-1.56662,43.84996,16.38444924655653,6.103638445147414,0.0
6.18725,6.09601,49.80669,4352.83771,-1.36389,43.8559,16.706112973126512,6.223466646776743,0.0
6.22921,6.13657,49.66326,4343.74357,-1.15517,43.86184,16.975408525267852,6.323786325541811,0.0
6.27108,6.17705,49.54413,4334.46102,-0.94151,43.86777,17.188552601655243,6.403188102154285,0.0
6.31286,6.21745,49.4497,4325.02121,-0.72402,43.8737,17.342595462838535,6.460573121056673,0.0
6.35454,6.25778,49.38024,4315.45693,-0.50388,43.87963,17.435515374988974,6.495188233202741,0.0
6.39613,6.29803,49.33587,4305.80215,-0.2823,43.88555,17.466281289704344,6.506649345934154,0.0
6.43762,6.33819,49.31657,4296.09144,-0.06051,43.89147,17.434880299919737,6.494951651029621,0.0
6.47902,6.37827,49.32218,4286.35941,0.16026,43.89738,17.34230858415444,6.460466251198615,0.0
6.52031,6.41827,49.35242,4276.64014,0.37879,43.90329,17.190526815429234,6.4039235487297885,0.0
6.56151,6.45818,49.40684,4266.9667,0.59392,43.90918,16.98238315321253,6.326384557964709,0.0
6.60261,6.49801,49.4849,4257.37059,0.80453,43.91508,16.721508762171137,6.229201983283457,0.0
6.64361,6.53776,49.58593,4247.88139,1.00958,43.92096,16.41219215917921,6.113973410059324,0.0
6.68451,6.57742,49.70916,4238.52638,1.20811,43.92685,16.05923949065956,5.9824892542921315,0.0
6.72531,6.617,49.85372,4229.3303,1.39926,43.93273,15.667828062101549,5.836678198499771,0.0
6.76602,6.65649,50.01867,4220.31508,1.58227,43.93861,15.243360121124976,5.678552722062309,0.0
6.80663,6.69591,50.20297,4211.49984,1.75649,43.94448,14.791323124992022,5.510157047193596,0.0
6.84716,6.73525,50.40557,4202.90075,1.92138,43.95036,14.317161626692025,5.3335194131369725,0.0
6.88758,6.77451,50.62534,4194.53113,2.07649,43.95624,13.826164627417109,5.150610111998504,0.0
6.92793,6.81369,50.86113,4186.40147,2.22149,43.96213,13.32337089992784,4.963306219209587,0.0
6.96818,6.85281,51.11178,4178.51964,2.35616,43.96802,12.813493501231552,4.773363472513449,0.0
7.00835,6.89185,51.37609,4170.891,2.48034,43.97391,12.300863551391643,4.582395328092332,0.0
7.04844,6.93083,51.65289,4163.51866,2.594,43.97982,11.789392414769338,4.391858872084984,0.0
7.08845,6.96974,51.941,4156.40365,2.69714,43.98574,11.282550707981516,4.203047000498611,0.0
7.12839,7.00858,52.23926,4149.54515,2.78987,43.99167,10.783362077166304,4.017086101076582,0.0
7.16825,7.04737,52.54654,4142.94079,2.87234,43.99761,10.294409418288936,3.8349383705260314,0.0
7.20804,7.0861,52.86172,4136.58678,2.94476,44.00357,9.817851128117049,3.65740786843374,0.0
7.24776,7.12477,53.18371,4130.47821,3.00736,44.00955,9.355445033143347,3.4851494314194387,0.0
7.28741,7.1634,53.51148,4124.60922,3.06044,44.01554,8.908577810631932,3.3186796332496806,0.0
7.32701,7.20197,53.84402,4118.97318,3.10431,44.02156,8.478297953782805,3.158389065228982,0.0
7.36654,7.24049,54.18034,4113.56289,3.1393,44.0276,8.065350610124234,3.0045553144176336,0.0
7.40601,7.27897,54.51953,4108.37073,3.16575,44.03367,7.670212912605297,2.8573561253932915,0.0
7.44543,7.31741,54.8607,4103.38877,3.18404,44.03976,7.293128707066356,2.71688233714746,0.0
7.48479,7.35581,55.20301,4098.60893,3.19451,44.04588,6.934141843896348,2.583150285103793,0.0
7.52411,7.39416,55.54564,4094.02304,3.19753,44.05203,6.593127437233116,2.456113445992689,0.0
7.56337,7.43249,55.88783,4089.62297,3.19347,44.05821,6.269820697504534,2.3356731787315015,0.0
7.60259,7.47077,56.22887,4085.40065,3.18269,44.06442,5.9638431114263595,2.2216884771625636,0.0
7.64176,7.50903,56.56807,4081.34819,3.16553,44.07066,5.674725878720089,2.1139847008472574,0.0
7.68089,7.54725,56.90479,4077.45788,3.14233,44.07693,5.401930619624018,2.0123612891587213,0.0
7.71997,7.58545,57.23841,4073.72223,3.11344,44.08324,5.1448674451302026,1.9165984929205844,0.0
7.75902,7.62361,57.56837,4070.13403,3.07916,44.08959,4.902910536821293,1.8264631783061098,0.0
7.79803,7.66176,57.89413,4066.68633,3.03981,44.09597,4.675411419068648,1.7417137710812076,0.0
7.837,7.69988,58.21518,4063.37247,2.99567,44.10239,4.461710126945271,1.662104416945849,0.0
7.87593,7.73797,58.53104,4060.1861,2.94704,44.10885,4.261144481887645,1.5873884369621587,0.0
7.91483,7.77604,58.84127,4057.12115,2.89418,44.11534,4.073057686799678,1.517321156930469,0.0
7.9537,7.8141,59.14545,4054.17187,2.83734,44.12188,3.896804445462452,1.4516621870304687,0.0
7.99253,7.85213,59.4432,4051.33279,2.77676,44.12846,3.7317557997696027,1.3901772238186532,0.0
8.03134,7.89015,59.73413,4048.59873,2.71269,44.13508,3.5773028641741953,1.3326394414080458,0.0
8.07011,7.92815,60.01792,4045.96478,2.64533,44.14174,3.4328596209539417,1.2788305327780407,0.0
8.10886,7.96613,60.29423,4043.4263,2.5749,44.14844,3.29786492359204,1.228541456086475,0.0
8.14758,8.0041,60.56278,4040.97892,2.50158,44.15519,3.1717838392894486,1.1815729347907775,0.0
8.18627,8.04206,60.82327,4038.61849,2.42556,44.16198,3.0541084460005745,1.1377357545647306,0.0
8.22493,8.08,61.07545,4036.34111,2.34701,44.16881,2.9443581846344555,1.0968508945026811,0.0
8.26358,8.11794,61.31908,4034.14309,2.26611,44.17569,2.8420798534827227,1.0587495250438064,0.0
8.30219,8.15586,61.55392,4032.02095,2.183,44.18261,2.746847319572378,1.023272900443431,0.0
8.34078,8.19377,61.77977,4029.97139,2.09784,44.18958,2.6582610105437112,0.990272169484182,0.0
8.37935,8.23167,61.99642,4027.99131,2.01076,44.19659,2.575947240793978,0.9596081244467772,0.0
8.4179,8.26956,62.2037,4026.07775,1.92188,44.20365,2.4995574169870065,0.9311509051414496,0.0
8.45642,8.30744,62.40143,4024.22795,1.83135,44.21076,2.4287671604521823,0.9047796719784789,0.0
8.49493,8.34532,62.58946,4022.43924,1.73927,44.21791,2.3632753774958584,0.8803822596347299,0.0
8.53341,8.38319,62.76764,4020.70913,1.64576,44.22511,2.3028033030277157,0.8578548207793075,0.0
8.57187,8.42105,62.93584,4019.03522,1.55092,44.23236,2.247093538137236,0.8371014675454709,0.0
8.61032,8.4589,63.09393,4017.41525,1.45485,44.23965,2.195909098221813,0.8180339169333091,0.0
8.64874,8.49675,63.2418,4015.84703,1.35765,44.247,2.1490324848645774,0.8005711450598105,0.0
8.68714,8.5346,63.37935,4014.32849,1.25942,44.25439,2.106264791835322,0.7846390541206849,0.0
8.72553,8.57244,63.50647,4012.85763,1.16023,44.26182,2.067424853236421,0.7701701550523052,0.0
8.7639,8.61028,63.62308,4011.43254,1.06018,44.26931,2.0323484399002614,0.7571032681686057,0.0
8.80225,8.64811,63.72911,4010.05135,0.95933,44.27684,2.00088750856154,0.745383243458009,0.0
8.84058,8.68594,63.82448,4008.71227,0.85778,44.28443,1.9729095070782972,0.7349607017599777,0.0
8.8789,8.72377,63.90913,4007.41356,0.7556,44.29206,1.9482967379576688,0.7257917976616128,0.0
8.9172,8.76159,63.983,4006.15351,0.65285,44.29974,1.9269457816619815,0.717838004663999,0.0
8.95548,8.79941,64.04605,4004.93045,0.54962,44.30747,1.9087669805516705,0.7110659229373641,0.0
8.99375,8.83723,64.09824,4003.74276,0.44596,44.31525,1.8936839838653923,0.7054471098141982,0.0
9.032,8.87505,64.13953,4002.58882,0.34195,44.32307,1.8816333537914245,0.7009579330404854,0.0
9.07023,8.91287,64.1699,4001.46702,0.23765,44.33095,1.8725642324585239,0.6975794467210361,0.0
9.10845,8.95069,64.18932,4000.37578,0.13312,44.33887,1.8664380694862759,0.695297289824825,0.0
9.14665,8.9885,64.19778,3999.31351,0.02844,44.34685,1.8632284096580454,0.6941016070875765,0.0
9.18484,9.02632,64.19527,3998.27861,-0.07634,44.35487,1.8629207401990213,0.6939869921188193,0.0
9.22301,9.06413,64.1818,3997.26949,-0.18115,44.36295,1.8655123971287106,0.6949524525157265,0.0
9.26117,9.10195,64.15736,3996.28451,-0.28593,44.37107,1.8710125301244478,0.6970013967738473,0.0
9.29932,9.13976,64.12197,3995.32203,-0.39061,44.37924,1.879442125344556,0.7001416427893365,0.0
9.33744,9.17758,64.07565,3994.38038,-0.49513,44.38746,1.8908340856185786,0.7043854477319242,0.0
9.37556,9.2154,64.01843,3993.45784,-0.59943,44.39573,1.905233367387586,0.7097495590587847,0.0
9.41366,9.25321,63.95033,3992.55265,-0.70343,44.40405,1.9226971736959306,0.7162552864090418,0.0
9.45174,9.29103,63.87139,3991.66299,-0.80707,44.41242,1.9432952024098047,0.723928594071713,0.0
9.48982,9.32885,63.78167,3990.787,-0.91029,44.42084,1.9671099486641994,0.7328002136551606,0.0
9.52787,9.36667,63.68121,3989.92273,-1.013,44.4293,1.9942370602669568,0.7429057764844508,0.0
9.56592,9.40449,63.57008,3989.06818,-1.11514,44.43782,2.0247857444313357,0.7542859651199375,0.0
9.60394,9.44232,63.44833,3988.22124,-1.21663,44.44639,2.0588792237327276,0.7669866832131347,0.0
9.64196,9.48014,63.31606,3987.37973,-1.3174,44.455,2.096655238563956,0.7810592426845374,0.0
9.67996,9.51796,63.17334,3986.54134,-1.41735,44.46366,2.1382665925784585,0.7965605669155569,0.0
9.71794,9.55579,63.02027,3985.70369,-1.51641,44.47237,2.183881736628388,0.8135534082808289,0.0
9.75591,9.59362,62.85695,3984.86425,-1.61449,44.48113,2.233685385493215,0.8321065778958449,0.0
9.79387,9.63145,62.6835,3984.02036,-1.7115,44.48994,2.287879160207934,0.8522951849011082,0.0
9.83181,9.66928,62.50003,3983.16924,-1.80733,44.49879,2.3466822470176587,0.8742008819400618,0.0
9.86974,9.70711,62.30667,3982.30793,-1.90189,44.50769,2.410332061830136,0.8979121126851295,0.0
9.90765,9.74495,62.10358,3981.43333,-1.99507,44.51664,2.4790849064912517,0.9235243563176109,0.0
9.94555,9.78278,61.8909,3980.54215,-2.08676,44.52564,2.5532166001954324,0.9511403627446698,0.0
9.98343,9.82062,61.66881,3979.63092,-2.17683,44.53468,2.633023065822612,0.980870371025282,0.0
10.02129,9.85845,61.43748,3978.69595,-2.26517,44.54377,2.7188208468909543,1.0128323019487233,0.0
10.05914,9.89629,61.19711,3977.73336,-2.35164,44.55291,2.810947526098932,1.0471519139525112,0.0
10.09698,9.93413,60.94791,3976.73903,-2.4361,44.56209,2.9097620110300184,1.0839629095549164,0.0
10.13479,9.97197,60.69009,3975.70858,-2.5184,44.57132,3.015644646479454,1.1234069771996391,0.0
10.17259,10.0098,60.42391,3974.63741,-2.5984,44.58059,3.1289971059963078,1.1656337508523749,0.0
10.21038,10.04764,60.14961,3973.52062,-2.67591,44.58991,3.25024200761979,1.2108006668524802,0.0
10.24814,10.08548,59.86747,3972.35303,-2.75077,44.59927,3.3798221904524914,1.2590726944174673,0.0
10.28589,10.12331,59.57779,3971.12918,-2.8228,44.60867,3.5181995797028773,1.310621912841473,0.0
10.32362,10.16115,59.28088,3969.84327,-2.8918,44.61812,3.665853558306376,1.3656269048812695,0.0
10.36133,10.19898,58.97707,3968.48921,-2.95756,44.62761,3.8232787533551362,1.4242719321431032,0.0
10.39902,10.23681,58.66672,3967.06054,-3.01988,44.63715,3.9909821356742143,1.4867458545985135,0.0
10.43669,10.27463,58.35022,3965.5505,-3.07852,44.64672,4.169479321313176,1.5532407527926386,0.0
10.47434,10.31245,58.02796,3963.95195,-3.13325,44.65633,4.359289955120062,1.6239502081040516,0.0
10.51196,10.35027,57.70038,3962.25741,-3.18381,44.66599,4.560932049562185,1.6990671938065554,0.0
10.54957,10.38808,57.36793,3960.45904,-3.22995,44.67568,4.77491514747544,1.7787815280134,0.0
10.58715,10.42588,57.03111,3958.54867,-3.27139,44.68541,5.001732176635974,1.8632768392909096,0.0
10.6247,10.46368,56.69042,3956.51778,-3.30786,44.69518,5.2418498681803625,1.952726997267895,0.0
10.66223,10.50147,56.34641,3954.35751,-3.33905,44.70498,5.495697621619874,2.047291964560484,0.0
10.69974,10.53925,55.99966,3952.05873,-3.36466,44.71482,5.763654718151391,2.147113033394004,0.0
10.73721,10.57702,55.65077,3949.61202,-3.3844,44.72469,6.046035813246962,2.2523074212108787,0.0
10.77466,10.61478,55.30039,3947.00772,-3.39792,44.73459,6.343074680862879,2.3629622149607874,0.0
10.81208,10.65253,54.94918,3944.23599,-3.40492,44.74453,6.654906237286464,2.4791276745106203,0.0
10.84946,10.69026,54.59786,3941.28688,-3.40507,44.7545,6.98154694411204,2.6008099322373925,0.0
10.88681,10.72797,54.24716,3938.15036,-3.39804,44.76449,7.322873778568579,2.727963158921972,0.0
10.92413,10.76567,53.89785,3934.81644,-3.38351,44.77451,7.678602065807617,2.860481305693061,0.0
10.96141,10.80335,53.55074,3931.27528,-3.36117,44.78456,8.048262591226312,2.9981895777653205,0.0
10.99865,10.84101,53.20667,3927.51724,-3.3307,44.79463,8.431178549359807,3.1408358472952687,0.0
11.03588,10.87862,52.86558,3923.53508,-3.30951,44.72475,8.827579290175581,3.288505553180353,-24.999999573545978
11.07312,10.91616,52.52743,3919.32129,-3.28044,44.65106,9.237690142241856,3.4412826362409845,-24.999999573545978
11.11037,10.9536,52.19304,3914.86645,-3.24322,44.57343,9.66052475263774,3.598799654061625,-24.999999573545978
11.14763,10.99096,51.86327,3910.16169,-3.19759,44.49171,10.094827623525347,3.760588900663528,-24.999999573545978
11.1849,11.02823,51.53901,3905.19886,-3.14333,44.40581,10.539064777494163,3.9260789290999014,-24.999999573545978
11.22218,11.0654,51.22116,3899.97069,-3.08023,44.31561,10.991409536104381,4.0945892535891115,-24.999999573545978
11.25948,11.10246,50.91063,3894.47098,-3.00815,44.22103,11.449733345608156,4.26532693185447,-24.999999573545978
11.29678,11.13942,50.60835,3888.69476,-2.92695,44.122,11.911602929671332,4.437385504438149,-24.999999573545978
11.3341,11.17626,50.31524,3882.63848,-2.83658,44.01848,12.374285027722637,4.609746759860934,-24.999999573545978
11.37143,11.21299,50.03223,3876.30018,-2.73701,43.91045,12.83475987736518,4.781285757175257,-24.999999573545978
11.40877,11.24958,49.76024,3869.67967,-2.62831,43.79793,13.289744407785507,4.950779466120311,-24.999999573545978
11.44612,11.28605,49.50018,3862.77869,-2.51057,43.68095,13.735725820778377,5.1169192769373595,-24.999999573545978
11.48349,11.32238,49.25292,3855.60103,-2.384,43.5596,14.169005846293139,5.278327486725197,-24.999999573545978
11.52086,11.35857,49.01932,3848.15263,-2.24885,43.43398,14.585755479023415,5.43357769026,-24.999999573545978
11.55825,11.39462,48.80018,3840.44168,-2.10546,43.30423,14.982079450325628,5.5812187974813545,-24.999999573545978
11.59564,11.43051,48.59628,3832.47864,-1.95424,43.17055,15.354089095198104,5.719802178359201,-24.999999573545978
11.63304,11.46624,48.40833,3824.27623,-1.7957,43.03316,15.697981676795985,5.847911213362801,-24.999999573545978
11.67045,11.50182,48.23698,3815.8494,-1.63041,42.89231,16.010123677256647,5.9641923214847195,-24.999999573545978
11.70787,11.53722,48.08281,3807.21521,-1.45902,42.74829,16.28713510390347,6.067386366519953,-24.999999573545978
11.74529,11.57246,47.94632,3798.3927,-1.28225,42.60144,16.52597154190904,6.15635922384192,-24.999999573545978
11.78272,11.60753,47.82794,3789.40268,-1.10088,42.4521,16.724000549396386,6.23013023958773,-24.999999573545978
11.82015,11.64242,47.728,3780.26751,-0.91574,42.30066,16.87906906588444,6.2878973420777555,-24.999999573545978
11.85758,11.67712,47.64676,3771.01083,-0.72771,42.14752,16.989558800280186,6.3290576753000485,-24.999999573545978
11.89502,11.71165,47.58435,3761.65724,-0.53772,41.99311,17.054427069646717,6.353222812425968,-24.999999573545978
11.93245,11.746,47.54085,3752.23201,-0.34669,41.83784,17.073231244061986,6.3602278621632635,-24.999999573545978
11.96988,11.78016,47.51621,3742.76071,-0.15557,41.68217,17.046135766927502,6.350134084005757,-24.999999573545978
12.0073,11.81413,47.51031,3733.26891,0.0347,41.52652,16.97390160216308,6.32322495703575,-24.999999573545978
12.04473,11.84792,47.52291,3723.7818,0.22317,41.37133,16.857858841188648,6.279995975303974,-24.999999573545978
12.08214,11.88152,47.5537,3714.32394,0.40896,41.21702,16.699864016182524,6.221138745895157,-24.999999573545978
12.11955,11.91494,47.60229,3704.91895,0.59119,41.06399,16.5022443526062,6.147520221526689,-24.999999573545978
12.15694,11.94818,47.66821,3695.58922,0.76904,40.91264,16.26773170884727,6.0601580913274695,-24.999999573545978
12.19433,11.98124,47.7509,3686.35574,0.94174,40.76331,15.999389267186341,5.960193471294203,-24.999999573545978
12.2317,12.01412,47.84976,3677.2379,1.10858,40.61634,15.700534151081403,5.848862077193759,-24.999999573545978
12.26906,12.04682,47.9641,3668.25334,1.26894,40.47203,15.374659060011771,5.727465031480638,-24.999999573545978
12.30641,12.07935,48.09321,3659.41789,1.42224,40.33066,15.025355761322649,5.597340361996017,-24.999999573545978
12.34374,12.11171,48.23632,3650.74548,1.56799,40.19246,14.656242895560942,5.459836107555777,-24.999999573545978
12.38105,12.14391,48.39263,3642.24815,1.70576,40.05763,14.270900080689758,5.316285770036597,-24.999999573545978
12.41835,12.17594,48.5613,3633.93607,1.83522,39.92635,13.872809784550999,5.167986660338826,-24.999999573545978
12.45563,12.20782,48.74147,3625.81755,1.95608,39.79875,13.465307914531747,5.016181491737158,-24.999999573545978
12.49289,12.23955,48.93229,3617.89919,2.06815,39.67493,13.051543581985388,4.8620433910688385,-24.999999573545978
12.53014,12.27112,49.13287,3610.18591,2.17128,39.55498,12.634448062347271,4.706664335560032,-24.999999573545978
12.56736,12.30256,49.34233,3602.68107,2.26539,39.43893,12.216712606695232,4.551046887048307,-24.999999573545978
12.60457,12.33385,49.5598,3595.38663,2.35046,39.32681,11.800774475118734,4.396098989045165,-24.999999573545978
12.64176,12.36501,49.7844,3588.30327,2.42651,39.21862,11.388810357889513,4.242631515948994,-24.999999573545978
12.67892,12.39604,50.01528,3581.43048,2.49363,39.11433,10.98273622228583,4.091358215983081,-24.999999573545978
12.71607,12.42695,50.25159,3574.76676,2.55192,39.0139,10.584212562488444,3.9428976669199858,-24.999999573545978
12.7532,12.45774,50.49251,3568.30969,2.60155,38.91727,10.19465402617846,3.797776862242546,-24.999999573545978
12.79031,12.48841,50.73722,3562.05609,2.64268,38.82436,9.815242432165093,3.656436060552715,-24.999999573545978
12.8274,12.51897,50.98496,3556.00214,2.67552,38.73508,9.446942266713318,3.5192345583613567,-24.999999573545978
12.86447,12.54942,51.23495,3550.14348,2.70031,38.64935,9.090517841248937,3.386457081784829,-24.999999573545978
12.90153,12.57977,51.48648,3544.47531,2.71728,38.56705,8.74655140112299,3.2583205325361893,-24.999999573545978
12.93856,12.61003,51.73883,3538.99248,2.72671,38.48808,8.415461586391363,3.1349808650513395,-24.999999573545978
12.97558,12.64019,51.99133,3533.68959,2.72884,38.41231,8.097521754998581,3.0165399123570937,-24.999999573545978
13.01258,12.67025,52.24333,3528.56106,2.72396,38.33963,7.792877781825501,2.903052016684771,-24.999999573545978
13.04956,12.70024,52.4942,3523.60117,2.71236,38.26991,7.501565040919093,2.794530355797616,-24.999999573545978
13.08652,12.73014,52.74336,3518.80415,2.6943,38.20303,7.223524361077688,2.6909528868661177,-24.999999573545978
13.12346,12.75995,52.99024,3514.16423,2.67006,38.13887,6.958616816193937,2.592267856259922,-24.999999573545978
13.16039,12.7897,53.23431,3509.67562,2.63993,38.07731,6.706637271214217,2.498398845774129,-24.999999573545978
13.19731,12.81937,53.47504,3505.33265,2.60419,38.01822,6.467326653065186,2.409249343872293,-24.999999573545978
13.2342,12.84897,53.71195,3501.12968,2.56309,37.96149,6.240382954132286,2.3247068447716956,-24.999999573545978
13.27108,12.8785,53.94459,3497.06122,2.5169,37.90699,6.02547100511108,2.2446464890875952,-24.999999573545978
13.30795,12.90797,54.17252,3493.1219,2.46589,37.85462,5.822231075459495,2.1689342677279924,-24.999999573545978
13.3448,12.93738,54.39533,3489.30648,2.4103,37.80426,5.6302863744479845,2.097429816232169,-24.999999573545978
13.38164,12.96672,54.61263,3485.60989,2.35037,37.7558,5.449249535163165,2.029988830232653,-24.999999573545978
13.41846,12.99601,54.82405,3482.02719,2.28634,37.70914,5.278728168726684,1.966465134547885,-24.999999573545978
13.45526,13.02525,55.02925,3478.55363,2.21844,37.66418,5.11832957750846,1.906712438978164,-24.999999573545978
13.49206,13.05443,55.2279,3475.18461,2.14688,37.62082,4.967664714963615,1.8505858134490925,-24.999999573545978
13.52884,13.08356,55.41971,3471.91569,2.07189,37.57897,4.826351476637837,1.7979429139976644,-24.999999573545978
13.56561,13.11264,55.60437,3468.74259,1.99365,37.53853,4.69401740248577,1.7486449894569722,-24.999999573545978
13.60236,13.14167,55.78164,3465.66118,1.91238,37.49942,4.570301865292714,1.7025576967008669,-24.999999573545978
13.6391,13.17066,55.95125,3462.66749,1.82825,37.46155,4.454857814208747,1.6595517501562953,-24.999999573545978
13.67583,13.19961,56.11298,3459.75768,1.74145,37.42484,4.347353136289595,1.6195034290130965,-24.999999573545978
13.71255,13.22851,56.2666,3456.92805,1.65216,37.38922,4.247471692943029,1.5822949633275605,-24.999999573545978
13.74926,13.25737,56.41192,3454.17504,1.56054,37.3546,4.154914082219379,1.5478148179956939,-24.999999573545978
13.78595,13.28619,56.54875,3451.4952,1.46676,37.32092,4.0693981723012245,1.5159578914921734,-24.999999573545978
13.82263,13.31497,56.67691,3448.88519,1.37096,37.28811,3.9906594462137135,1.4866256442840062,-24.999999573545978
13.85931,13.34371,56.79625,3446.34178,1.27331,37.25609,3.9184511929102737,1.459726170014986,-24.999999573545978
13.89597,13.37242,56.90661,3443.86184,1.17395,37.22481,3.852544575370824,1.4351742208740677,-24.999999573545978
13.93262,13.40109,57.00788,3441.44232,1.07302,37.19419,3.792728602280728,1.4128911970450342,-24.999999573545978
13.96926,13.42973,57.09992,3439.08024,0.97066,37.16419,3.738810026187423,1.392805108767159,-24.999999573545978
14.00589,13.45833,57.18262,3436.7727,0.867,37.13473,3.6906131877097237,1.3748505182990738,-24.999999573545978
14.04252,13.4869,57.25589,3434.51687,0.76217,37.10576,3.647979822474503,1.3589684679976033,-24.999999573545978
14.07913,13.51543,57.31965,3432.30994,0.65629,37.07723,3.6107688448107065,1.3451063997380912,-24.999999573545978
14.11573,13.54394,57.37381,3430.14919,0.54949,37.04907,3.5788561199538336,1.3332180700545802,-24.999999573545978
14.15233,13.57241,57.41832,3428.03188,0.4419,37.02124,3.5521342344457474,1.3232634646076953,-24.999999573545978
14.18892,13.60086,57.45311,3425.95533,0.33362,36.99367,3.530512272603644,1.3152087149134564,-24.999999573545978
14.22549,13.62927,57.47815,3423.91688,0.22477,36.96633,3.5139156053299527,1.3090260196694092,-24.999999573545978
14.26206,13.65765,57.4934,3421.91385,0.11548,36.93914,3.5022856960797135,1.3046935724723663,-24.999999573545978
14.29862,13.686,57.49884,3419.94359,0.00585,36.91207,3.495579927498075,1.3021954972363157,-24.999999573545978
14.33518,13.71433,57.49444,3418.00342,-0.104,36.88506,3.493771451040745,1.3015217921720805,-24.999999573545978
14.37172,13.74262,57.48022,3416.09065,-0.21396,36.85806,3.49684906078632,1.3026682827790934,-24.999999573545978
14.40826,13.77088,57.45618,3414.20256,-0.32391,36.83102,3.5048170915641235,1.3056365838953328,-24.999999573545978
14.44479,13.79912,57.42233,3412.3364,-0.43375,36.80388,3.5176953405199822,1.3104340704785133,-24.999999573545978
14.48131,13.82733,57.37869,3410.48938,-0.54336,36.77659,3.5355190101821954,1.317073856396661,-24.999999573545978
14.51783,13.85551,57.32531,3408.65864,-0.65262,36.74911,3.5583386700589403,1.3255747801221358,-24.999999573545978
14.55434,13.88366,57.26223,3406.84127,-0.76142,36.72136,3.5862202326945813,1.3359613958119763,-24.999999573545978
14.59084,13.91178,57.18951,3405.0343,-0.86963,36.69331,3.6192449389491843,1.3482639678241335,-24.999999573545978
14.62734,13.93987,57.10722,3403.23466,-0.97715,36.66489,3.6575093460035117,1.3625184662490133,-24.999999573545978
14.66383,13.96793,57.01543,3401.4392,-1.08384,36.63605,3.7011253102254082,1.378766560526756,-24.999999573545978
14.70031,13.99596,56.91423,3399.64468,-1.18959,36.60673,3.7502199555286855,1.3970556076600882,-24.999999573545978
14.73679,14.02396,56.80373,3397.84774,-1.29426,36.57687,3.804935616175388,1.4174386309066607,-24.999999573545978
14.77326,14.05193,56.68403,3396.0449,-1.39772,36.5464,3.865429741152791,1.4399742841569665,-24.999999573545978
14.80973,14.07987,56.55526,3394.23259,-1.49984,36.51526,3.93187474520589,1.4647267964400206,-24.999999573545978
14.84619,14.10778,56.41755,3392.40705,-1.60048,36.48339,4.004457789378555,1.4917658901691688,-24.999999573545978
14.88264,14.13566,56.27106,3390.56442,-1.6995,36.45072,4.083380471464982,1.5211666658271057,-24.999999573545978
14.91909,14.1635,56.11594,3388.70067,-1.79674,36.41717,4.168858404097453,1.553009444792466,-24.999999573545978
14.95554,14.19131,55.95237,3386.81161,-1.89205,36.38267,4.26112065533393,1.5873795609439854,-24.999999573545978
14.99198,14.21908,55.78054,3384.89287,-1.98528,36.34716,4.360409023531667,1.6243670905318366,-24.999999573545978
15.02841,14.24682,55.60066,3382.93991,-2.07626,36.31053,4.466977115082762,1.664066508609863,-24.999999573545978
15.06484,14.27452,55.41293,3380.94801,-2.16481,36.27273,4.58108919023847,1.7065762590747622,-24.999999573545978
15.10126,14.30219,55.2176,3378.91224,-2.25076,36.23365,4.703018738889405,1.7519982241067409,-24.999999573545978
15.13768,14.32981,55.01492,3376.82748,-2.33394,36.19321,4.833046744863269,1.8004370775747474,-24.999999573545978
15.1741,14.35739,54.80514,3374.68839,-2.41414,36.15132,4.971459594176399,1.8519995058051362,-24.999999573545978
15.21051,14.38494,54.58857,3372.48945,-2.49117,36.10788,5.1185465799200225,1.9067932780861487,-24.999999573545978
15.24692,14.41244,54.36549,3370.2249,-2.56482,36.0628,5.274596954280879,1.9649261484680287,-24.999999573545978
15.28332,14.43989,54.13623,3367.88877,-2.6349,36.01596,5.439896476824653,2.0265045699077806,-24.999999573545978
15.31972,14.4673,53.90112,3365.47489,-2.70117,35.96727,5.614723407931074,2.0916322017183266,-24.999999573545978
15.35611,14.49466,53.66054,3362.97688,-2.76341,35.91662,5.799343897562059,2.160408191763304,-24.999999573545978
15.3925,14.52197,53.41485,3360.38814,-2.8214,35.86388,5.994006722702546,2.2329252160153215,-24.999999573545978
15.42888,14.54923,53.16445,3357.70191,-2.8749,35.80895,6.1989373323847055,2.309267260170782,-24.999999573545978
15.46526,14.57643,52.90977,3354.91122,-2.92366,35.7517,6.414331167680737,2.3895071311714453,-24.999999573545978
15.50164,14.60357,52.65125,3352.00896,-2.96744,35.69202,6.640346235930073,2.473703690908673,-24.999999573545978
15.53801,14.63066,52.38934,3348.98786,-3.00598,35.62977,6.8770949343615495,2.561898810307554,-24.999999573545978
15.57438,14.65768,52.12455,3345.84057,-3.03904,35.56484,7.124635138657949,2.6541140495827276,-24.999999573545978
15.61075,14.68465,51.85736,3342.55964,-3.06636,35.49709,7.382960597351276,2.750347079897879,-24.999999573545978
15.6471,14.71154,51.58832,3339.13757,-3.08768,35.4264,7.651990703590772,2.850567873080206,-24.999999573545978
15.68346,14.73836,51.31797,3335.56688,-3.10276,35.35265,7.9315597518788525,2.954714699471886,-24.999999573545978
15.71981,14.76511,51.04688,3331.84014,-3.11133,35.2757,8.221405828743368,3.062689989413182,-24.999999573545978
15.75616,14.79178,50.77565,3327.95003,-3.11316,35.19543,8.521159532538483,3.174356131071482,-24.999999573545978
15.7925,14.81838,50.50489,3323.88942,-3.108,35.11173,8.830332767601515,3.289531295969864,-24.999999573545978
15.82883,14.84489,50.23522,3319.6514,-3.09565,35.02447,9.14830791060564,3.407985403168439,-24.999999573545978
15.86516,14.87131,49.96729,3315.22943,-3.07588,34.93355,9.47432769981138,3.5294363527444967,-24.999999573545978
15.90148,14.89764,49.70177,3310.61735,-3.0485,34.83887,9.807486248553227,3.6535466780798216,-24.999999573545978
15.9378,14.92388,49.43933,3305.80951,-3.01334,34.74034,10.14672162929001,3.7799207832243336,-24.999999573545978
15.97411,14.95002,49.18066,3300.80087,-2.97026,34.63788,10.490810509787178,3.9081029447328532,-24.999999573545978
16.01038,14.97609,48.92756,3295.58411,-2.89311,34.64903,10.836634828241154,4.036931602542404,0.0
16.0466,15.00214,48.6819,3290.15393,-2.80701,34.66017,11.180662590618446,4.165090995943156,0.0
16.08276,15.02816,48.44444,3284.50965,-2.71201,34.67132,11.520756252672044,4.291784833460921,0.0
16.11885,15.05415,48.21592,3278.65186,-2.60821,34.68246,11.854653762913191,4.416170441397982,0.0
16.15488,15.08011,47.99708,3272.58246,-2.49577,34.6936,12.17998247362569,4.537363946051938,0.0
16.19083,15.10603,47.78863,3266.30476,-2.37492,34.70474,12.49428899101169,4.654451393680413,0.0
16.22672,15.13192,47.59125,3259.82351,-2.24595,34.71586,12.795074099237,4.766501760626844,0.0
16.26253,15.15777,47.40559,3253.14495,-2.10921,34.72697,13.079832163965975,4.872581632173995,0.0
16.29827,15.18358,47.23226,3246.2768,-1.96511,34.73808,13.346094152893507,4.971771228824065,0.0
16.33393,15.20935,47.07182,3239.22826,-1.81416,34.74916,13.591473155900793,5.063181363754418,0.0
16.36952,15.23508,46.92478,3232.00995,-1.65689,34.76024,13.81371106487325,5.145970832277964,0.0
16.40502,15.26077,46.79161,3224.63388,-1.49392,34.77129,14.010724902395562,5.21936367050107,0.0
16.44044,15.28641,46.6727,3217.1133,-1.32592,34.78233,14.180651186547315,5.28266568237722,0.0
16.47577,15.312,46.56838,3209.46261,-1.15359,34.79334,14.321886699538009,5.335279627096252,0.0
16.51101,15.33755,46.47893,3201.69723,-0.97771,34.80434,14.433124098741345,5.376718485131616,0.0
16.54617,15.36304,46.40454,3193.83339,-0.79907,34.81531,14.513380970824945,5.406616281668152,0.0
16.58124,15.38849,46.34534,3185.888,-0.61848,34.82626,14.562021176777561,5.424736038186344,0.0
16.61622,15.41389,46.30138,3177.87843,-0.43681,34.83719,14.578767653696348,5.430974541464917,0.0
16.6511,15.43923,46.27264,3169.82233,-0.25489,34.84809,14.563706208334677,5.425363756777219,0.0
16.68589,15.46453,46.25903,3161.73741,-0.07359,34.85897,14.517280233059102,5.408068859446139,0.0
16.72059,15.48976,46.26039,3153.64125,0.10626,34.86982,14.44027667017034,5.379383006184397,0.0
16.7552,15.51495,46.27649,3145.55112,0.28384,34.88065,14.333803919427593,5.339719105066049,0.0
16.78971,15.54008,46.30703,3137.48377,0.45834,34.89146,14.199262702384624,5.28959896172507,0.0
16.82413,15.56516,46.35165,3129.45533,0.62901,34.90224,14.03831114746734,5.2296402726280995,0.0
16.85845,15.59019,46.40995,3121.4811,0.79513,34.913,13.852825529345946,5.160541999457543,0.0
16.89268,15.61516,46.48144,3113.57547,0.95603,34.92373,13.644858179950058,5.0830686898572885,0.0
16.92682,15.64007,46.56562,3105.75179,1.11108,34.93445,13.416594088285446,4.998034309722503,0.0
16.96086,15.66494,46.66192,3098.02234,1.25974,34.94515,13.170307629859137,4.906286123771976,0.0
16.99482,15.68975,46.76974,3090.39823,1.40151,34.95582,12.908320726521751,4.808689108988508,0.0
17.02868,15.71451,46.88846,3082.88938,1.53594,34.96648,12.632963549631159,4.7061113155133985,0.0
17.06245,15.73922,47.01742,3075.50454,1.66265,34.97713,12.34653866049649,4.5994105080183365,0.0
17.09614,15.76388,47.15594,3068.25126,1.78134,34.98775,12.051289248979849,4.4894223337488315,0.0
17.12974,15.78849,47.30332,3061.13594,1.89175,34.99837,11.749371898917817,4.376950176927146,0.0
17.16326,15.81306,47.45885,3054.16384,1.99367,35.00897,11.44283409044812,4.262756777777028,0.0
17.1967,15.83758,47.62183,3047.33919,2.08698,35.01957,11.133596454151498,4.147557621724635,0.0
17.23005,15.86205,47.79154,3040.66518,2.17157,35.03016,10.823439626381957,4.032016042663197,0.0
17.26332,15.88648,47.96724,3034.14409,2.24742,35.04074,10.513995422894064,3.9167399348969463,0.0
17.29652,15.91086,48.14825,3027.7773,2.31451,35.05131,10.206741949481232,3.8022799317252316,0.0
17.32964,15.9352,48.33384,3021.56543,2.37291,35.06189,9.903002202385649,3.6891288840583973,0.0
17.36269,15.95951,48.52333,3015.50839,2.42269,35.07246,9.603945674808786,3.5777224588852077,0.0
17.39566,15.98377,48.71602,3009.60542,2.46396,35.08303,9.310592474630264,3.4684406732314748,0.0
17.42857,16.008,48.91126,3003.85523,2.49688,35.09361,9.023819468179154,3.3616101828765204,0.0
17.46141,16.03219,49.1084,2998.25602,2.5216,35.10419,8.744367990448747,3.257507154611043,0.0
17.49418,16.05634,49.30679,2992.80558,2.53832,35.11478,8.472852699414972,3.1563605647036987,0.0
17.52689,16.08047,49.50583,2987.50132,2.54726,35.12537,8.20977119676111,3.0583557828742003,0.0
17.55953,16.10456,49.70492,2982.34035,2.54862,35.13598,7.955514085945193,2.9636383191880595,0.0
17.59211,16.12861,49.90349,2977.31955,2.54266,35.14659,7.710375188304887,2.8723176298244617,0.0
17.62464,16.15264,50.10099,2972.43559,2.5296,35.15722,7.474561686495266,2.7844708957737243,0.0
17.65711,16.17664,50.29689,2967.68496,2.50972,35.16786,7.248204010435688,2.7001467056126285,0.0
17.68952,16.20061,50.49068,2963.06406,2.48325,35.17852,7.031365322873235,2.6193685891263723,0.0
17.72187,16.22456,50.68187,2958.5692,2.45047,35.18919,6.824050499148985,2.5421383625077856,0.0
17.75418,16.24848,50.87001,2954.19662,2.41162,35.19988,6.62621452828055,2.4684392579816192,0.0
17.78643,16.27238,51.05465,2949.94256,2.36699,35.2106,6.437770290199018,2.3982388210299352,0.0
17.81863,16.29625,51.23537,2945.80323,2.31681,35.22133,6.258595687012451,2.3314915669753993,0.0
17.85079,16.3201,51.41178,2941.77484,2.26136,35.23208,6.088540124791747,2.2681413956170555,0.0
17.88289,16.34393,51.58348,2937.85367,2.20088,35.24286,5.927430357089579,2.2081237680948855,0.0
17.91495,16.36774,51.75013,2934.03599,2.13562,35.25366,5.775075712652304,2.1513676543500453,0.0
17.94697,16.39153,51.91138,2930.31815,2.06584,35.26449,5.631272737947577,2.097797262588553,0.0
17.97894,16.4153,52.06692,2926.69653,1.99176,35.27534,5.495809290831489,2.0473335642800046,0.0
18.01087,16.43905,52.21644,2923.1676,1.91364,35.28622,5.368468125197881,1.999895629533768,0.0
18.04276,16.46279,52.35967,2919.72786,1.83169,35.29712,5.249030008284487,1.9554017883775376,0.0
18.07461,16.48651,52.49633,2916.37391,1.74614,35.30806,5.137276412767258,1.9137706336333056,0.0
18.10642,16.51021,52.62619,2913.10237,1.65721,35.31902,5.032991825187364,1.8749218808671566,0.0
18.13818,16.5339,52.749,2909.90998,1.56512,35.33001,4.935965710841495,1.8387771003626077,0.0
18.16992,16.55758,52.86455,2906.79349,1.47008,35.34104,4.845994173320017,1.8052603353422312,0.0
18.20161,16.58124,52.97265,2903.74974,1.37229,35.35209,4.762881344513968,1.7742986197818393,0.0
18.23327,16.60489,53.07312,2900.77562,1.27194,35.36318,4.686440538285162,1.7458224081829503,0.0
18.26489,16.62852,53.16577,2897.86807,1.16924,35.3743,4.616495198303806,1.719765928667239,0.0
18.29648,16.65215,53.25047,2895.02408,1.06436,35.38545,4.552879667722217,1.6960674697002502,0.0
18.32803,16.67576,53.32706,2892.24068,0.95751,35.39664,4.495439805655401,1.6746696097466318,0.0
18.35955,16.69936,53.39542,2889.51494,0.84885,35.40786,4.444033472714802,1.6555193981442347,0.0
18.39103,16.72295,53.45545,2886.84394,0.73858,35.41911,4.398530905309382,1.6385684945411125,0.0
18.42249,16.74653,53.50703,2884.22482,0.62685,35.4304,4.358814995946368,1.6237732733149226,0.0
18.45391,16.7701,53.55008,2881.65471,0.51385,35.44172,4.324781494473969,1.6110948985411369,0.0
18.4853,16.79366,53.58453,2879.13077,0.39974,35.45308,4.296339143035222,1.6004993742668978,0.0
18.51665,16.81721,53.61032,2876.65015,0.28469,35.46447,4.273409755451606,1.591957574083504,0.0
18.54798,16.84075,53.6274,2874.21,0.16887,35.4759,4.255928249858522,1.5854452532839856,0.0
18.57928,16.86428,53.63573,2871.80747,0.05244,35.48736,4.243842641624501,1.5809430462253216,0.0
18.61054,16.8878,53.63528,2869.4397,-0.06444,35.49886,4.237114001859797,1.578436450871802,0.0
18.64178,16.91132,53.62604,2867.10378,-0.18161,35.5104,4.235716385263779,1.5779158019162798,0.0
18.67298,16.93483,53.60802,2864.7968,-0.29889,35.52197,4.23963672946877,1.579376233283103,0.0
18.70416,16.95833,53.58121,2862.51579,-0.41614,35.53357,4.248874726597576,1.5828176302799162,0.0
18.73531,16.98182,53.54566,2860.25776,-0.53319,35.54522,4.263442666273696,1.588244571114833,0.0
18.76642,17.0053,53.50138,2858.01964,-0.64988,35.55689,4.283365247907788,1.5956662569682032,0.0
18.79751,17.02878,53.44842,2855.79832,-0.76604,35.56861,4.308679358669587,1.605096429281313,0.0
18.82857,17.05225,53.38686,2853.59062,-0.88151,35.58036,4.339433812113952,1.6165532723877103,0.0
18.8596,17.07571,53.31674,2851.3933,-0.99612,35.59214,4.375689041000015,1.6300592990802525,0.0
18.8906,17.09916,53.23817,2849.20302,-1.1097,35.60396,4.417516736359958,1.645641216154732,0.0
18.92157,17.12261,53.15124,2847.01636,-1.22208,35.61581,4.4649994233856996,1.663329766416507,0.0
18.95251,17.14604,53.05605,2844.82981,-1.33309,35.6277,4.518229963158853,1.6831595430618007,0.0
18.98342,17.16947,52.95273,2842.63977,-1.44255,35.63963,4.577310967691047,1.7051687717648294,0.0
19.0143,17.1929,52.84141,2840.44253,-1.55027,35.65158,4.642354114171156,1.7293990552168523,0.0
19.04516,17.21631,52.72225,2838.23425,-1.65608,35.66357,4.713479342713849,1.7558950742663975,0.0
19.07598,17.23972,52.59539,2836.011,-1.75979,35.6756,4.7908139203643,1.784704239236391,0.0
19.10677,17.26312,52.46103,2833.76871,-1.86119,35.68766,4.874491352600224,1.8158762844300216,0.0
19.13754,17.28651,52.31935,2831.50321,-1.9601,35.69975,4.964650122176272,1.8494627983170973,0.0
19.16827,17.30989,52.17056,2829.21017,-2.05632,35.71187,5.0614322339202005,1.8855166814323288,0.0
19.19897,17.33327,52.01488,2826.88514,-2.14964,35.72402,5.164981543091869,1.9240915236450742,0.0
19.22964,17.35663,51.85254,2824.52356,-2.23985,35.7362,5.275441844242705,1.965240892209202,0.0
19.26028,17.37999,51.68379,2822.1207,-2.32673,35.74842,5.392954697284085,2.0090175219163657,0.0
19.29089,17.40334,51.50891,2819.67172,-2.41006,35.76066,5.517656967773438,2.055472398787858,0.0
19.32146,17.42667,51.32818,2817.17165,-2.48963,35.77293,5.649678059498334,2.104653729139365,0.0
19.35201,17.45,51.14189,2814.61537,-2.56519,35.78522,5.789136819307194,2.1566057865489743,0.0
19.38251,17.47331,50.95037,2811.99768,-2.63653,35.79755,5.936138097100127,2.211367630363243,0.0
19.41299,17.49662,50.75395,2809.31322,-2.7034,35.8099,6.09076894807484,2.268971690933877,0.0
19.44343,17.51991,50.55298,2806.55657,-2.76557,35.82227,6.253094469986445,2.329442218887481,0.0
19.47383,17.54319,50.34783,2803.72218,-2.8228,35.83467,6.423153275411157,2.3927935984246513,0.0
19.5042,17.56646,50.13889,2800.80447,-2.87484,35.84709,6.600952608140816,2.4590285280484454,0.0
19.53453,17.58971,49.92655,2797.79777,-2.92145,35.85954,6.7864631238935855,2.5281360762417853,0.0
19.56482,17.61295,49.71125,2794.69638,-2.96238,35.872,6.979613368722343,2.6000896245293,0.0
19.59507,17.63618,49.49341,2791.49461,-2.99741,35.88448,7.180284003822442,2.6748447160662665,0.0
19.62528,17.65939,49.27349,2788.18678,-3.02628,35.89698,7.388301842886273,2.7523368343962935,0.0
19.65545,17.68258,49.05197,2784.76727,-3.04878,35.9095,7.6034337875250655,2.8324791442363773,0.0
19.68558,17.70575,48.82933,2781.23052,-3.06467,35.92203,7.825380767287758,2.9151602339744795,0.0
19.71567,17.72891,48.60606,2777.57115,-3.07373,35.93457,8.053771813025504,3.0002419078418696,0.0
19.74571,17.75205,48.38269,2773.78392,-3.07577,35.94713,8.288158414947782,3.087557084140575,0.0
19.77571,17.77517,48.15974,2769.86382,-3.07059,35.95969,8.528009339007259,3.1769078642103556,0.0
19.80566,17.79827,47.93776,2765.80612,-3.05802,35.97227,8.772706095926814,3.268063844522052,0.0
19.83557,17.82134,47.71728,2761.60641,-3.03789,35.98485,9.021539275021283,3.3607607509297206,0.0
19.86542,17.84439,47.49888,2757.26068,-3.01008,35.99744,9.27370596838119,3.4546994791113046,0.0
19.89522,17.86742,47.28311,2752.76535,-2.97447,36.01003,9.528308518408386,3.5495456279927,0.0
19.92497,17.89043,47.07054,2748.11734,-2.93099,36.02263,9.784354821196342,3.6449296127648982,0.0
19.95467,17.9134,46.86174,2743.31415,-2.87957,36.03522,10.040760408465239,3.7404474404595924,0.0
19.98431,17.93635,46.65728,2738.35388,-2.8202,36.04781,10.296352509866473,3.8356622232644804,0.0
20.0139,17.95927,46.45773,2733.23533,-2.75291,36.0604,10.549876264540337,3.9301064924919453,0.0
20.04342,17.98216,46.26364,2727.958,-2.67774,36.07299,10.800003205055624,4.0232853590697815,0.0
20.07289,18.00502,46.07557,2722.52221,-2.5948,36.08556,11.045342078307414,4.114680544610331,0.0
20.1023,18.02784,45.89406,2716.92906,-2.50423,36.09813,11.284451997417866,4.203755280839586,0.0
20.13164,18.05063,45.71961,2711.18055,-2.40621,36.11069,11.515857837864234,4.289960045059962,0.0
20.16092,18.07339,45.55274,2705.27952,-2.30099,36.12323,11.738067702775885,4.372739066432974,0.0
20.19013,18.09611,45.39392,2699.22974,-2.18885,36.13576,11.949592190033787,4.45153750348076,0.0
20.21927,18.11879,45.24361,2693.03587,-2.07011,36.14828,12.148965102226844,4.52580915908971,0.0
20.24835,18.14143,45.10222,2686.70348,-1.94516,36.16078,12.33476515453921,4.595024567269664,0.0
20.27735,18.16403,44.97015,2680.23899,-1.81441,36.17326,12.50563816086838,4.65867925806666,0.0
20.30628,18.18659,44.84775,2673.6497,-1.67834,36.18572,12.660319120032579,4.716301985256304,0.0
20.33514,18.2091,44.73533,2666.94368,-1.53745,36.19816,12.797653586919541,4.767462687658996,0.0
20.36392,18.23157,44.63317,2660.12977,-1.3923,36.21057,12.916617701375925,4.811779950428234,0.0
20.39262,18.254,44.54149,2653.21747,-1.24346,36.22296,13.016336263398829,4.848927738535041,0.0
20.42125,18.27638,44.46049,2646.21688,-1.09154,36.23533,13.096098287368365,4.8786411911288505,0.0
20.4498,18.29871,44.3903,2639.13859,-0.93719,36.24767,13.155369539703585,4.900721292144227,0.0
20.47827,18.32099,44.33101,2631.99364,-0.78105,36.25999,13.193801660597792,4.915038268387279,0.0
20.50666,18.34323,44.28267,2624.79334,-0.6238,36.27227,13.211237586625655,4.921533609599483,0.0
20.53496,18.36541,44.24527,2617.54922,-0.46612,36.28453,13.207713120994208,4.9202206534174975,0.0
20.56319,18.38755,44.21876,2610.27293,-0.30867,36.29677,13.183454635047175,4.911183729123047,0.0
20.59133,18.40963,44.20305,2602.97608,-0.15215,36.30897,13.13887302067923,4.894575904758116,0.0
20.61939,18.43166,44.19797,2595.67018,0.0028,36.32115,13.074554141438556,4.8706154299094,0.0
20.64737,18.45364,44.20336,2588.36656,0.15552,36.3333,12.991246143416973,4.839581008681012,0.0
20.67526,18.47557,44.21897,2581.07621,0.30538,36.34542,12.889844080465897,4.801806072182886,0.0
20.70307,18.49745,44.24453,2573.80978,0.45179,36.35752,12.771372377481285,4.757672245643007,0.0
20.7308,18.51927,44.27974,2566.57744,0.59418,36.36958,12.636965698751375,4.707602221363561,0.0
20.75844,18.54105,44.32426,2559.38884,0.73201,36.38163,12.487848804921045,4.652052254910154,0.0
20.786,18.56277,44.37771,2552.25307,0.86478,36.39365,12.325315973455385,4.591504498693022,0.0
20.81348,18.58444,44.43968,2545.17859,0.99204,36.40564,12.150710526243438,4.52645937546076,0.0
20.84087,18.60606,44.50976,2538.17322,1.11338,36.41761,11.965404957699327,4.457428175495132,0.0
20.86819,18.62763,44.58748,2531.2441,1.22841,36.42956,11.770782092147229,4.38492603724119,0.0
20.89543,18.64915,44.67239,2524.39771,1.33682,36.44148,11.568217624880278,4.309465443392348,0.0
20.92258,18.67062,44.764,2517.63981,1.43833,36.45339,11.359064321870866,4.231550334866737,0.0
20.94966,18.69204,44.86181,2510.97551,1.53268,36.46528,11.14463807293696,4.151670915244695,0.0
20.97667,18.71342,44.96532,2504.40923,1.61969,36.47715,10.926205916016023,4.070299189495702,0.0
21.00359,18.73475,45.074,2497.94476,1.6992,36.48901,10.704976079049665,3.987885254318396,0.0
21.03045,18.75603,45.18735,2491.58525,1.7711,36.50085,10.482090023041415,3.9048543339702415,0.0
21.05722,18.77726,45.30485,2485.33328,1.8353,36.51268,10.258616416534737,3.8216045356020367,0.0
21.08393,18.79846,45.42597,2479.19084,1.89177,36.5245,10.035546928873845,3.7385052821368947,0.0
21.11057,18.81961,45.5502,2473.15941,1.9405,36.53631,9.813793696955985,3.655896368568804,0.0
21.13713,18.84071,45.67704,2467.23999,1.98151,36.54811,9.594188297614393,3.574087579148251,0.0
21.16363,18.86178,45.80596,2461.43311,2.01485,36.55991,9.37748204422578,3.493358797876304,0.0
21.19006,18.8828,45.93649,2455.73889,2.04061,36.5717,9.164347420547113,3.4139605426465436,0.0
21.21643,18.90379,46.06813,2450.15708,2.05888,36.58349,8.955380465930483,3.336114853800365,0.0
21.24273,18.92473,46.20041,2444.68708,2.06978,36.59527,8.751103932725568,3.2600164703424657,0.0
21.26896,18.94564,46.33286,2439.32798,2.07347,36.60706,8.551971047299945,3.1858342310198706,0.0
21.29514,18.96652,46.46504,2434.07861,2.0701,36.61884,8.358369719885077,3.113712642600334,0.0
21.32126,18.98735,46.59649,2428.93755,2.05983,36.63063,8.170627064007366,3.0437735634793115,0.0
21.34732,19.00816,46.72681,2423.90317,2.04286,36.64243,7.989014102856518,2.976117956926022,0.0
21.37332,19.02893,46.85557,2418.97366,2.01939,36.65422,7.813750556792937,2.910827674555904,0.0
21.39926,19.04967,46.9824,2414.14702,1.98962,36.66603,7.6450096226273025,2.847967236738019,0.0
21.42515,19.07037,47.1069,2409.42116,1.95375,36.67784,7.482922670989398,2.7875855824885303,0.0
21.45098,19.09105,47.22871,2404.79383,1.91202,36.68966,7.327583802624366,2.729717766810944,0.0
21.47676,19.11169,47.34749,2400.26271,1.86464,36.7015,7.179054217640599,2.674386588355908,0.0
21.50249,19.13231,47.4629,2395.82538,1.81185,36.71334,7.037366363474927,2.621604134647384,0.0
21.52817,19.1529,47.57464,2391.47935,1.75386,36.7252,6.902527837576824,2.5713732359352015,0.0
21.5538,19.17346,47.68239,2387.22208,1.69092,36.73707,6.77452502961705,2.5236888220136104,0.0
21.57938,19.19399,47.78587,2383.05098,1.62325,36.74895,6.653326495399016,2.4785391790920355,0.0
21.60491,19.2145,47.88482,2378.96344,1.55109,36.76085,6.538886060723236,2.43590710606625,0.0
21.6304,19.23498,47.97897,2374.9568,1.47467,36.77277,6.431145658350517,2.3957709713618143,0.0
21.65584,19.25544,48.0681,2371.02837,1.39423,36.78471,6.330037905032357,2.358105672945702,0.0
21.68123,19.27588,48.15197,2367.17547,1.30998,36.79666,6.235488428466149,2.3228835051783383,0.0
21.70658,19.29629,48.23038,2363.39539,1.22217,36.80863,6.147417956090205,2.2900749369447078,0.0
21.73189,19.31668,48.30314,2359.68539,1.13101,36.82062,6.065744179045741,2.2596493060292375,0.0
21.75715,19.33705,48.37005,2356.04275,1.03674,36.83264,5.990383405404405,2.231575434986548,0.0
21.78237,19.35739,48.43097,2352.46472,0.93958,36.84467,5.921252017071313,2.205822173876172,0.0
21.80755,19.37772,48.48573,2348.94854,0.83975,36.85673,5.858267744746814,2.1823588752193532,0.0
21.83269,19.39802,48.5342,2345.49145,0.73747,36.8688,5.801350774869502,2.1611558063644463,0.0
21.85779,19.41831,48.57626,2342.09068,0.63296,36.8809,5.750424701891475,2.142184504234508,0.0
21.88285,19.43857,48.61179,2338.74343,0.52643,36.89303,5.705417338369562,2.125418077107591,0.0
21.90787,19.45882,48.64069,2335.4469,0.41811,36.90518,5.666261394401933,2.1108314577247578,0.0
21.93285,19.47904,48.66289,2332.19826,0.3082,36.91735,5.632895036886861,2.0984016116286903,0.0
21.9578,19.49925,48.67831,2328.99467,0.19692,36.92954,5.605262337908421,2.088107704199153,0.0
21.9827,19.51944,48.68689,2325.83326,0.08447,36.94176,5.5833136204157885,2.079931229427634,0.0
22.00757,19.53961,48.68858,2322.71114,-0.02892,36.95401,5.567005708125518,2.073856103012512,0.0
22.0324,19.55977,48.68336,2319.62537,-0.14307,36.96628,5.556302085396486,2.0698687219166834,0.0
22.05719,19.5799,48.6712,2316.57299,-0.25774,36.97857,5.551172971607995,2.067957992075365,0.0
22.08195,19.60002,48.6521,2313.55101,-0.37274,36.99089,5.551595313396014,2.0681153255038827,0.0
22.10667,19.62012,48.62605,2310.55639,-0.48786,37.00324,5.557552696958865,2.07033460762924,0.0
22.13135,19.64021,48.59308,2307.58603,-0.60289,37.01561,5.569035181499358,2.0746121352429254,0.0
22.156,19.66028,48.55322,2304.63681,-0.71762,37.028,5.5860390538045674,2.0809465250754227,0.0
22.18061,19.68033,48.50651,2301.70554,-0.83184,37.04042,5.608566502921043,2.0893385926041685,0.0
22.20519,19.70036,48.45299,2298.78897,-0.94535,37.05287,5.636625212920176,2.099791200347938,0.0
22.22973,19.72038,48.39275,2295.8838,-1.05792,37.06534,5.670227870804375,2.112309074548942,0.0
22.25424,19.74039,48.32585,2292.98668,-1.16936,37.07784,5.7093915858057205,2.1268985888463026,0.0
22.27871,19.76037,48.2524,2290.09416,-1.27944,37.09036,5.754137215553739,2.1435675132558147,0.0
22.30314,19.78034,48.17249,2287.20276,-1.38796,37.1029,5.804488593946656,2.162324726531675,0.0
22.32754,19.80029,48.08624,2284.30891,-1.49469,37.11547,5.860471655087206,2.1831798898095203,0.0
22.3519,19.82023,47.99378,2281.40898,-1.59943,37.12806,5.922113447232268,2.206143079276719,0.0
22.37623,19.84015,47.89525,2278.49927,-1.70195,37.14067,5.989441030559958,2.2312243755616166,0.0
22.40052,19.86005,47.79082,2275.57601,-1.80203,37.15331,6.062480252573736,2.258433407539341,0.0
22.42477,19.87993,47.68064,2272.63535,-1.89945,37.16597,6.14125439525828,2.2877788483617696,0.0
22.44899,19.8998,47.5649,2269.67338,-1.99398,37.17865,6.225782688639891,2.319267861719672,0.0
22.47317,19.91965,47.44379,2266.68613,-2.08542,37.19135,6.31607868633283,2.3529054966909784,0.0
22.49731,19.93948,47.31752,2263.66956,-2.17352,37.20407,6.412148499917176,2.3886940300000736,0.0
22.52142,19.9593,47.18631,2260.61956,-2.25806,37.21681,6.513988890681215,2.4266322551416275,0.0
22.54549,19.97909,47.05039,2257.53201,-2.33882,37.22957,6.621585219463119,2.4667147186426805,0.0
22.56952,19.99887,46.91001,2254.40269,-2.41557,37.24235,6.734909257972326,2.5089309047222663,0.0
22.59351,20.01863,46.76543,2251.22738,-2.48809,37.25515,6.853916868248981,2.5532643708289995,0.0
22.61746,20.03837,46.61691,2248.00182,-2.55615,37.26796,6.978545560716592,2.5996918379514384,0.0
22.64138,20.05809,46.46475,2244.72174,-2.61953,37.28078,7.108711945703145,2.6481822412426412,0.0
22.66525,20.07779,46.30924,2241.38285,-2.67801,37.29362,7.244309098344366,2.6986957483773057,0.0
22.68909,20.09746,46.15068,2237.9809,-2.73137,37.30648,7.38520386234003,2.7511827551300443,0.0
22.71288,20.11712,45.98941,2234.51165,-2.77941,37.31934,7.531234124192214,2.805582869957417,0.0
22.73663,20.13676,45.82574,2230.97091,-2.82192,37.33222,7.682206096039405,2.8618239017821443,0.0
22.76034,20.15637,45.66002,2227.35455,-2.85869,37.34511,7.837891652127703,2.919820867758551,0.0
22.78401,20.17596,45.4926,2223.65853,-2.88954,37.358,7.998025770897973,2.9794750403827197,0.0
22.80763,20.19552,45.32385,2219.87894,-2.91429,37.37091,8.162304141620867,3.0406730559010726,0.0
22.8312,20.21506,45.15414,2216.01199,-2.93277,37.38381,8.330381001073976,3.1032861084156846,0.0
22.85474,20.23458,44.98384,2212.05406,-2.94482,37.39673,8.501867271700077,3.1671692562992417,0.0
22.87822,20.25407,44.81334,2208.0017,-2.95029,37.40964,8.676329077551634,3.2321608693453263,0.0
22.90166,20.27353,44.64304,2203.85172,-2.94907,37.42256,8.853286717858404,3.298082246395335,0.0
22.92505,20.29297,44.47332,2199.60115,-2.94105,37.43548,9.032214179717807,3.364737433802823,0.0
22.94839,20.31238,44.3046,2195.24732,-2.92614,37.4484,9.212539270794498,3.431913274867588,0.0
22.97169,20.33176,44.13726,2190.78786,-2.90426,37.46132,9.393644449688594,3.4993797191696827,0.0
22.99493,20.35111,43.97173,2186.22074,-2.87539,37.47423,9.574868425345803,3.5668904183917673,0.0
23.01812,20.37042,43.80839,2181.54432,-2.8395,37.48713,9.755508587247725,3.634183631628945,0.0
23.04126,20.38971,43.64765,2176.75736,-2.7966,37.50003,9.934824315011403,3.7009834583016654,0.0
23.06434,20.40896,43.4899,2171.85903,-2.74673,37.51292,10.112041199293841,3.7670014105537297,0.0
23.08737,20.42818,43.33554,2166.84897,-2.68997,37.5258,10.286356185750597,3.8319383295121994,0.0
23.11034,20.44737,43.18495,2161.7273,-2.62641,37.53867,10.456943630484208,3.8954866411012725,0.0
23.13325,20.46652,43.03849,2156.49462,-2.55618,37.55153,10.622962229473192,3.9573329374369055,0.0
23.15611,20.48563,42.89653,2151.15205,-2.47946,37.56437,10.783562756656536,4.017160859466889,0.0
23.17891,20.50471,42.75942,2145.70123,-2.39644,37.57719,10.937896516558707,4.074654245796065,0.0
23.20164,20.52375,42.62748,2140.14433,-2.30737,37.59,11.085124388771657,4.1295005019938475,0.0
23.22432,20.54274,42.50103,2134.48405,-2.2125,37.60279,11.22442631439812,4.181394134543958,0.0
23.24693,20.5617,42.38037,2128.72359,-2.11214,37.61556,11.355011050234655,4.230040384534253,0.0
23.26948,20.58062,42.26576,2122.8667,-2.00664,37.62831,11.476125996089207,4.275158888591089,0.0
23.29196,20.59949,42.15745,2116.91759,-1.89634,37.64103,11.587066885786241,4.316487289033722,0.0
23.31438,20.61832,42.05567,2110.88096,-1.78166,37.65373,11.687187123900012,4.353784712053112,0.0
23.33674,20.63711,41.96062,2104.76197,-1.66301,37.66641,11.775906549020878,4.386835032259199,0.0
23.35902,20.65585,41.87248,2098.56617,-1.54085,37.67906,11.852719410998645,4.415449844413953,0.0
23.38124,20.67455,41.79138,2092.2995,-1.41565,37.69168,11.917201364115636,4.4394710685723275,0.0
23.40338,20.69319,41.71744,2085.96825,-1.28789,37.70427,11.969015300163466,4.458773123056851,0.0
23.42546,20.7118,41.65075,2079.57897,-1.15809,37.71684,12.007915874546418,4.473264610550214,0.0
23.44747,20.73035,41.59136,2073.13847,-1.02677,37.72938,12.033752613276592,4.482889475532714,0.0
23.46941,20.74886,41.5393,2066.65374,-0.89445,37.74189,12.046471527966782,4.487627605909595,0.0
23.49127,20.76731,41.49457,2060.13193,-0.76167,37.75437,12.046115207898136,4.487494867308679,0.0
23.51306,20.78572,41.45713,2053.58025,-0.62898,37.76682,12.032821400937738,4.482542574434819,0.0
23.53478,20.80408,41.42692,2047.00596,-0.49689,37.77924,12.00682013701109,4.472856419487714,0.0
23.55643,20.82238,41.40384,2040.41629,-0.36594,37.79162,11.968429486879199,4.458554892194787,0.0
23.578,20.84064,41.38777,2033.81842,-0.23666,37.80398,11.918050083677127,4.439787238940139,0.0
23.5995,20.85884,41.37858,2027.2194,-0.10953,37.81631,11.85615856386225,4.416731019345203,0.0
23.62093,20.877,41.37609,2020.62611,0.01495,37.82861,11.783300106650538,4.389589327012456,0.0
23.64229,20.8951,41.38009,2014.04526,0.1363,37.84088,11.70008026636,4.358587746858451,0.0
23.66357,20.91315,41.39038,2007.4833,0.25409,37.85312,11.607156300077037,4.323971124441345,0.0
23.68477,20.93115,41.40672,2000.94642,0.36789,37.86533,11.505228193680727,4.286000222918834,0.0
23.70591,20.9491,41.42884,1994.44052,0.47731,37.87751,11.395029583495456,4.244948341124881,0.0
23.72697,20.967,41.45647,1987.97115,0.58198,37.88967,11.277318758894769,4.201097961802932,0.0
23.74796,20.98485,41.48932,1981.54357,0.68155,37.9018,11.152869914582656,4.154737492850506,0.0
23.76888,21.00264,41.52708,1975.16263,0.77573,37.9139,11.022464800750358,4.106158156782929,0.0
23.78973,21.02039,41.56943,1968.83287,0.86423,37.92599,10.886884896305038,4.0556510750550645,0.0
23.8105,21.03809,41.61605,1962.55843,0.94681,37.93804,10.746904205772298,4.003504584717986,0.0
23.83121,21.05574,41.66661,1956.34308,1.02326,37.95008,10.603282755699146,3.950001815657956,0.0
23.85185,21.07334,41.72075,1950.19024,1.0934,37.96209,10.456760841982259,3.8954185475748426,0.0
23.87242,21.09089,41.77813,1944.10294,1.15706,37.97408,10.308054056666109,3.8400213573335713,0.0
23.89292,21.10839,41.83841,1938.08388,1.21414,37.98606,10.157849101786534,3.784066059510711,0.0
23.91335,21.12585,41.90121,1932.13539,1.26454,37.99801,10.006800379413624,3.727796436095724,0.0
23.93372,21.14326,41.96621,1926.25946,1.30819,38.00996,9.85552733118388,3.671443245396699,0.0
23.95402,21.16063,42.03303,1920.45779,1.34506,38.02188,9.704612487849653,3.615223495446192,0.0
23.97426,21.17795,42.10133,1914.73173,1.37513,38.03379,9.554600179210635,3.5593399634167664,0.0
23.99443,21.19522,42.17076,1909.08237,1.39842,38.04569,9.405995847570132,3.5039809398653934,0.0
24.01454,21.21245,42.24099,1903.5105,1.41496,38.05758,9.259265902993318,3.4493201748133355,0.0
24.03459,21.22964,42.31166,1898.01666,1.42481,38.06946,9.114838056232035,3.395517001769402,0.0
24.05458,21.24679,42.38246,1892.60114,1.42805,38.08132,8.973102064528776,3.342716615561552,0.0
24.0745,21.26389,42.45306,1887.264,1.42476,38.09319,8.834410826738562,3.291050480298607,0.0
24.09437,21.28096,42.52313,1882.00509,1.41505,38.10504,8.699081766550142,3.2406368446565486,0.0
24.11418,21.29798,42.59238,1876.82406,1.39907,38.11689,8.567398446143198,3.1915813430082762,0.0
24.13393,21.31496,42.66051,1871.72039,1.37694,38.12874,8.439612356849489,3.1439776624920057,0.0
24.15363,21.33191,42.72722,1866.69336,1.34882,38.14058,8.315944838033445,3.0979082578447765,0.0
24.17327,21.34882,42.79224,1861.74211,1.31487,38.15242,8.196589080541498,3.0534450977400427,0.0
24.19285,21.36568,42.85529,1856.86566,1.27527,38.16426,8.081712176053102,3.010650428224846,0.0
24.21239,21.38252,42.91613,1852.06285,1.23021,38.17611,7.971457178754306,2.9695775407474723,0.0
24.23186,21.39931,42.9745,1847.33244,1.17987,38.18795,7.8659451506325455,2.930271534083574,0.0
24.25129,21.41607,43.03017,1842.67306,1.12446,38.1998,7.765277166206962,2.892770061150962,0.0
24.27066,21.4328,43.08291,1838.08324,1.06418,38.21165,7.669536256808917,2.8571040533052545,0.0
24.28999,21.44949,43.13252,1833.56141,0.99924,38.22351,7.578789278378771,2.823298416143321,0.0
24.30926,21.46615,43.17878,1829.10592,0.92987,38.23537,7.493088690210654,2.7913726921325126,0.0
24.32848,21.48278,43.22151,1824.71503,0.85628,38.24724,7.412474235144175,2.76134168652628,0.0
24.34766,21.49937,43.26053,1820.38694,0.77869,38.25911,7.336974514350031,2.73321605401325,0.0
24.36678,21.51593,43.29567,1816.11977,0.69734,38.271,7.266608452155796,2.707002844403375,0.0
24.38586,21.53246,43.32679,1811.91156,0.61246,38.28289,7.201386648243289,2.682706006357023,0.0
24.40489,21.54895,43.35373,1807.76031,0.52427,38.29479,7.141312616147406,2.660326848758393,0.0
24.42388,21.56542,43.37637,1803.66395,0.43302,38.3067,7.0863839082258355,2.6398644597963203,0.0
24.44282,21.58186,43.39458,1799.62036,0.33894,38.31863,7.036593128289925,2.621316084195928,0.0
24.46172,21.59827,43.40827,1795.62736,0.24226,38.33056,6.991928833829958,2.604677459321275,0.0
24.48057,21.61464,43.41733,1791.6827,0.14323,38.34251,6.952376330267592,2.5899431110552924,0.0
24.49937,21.63099,43.42168,1787.78411,0.04209,38.35447,6.917918360078916,2.5771066105162497,0.0
24.51813,21.64731,43.42125,1783.92925,-0.06093,38.36644,6.888535689786219,2.566160792727636,0.0
24.53685,21.66361,43.41597,1780.11574,-0.16558,38.37842,6.8642075978956845,2.5570979383877894,0.0
24.55553,21.67987,43.4058,1776.34114,-0.27163,38.39042,6.8449122668374835,2.5499099198778947,0.0
24.57416,21.6961,43.3907,1772.60296,-0.37882,38.40243,6.830627081840843,2.5445883126008075,0.0
24.59275,21.71231,43.37063,1768.89868,-0.48692,38.41445,6.821328839513925,2.5411244726825504,0.0
24.6113,21.72849,43.3456,1765.22572,-0.59569,38.42649,6.816993868680852,2.5395095819872835,0.0
24.62981,21.74465,43.31558,1761.58144,-0.70489,38.43855,6.8175980658040665,2.5397346613130645,0.0
24.64827,21.76078,43.28059,1757.96317,-0.81426,38.45061,6.823116847092381,2.5417905525508364,0.0
24.6667,21.77688,43.24064,1754.36819,-0.92357,38.4627,6.8335250191627654,2.5456678705025433,0.0
24.68508,21.79295,43.19576,1750.79372,-1.03258,38.47479,6.848796569936337,2.551356924984383,0.0
24.70342,21.809,43.146,1747.23695,-1.14104,38.4869,6.868904381316841,2.5588476137919796,0.0
24.72172,21.82502,43.0914,1743.69501,-1.24871,38.49903,6.8938198650696245,2.568129287055723,0.0
24.73999,21.84101,43.03203,1740.165,-1.35535,38.51116,6.9235125233440655,2.5791905835238116,0.0
24.75821,21.85698,42.96795,1736.64396,-1.46072,38.52331,6.957949435287296,2.5920192393123505,0.0
24.77638,21.87292,42.89924,1733.12891,-1.56458,38.53548,6.9970946714288855,2.606601869748243,0.0
24.79452,21.88884,42.82602,1729.61679,-1.66668,38.54766,7.040908637690252,2.6229237249954354,0.0
24.81262,21.90473,42.74836,1726.10456,-1.76679,38.55985,7.089347351346048,2.6409684203314807,0.0
24.83068,21.92059,42.6664,1722.58909,-1.86467,38.57205,7.142361651728959,2.660717642114309,0.0
24.8487,21.93643,42.58025,1719.06725,-1.96009,38.58427,7.1998963491383545,2.6821508307283057,0.0
24.86667,21.95224,42.49005,1715.53589,-2.05281,38.59649,7.261889316236968,2.705244842105672,0.0
24.88461,21.96802,42.39595,1711.9918,-2.14259,38.60873,7.328270527164133,2.7299735897708173,0.0
24.9025,21.98378,42.29809,1708.4318,-2.22921,38.62098,7.398961050702814,2.756307669768592,0.0
24.92035,21.99951,42.19664,1704.85267,-2.31245,38.63323,7.473872005135165,2.7842139713204785,0.0
24.93817,22.01521,42.09178,1701.25119,-2.39207,38.6455,7.552903483817668,2.8136552765730647,0.0
24.95594,22.03088,41.98369,1697.62414,-2.46787,38.65777,7.635943462071057,2.844589853385777,0.0
24.97366,22.04653,41.87255,1693.96833,-2.53962,38.67006,7.722866697659411,2.876971045730413,0.0
24.99135,22.06215,41.75858,1690.28057,-2.60712,38.68235,7.8135336389096315,2.9107468669369196,0.0
25.00899,22.07774,41.64197,1686.55771,-2.67017,38.69464,7.907789356327842,2.9458596016923857,0.0
25.0266,22.0933,41.52294,1682.79665,-2.72858,38.70694,8.005462515465283,2.9822454234065683,0.0
25.04415,22.10883,41.40172,1678.99431,-2.78215,38.71924,8.106364410571203,3.019834034222167,0.0
25.06167,22.12434,41.27853,1675.14771,-2.83071,38.73155,8.210288080308176,3.0585483355955074,0.0
25.07914,22.13981,41.15361,1671.25393,-2.87409,38.74386,8.317007528400062,3.098304137967408,0.0
25.09657,22.15526,41.02721,1667.31014,-2.91213,38.75617,8.42627707336486,3.139009918521556,0.0
25.11395,22.17067,40.89958,1663.31362,-2.94469,38.76848,8.537830852546529,3.180566636423307,0.0
25.13129,22.18605,40.77096,1659.26177,-2.97164,38.78079,8.65138250620659,3.2228676151355025,0.0
25.14858,22.2014,40.64161,1655.15212,-2.99285,38.7931,8.766625067563787,3.2657985014553383,0.0
25.16582,22.21672,40.51179,1650.98235,-3.00823,38.8054,8.883231084127274,3.3092373107141837,0.0
25.18302,22.232,40.38177,1646.75029,-3.01769,38.8177,9.000852994520946,3.3530545671545475,0.0
25.20017,22.24726,40.2518,1642.45399,-3.02115,38.82999,9.119123783001287,3.3971135477552057,0.0
25.21728,22.26248,40.12216,1638.09164,-3.01857,38.84228,9.237657931159752,3.441270636765376,0.0
25.23433,22.27766,39.99311,1633.66169,-3.00992,38.85456,9.356052682614079,3.4853757968355072,0.0
25.25134,22.29281,39.8649,1629.16278,-2.99519,38.86683,9.473889632066859,3.5292731609834056,0.0
25.2683,22.30793,39.73781,1624.5938,-2.97438,38.87909,9.590736644695374,3.5728017476174627,0.0
25.2852,22.323,39.61209,1619.9539,-2.94753,38.89133,9.706150105714661,3.615796298558068,0.0
25.30206,22.33805,39.48799,1615.24247,-2.91469,38.90357,9.819677493111978,3.6580882374489065,0.0
25.31886,22.35305,39.36577,1610.45919,-2.87596,38.91579,9.93086025904722,3.6995067431544184,0.0
25.33562,22.36802,39.24567,1605.60401,-2.83142,38.92799,10.039236997701094,3.7398799298665986,0.0
25.35232,22.38295,39.12791,1600.67717,-2.78122,38.94018,10.144346869180895,3.7790361225999884,0.0
25.36896,22.39783,39.01273,1595.6792,-2.7255,38.95235,10.245733241284336,3.81680521384452,0.0
25.38555,22.41268,38.90035,1590.61093,-2.66444,38.9645,10.342947503171958,3.8530200842588327,0.0
25.40209,22.42749,38.79097,1585.47349,-2.59826,38.97663,10.435552998085637,3.887518067711393,0.0
25.41857,22.44226,38.6848,1580.26828,-2.52717,38.98874,10.523129016084905,3.9201424386798345,0.0
25.435,22.45698,38.582,1574.99703,-2.45143,39.00082,10.605274782925186,3.950743898213046,0.0
25.45137,22.47166,38.48275,1569.66172,-2.37131,39.01289,10.681613377695552,3.979182033354321,0.0
25.46768,22.4863,38.38721,1564.26461,-2.28711,39.02492,10.751795510080115,4.005326724270609,0.0
25.48393,22.5009,38.29552,1558.80825,-2.19915,39.03694,10.815503088109562,4.02905947333384,0.0
25.50012,22.51545,38.2078,1553.29541,-2.10776,39.04893,10.872452509217545,4.0502746311260145,0.0
25.51626,22.52995,38.12417,1547.72911,-2.0133,39.06089,10.922397611348499,4.068880495804523,0.0
25.53233,22.54441,38.04471,1542.11258,-1.91614,39.07282,10.965132226551228,4.084800264382938,0.0
25.54835,22.55883,37.9695,1536.44928,-1.81666,39.08472,11.000492287127221,4.097972817326682,0.0
25.5643,22.57319,37.8986,1530.7428,-1.71526,39.0966,11.028357443375826,4.108353321205675,0.0
25.5802,22.58751,37.83205,1524.99692,-1.61235,39.10845,11.048652162316753,4.115913637997362,0.0
25.59603,22.60179,37.76988,1519.21555,-1.50833,39.12026,11.061346287995844,4.120642533815372,0.0
25.6118,22.61601,37.71208,1513.40271,-1.40363,39.13205,11.066455055774993,4.122545684232875,0.0
25.62751,22.63019,37.65866,1507.56248,-1.29867,39.1438,11.064038564816332,4.1216454777690705,0.0
25.64315,22.64431,37.60957,1501.69904,-1.19386,39.15553,11.054200724737614,4.117980623490596,0.0
25.65873,22.65839,37.56477,1495.81659,-1.08963,39.16722,11.037087703302292,4.111605572735247,0.0
25.67425,22.67242,37.52421,1489.91933,-0.98639,39.17889,11.012885912062044,4.102589768710803,0.0
25.6897,22.6864,37.4878,1484.01146,-0.88455,39.19052,10.981819575565316,4.091016740961263,0.0
25.7051,22.70033,37.45545,1478.09717,-0.78451,39.20212,10.944147936885752,4.076983064352657,0.0
25.72042,22.71421,37.42705,1472.18056,-0.68665,39.2137,10.900162157741008,4.060597204285737,0.0
25.73569,22.72804,37.40248,1466.26567,-0.59134,39.22524,10.850181975108674,4.041978271197442,0.0
25.75089,22.74181,37.3816,1460.35645,-0.49896,39.23675,10.794552178162322,4.021254708126876,0.0
25.76603,22.75554,37.36427,1454.45675,-0.40984,39.24823,10.73363896944549,3.9985629351568766,0.0
25.7811,22.76922,37.35034,1448.57028,-0.32431,39.25969,10.667826272701019,3.974045973983292,0.0
25.79611,22.78285,37.33962,1442.70062,-0.24267,39.27111,10.597512046797398,3.947852074755565,0.0
25.81106,22.79643,37.33194,1436.85119,-0.16521,39.28251,10.523104660919898,3.920133365740047,0.0
25.82594,22.80995,37.32713,1431.02527,-0.09219,39.29388,10.44501938097983,3.8910445444150046,0.0
25.84076,22.82343,37.32497,1425.22594,-0.02386,39.30522,10.363675011107826,3.8607416263384993,0.0
25.85552,22.83686,37.32528,1419.45614,0.03955,39.31654,10.27949072753558,3.829380765686028,0.0
25.87022,22.85024,37.32784,1413.71861,0.09786,39.32783,10.19288313538072,3.7971171588254466,0.0
25.88485,22.86357,37.33245,1408.0159,0.15089,39.3391,10.104263571879734,3.764104039700281,0.0
25.89943,22.87685,37.33889,1402.3504,0.19848,39.35035,10.014035672929587,3.7304917733024503,0.0
25.91394,22.89008,37.34695,1396.72429,0.24051,39.36157,9.922593213353105,3.696427051114297,0.0
25.92839,22.90326,37.35641,1391.13956,0.27686,39.37277,9.830318225342108,3.662052190179145,0.0
25.94278,22.9164,37.36705,1385.59803,0.30746,39.38396,9.737579394133212,3.6275045354483257,0.0
25.95712,22.92949,37.37864,1380.10133,0.33224,39.39512,9.644730725243088,3.592915963291247,0.0
25.97139,22.94253,37.39098,1374.65092,0.35115,39.40627,9.552110473467692,3.55841248251942,0.0
25.9856,22.95552,37.40384,1369.24806,0.36419,39.41739,9.460040320537198,3.5241139280412894,0.0
25.99976,22.96847,37.41702,1363.89387,0.37134,39.42851,9.368824785588284,3.4901337412476523,0.0
26.01386,22.98137,37.43029,1358.58926,0.37263,39.4396,9.278750850580048,3.456578830469218,0.0
26.0279,22.99423,37.44346,1353.33502,0.3681,39.45068,9.190087781435876,3.423549504347264,0.0
26.04189,23.00704,37.45631,1348.13175,0.35778,39.46175,9.103087124754214,3.3911394706082985,0.0
26.05582,23.01981,37.46865,1342.97993,0.34177,39.47281,9.01798285965556,3.359435892631069,0.0
26.0697,23.03253,37.48028,1337.87987,0.32015,39.48386,8.93499168435475,3.3285194962022753,0.0
26.08352,23.04521,37.49101,1332.83174,0.29301,39.49489,8.854313417525757,3.2984647190355174,0.0
26.09728,23.05785,37.50067,1327.83559,0.26048,39.50592,8.776131495252143,3.269339895898418,0.0
26.11099,23.07044,37.50906,1322.89132,0.22268,39.51694,8.700613545302497,3.2412074725453253,0.0
26.12465,23.08299,37.51603,1317.99874,0.17975,39.52795,8.627912021664667,3.2141242420980207,0.0
26.13826,23.0955,37.52142,1313.1575,0.13186,39.53896,8.55816488348413,3.1881415979681185,0.0
26.15182,23.10797,37.52505,1308.36716,0.07917,39.54996,8.491496303903546,3.163305797918449,0.0
26.16532,23.12039,37.52679,1303.62716,0.02184,39.56096,8.42801739570371,3.1396582343834143,0.0
26.17877,23.13278,37.5265,1298.93686,-0.03993,39.57195,8.367826941994355,3.1172357066705287,0.0
26.19218,23.14512,37.52403,1294.2955,-0.10595,39.58294,8.311012121509116,3.096070691151881,0.0
26.20553,23.15743,37.51928,1289.70221,-0.17601,39.59393,8.257649219452578,3.0761916060733654,0.0
26.21883,23.1697,37.51211,1285.15605,-0.24992,39.60491,8.207804315971892,3.057623068028468,0.0
26.23209,23.18192,37.50242,1280.656,-0.32745,39.6159,8.161533945551035,3.0403861375999828,0.0
26.24529,23.19411,37.49012,1276.20093,-0.40839,39.62689,8.118885721665729,3.0244985520604,0.0
26.25845,23.20626,37.47511,1271.78964,-0.49249,39.63787,8.079898922035675,3.0099749433937695,0.0
26.27156,23.21838,37.4573,1267.42085,-0.57954,39.64886,8.04460503068684,2.9968270402281583,0.0
26.28462,23.23045,37.43662,1263.09322,-0.6693,39.65985,8.01302823386712,2.9850638525772846,0.0
26.29764,23.24249,37.41301,1258.80531,-0.76152,39.67084,7.985185867576104,2.974691838557135,0.0
26.31061,23.25449,37.38641,1254.55563,-0.85595,39.68184,7.96108881512783,2.9657150524885445,0.0
26.32353,23.26646,37.35678,1250.34262,-0.95236,39.69284,7.940741853743011,2.958135274011924,0.0
26.33641,23.27839,37.32406,1246.16466,-1.05049,39.70384,7.924143949706212,2.951952118041079,0.0
26.34925,23.29028,37.28823,1242.02005,-1.15008,39.71484,7.91128850206715,2.947163125548343,0.0
26.36203,23.30214,37.24926,1237.90704,-1.25089,39.72585,7.902163535308191,2.943763835338306,0.0
26.37478,23.31396,37.20715,1233.82383,-1.35265,39.73687,7.8967518417970375,2.9417478371151753,0.0
26.38748,23.32574,37.16189,1229.76857,-1.45511,39.74788,7.895031075183108,2.9411068062753922,0.0
26.40013,23.3375,37.11347,1225.73933,-1.55801,39.75891,7.896973796239648,2.9418305209850204,0.0
26.41274,23.34921,37.06191,1221.73417,-1.66109,39.76993,7.902547473010462,2.9439068622344107,0.0
26.42531,23.36089,37.00723,1217.75108,-1.7641,39.78097,7.9117144374059,2.947321797669061,0.0
26.43783,23.37254,36.94946,1213.788,-1.86677,39.792,7.924431800736261,2.9520593501235886,0.0
26.45031,23.38415,36.88862,1209.84286,-1.96885,39.80304,7.940651331013538,2.9581015519133995,0.0
26.46275,23.39573,36.82478,1205.91352,-2.07009,39.81409,7.960319295141382,2.9654283860463027,0.0
26.47515,23.40727,36.75796,1201.99783,-2.17023,39.82514,7.983376269553606,2.9740177156803647,0.0
26.4875,23.41878,36.68824,1198.0936,-2.26903,39.8362,8.009756923133502,2.9838452032556457,0.0
26.49981,23.43026,36.61568,1194.19863,-2.36623,39.84726,8.039389776700178,2.994884220896535,0.0
26.51207,23.4417,36.54035,1190.31067,-2.46159,39.85832,8.072196943738831,3.0071057538269494,0.0
26.52429,23.45311,36.46234,1186.42749,-2.55488,39.86939,8.108093857430534,3.0204782986817524,0.0
26.53647,23.46448,36.38173,1182.54682,-2.64585,39.88046,8.146988989494648,3.034967758768152,0.0
26.54861,23.47582,36.2986,1178.6664,-2.73427,39.89153,8.188783566785549,3.0505373384905243,0.0
26.56071,23.48712,36.21308,1174.78396,-2.81993,39.9026,8.2333712919899,3.0671474393028015,0.0
26.57276,23.49839,36.12525,1170.89724,-2.9026,39.91368,8.2806380751778,3.0847555597042096,0.0
26.58477,23.50963,36.03524,1167.004,-2.98208,39.92476,8.330461783364527,3.1033162019444247,0.0
26.59674,23.52083,35.94316,1163.102,-3.05815,39.93583,8.382712015595875,3.1227807882369527,0.0
26.60866,23.532,35.84913,1159.18904,-3.13063,39.94691,8.437249911308756,3.1430975893684,0.0
26.62054,23.54313,35.75328,1155.26295,-3.19932,39.95799,8.493928000023725,3.1642116687049917,0.0
26.63238,23.55423,35.65575,1151.32158,-3.26405,39.96907,8.552590100513346,3.1860648446301325,0.0
26.64418,23.56529,35.55667,1147.36285,-3.32466,39.98014,8.613071277652807,3.2085956744701276,0.0
26.65593,23.57632,35.45618,1143.38473,-3.38098,39.99121,8.675197865075365,3.2317394629339256,0.0
26.66764,23.58732,35.35442,1139.38524,-3.43289,40.00228,8.738787561543736,3.255428298014005,0.0
26.67931,23.59827,35.25155,1135.36248,-3.48024,40.01334,8.803649608563138,3.2795911171519,0.0
26.69093,23.6092,35.14771,1131.31462,-3.52292,40.0244,8.869585056241956,3.3041538062782996,0.0
26.70251,23.62008,35.04305,1127.23992,-3.56082,40.03546,8.936387123670695,3.329039334063683,0.0
26.71404,23.63093,34.93773,1123.13673,-3.59387,40.0465,9.003841659173185,3.354167923374006,0.0
26.72553,23.64175,34.8319,1119.00352,-3.62199,40.05754,9.07172770469803,3.3794572615213694,0.0
26.73698,23.65252,34.72571,1114.83883,-3.64511,40.06857,9.139818167316415,3.4048227504146134,0.0
26.74838,23.66326,34.61931,1110.64136,-3.66321,40.07959,9.207880599277066,3.43017779715032,0.0
26.75974,23.67397,34.51287,1106.4099,-3.67627,40.0906,9.275678086472944,3.4554341449900328,0.0
26.77105,23.68463,34.40654,1102.14339,-3.68427,40.1016,9.342970243295884,3.4805022439697835,0.0
26.78231,23.69526,34.30046,1097.8409,-3.68723,40.11259,9.40951430996169,3.5052916596825656,0.0
26.79353,23.70585,34.19478,1093.50164,-3.6852,40.12356,9.4750663463519,3.5297115180158003,0.0
26.8047,23.7164,34.08965,1089.12497,-3.67821,40.13452,9.539382514313369,3.5536709828416746,0.0
26.81583,23.72692,33.98522,1084.71039,-3.66634,40.14546,9.602220438314522,3.57707976289739,0.0
26.82691,23.73739,33.88161,1080.25758,-3.64969,40.15639,9.663340632278329,3.599848643317998,0.0
26.83794,23.74782,33.77897,1075.76636,-3.62837,40.1673,9.722507978504787,3.621890036573926,0.0
26.84893,23.75822,33.67741,1071.23671,-3.60249,40.17819,9.779493242833771,3.643118546909016,0.0
26.85986,23.76857,33.57708,1066.66878,-3.57222,40.18907,9.834074608596785,3.663451541777903,0.0
26.87075,23.77888,33.47807,1062.06287,-3.53772,40.19992,9.886039210708166,3.6828097233353625,0.0
26.88159,23.78916,33.38051,1057.41946,-3.49918,40.21076,9.935184650197067,3.7011176926393157,0.0
26.89239,23.79939,33.28449,1052.73916,-3.4568,40.22157,9.98132046899891,3.7183044990494527,0.0
26.90313,23.80958,33.19011,1048.02276,-3.41081,40.23237,10.024269564550053,3.7343041672009685,0.0
26.91382,23.81973,33.09746,1043.2712,-3.36143,40.24314,10.063869524049027,3.7490561940519793,0.0
26.92447,23.82983,33.00662,1038.48557,-3.30892,40.25388,10.099973858884962,3.762506008740586,0.0
26.93506,23.83989,32.91766,1033.66708,-3.25355,40.26461,10.132453120904922,3.7746053884238377,0.0
26.9456,23.84991,32.83064,1028.81711,-3.1956,40.2753,10.161195883695349,3.785312823830876,0.0
26.9561,23.85989,32.74562,1023.93714,-3.13536,40.28598,10.186109574055635,3.794593829008728,0.0
26.96654,23.86982,32.66264,1019.02879,-3.07313,40.29663,10.207121141080002,3.8024211905729057,0.0
26.97693,23.87971,32.58174,1014.0938,-3.00923,40.30725,10.224177552901661,3.8087751527576783,0.0
26.98727,23.88955,32.50294,1009.13399,-2.94397,40.31784,10.23724611395852,3.813643535605894,0.0
26.99755,23.89935,32.42626,1004.15129,-2.87768,40.32841,10.24631459863079,3.8170217847525065,0.0
27.00779,23.9091,32.3517,999.14771,-2.81069,40.33896,10.251391200167717,3.8189129523984384,0.0
