0.04705,0.04705,50.24791,4965.68351,-0.23872,45.00008,20.43338615211001,7.611973976407723,0.0
0.09399,0.09399,50.23389,4954.30318,0.02276,45.00017,20.380037616106822,7.592100243062072,0.0
0.14082,0.14082,50.2537,4942.91381,0.28275,45.00027,20.230055725743274,7.536228042640613,0.0
0.18755,0.18755,50.30688,4931.56899,0.53958,45.00038,19.987289296198806,7.445791160066108,0.0
0.23416,0.23417,50.39277,4920.32008,0.79168,45.00049,19.657351581236902,7.322880680059048,0.0
0.28067,0.28067,50.51052,4909.21525,1.03757,45.00061,19.247362479887364,7.170148952343854,0.0
0.32707,0.32707,50.65909,4898.29872,1.27588,45.00075,18.7656420775019,6.990695427628661,0.0
0.37336,0.37336,50.8373,4887.61013,1.50539,45.00089,18.22137687946613,6.787942320881109,0.0
0.41954,0.41955,51.04384,4877.18408,1.72506,45.00105,17.624279938530286,6.565507999816465,0.0
0.46562,0.46563,51.27727,4867.04997,1.93399,45.00122,16.98426406655305,6.327085247673861,0.0
0.51159,0.51161,51.53608,4857.23183,2.13147,45.0014,16.31114392995778,6.076330285935416,0.0
0.55747,0.55749,51.81869,4847.7485,2.31695,45.0016,15.614378622216057,5.816766875803023,0.0
0.60326,0.60328,52.12348,4838.61376,2.49003,45.00182,14.902861849547794,5.551708156851091,0.0
0.64894,0.64898,52.44879,4829.83672,2.65049,45.00206,14.184762639488373,5.2841973067766,0.0
0.69454,0.69458,52.79297,4821.42219,2.79822,45.00232,13.467415840317956,5.016966749555387,0.0
0.74006,0.7401,53.15437,4813.37114,2.93326,45.0026,12.757258831724416,4.752414578498835,0.0
0.78549,0.78554,53.53137,4805.68117,3.05574,45.00291,12.059808887443818,4.492596123241839,0.0
0.83084,0.83091,53.92238,4798.347,3.16588,45.00325,11.37967448487929,4.239228162873401,0.0
0.87612,0.87619,54.32586,4791.36097,3.26401,45.00361,10.720593434567787,3.993703130166251,0.0
0.92132,0.92141,54.74031,4784.71345,3.3505,45.004,10.085490854107928,3.757110708390351,0.0
0.96646,0.96656,55.16431,4778.39331,3.42576,45.00443,9.476550573368469,3.5302644316318355,0.0
1.01153,1.01165,55.59647,4772.38825,3.49026,45.00489,8.895294377590309,3.3137312049335175,0.0
1.05654,1.05667,56.03549,4766.68517,3.54447,45.00538,8.342664440816684,3.1078620129165944,0.0
1.1015,1.10164,56.48014,4761.27047,3.58892,45.00591,7.8191052712658555,2.912822446588083,0.0
1.14639,1.14656,56.92924,4756.13029,3.62409,45.00648,7.324642409603541,2.7286220205179785,0.0
1.19124,1.19142,57.38169,4751.25072,3.6505,45.00709,6.858955943701655,2.5551415590211755,0.0
1.23604,1.23624,57.83645,4746.61798,3.66865,45.00773,6.421447604776158,2.3921581912342185,0.0
1.28078,1.28101,58.29253,4742.21857,3.67904,45.00842,6.011300781991739,2.2393677081346315,0.0
1.32549,1.32574,58.74904,4738.03936,3.68214,45.00916,5.627533239744361,2.096404201115735,0.0
1.37015,1.37043,59.2051,4734.0677,3.67841,45.00993,5.269042655178096,1.9628570259098372,0.0
1.41477,1.41508,59.65994,4730.29145,3.6683,45.01075,4.93464532865638,1.838285223257306,0.0
1.45935,1.4597,60.1128,4726.69905,3.65223,45.01162,4.623108573654668,1.7222295849938132,0.0
1.5039,1.50428,60.56299,4723.27951,3.63059,45.01253,4.333177381396241,1.6142225873287634,0.0
1.54842,1.54883,61.00988,4720.02248,3.60377,45.01349,4.063595994627349,1.513796427644172,0.0
1.5929,1.59335,61.45285,4716.91818,3.57212,45.0145,3.813125027441142,1.4204894020795327,0.0
1.63735,1.63784,61.89136,4713.95744,3.53598,45.01556,3.580554744861671,1.3338508525262607,0.0
1.68177,1.6823,62.32489,4711.13168,3.49567,45.01667,3.3647150759253885,1.253444896764015,0.0
1.72616,1.72674,62.75296,4708.43287,3.45147,45.01782,3.164482884046169,1.1788531368629618,0.0
1.77053,1.77116,63.17513,4705.85353,3.40367,45.01903,2.978786963729587,1.1096765205913148,0.0
1.81487,1.81555,63.59099,4703.38671,3.35251,45.02029,2.8066111769183038,1.0455365097865135,0.0
1.85919,1.85993,64.00016,4701.02591,3.29824,45.0216,2.64699608803248,0.9860756894507988,0.0
1.90348,1.90428,64.40228,4698.76514,3.24107,45.02296,2.499039405757688,0.9309579323288328,0.0
1.94776,1.94861,64.79702,4696.5988,3.18122,45.02437,2.3618954928762186,0.8798682163069647,0.0
1.99201,1.99293,65.18408,4694.52174,3.11888,45.02584,2.23477416339772,0.8325121763127439,0.0
2.03624,2.03723,65.56319,4692.52915,3.05422,45.02736,2.1169389490611743,0.7886154585412943,0.0
2.08045,2.08151,65.93407,4690.61659,2.98741,45.02893,2.0077049848684396,0.7479229327609266,0.0
2.12464,2.12578,66.29648,4688.77997,2.9186,45.03056,1.90643663534422,0.7101978080325161,0.0
2.16882,2.17003,66.65021,4687.01547,2.84794,45.03224,1.8125449594052243,0.6752206883065651,0.0
2.21297,2.21427,66.99505,4685.31957,2.77555,45.03398,1.7254850915728441,0.6427885968560182,0.0
2.25711,2.2585,67.33079,4683.68901,2.70155,45.03577,1.644753600434831,0.6127139922337349,0.0
2.30124,2.30272,67.65727,4682.12077,2.62607,45.03761,1.569885871269981,0.584823793231318,0.0
2.34535,2.34692,67.97431,4680.61204,2.5492,45.03951,1.5004535482544277,0.5589584260336569,0.0
2.38944,2.39112,68.28176,4679.16025,2.47104,45.04147,1.4360620622826974,0.534970903267225,0.0
2.43352,2.43531,68.57914,4677.76366,2.38621,45.05939,1.3764134653038091,0.5127502314435467,37.99999935178988
2.47756,2.4795,68.866,4676.42063,2.3005,45.07673,1.321226341310402,0.49219157569537914,37.99999935178988
2.52159,2.5237,69.14225,4675.12897,2.21396,45.09353,1.2701746429267466,0.47317347479644073,37.99999935178988
2.56559,2.5679,69.40779,4673.88666,2.12666,45.10983,1.2229610030659408,0.45558515168266117,37.99999935178988
2.60956,2.6121,69.66255,4672.6918,2.03865,45.12567,1.1793138732531556,0.43932544740229634,37.99999935178988
2.65352,2.65631,69.90644,4671.54264,1.94999,45.1411,1.1389853952178555,0.42430202822802815,37.99999935178988
2.69745,2.70052,70.13941,4670.43754,1.86071,45.15615,1.101749454603718,0.4104306606126998,37.99999935178988
2.74136,2.74473,70.36137,4669.37499,1.77088,45.17086,1.0673999044160334,0.39763454937672793,37.99999935178988
2.78525,2.78894,70.57227,4668.35355,1.68052,45.18525,1.0357489461939684,0.38584373465217736,37.99999935178988
2.82912,2.83316,70.77207,4667.37188,1.58967,45.19935,1.006625657398525,0.37499454329602866,37.99999935178988
2.87297,2.87739,70.9607,4666.42873,1.49838,45.2132,0.9798746541002807,0.3650290907061745,37.99999935178988
2.91681,2.92161,71.13812,4665.52293,1.40668,45.22682,0.955354878710498,0.35589482921936183,37.99999935178988
2.96062,2.96585,71.30428,4664.65335,1.3146,45.24023,0.9329385031772098,0.34754413952287455,37.99999935178988
3.00442,3.01008,71.45916,4663.81894,1.22218,45.25346,0.9125099387778512,0.33993396177623475,37.99999935178988
3.0482,3.05432,71.6027,4663.01871,1.12944,45.26652,0.8939649443270814,0.3330254633951522,37.99999935178988
3.09196,3.09857,71.73489,4662.25169,1.0364,45.27945,0.8772098253118119,0.32678374070825056,37.99999935178988
3.13571,3.14282,71.85568,4661.51698,0.9431,45.29225,0.8621607171273519,0.3211775519436721,37.99999935178988
3.17944,3.18707,71.96506,4660.81372,0.84957,45.30495,0.8487429462329795,0.3161790792427186,37.99999935178988
3.22315,3.23134,72.06299,4660.14106,0.75582,45.31757,0.8368904636566685,0.3117637176254572,37.99999935178988
3.26685,3.2756,72.14947,4659.49819,0.66188,45.33012,0.8265453458720424,0.30790988905425315,37.99999935178988
3.31053,3.31987,72.22446,4658.88432,0.56778,45.34262,0.8176573586217757,0.30459887994650975,37.99999935178988
3.3542,3.36415,72.28796,4658.29871,0.47352,45.35508,0.8101835798029953,0.3018147006895583,37.99999935178988
3.39786,3.40844,72.33995,4657.74059,0.37915,45.36753,0.8040880780260132,0.29954396589532833,37.99999935178988
3.4415,3.45273,72.38043,4657.20923,0.28467,45.37998,0.7993416439505854,0.29777579431603474,37.99999935178988
3.48512,3.49703,72.40937,4656.70392,0.19011,45.39243,0.7959215719566372,0.296501727510779,37.99999935178988
3.52873,3.54133,72.42678,4656.22392,0.09549,45.40492,0.7938114901540586,0.295715666519725,37.99999935178988
3.57233,3.58564,72.43265,4655.76853,0.00082,45.41745,0.7930012371597683,0.29541382596031246,37.99999935178988
3.61591,3.62996,72.42698,4655.33703,-0.09387,45.43003,0.7934867844823181,0.2955947051134812,37.99999935178988
3.65948,3.67429,72.40977,4654.92869,-0.18856,45.44269,0.7952702037604772,0.2962590757191807,37.99999935178988
3.70304,3.71863,72.38102,4654.5428,-0.28323,45.45544,0.7983596784915492,0.29740998634547755,37.99999935178988
3.74658,3.76297,72.34074,4654.1786,-0.37787,45.46828,0.8027695602805812,0.29905278334286506,37.99999935178988
3.79011,3.80732,72.28894,4653.83534,-0.47245,45.48124,0.8085204700233126,0.30119514853757473,37.99999935178988
3.83362,3.85168,72.22562,4653.51225,-0.56695,45.49434,0.8156394448300921,0.3038471539646004,37.99999935178988
3.87712,3.89605,72.1508,4653.20855,-0.66135,45.50758,0.8241601318846371,0.30702133408518767,37.99999935178988
3.92061,3.94043,72.0645,4652.92339,-0.75564,45.52099,0.8341230308318144,0.3107327760826591,37.99999935178988
3.96409,3.98482,71.96672,4652.65594,-0.84978,45.53457,0.8455757866894185,0.3149992289797592,37.99999935178988
4.00755,4.02922,71.8575,4652.40531,-0.94375,45.54836,0.8585735356966213,0.319841232476301,37.99999935178988
4.051,4.07363,71.73684,4652.17058,-1.03754,45.56236,0.873179306930512,0.32528226656189535,37.99999935178988
4.09443,4.11805,71.60479,4651.95078,-1.13111,45.57659,0.8894644829644028,0.33134892312328934,37.99999935178988
4.13786,4.16248,71.46136,4651.7449,-1.22445,45.59108,0.9075093232824231,0.3380711009300753,37.99999935178988
4.18126,4.20692,71.30659,4651.55186,-1.31752,45.60585,0.9274035546287472,0.34548222555531105,37.99999935178988
4.22466,4.25137,71.14051,4651.37055,-1.4103,45.6209,0.9492470329350415,0.35361949596090997,37.99999935178988
4.26804,4.29584,70.96317,4651.19975,-1.50275,45.63628,0.9731504819453083,0.36252415965482987,37.99999935178988
4.3114,4.34031,70.77459,4651.03822,-1.59485,45.65201,0.9992363141348566,0.3722418185049895,37.99999935178988
4.35476,4.3848,70.57484,4650.88459,-1.68656,45.6681,1.0276395399900016,0.3828227674698809,37.99999935178988
4.39809,4.4293,70.36396,4650.73744,-1.77785,45.68458,1.0585087721780402,0.3943223686783067,37.99999935178988
4.44141,4.47382,70.142,4650.59524,-1.86868,45.70149,1.0920073315597514,0.40680146344813783,37.99999935178988
4.48472,4.51835,69.90903,4650.45634,-1.95902,45.71886,1.1283144623946895,0.4203268249822584,37.99999935178988
4.52801,4.56289,69.6651,4650.31901,-2.04881,45.73672,1.1676266644050908,0.4349716545974201,37.99999935178988
4.57129,4.60745,69.41029,4650.18136,-2.13801,45.7551,1.210159149599102,0.45081612442922664,37.99999935178988
4.61454,4.65202,69.14468,4650.04139,-2.22658,45.77404,1.2561474318525505,0.46794796959316665,37.99999935178988
4.65779,4.6966,68.86834,4649.89691,-2.31446,45.79359,1.3058490571867398,0.4864631327586192,37.99999935178988
4.70101,4.74121,68.58137,4649.74562,-2.4016,45.81378,1.359545482368533,0.5064664639768142,37.99999935178988
4.74421,4.78582,68.28385,4649.585,-2.48794,45.83467,1.4175441088867315,0.5280724783905499,37.99999935178988
4.7874,4.83046,67.9759,4649.41235,-2.57341,45.85631,1.4801804783640713,0.551406174082927,37.99999935178988
4.83057,4.87511,67.65762,4649.22476,-2.65795,45.87874,1.5478206340238576,0.5766039117858037,37.99999935178988
4.87372,4.91978,67.32914,4649.01908,-2.74147,45.90204,1.6208636507586465,0.6038143573969496,37.99999935178988
4.91684,4.96447,66.99059,4648.79191,-2.8239,45.92625,1.6997443335269933,0.633199487203833,37.99999935178988
4.95994,5.00917,66.6421,4648.53958,-2.90516,45.95147,1.7849360800406444,0.6649356543099233,37.99999935178988
5.00303,5.05389,66.28427,4648.25725,-2.97796,45.95688,1.876838175608729,0.6991716029986998,0.0
5.04611,5.09861,65.91772,4647.93977,-3.04903,45.96236,1.975864981259427,0.7360616936556545,0.0
5.08919,5.14333,65.54267,4647.58257,-3.11822,45.96788,2.0825680526958092,0.7758113952924849,0.0
5.13225,5.18806,65.15937,4647.18071,-3.18538,45.97346,2.1975407158215594,0.8186417374196574,0.0
5.17531,5.23279,64.76807,4646.72886,-3.25037,45.97909,2.321418879319585,0.8647896127533196,0.0
5.21836,5.27753,64.36907,4646.2213,-3.31301,45.98478,2.4548823816225456,0.914508278997263,0.0
5.2614,5.32226,63.96265,4645.65186,-3.37312,45.99051,2.5986559376668508,0.9680677115336971,0.0
5.30442,5.367,63.54916,4645.01391,-3.4305,45.9963,2.7535095517107715,1.02575475720886,0.0
5.34744,5.41174,63.12893,4644.30034,-3.48495,46.00214,2.9202582363537344,1.08787302966031,0.0
5.39045,5.45647,62.70236,4643.50348,-3.53624,46.00803,3.0997608487251713,1.1547424757666511,0.0
5.43344,5.50121,62.26984,4642.61515,-3.58413,46.01397,3.2929178227561793,1.2266985308590603,0.0
5.47643,5.54595,61.83182,4641.62657,-3.62836,46.01996,3.5006675420796647,1.3040907675311537,0.0
5.51939,5.59069,61.38878,4640.52837,-3.66865,46.026,3.7239810622038974,1.3872809295097708,0.0
5.56235,5.63542,60.94121,4639.31054,-3.70472,46.03209,3.9638548546009553,1.4766402286370024,0.0
5.60529,5.68016,60.48967,4637.96246,-3.73624,46.03823,4.221301211168866,1.572545770279867,0.0
5.64821,5.72488,60.03473,4636.47282,-3.76288,46.04441,4.497335917888099,1.6753759614430275,0.0
5.69112,5.76961,59.57704,4634.82971,-3.7843,46.05064,4.79296278510105,1.785504747890865,0.0
5.734,5.81432,59.11726,4633.02053,-3.80012,46.05691,5.109154613331249,1.9032945234143166,0.0
5.77687,5.85903,58.65612,4631.03208,-3.80996,46.06322,5.446830183767497,2.0290875581808,0.0
5.81972,5.90373,58.19437,4628.85055,-3.81341,46.06958,5.806826898570966,2.1631958065287282,0.0
5.86254,5.94842,57.73284,4626.46161,-3.81004,46.07598,6.189868766001015,2.3058889805845157,0.0
5.90534,5.9931,57.2724,4623.85043,-3.79943,46.08242,6.596529537964679,2.457380818029854,0.0
5.94811,6.03776,56.81397,4621.00183,-3.78114,46.0889,7.027190972345989,2.6178135337212,0.0
5.99085,6.08241,56.35853,4617.90033,-3.7547,46.09542,7.481996417869564,2.787240528830206,0.0
6.03356,6.12704,55.90711,4614.53036,-3.71967,46.10197,7.960800212657936,2.9656075404749203,0.0
6.07624,6.17164,55.4608,4610.87641,-3.6756,46.10856,8.463113752645691,3.1527325507850303,0.0
6.11889,6.21623,55.02073,4606.92322,-3.62204,46.11517,8.988049521218693,3.348284936469801,0.0
6.1615,6.26079,54.58808,4602.65605,-3.55859,46.12182,9.534264867871038,3.5517645248885237,0.0
6.20406,6.30532,54.1641,4598.06095,-3.48484,46.1285,10.099907862051088,3.7624814231834875,0.0
6.24659,6.34982,53.75004,4593.12505,-3.40044,46.13521,10.682568097701905,3.979537691676882,0.0
6.28907,6.39429,53.34723,4587.83693,-3.30508,46.14194,11.279235839248042,4.2018121246759454,0.0
6.3315,6.43872,52.95699,4582.18693,-3.1985,46.14869,11.886273322433489,4.427949559279975,0.0
6.37387,6.48311,52.58069,4576.16755,-3.08053,46.15546,12.499402283353284,4.656356229616475,0.0
6.4162,6.52745,52.21968,4569.77383,-2.95106,46.16225,13.11371180879923,4.885202691301488,0.0
6.45846,6.57175,51.87534,4563.00369,-2.81009,46.16905,13.723690304884576,5.112435730593437,0.0
6.50066,6.616,51.54902,4555.85833,-2.65774,46.17587,14.323284704284468,5.335800420648027,0.0
6.5428,6.66019,51.24202,4548.34247,-2.4942,46.18271,14.905988936650015,5.552873079075281,0.0
6.58486,6.70433,50.95562,4540.46465,-2.31983,46.18955,15.464962172463535,5.761105316886807,0.0
6.62686,6.7484,50.69105,4532.23739,-2.13511,46.19639,15.993175469745989,5.95787866825282,0.0
6.66878,6.79241,50.44943,4523.67729,-1.94063,46.20325,16.483583317112764,6.140568494803988,0.0
6.71061,6.83634,50.23181,4514.80503,-1.73714,46.2101,16.929314344895353,6.3066150305421775,0.0
6.75237,6.88021,50.03914,4505.64521,-1.52551,46.21696,17.32387338574365,6.453598654731333,0.0
6.79404,6.924,49.87222,4496.22617,-1.30673,46.22381,17.66134534880061,6.579315840391798,0.0
6.83562,6.96771,49.73173,4486.57959,-1.08191,46.23067,17.936590263572644,6.68185181327395,0.0
6.87711,7.01134,49.61823,4476.74009,-0.85226,46.23752,18.145418543025922,6.759645841973016,0.0
6.91851,7.05488,49.53207,4466.74462,-0.61904,46.24436,18.28473612564912,6.811545307166372,0.0
6.9598,7.09834,49.4735,4456.63188,-0.3836,46.2512,18.352650692173622,6.836845270136539,0.0
7.00101,7.14171,49.44255,4446.44159,-0.1473,46.25804,18.348532508828285,6.835311138484478,0.0
7.04211,7.18499,49.43914,4436.21384,0.08846,46.26486,18.2730264110777,6.807183130387385,0.0
7.08311,7.22817,49.46299,4425.98838,0.32234,46.27168,18.128014714340868,6.7531624578655425,0.0
7.12401,7.27127,49.51367,4415.80387,0.55299,46.2785,17.91653408667626,6.674380359670272,0.0
7.16482,7.31427,49.59063,4405.69736,0.77916,46.2853,17.642652316608427,6.572352194056933,0.0
7.20552,7.35718,49.69315,4395.70367,0.99964,46.29211,17.31131318578956,6.448919649769683,0.0
7.24612,7.4,49.8204,4385.85493,1.21335,46.2989,16.92815912898783,6.3061846822210645,0.0
7.28662,7.44273,49.97143,4376.18025,1.41929,46.30569,16.49934195809237,6.1464390032036915,0.0
7.32702,7.48537,50.14521,4366.70545,1.6166,46.31248,16.031331674707214,5.9720928585510515,0.0
7.36732,7.52792,50.34061,4357.45286,1.80453,46.31927,15.53073241950686,5.785606464429796,0.0
7.40754,7.57038,50.55645,4348.44131,1.98247,46.32606,15.00411308980788,5.5894269079284395,0.0
7.44765,7.61276,50.79148,4339.68617,2.14992,46.33285,14.4578583131882,5.38593263080942,0.0
7.48768,7.65506,51.04442,4331.1994,2.3065,46.33964,13.898043505626353,5.177386885378555,0.0
7.52762,7.69728,51.31397,4322.98977,2.45197,46.34644,13.330335852015855,4.965900847121291,0.0
7.56748,7.73943,51.59882,4315.06305,2.58617,46.35324,12.759921366577824,4.753406442787238,0.0
7.60725,7.7815,51.89765,4307.4223,2.70906,46.36006,12.191456813003448,4.541638439378192,0.0
7.64694,7.8235,52.20915,4300.06813,2.82068,46.36688,11.629044232324933,4.332124955109845,0.0
7.68656,7.86543,52.53204,4292.99898,2.92115,46.37372,11.076225143354725,4.1261852989228,0.0
7.7261,7.9073,52.86507,4286.21143,3.01065,46.38057,10.53599111696169,3.9249339096786784,0.0
7.76557,7.9491,53.207,4279.70048,3.08944,46.38743,10.010807332555675,3.7292891315704204,0.0
7.80497,7.99085,53.55664,4273.45984,3.1578,46.39432,9.502645844226723,3.5399856066344335,0.0
7.84431,8.03254,53.91284,4267.48214,3.21607,46.40123,9.01302555445462,3.3575891660091695,0.0
7.88358,8.07418,54.27451,4261.7592,3.2646,46.40815,8.54305625951058,3.1825132380061487,0.0
7.92279,8.11577,54.64059,4256.28223,3.30378,46.4151,8.093484544671727,3.015035945284944,0.0
7.96195,8.15731,55.01005,4251.04201,3.33401,46.42208,7.664739731433746,2.855317221398826,0.0
8.00105,8.1988,55.38195,4246.02905,3.35569,46.42908,7.256978485198429,2.703415428332075,0.0
8.04009,8.24026,55.75537,4241.23377,3.36923,46.43611,6.870127061941738,2.559303094495417,0.0
8.07909,8.28167,56.12945,4236.64653,3.37504,46.44317,6.50392049531343,2.4228815129517014,0.0
8.11803,8.32305,56.50336,4232.25781,3.37352,46.45026,6.157938297190702,2.2939940408114765,0.0
8.15693,8.36439,56.87634,4228.05826,3.36506,46.45738,5.831636464748374,2.172438022708786,0.0
8.19579,8.4057,57.24766,4224.03875,3.35005,46.46454,5.52437575897379,2.0579753252920243,0.0
8.2346,8.44698,57.61663,4220.19044,3.32887,46.47173,5.235446348241723,1.950341517604002,0.0
8.27337,8.48823,57.98261,4216.50482,3.30187,46.47896,4.964089002087423,1.8492537663200426,0.0
8.3121,8.52945,58.345,4212.97369,3.26939,46.48622,4.7095130809287475,1.754417537392819,0.0
8.35079,8.57064,58.70324,4209.58925,3.23178,46.49352,4.470911603257124,1.6655322089774272,0.0
8.38945,8.61181,59.05678,4206.34404,3.18933,46.50086,4.247473688129969,1.5822957065871923,0.0
8.42807,8.65296,59.40514,4203.231,3.14236,46.50824,4.038394672574117,1.504408272092653,0.0
8.46666,8.69409,59.74786,4200.24342,3.09113,46.51566,3.84288419468514,1.4315754748887373,0.0
8.50522,8.7352,60.08449,4197.37498,3.03593,46.52311,3.660172517255803,1.3635105676127446,0.0
8.54375,8.77629,60.41463,4194.61969,2.977,46.53062,3.4895153461716917,1.2999362811234996,0.0
8.58224,8.81736,60.73791,4191.97193,2.91459,46.53816,3.3301973748042393,1.2405861448810105,0.0
8.62071,8.85842,61.05397,4189.4264,2.84892,46.54574,3.181534761592859,1.1852054099110043,0.0
8.65915,8.89946,61.36248,4186.97812,2.78019,46.55337,3.042876724202626,1.1335516426706083,0.0
8.69756,8.94049,61.66313,4184.62241,2.70862,46.56105,2.913606410724831,1.0853950495934777,0.0
8.73595,8.9815,61.95564,4182.35487,2.63438,46.56877,2.7931411869622407,1.040518584111114,0.0
8.77431,9.02251,62.23974,4180.1714,2.55765,46.57653,2.680932459137089,0.9987178806069289,0.0
8.81264,9.0635,62.51518,4178.06812,2.47861,46.58434,2.576465133567364,0.9598010531314425,0.0
8.85096,9.10448,62.78172,4176.04141,2.39739,46.59219,2.4792567989815164,0.923588390792998,0.0
8.88924,9.14546,63.03916,4174.08785,2.31416,46.60009,2.388856703154091,0.8899119765276088,0.0
8.92751,9.18642,63.28729,4172.20426,2.22904,46.60804,2.3048445833371662,0.8586152514038953,0.0
8.96576,9.22738,63.52593,4170.38762,2.14217,46.61603,2.2268293993979835,0.8295525426835201,0.0
9.00398,9.26833,63.75489,4168.63511,2.05366,46.62407,2.1544480095252716,0.8025885704869485,0.0
9.04218,9.30928,63.97403,4166.94407,1.96364,46.63216,2.0873638206668974,0.7775979450459648,0.0
9.08037,9.35022,64.18319,4165.312,1.8722,46.6403,2.025265439337853,0.7544646640941478,0.0
9.11853,9.39115,64.38223,4163.73653,1.77945,46.64849,1.967865343004711,0.7330816179226225,0.0
9.15667,9.43208,64.57103,4162.21543,1.68549,46.65672,1.9148985876927331,0.7133501079297034,0.0
9.1948,9.47301,64.74946,4160.74657,1.5904,46.665,1.8661215637284232,0.6951793831022571,0.0
9.23291,9.51393,64.91743,4159.32795,1.49428,46.67333,1.8213108084452097,0.6784861977173289,0.0
9.271,9.55485,65.07482,4157.95766,1.39719,46.68171,1.7802618821982146,0.6631943926280711,0.0
9.30907,9.59577,65.22155,4156.63389,1.29923,46.69014,1.7427883120258878,0.6492345017499073,0.0
9.34712,9.63668,65.35754,4155.35487,1.20047,46.69862,1.7087206057018667,0.6365433847689087,0.0
9.38516,9.6776,65.4827,4154.11897,1.10096,46.70715,1.6779053376850903,0.6250638866341606,0.0
9.42318,9.71851,65.59697,4152.92455,1.00079,46.71573,1.6502043075084496,0.6147445240353924,0.0
9.46118,9.75942,65.70029,4151.77009,0.90002,46.72435,1.625493770434131,0.6055391988018481,0.0
9.49917,9.80033,65.7926,4150.65408,0.79871,46.73303,1.6036637396892797,0.5974069379667134,0.0
9.53714,9.84125,65.87385,4149.57507,0.69692,46.74176,1.5846173592209347,0.590311660101824,0.0
9.5751,9.88216,65.944,4148.53164,0.5947,46.75053,1.5682703456988933,0.5842219674490519,0.0
9.61304,9.92307,66.00302,4147.5224,0.49212,46.75936,1.5545504983644622,0.5791109633260668,0.0
9.65097,9.96398,66.05086,4146.54598,0.38923,46.76824,1.543397275290788,0.5749560942721625,0.0
9.68888,10.0049,66.08752,4145.60103,0.28609,46.77717,1.5347614346503888,0.5717390164109715,0.0
9.72678,10.04582,66.11296,4144.68622,0.18274,46.78615,1.5286047396713045,0.5694454855388683,0.0
9.76466,10.08673,66.12717,4143.80021,0.07924,46.79518,1.5248997260888426,0.568065270494627,0.0
9.80253,10.12766,66.13015,4142.94167,-0.02435,46.80425,1.523629531046052,0.5675920894203442,0.0
9.84039,10.16858,66.12189,4142.10925,-0.128,46.81338,1.52478778257552,0.568023568590503,0.0
9.87823,10.2095,66.10239,4141.30161,-0.23163,46.82257,1.5283785489689443,0.5693612235508034,0.0
9.91605,10.25043,66.07166,4140.51738,-0.33521,46.8318,1.534416347533484,0.5716104623801358,0.0
9.95387,10.29137,66.02972,4139.75515,-0.43868,46.84108,1.5429262124079837,0.5747806109539075,0.0
9.99167,10.3323,65.97658,4139.01351,-0.54199,46.85041,1.5539438212859136,0.5788849601516729,0.0
10.02945,10.37324,65.91227,4138.291,-0.64509,46.85979,1.5675156810348074,0.5839408350052573,0.0
10.06722,10.41418,65.83682,4137.58611,-0.74791,46.86923,1.5836993723270245,0.5899696858301535,0.0
10.10498,10.45513,65.75026,4136.89729,-0.85041,46.87871,1.6025638534758322,0.5969972014124563,0.0
10.14273,10.49608,65.65264,4136.22294,-0.95252,46.88824,1.624189823710196,0.6050534443382791,0.0
10.18046,10.53703,65.544,4135.56138,-1.0542,46.89783,1.648670146090842,0.6141730085411172,0.0
10.21818,10.57799,65.42439,4134.91087,-1.15537,46.90746,1.6761103301748066,0.6243951991070898,0.0
10.25588,10.61895,65.29389,4134.26959,-1.25597,46.91715,1.706629074345658,0.6357642343072188,0.0
10.29358,10.65992,65.15256,4133.63564,-1.35594,46.92688,1.7403588674221957,0.6483294697124975,0.0
10.33126,10.70089,65.00047,4133.00701,-1.45521,46.93667,1.7774466487233405,0.6621456440854298,0.0
10.36892,10.74186,64.83771,4132.38161,-1.55371,46.9465,1.8180545251793407,0.6772731465228237,0.0
10.40657,10.78284,64.66437,4131.75722,-1.65135,46.95639,1.862360543281653,0.6937783040274316,0.0
10.44421,10.82383,64.48054,4131.13148,-1.74808,46.96632,1.9105595126512371,0.7117336883088108,0.0
10.48184,10.86482,64.28635,4130.50194,-1.84379,46.9763,1.9628638767298332,0.7312184401387329,0.0
10.51945,10.90581,64.08189,4129.86597,-1.9384,46.98634,2.0195046244722485,0.7523186089805486,0.0
10.55705,10.94681,63.86731,4129.22079,-2.03183,46.99642,2.080732234958523,0.775127504882074,0.0
10.59463,10.98781,63.64274,4128.56346,-2.12396,47.00655,2.146817644418874,0.7997460587178263,0.0
10.6322,11.02882,63.40833,4127.89085,-2.21471,47.01673,2.2180532222504623,0.8262831857809502,0.0
10.66976,11.06983,63.16424,4127.19963,-2.30395,47.02696,2.2947537390995434,0.8548561464192898,0.0
10.7073,11.11084,62.91064,4126.48626,-2.39158,47.03723,2.3772573059265136,0.8855908958618269,0.0
10.74482,11.15186,62.64772,4125.74699,-2.47746,47.04756,2.465926258053962,0.9186224135498426,0.0
10.78233,11.19288,62.37569,4124.97781,-2.56147,47.05793,2.561147952453184,0.95409500014712,0.0
10.81983,11.23391,62.09474,4124.17447,-2.64347,47.06835,2.6633354398401536,0.9921625279133772,0.0
10.85731,11.27494,61.80513,4123.33241,-2.72331,47.07881,2.7729279654631567,1.032988627260839,0.0
10.89478,11.31597,61.5071,4122.44683,-2.80083,47.08932,2.890391243694412,1.0767467890468396,0.0
10.93222,11.357,61.2009,4121.51258,-2.87587,47.09988,3.016217441627698,1.1236203584635074,0.0
10.96965,11.39804,60.88684,4120.5242,-2.94824,47.11048,3.1509247958265107,1.1738023922663685,0.0
11.00707,11.43908,60.56521,4119.47589,-3.01776,47.12113,3.2950567741903014,1.22749534654747,0.0
11.04446,11.48011,60.23633,4118.36148,-3.08422,47.13182,3.449180681719964,1.2849105573463377,0.0
11.08184,11.52115,59.90057,4117.17444,-3.14742,47.14256,3.6138855949168813,1.3462674711592724,0.0
11.1192,11.56219,59.5583,4115.90784,-3.20713,47.15334,3.7897794950340025,1.411792576999947,0.0
11.15656,11.60321,59.20806,4114.55848,-3.29769,47.09762,3.9785337111064876,1.4821084889092726,-54.99999906180115
11.19395,11.64417,58.84833,4113.12219,-3.38598,47.03855,4.182086307648791,1.557937186912429,-54.99999906180115
11.23137,11.68509,58.47937,4111.5898,-3.47183,46.97587,4.401556677490192,1.6396956742913216,-54.99999906180115
11.26881,11.72595,58.10147,4109.95145,-3.55504,46.90927,4.63813268717076,1.7278264625867754,-54.99999906180115
11.30629,11.76675,57.71493,4108.19655,-3.63541,46.83846,4.893079276371022,1.8228007751123534,-54.99999906180115
11.3438,11.80749,57.32011,4106.31373,-3.71271,46.76309,5.1677385156946745,1.9251185684799341,-54.99999906180115
11.38135,11.84816,56.91736,4104.29078,-3.7867,46.6828,5.463528304522699,2.035308047516112,-54.99999906180115
11.41893,11.88876,56.50708,4102.11462,-3.85712,46.59721,5.781939353590721,2.153924541192868,-54.99999906180115
11.45656,11.92929,56.08968,4099.77125,-3.92371,46.50591,6.124530039658032,2.281548585856398,-54.99999906180115
11.49422,11.96973,55.66562,4097.2457,-3.98615,46.40845,6.492918659248301,2.4187830395417125,-54.99999906180115
11.53193,12.01008,55.23538,4094.52202,-4.04414,46.30435,6.8887725471120005,2.566249028313581,-54.99999906180115
11.56969,12.05034,54.7995,4091.58322,-4.09734,46.19312,7.313793465870025,2.724580503524355,-54.99999906180115
11.60751,12.0905,54.35853,4088.41129,-4.1454,46.07421,7.769698620489442,2.8944171692066494,-54.99999906180115
11.64537,12.13055,53.91308,4084.98715,-4.18793,45.94705,8.258196610854567,3.0763955237733414,-54.99999906180115
11.68329,12.17048,53.4638,4081.29067,-4.22453,45.81105,8.780957615080263,3.271137752517247,-54.99999906180115
11.72128,12.21028,53.01137,4077.30071,-4.25479,45.66556,9.339577105161528,3.4792382107358986,-54.99999906180115
11.75933,12.24995,52.55655,4072.99516,-4.27826,45.50991,9.935532446332834,3.701247255850955,-54.99999906180115
11.79744,12.28947,52.1001,4068.35102,-4.29448,45.34343,10.570131835805103,3.937652225744226,-54.99999906180115
11.83563,12.32884,51.64289,4063.3445,-4.30298,45.16536,11.244455209987454,4.188855425142944,-54.99999906180115
11.8739,12.36804,51.18579,4057.95114,-4.30325,44.97499,11.959287007669184,4.455149078135951,-54.99999906180115
11.91225,12.40706,50.72974,4052.14605,-4.29481,44.77153,12.715041034661807,4.736687338275919,-54.99999906180115
11.95069,12.44589,50.27575,4045.90408,-4.27714,44.55421,13.511678145510185,5.033455622850833,-54.99999906180115
11.98921,12.4845,49.82486,4039.20011,-4.24973,44.32226,14.348618046972188,5.345237757359564,-54.99999906180115
12.02783,12.5229,49.37816,4032.00942,-4.21208,44.07491,15.224647234576254,5.6715816794572325,-54.99999906180115
12.06656,12.56106,48.93681,4024.30801,-4.1637,43.81139,16.137825883578007,6.011764753386696,-54.99999906180115
12.10538,12.59897,48.502,4016.07308,-4.10412,43.53097,17.085397398504114,6.364760074803745,-54.99999906180115
12.14432,12.63661,48.07495,4007.28349,-4.0329,43.23299,18.06370523059868,6.729205483087221,-54.99999906180115
12.18337,12.67396,47.65694,3997.92032,-3.94966,42.91681,19.0681224264024,7.1033773163310645,-54.99999906180115
12.22254,12.71101,47.24925,3987.96741,-3.85405,42.58189,20.093000077801904,7.485171207631323,-54.99999906180115
12.26183,12.74773,46.85322,3977.41199,-3.74581,42.22778,21.131641288616745,7.872092386954836,-54.99999906180115
12.30125,12.78411,46.47016,3966.24523,-3.62476,41.85416,22.17630732935938,8.26125797394927,-54.99999906180115
12.3408,12.82013,46.1014,3954.46291,-3.49079,41.46081,23.218262195610073,8.649413577110163,-54.99999906180115
12.38049,12.85576,45.74826,3942.06591,-3.34393,41.04771,24.247860712735598,9.032966115106815,-54.99999906180115
12.42031,12.891,45.41201,3929.06076,-3.18431,40.61496,25.25468357941511,9.408034124048903,-54.99999906180115
12.46026,12.92581,45.09391,3915.46001,-3.01219,40.16289,26.22772031800305,9.770515911310344,-54.99999906180115
12.50036,12.96018,44.79514,3901.28259,-2.82799,39.69201,27.155598090346324,10.116174795441735,-54.99999906180115
12.54059,12.99409,44.51683,3886.55392,-2.63224,39.20302,28.02685092696606,10.44073940112438,-54.99999906180115
12.58096,13.02753,44.26,3871.30595,-2.42564,38.69685,28.83022038281516,10.740015661350721,-54.99999906180115
12.62147,13.06047,44.02559,3855.57697,-2.20902,38.17463,29.554975324083735,11.01000594642345,-54.99999906180115
12.66212,13.09291,43.81441,3839.4113,-1.98337,37.6377,30.19123585286761,11.247029734417499,-54.99999906180115
12.70289,13.12482,43.62716,3822.85872,-1.74978,37.08757,30.730284659431973,11.44783959809043,-54.99999906180115
12.74379,13.1562,43.46438,3805.97376,-1.50949,36.52593,31.16484864852408,11.609726118093942,-54.99999906180115
12.78482,13.18703,43.32649,3788.81492,-1.26379,35.95462,31.48933468196385,11.730605703291634,-54.99999906180115
12.82596,13.21731,43.21375,3771.44364,-1.01411,35.37559,31.700005710201562,11.809086204398541,-54.99999906180115
12.86721,13.24703,43.12625,3753.92326,-0.76189,34.79088,31.795087246884957,11.8445065785589,-54.99999906180115
12.90856,13.27618,43.06396,3736.31794,-0.50862,34.20258,31.774798724067672,11.836948569986296,-54.99999906180115
12.95001,13.30477,43.02666,3718.69155,-0.25579,33.61279,31.64130928670295,11.787220242249457,-54.99999906180115
12.99155,13.33279,43.01401,3701.1066,-0.00489,33.02361,31.39862252824282,11.69681303925014,-54.99999906180115
13.03317,13.36024,43.02553,3683.62327,0.24266,32.43707,31.05239904475561,11.567835681963043,-54.99999906180115
13.07486,13.38714,43.06059,3666.29852,0.48547,31.85512,30.609729094372913,11.402929478098109,-54.99999906180115
13.11662,13.41348,43.11846,3649.18534,0.72227,31.27962,30.078869836712784,11.205170436872004,-54.99999906180115
13.15843,13.43927,43.19829,3632.3322,0.95187,30.71226,29.46896249950175,10.977963906133041,-54.99999906180115
13.20029,13.46453,43.29916,3615.78251,1.17317,30.15462,28.789744441973752,10.724937308401199,-54.99999906180115
13.24219,13.48926,43.42003,3599.57445,1.38524,29.60808,28.051269649335296,10.449836017702175,-54.99999906180115
13.28413,13.51348,43.55984,3583.74076,1.58723,29.07387,27.26364897769201,10.156426593967952,-54.99999906180115
13.32609,13.53719,43.71744,3568.30876,1.77845,28.55302,26.436818788072145,9.848410593122946,-54.99999906180115
13.36807,13.56043,43.89167,3553.30048,1.95832,28.0464,25.580343766752037,9.52935111246713,-54.99999906180115
13.41007,13.58319,44.08132,3538.73289,2.1264,27.5547,24.703256989552973,9.20261321041847,-54.99999906180115
13.45208,13.60549,44.28517,3524.61817,2.28235,27.07843,23.813937849314737,8.871318431284873,-54.99999906180115
13.49409,13.62736,44.502,3510.96409,2.42597,26.61797,22.920026455810433,8.538312916980216,-54.99999906180115
13.5361,13.6488,44.73061,3497.77442,2.55714,26.17353,22.0283715954962,8.206148020661814,-54.99999906180115
13.5781,13.66984,44.96977,3485.04934,2.67584,25.74519,21.14500830748684,7.877071953191382,-54.99999906180115
13.6201,13.69048,45.21832,3472.78589,2.78214,25.33293,20.27516055086135,7.55303077677647,-54.99999906180115
13.66209,13.71075,45.47508,3460.97836,2.87617,24.93659,19.423264240337577,7.235676986365424,-54.99999906180115
13.70407,13.73066,45.73894,3449.61874,2.95815,24.55596,18.593006031242325,6.926383958069215,-54.99999906180115
13.74603,13.75023,46.00879,3438.69711,3.02833,24.19072,17.787373558066825,6.626264664345219,-54.99999906180115
13.78797,13.76947,46.28359,3428.20198,3.08701,23.84049,17.008713297553715,6.3361932295195915,-54.99999906180115
13.82989,13.7884,46.56231,3418.12063,3.13452,23.50485,16.258792770977724,6.056828101773453,-54.99999906180115
13.8718,13.80702,46.84398,3408.4394,3.17124,23.18333,15.53886436917361,5.788635829645133,-54.99999906180115
13.91368,13.82536,47.12767,3399.14398,3.19756,22.87543,14.849728638210031,5.531914637608845,-54.99999906180115
13.95554,13.84343,47.41249,3390.21962,3.21388,22.58061,14.19179537711231,5.286817186583981,-54.99999906180115
13.99738,13.86123,47.6976,3381.65132,3.2206,22.29835,13.56514135504779,5.053372075105296,-54.99999906180115
14.03919,13.87879,47.98218,3373.42403,3.21815,22.02808,12.969563846306382,4.831503782511744,-54.99999906180115
14.08099,13.89611,48.26548,3365.52275,3.20695,21.76926,12.404629505396267,4.621050876205621,-54.99999906180115
14.12275,13.91319,48.54678,3357.9327,3.1874,21.52132,11.869718364635384,4.421782401913025,-54.99999906180115
14.1645,13.93007,48.82538,3350.63935,3.15993,21.28374,11.364062938184716,4.233412450965156,-54.99999906180115
14.20622,13.94673,49.10066,3343.62855,3.12492,21.05597,10.886782566794292,4.0556129546198605,-54.99999906180115
14.24792,13.9632,49.372,3336.88657,3.08278,20.83749,10.436913244190475,3.8880247951756752,-54.99999906180115
14.28959,13.97947,49.63884,3330.40013,3.03388,20.62778,10.013433236765923,3.730267349980436,-54.99999906180115
14.33124,13.99557,49.90063,3324.15643,2.97859,20.42636,9.615284850061535,3.5819466000185134,-54.99999906180115
14.37287,14.01149,50.15687,3318.14319,2.91726,20.23274,9.241392715037302,3.4426619420278413,-54.99999906180115
14.41448,14.02724,50.4071,3312.34863,2.85024,20.04648,8.890678969445341,3.31201184396082,-54.99999906180115
14.45606,14.04283,50.65085,3306.7615,2.77786,19.86711,8.562075699901866,3.189598479983498,-54.99999906180115
14.49762,14.05827,50.88774,3301.37105,2.70043,19.69423,8.254534991783748,3.075031474326465,-54.99999906180115
14.53916,14.07356,51.11735,3296.16702,2.61825,19.52743,7.967036910248416,2.967930874424764,-54.99999906180115
14.58068,14.0887,51.33934,3291.13966,2.5316,19.36631,7.698595708636992,2.8679294637114063,-54.99999906180115
14.62218,14.10371,51.55336,3286.27968,2.44077,19.21052,7.448264532137058,2.7746745138555187,-54.99999906180115
14.66366,14.11859,51.75909,3281.57822,2.34602,19.05968,7.215138856171487,2.687829065652645,-54.99999906180115
14.70512,14.13333,51.95625,3277.02689,2.24759,18.91347,6.9983588713851725,2.607072817495063,-54.99999906180115
14.74656,14.14795,52.14456,3272.61766,2.14573,18.77157,6.797111001088408,2.532102690659366,-54.99999906180115
14.78798,14.16245,52.32376,3268.34291,2.04066,18.63366,6.610628712806663,2.4626331316301098,-54.99999906180115
14.82939,14.17684,52.49363,3264.19538,1.9326,18.49946,6.438192763538371,2.398396203464787,-54.99999906180115
14.87077,14.19111,52.65394,3260.16813,1.82176,18.36867,6.27913099838879,2.3391415107796454,-54.99999906180115
14.91214,14.20527,52.80449,3256.25454,1.70834,18.24105,6.132817804510811,2.284635996328275,-54.99999906180115
14.95348,14.21932,52.9451,3252.44828,1.59252,18.11631,5.998673306579916,2.234663641294853,-54.99999906180115
14.99482,14.23327,53.0756,3248.74328,1.47449,17.99423,5.876162376266239,2.189025096296431,-54.99999906180115
15.03613,14.24711,53.19584,3245.13371,1.35442,17.87456,5.764793516224507,2.1475372656398215,-54.99999906180115
15.07743,14.26086,53.30567,3241.61397,1.23248,17.75707,5.664117668749482,2.1100328635144026,-54.99999906180115
15.11871,14.2745,53.40497,3238.17865,1.10884,17.64156,5.573726990360746,2.076359957492713,-54.99999906180115
15.15998,14.28805,53.49363,3234.82251,0.98364,17.52779,5.493253625961664,2.046381511872405,-54.99999906180115
15.20123,14.3015,53.57154,3231.54048,0.85705,17.41557,5.422368509764294,2.0199749409892287,-54.99999906180115
15.24246,14.31486,53.63861,3228.32762,0.7292,17.3047,5.36078021462267,1.9970316805634003,-54.99999906180115
15.28369,14.32813,53.69477,3225.1791,0.60024,17.19498,5.30823386680424,1.977456783423415,-54.99999906180115
15.32489,14.34131,53.73995,3222.0902,0.47031,17.08622,5.264510139249209,1.9611685444686557,-54.99999906180115
15.36608,14.35439,53.7741,3219.05627,0.33954,16.97823,5.229424333029537,1.9480981584887065,-54.99999906180115
15.40726,14.36739,53.79717,3216.07271,0.20807,16.87083,5.20282555386289,1.9381894133931303,-54.99999906180115
15.44842,14.38029,53.80913,3213.13499,0.07604,16.76384,5.184595988075666,1.931398420488646,-54.99999906180115
15.48957,14.39311,53.80995,3210.23857,-0.05644,16.65708,5.174650280260212,1.9276933826400677,-54.99999906180115
15.5307,14.40584,53.79964,3207.37894,-0.18923,16.55036,5.172935012945905,1.9270544004340888,-54.99999906180115
15.57182,14.41848,53.77818,3204.55157,-0.3222,16.44351,5.179428286852321,1.9294733158125474,-54.99999906180115
15.61293,14.43103,53.74558,3201.7519,-0.45522,16.33634,5.194139398598905,1.934953592010796,-54.99999906180115
15.65402,14.4435,53.70187,3198.97533,-0.58817,16.22868,5.217108611101745,1.9435102280244572,-54.99999906180115
15.6951,14.45587,53.64708,3196.21719,-0.72091,16.12035,5.248407010195964,1.9551697051974968,-54.99999906180115
15.73616,14.46816,53.58124,3193.47273,-0.85332,16.01114,5.288136439216922,1.9699699628519942,-54.99999906180115
15.77722,14.48035,53.50442,3190.73711,-0.98526,15.90088,5.336429501309471,1.987960399148406,-54.99999906180115
15.81825,14.49246,53.41667,3188.00535,-1.11659,15.78938,5.393449617075136,2.0092018925606565,-54.99999906180115
15.85928,14.50447,53.31807,3185.27237,-1.24718,15.67642,5.4593911226963625,2.0337668384299965,-54.99999906180115
15.90029,14.51639,53.20871,3182.5329,-1.37689,15.56182,5.5344793908792145,2.06173919401935,-54.99999906180115
15.94128,14.52821,53.08869,3179.78154,-1.50557,15.44536,5.618970953761747,2.0932145242999085,-54.99999906180115
15.98227,14.53995,52.95811,3177.01267,-1.63308,15.32682,5.713153603277055,2.128300039339012,-54.99999906180115
16.02324,14.55158,52.81711,3174.22046,-1.75926,15.20597,5.817346440298217,2.1671146126079304,-54.99999906180115
16.06419,14.56311,52.66582,3171.39889,-1.88395,15.0826,5.931899839149121,2.209788767761215,-54.99999906180115
16.10513,14.57454,52.50438,3168.54166,-2.00698,14.95644,6.057195288708397,2.2564646194437334,-54.99999906180115
16.14605,14.58587,52.33297,3165.64221,-2.1282,14.82726,6.193645065333286,2.3072957514462025,-54.99999906180115
16.18696,14.5971,52.15177,3162.69372,-2.24742,14.69479,6.341691686168441,2.362447013048329,-54.99999906180115
16.22786,14.60821,51.96097,3159.68904,-2.36445,14.55875,6.501807084002889,2.4220942116313267,-54.99999906180115
16.26874,14.61921,51.76078,3156.62071,-2.47911,14.41886,6.674491436909123,2.4864236766876764,-54.99999906180115
16.3096,14.6301,51.55143,3153.48096,-2.59119,14.27482,6.860271577244062,2.555631667132124,-54.99999906180115
16.35044,14.64087,51.33316,3150.26163,-2.70049,14.12631,7.059698895606843,2.629923590470807,-54.99999906180115
16.39127,14.65152,51.10624,3146.95421,-2.80679,13.97301,7.2733466459697915,2.709512998891637,-54.99999906180115
16.43208,14.66205,50.87096,3143.5498,-2.90986,13.81457,7.501806548855532,2.7946203238583953,-54.99999906180115
16.47287,14.67244,50.6276,3140.03912,-3.00947,13.65063,7.745684580420793,2.8854713074336567,-54.99999906180115
16.51364,14.6827,50.3765,3136.41248,-3.10536,13.48083,8.00559582704906,2.9822950854791643,-54.99999906180115
16.55439,14.69282,50.118,3132.65978,-3.19729,13.30477,8.282158278219569,3.0853218753362173,-54.99999906180115
16.59512,14.7028,49.85246,3128.77051,-3.28498,13.12203,8.575985425788916,3.1947802188633387,-54.99999906180115
16.63582,14.7127,49.58443,3124.72187,-3.26588,13.12912,8.882386989264704,3.3089228631684033,0.0
16.67646,14.7226,49.31866,3120.4942,-3.23835,13.13621,9.195764120391809,3.425664089961815,0.0
16.71704,14.73249,49.05584,3116.08172,-3.20221,13.14331,9.515070460686577,3.544614103177064,0.0
16.75757,14.74238,48.7967,3111.47926,-3.15729,13.15042,9.839132318231927,3.6653356716933434,0.0
16.79804,14.75225,48.54197,3106.68228,-3.10346,13.15753,10.166614546298625,3.7873314182241913,0.0
16.83845,14.76213,48.29237,3101.68699,-3.0406,13.16464,10.496020442278564,3.910043781667467,0.0
16.8788,14.77199,48.04864,3096.49051,-2.96868,13.17175,10.825695186683438,4.032856298222862,0.0
16.91908,14.78184,47.81151,3091.09085,-2.88767,13.17885,11.15383327764678,4.155096370939501,0.0
16.95929,14.79169,47.58171,3085.48713,-2.79761,13.18595,11.478490337973959,4.276039668152738,0.0
16.99943,14.80153,47.35996,3079.67958,-2.6986,13.19305,11.797599559592744,4.3949162494746785,0.0
17.0395,14.81135,47.14695,3073.66964,-2.59079,13.20013,12.108992904023932,4.510918463527292,0.0
17.07949,14.82117,46.94337,3067.46004,-2.47439,13.2072,12.410427000383608,4.623210595629679,0.0
17.1194,14.83097,46.74987,3061.05483,-2.34966,13.21426,12.69961347959967,4.73094016809187,0.0
17.15924,14.84076,46.56708,3054.45943,-2.21696,13.22131,12.97425326421934,4.833250714070334,0.0
17.19899,14.85054,46.39559,3047.68063,-2.07669,13.22833,13.232074108559486,4.929295762261722,0.0
17.23865,14.8603,46.23594,3040.72657,-1.9293,13.23534,13.470870468457367,5.018253689434054,0.0
17.27822,14.87005,46.08864,3033.60674,-1.77534,13.24233,13.688544588534333,5.099343026513518,0.0
17.31771,14.87978,45.95413,3026.33189,-1.61539,13.2493,13.883147543588128,5.171837747582967,0.0
17.3571,14.8895,45.83282,3018.91397,-1.45011,13.25624,14.052918873667346,5.23508203499001,0.0
17.39639,14.89921,45.72504,3011.36602,-1.28017,13.26316,14.196323421286824,5.288504002179001,0.0
17.43559,14.90889,45.63107,3003.70205,-1.10634,13.27005,14.312084021322224,5.331627871536885,0.0
17.47469,14.91856,45.55111,2995.93691,-0.92938,13.27692,14.399208811755715,5.3640841483645625,0.0
17.51369,14.92821,45.48532,2988.08612,-0.75012,13.28376,14.457012122447262,5.385617402493802,0.0
17.55259,14.93785,45.43377,2980.16567,-0.56938,13.29057,14.485128150273082,5.396091362636134,0.0
17.59138,14.94746,45.39647,2972.19193,-0.388,13.29735,14.483516926844064,5.395491139514986,0.0
17.63007,14.95706,45.37336,2964.18139,-0.20683,13.30411,14.452462411167632,5.383922515332031,0.0
17.66866,14.96663,45.36431,2956.15049,-0.02673,13.31084,14.39256287227606,5.361608361043199,0.0
17.70714,14.97619,45.36915,2948.1155,0.15149,13.31754,14.304714044943516,5.328882361420067,0.0
17.74551,14.98573,45.3876,2940.09229,0.32702,13.32421,14.190085824888127,5.286180333399447,0.0
17.78378,14.99525,45.41937,2932.09624,0.49908,13.33085,14.050093501969215,5.234029509692452,0.0
17.82194,15.00475,45.46409,2924.14204,0.66693,13.33747,13.886364698969851,5.173036222611111,0.0
17.85999,15.01423,45.52134,2916.24362,0.82989,13.34406,13.70070328322606,5.1038724602007,0.0
17.89794,15.02369,45.59064,2908.41402,0.9873,13.35063,13.495051547948595,5.02726177778703,0.0
17.93579,15.03313,45.6715,2900.66533,1.13859,13.35718,13.271451923706504,4.943965034496658,0.0
17.97353,15.04255,45.76337,2893.00862,1.28321,13.3637,13.032009387209058,4.854766389539058,0.0
18.01117,15.05196,45.86567,2885.4539,1.42069,13.3702,12.778855595311823,4.760459941180193,0.0
18.0487,15.06134,45.97778,2878.01011,1.55061,13.37669,12.514115601034435,4.661837327583391,0.0
18.08614,15.07071,46.09909,2870.6851,1.67263,13.38315,12.239877818545201,4.559676537975828,0.0
18.12348,15.08006,46.22894,2863.48566,1.78644,13.3896,11.958167708739763,4.454732109834214,0.0
18.16072,15.08939,46.36667,2856.41752,1.89181,13.39604,11.67092546758017,4.347726817204041,0.0
18.19786,15.0987,46.5116,2849.48543,1.98856,13.40246,11.379987824809486,4.239344890241869,0.0
18.23492,15.108,46.66307,2842.69317,2.07656,13.40888,11.087073907731323,4.130226749101254,0.0
18.27188,15.11728,46.82039,2836.04363,2.15573,13.41528,10.79377499756142,4.020965187904188,0.0
18.30875,15.12655,46.98289,2829.53884,2.22605,13.42168,10.501547906298601,3.9121029074512634,0.0
18.34553,15.13579,47.14988,2823.18009,2.28752,13.42807,10.211711629891475,3.804131268438209,0.0
18.38223,15.14503,47.32072,2816.96793,2.3402,13.43446,9.925446887208757,3.6974901197102055,0.0
18.41885,15.15425,47.49474,2810.90229,2.38417,13.44085,9.643798130902136,3.5925685473612083,0.0
18.45539,15.16346,47.67131,2804.98251,2.41956,13.44724,9.367677612555958,3.489706389109172,0.0
18.49184,15.17265,47.84979,2799.20745,2.4465,13.45364,9.097871096524047,3.389196362850599,0.0
18.52822,15.18183,48.02957,2793.5755,2.46517,13.46003,8.835044840951019,3.2912866672746657,0.0
18.56453,15.191,48.21006,2788.08467,2.47577,13.46644,8.579753497070332,3.196183924559588,0.0
18.60076,15.20015,48.39069,2782.73262,2.4785,13.47285,8.33244861589708,3.104056349339511,0.0
18.63692,15.2093,48.5709,2777.51677,2.47359,13.47927,8.093487492071906,3.015037043269061,0.0
18.67301,15.21843,48.75014,2772.43427,2.46128,13.48571,7.863142115793343,2.9292273298536857,0.0
18.70904,15.22755,48.92791,2767.48208,2.4418,13.49215,7.641608043788656,2.8467000591196974,0.0
18.745,15.23666,49.1037,2762.65703,2.41542,13.49861,7.429013037805849,2.7675028256798417,0.0
18.7809,15.24577,49.27704,2757.95582,2.38239,13.50509,7.225425353437732,2.6916610565383534,0.0
18.81673,15.25486,49.44749,2753.37504,2.34298,13.51158,7.030861592675266,2.6191809363736898,0.0
18.85251,15.26395,49.61459,2748.91124,2.29745,13.51809,6.845294060166889,2.550052147938685,0.0
18.88823,15.27302,49.77794,2744.56093,2.24606,13.52463,6.668657585884071,2.4842504136829855,0.0
18.92389,15.28209,49.93715,2740.32058,2.18909,13.53118,6.500855795709313,2.421739831712068,0.0
18.9595,15.29116,50.09184,2736.18668,2.12678,13.53775,6.341766826819587,2.362475004917951,0.0
18.99505,15.30021,50.24166,2732.1557,2.0594,13.54435,6.191248496916632,2.3064029666534878,0.0
19.03056,15.30926,50.38628,2728.22415,1.98722,13.55098,6.0491429456032275,2.2534649097671604,0.0
19.06601,15.3183,50.52537,2724.38856,1.91047,13.55763,5.9152807731169155,2.2035977283902746,0.0
19.10141,15.32734,50.65866,2720.64548,1.82941,13.5643,5.789484706386199,2.1567353836393637,0.0
19.13676,15.33637,50.78585,2716.99153,1.74429,13.57101,5.671572825392797,2.112810105521015,0.0
19.17207,15.34539,50.90668,2713.42334,1.65535,13.57774,5.561361384474159,2.0717534439412866,0.0
19.20733,15.35441,51.02092,2709.93759,1.56282,13.5845,5.4586672636306455,2.033497181882139,0.0
19.24255,15.36343,51.12833,2706.53101,1.46693,13.59129,5.363310084519195,1.9979741236647393,0.0
19.27772,15.37244,51.22871,2703.20038,1.36791,13.59811,5.275114024704651,1.9651187708058253,0.0
19.31285,15.38144,51.32186,2699.9425,1.26598,13.60497,5.193909362149817,1.9348678973808873,0.0
19.34794,15.39044,51.40761,2696.75421,1.16136,13.61185,5.119533779972805,1.9071610360806066,0.0
19.38298,15.39944,51.48579,2693.6324,1.05427,13.61877,5.0518334593505045,1.8819408853461579,0.0
19.41799,15.40843,51.55625,2690.57397,0.94491,13.62572,4.990663986094283,1.85915364709251,0.0
19.45295,15.41742,51.61886,2687.57586,0.83348,13.6327,4.935891094083439,1.8387493036569467,0.0
19.48788,15.42641,51.67349,2684.63503,0.7202,13.63972,4.887391266357177,1.8206818417216453,0.0
19.52277,15.4354,51.72006,2681.74844,0.60526,13.64677,4.84505221230443,1.804909430079439,0.0
19.55762,15.44438,51.75845,2678.91309,0.48885,13.65386,4.808773237138349,1.7913945572727883,0.0
19.59244,15.45335,51.7886,2676.12594,0.37117,13.66098,4.778465517609749,1.7801041343042903,0.0
19.62721,15.46233,51.81044,2673.38399,0.25242,13.66814,4.754052295828869,1.771009566840388,0.0
19.66195,15.4713,51.82392,2670.6842,0.13278,13.67533,4.7354690010393625,1.7640868005753838,0.0
19.69666,15.48027,51.829,2668.02354,0.01243,13.68256,4.722663307242013,1.7593163426977894,0.0
19.73133,15.48924,51.82565,2665.39894,-0.10842,13.68982,4.715595132763788,1.7566832617297867,0.0
19.76596,15.49821,51.81386,2662.80731,-0.2296,13.69712,4.714236586049207,1.75617716733309,0.0
19.80056,15.50717,51.79364,2660.24552,-0.35092,13.70445,4.71857186029921,1.757792171059147,0.0
19.83513,15.51613,51.76499,2657.7104,-0.47219,13.71182,4.728597077901322,1.761526828395284,0.0
19.86966,15.52509,51.72794,2655.19875,-0.59322,13.71923,4.744320084019825,1.7673840618716152,0.0
19.90416,15.53405,51.68253,2652.70728,-0.71384,13.72667,4.765760187131521,1.7753710644037861,0.0
19.93862,15.54301,51.62882,2650.23266,-0.83385,13.73415,4.792947842761017,1.7854991814760457,0.0
19.97305,15.55196,51.56685,2647.77151,-0.95305,13.74166,4.825924275156623,1.7977837702055648,0.0
20.00745,15.56092,51.49672,2645.32033,-1.07127,13.74921,4.864741030114416,1.8122440327576337,0.0
20.04181,15.56987,51.41851,2642.87557,-1.1883,13.75679,4.909459450709875,1.8289028210419012,0.0
20.07614,15.57882,51.33233,2640.43361,-1.30395,13.76441,4.960150066166113,1.8477864090497131,0.0
20.11043,15.58777,51.2383,2637.99069,-1.41802,13.77206,5.016891882702565,1.8689242286765875,0.0
20.14469,15.59671,51.13653,2635.543,-1.53031,13.77975,5.079771563745776,1.8923485643291647,0.0
20.17891,15.60566,51.02719,2633.0866,-1.64062,13.78747,5.148882485583646,1.9180942011315645,0.0
20.21311,15.6146,50.91043,2630.61746,-1.74873,13.79522,5.224323653266124,1.9461980210698735,0.0
20.24726,15.62354,50.78642,2628.13143,-1.85443,13.803,5.306198460459339,1.9766985410051754,0.0
20.28138,15.63248,50.65535,2625.62426,-1.95752,13.81082,5.394613276028193,2.0096353861383793,0.0
20.31547,15.64141,50.51743,2623.09156,-2.05776,13.81867,5.489675839428292,2.0450486922514943,0.0
20.34952,15.65035,50.37287,2620.52885,-2.15494,13.82655,5.591493446637226,2.082978429919301,0.0
20.38353,15.65928,50.2219,2617.93152,-2.24883,13.83446,5.700170908401271,2.123463643902521,0.0
20.41751,15.66821,50.06477,2615.29486,-2.3392,13.8424,5.8158082631434995,2.166541601145921,0.0
20.45145,15.67714,49.90176,2612.61402,-2.42581,13.85037,5.938498228062752,2.212246841245604,0.0
20.48536,15.68606,49.73313,2609.88407,-2.50843,13.85836,6.068323373900604,2.2606101239753746,0.0
20.51922,15.69499,49.55918,2607.09996,-2.58681,13.86638,6.2053530117315585,2.3116572695341677,0.0
20.55305,15.70391,49.38024,2604.25655,-2.66072,13.87443,6.349639783976438,2.3654078886088468,0.0
20.58684,15.71282,49.19661,2601.34861,-2.7299,13.88251,6.501215956973518,2.4218740012593982,0.0
20.62058,15.72174,49.00866,2598.37085,-2.79412,13.8906,6.6600894188212685,2.4810585460100483,0.0
20.65429,15.73065,48.81675,2595.3179,-2.85311,13.89872,6.826239394122699,2.542953783478787,0.0
20.68795,15.73955,48.62124,2592.18436,-2.90664,13.90686,6.999611896687671,2.6075396023893234,0.0
20.72158,15.74845,48.42254,2588.9648,-2.95446,13.91502,7.180114952352649,2.674781739945756,0.0
20.75515,15.75735,48.22106,2585.65382,-2.99632,13.92321,7.367613636776369,2.7446299332808906,0.0
20.78869,15.76625,48.01722,2582.246,-3.03199,13.9314,7.561924987399823,2.8170160240274615,0.0
20.82217,15.77513,47.81146,2578.73601,-3.06123,13.93962,7.7628128644077785,2.8918520438910833,0.0
20.85561,15.78402,47.60423,2575.11861,-3.08381,13.94785,7.9699828524195535,2.9690283153959163,0.0
20.889,15.7929,47.39602,2571.38866,-3.09953,13.95609,8.183077312132943,3.0484116084918322,0.0
20.92234,15.80177,47.18729,2567.54122,-3.10817,13.96435,8.401670708923005,3.129843400334551,0.0
20.95563,15.81063,46.97854,2563.57153,-3.10954,13.97261,8.62526536248149,3.2131382919144933,0.0
20.98887,15.81949,46.77027,2559.47508,-3.10346,13.98088,8.853287777352843,3.29808264108489,0.0
21.02205,15.82835,46.56301,2555.24769,-3.08979,13.98917,9.085085727388035,3.3844334764441255,0.0
21.05518,15.83719,46.35726,2550.8855,-3.06837,13.99745,9.319926276745125,3.4719177601063755,0.0
21.08825,15.84603,46.15356,2546.38505,-3.03912,14.00574,9.556994924693797,3.56023206911879,0.0
21.12127,15.85486,45.95243,2541.74337,-3.00193,14.01403,9.795396059926171,3.6490427647042347,0.0
21.15422,15.86368,45.7544,2536.95794,-2.95675,14.02232,10.034154901147637,3.7379867151824286,0.0
21.18711,15.87249,45.56002,2532.02684,-2.90357,14.03061,10.27222108314455,3.826672631874514,0.0
21.21994,15.88129,45.3698,2526.94873,-2.84239,14.0389,10.508474020695623,3.9146830673011914,0.0
21.2527,15.89009,45.18427,2521.72293,-2.77327,14.04718,10.741730146022146,4.001577111323349,0.0
21.2854,15.89887,45.00394,2516.34946,-2.69629,14.05545,10.970752069004947,4.086893803563902,0.0
21.31803,15.90764,44.82931,2510.82906,-2.6116,14.06372,11.194259653855177,4.170156259759102,0.0
21.35058,15.9164,44.66088,2505.16324,-2.51937,14.07197,11.410942942525015,4.2508764860690675,0.0
21.38307,15.92514,44.49911,2499.3543,-2.41982,14.08021,11.619476786018149,4.328560829625905,0.0
21.41548,15.93388,44.34445,2493.40533,-2.31321,14.08844,11.818536972546092,4.402715986696291,0.0
21.44781,15.9426,44.19733,2487.32023,-2.19986,14.09665,12.006817569593181,4.472855463056989,0.0
21.48007,15.9513,44.05814,2481.10373,-2.08014,14.10485,12.183049129074504,4.538506355895182,0.0
21.51224,15.95999,43.92727,2474.76132,-1.95443,14.11303,12.346017345100485,4.599216304316691,0.0
21.54434,15.96867,43.80505,2468.29926,-1.8232,14.12118,12.494581706243629,4.654560437806111,0.0
21.57635,15.97733,43.69178,2461.72457,-1.68692,14.12932,12.627693652369338,4.704148140124028,0.0
21.60828,15.98598,43.58773,2455.04493,-1.54612,14.13743,12.744413733165368,4.747629441310706,0.0
21.64012,15.99461,43.49312,2448.26864,-1.40136,14.14552,12.843927273312506,4.784700853374339,0.0
21.67187,16.00322,43.40816,2441.40458,-1.25323,14.15359,12.92555807895151,4.815110476310631,0.0
21.70354,16.01182,43.33298,2434.46212,-1.10235,14.16163,12.988779771019383,4.838662220068746,0.0
21.73512,16.0204,43.26768,2427.45103,-0.94934,14.16964,13.03322440157306,4.8552190143586005,0.0
21.7666,16.02896,43.21233,2420.38141,-0.79487,14.17763,13.058688095907629,4.8647049104883475,0.0
21.798,16.0375,43.16695,2413.26358,-0.63959,14.1856,13.065133562244563,4.867106016289283,0.0
21.8293,16.04603,43.1315,2406.10804,-0.48417,14.19353,13.052689416631729,4.862470244623324,0.0
21.8605,16.05453,43.10592,2398.9253,-0.32928,14.20144,13.021646378019076,4.850905895948608,0.0
21.89162,16.06302,43.0901,2391.72585,-0.17557,14.20932,12.972450491828651,4.832579133921004,0.0
21.92264,16.07149,43.08388,2384.52007,-0.02369,14.21718,12.905693634266305,4.807710448000395,0.0
21.95356,16.07994,43.08707,2377.31811,0.12573,14.22501,12.82210162991071,4.776570226939933,0.0
21.98439,16.08837,43.09944,2370.12984,0.27208,14.23281,12.722520378221954,4.7394735905454475,0.0
22.01513,16.09678,43.12074,2362.96481,0.41479,14.24059,12.607900428331579,4.696774643378895,0.0
22.04577,16.10517,43.15066,2355.8321,0.55331,14.24834,12.47928046489716,4.648860322804661,0.0
22.07631,16.11354,43.18888,2348.74038,0.68712,14.25607,12.337770171370133,4.596144015105935,0.0
22.10677,16.12189,43.23504,2341.69779,0.81575,14.26378,12.184532921951915,4.539059107782958,0.0
22.13713,16.13023,43.28876,2334.7119,0.93875,14.27147,12.02076872255173,4.478052634610976,0.0
22.16739,16.13854,43.34965,2327.78975,1.05573,14.27913,11.84769777683625,4.413579153561314,0.0
22.19757,16.14684,43.41729,2320.93777,1.16633,14.28678,11.66654499982165,4.346094977706949,0.0
22.22765,16.15512,43.49123,2314.16179,1.27023,14.29441,11.478525741565953,4.276052856922281,0.0
22.25765,16.16337,43.57104,2307.46706,1.36717,14.30202,11.284832921021723,4.203897184904727,0.0
22.28755,16.17162,43.65624,2300.85822,1.45691,14.30962,11.086625708050653,4.130059782927361,0.0
22.31737,16.17984,43.74638,2294.33932,1.53927,14.3172,10.885019832443236,4.054956289693759,0.0
22.3471,16.18804,43.84098,2287.91387,1.61409,14.32477,10.681079544849103,3.978983166573031,0.0
22.37674,16.19623,43.93955,2281.5848,1.68127,14.33233,10.475811207078358,3.9025153098184115,0.0
22.4063,16.2044,44.04164,2275.35455,1.74072,14.33988,10.270158449334184,3.8259042465089905,0.0
22.43578,16.21256,44.14675,2269.22505,1.79241,14.34743,10.064998799885442,3.749476879014079,0.0
22.46518,16.2207,44.25441,2263.19776,1.83633,14.35497,9.86114166862847,3.6735347338169175,0.0
22.4945,16.22882,44.36416,2257.2737,1.87251,14.3625,9.659327549195021,3.598353664278894,0.0
22.52374,16.23692,44.47553,2251.45352,1.90099,14.37003,9.460228294503029,3.5241839532894548,0.0
22.5529,16.24502,44.58807,2245.73746,1.92185,14.37757,9.264448316692931,3.451250760273952,0.0
22.58199,16.25309,44.70133,2240.12542,1.93519,14.3851,9.072526563529658,3.3797548574553917,0.0
22.61101,16.26116,44.81487,2234.61702,1.94114,14.39263,8.884939128566037,3.3098736022089765,0.0
22.63995,16.2692,44.92826,2229.21156,1.93982,14.40017,8.702102360685588,3.2417620954486175,0.0
22.66882,16.27724,45.04111,2223.9081,1.93141,14.40771,8.524376349198436,3.175554479916854,0.0
22.69762,16.28526,45.15299,2218.70549,1.91607,14.41527,8.352068672722055,3.1113653367415783,0.0
22.72635,16.29327,45.26353,2213.60235,1.89398,14.42282,8.185438312870804,3.0492911433883543,0.0
22.75502,16.30127,45.37235,2208.59712,1.86535,14.43039,8.024699646842263,2.989411761003883,0.0
22.78362,16.30925,45.47909,2203.68811,1.83037,14.43797,7.870026445759088,2.931791923903549,0.0
22.81216,16.31722,45.5834,2198.87345,1.78927,14.44557,7.721555817897839,2.8764827085279054,0.0
22.84064,16.32518,45.68495,2194.15117,1.74227,14.45317,7.5793920473035055,2.82352296342759,0.0
22.86905,16.33313,45.78342,2189.5192,1.68958,14.46079,7.4436102887309055,2.772940685726213,0.0
22.89741,16.34107,45.87852,2184.97536,1.63145,14.46843,7.314260089145804,2.7247543329721795,0.0
22.9257,16.349,45.96995,2180.5174,1.56811,14.47608,7.1913687142632625,2.678974062361757,0.0
22.95394,16.35692,46.05744,2176.14299,1.49979,14.48376,7.074944265647421,2.6356028919407493,0.0
22.98212,16.36483,46.14074,2171.84976,1.42674,14.49145,6.964978579912826,2.594637780633286,0.0
23.01025,16.37273,46.21959,2167.63526,1.3492,14.49916,6.861449906579798,2.5560706258133963,0.0
23.03832,16.38062,46.29378,2163.49701,1.26741,14.50689,6.764325365169569,2.5198891786376008,0.0
23.06633,16.3885,46.36309,2159.4325,1.18161,14.51465,6.673563185363069,2.4860778785630027,0.0
23.0943,16.39637,46.42731,2155.43916,1.09205,14.52243,6.589114736509307,2.45461860939256,0.0
23.12221,16.40423,46.48627,2151.51441,0.99896,14.53023,6.510926354613074,2.4254913798760716,0.0
23.15007,16.41209,46.53978,2147.65561,0.90258,14.53805,6.438940976115444,2.3986749323364043,0.0
23.17789,16.41993,46.58771,2143.86014,0.80317,14.5459,6.37309958864553,2.3741472831126944,0.0
23.20565,16.42777,46.62989,2140.1253,0.70095,14.55378,6.313342509200267,2.351886198715946,0.0
23.23336,16.43561,46.66621,2136.44839,0.59617,14.56168,6.259610500298748,2.3318696116258892,0.0
23.26103,16.44343,46.69655,2132.82669,0.48906,14.56961,6.211845734383422,2.3140759795558012,0.0
23.28865,16.45125,46.72079,2129.25743,0.37986,14.57757,6.169992616306171,2.298484591850213,0.0
23.31622,16.45906,46.73887,2125.73783,0.26881,14.58556,6.133998473096696,2.285075826441777,0.0
23.34375,16.46686,46.75069,2122.26506,0.15613,14.59357,6.103814119451452,2.2738313605107816,0.0
23.37123,16.47465,46.7562,2118.83627,0.04207,14.60161,6.079394306548739,2.2647343376805735,0.0
23.39866,16.48244,46.75534,2115.44857,-0.07314,14.60968,6.060698060850363,2.257769494230098,0.0
23.42605,16.49023,46.74809,2112.09905,-0.18928,14.61778,6.047688918606852,2.2529232464532574,0.0
23.4534,16.498,46.73441,2108.78472,-0.30611,14.6259,6.0403350608037,2.2501837409299394,0.0
23.4807,16.50577,46.71429,2105.5026,-0.42339,14.63406,6.038609352286769,2.2495408691012586,0.0
23.50796,16.51353,46.68773,2102.24962,-0.5409,14.64225,6.042489287857323,2.250986247188539,0.0
23.53518,16.52129,46.65475,2099.02269,-0.65841,14.65046,6.0519568471588485,2.2545131621348347,0.0
23.56235,16.52904,46.61538,2095.81866,-0.77568,14.6587,6.06699825929004,2.2601164839170753,0.0
23.58948,16.53679,46.56965,2092.63432,-0.89248,14.66698,6.087603677226562,2.2677925442596054,0.0
23.61657,16.54453,46.51762,2089.46643,-1.00858,14.67528,6.113766761329761,2.2775389814802196,0.0
23.64361,16.55226,46.45934,2086.31167,-1.12374,14.68361,6.145484170541133,2.289354550946718,0.0
23.67061,16.55999,46.3949,2083.16667,-1.23774,14.69197,6.182754959238299,2.303238900389883,0.0
23.69757,16.56771,46.32438,2080.028,-1.35033,14.70035,6.225579877218754,2.3191923091290096,0.0
23.72448,16.57542,46.24788,2076.89218,-1.46129,14.70877,6.273960569945518,2.337215390142368,0.0
23.75136,16.58313,46.16552,2073.75566,-1.57038,14.71721,6.327898675931936,2.3573087538192894,0.0
23.77819,16.59083,46.07743,2070.61482,-1.67736,14.72568,6.387394818131937,2.3794726322265056,0.0
23.80498,16.59853,45.98374,2067.46601,-1.78199,14.73418,6.452447486384924,2.403706462789459,0.0
23.83172,16.60622,45.88461,2064.30548,-1.88404,14.7427,6.523051808301077,2.4300084304147402,0.0
23.85842,16.61391,45.7802,2061.12947,-1.98326,14.75125,6.599198206698448,2.4583749673500837,0.0
23.88508,16.62158,45.67068,2057.93413,-2.07943,14.75982,6.680870942605202,2.4888002104143627,0.0
23.9117,16.62925,45.55625,2054.71557,-2.1723,14.76842,6.7680465441323125,2.521275415711334,0.0
23.93827,16.63692,45.4371,2051.46986,-2.26163,14.77704,6.860692123130351,2.5557883315399943,0.0
23.96479,16.64458,45.31345,2048.19305,-2.34719,14.78568,6.95876358358396,2.5923225309743883,0.0
23.99127,16.65223,45.18553,2044.88111,-2.42874,14.79435,7.062203728068171,2.6308567064687605,0.0
24.01771,16.65988,45.05357,2041.53004,-2.50605,14.80303,7.170940271461354,2.671363929913366,0.0
24.0441,16.66752,44.91782,2038.13579,-2.57888,14.81174,7.284883774357016,2.713810882775995,0.0
24.07045,16.67515,44.77854,2034.69432,-2.64701,14.82047,7.403925512303527,2.758157062337703,0.0
24.09674,16.68277,44.63601,2031.2016,-2.71021,14.82921,7.527935301109578,2.8043539715618753,0.0
24.12299,16.69039,44.4905,2027.65361,-2.76826,14.83797,7.6567593029056455,2.852344301794396,0.0
24.1492,16.698,44.34232,2024.0464,-2.82095,14.84675,7.790217842389918,2.902061119257799,0.0
24.17535,16.7056,44.19176,2020.37604,-2.86807,14.85554,7.92810326769504,2.953427068167843,0.0
24.20145,16.71319,44.03915,2016.63869,-2.90943,14.86434,8.07017789533565,3.0063536051724045,0.0
24.22751,16.72077,43.8848,2012.8306,-2.94483,14.87316,8.21617208370763,3.06074028167925,0.0
24.25351,16.72835,43.72904,2008.94813,-2.97409,14.88199,8.36578248438962,3.1164740924198475,0.0
24.27946,16.73592,43.57221,2004.98778,-2.99705,14.89083,8.518670524760669,3.173428910184509,0.0
24.30536,16.74348,43.41466,2000.9462,-3.01356,14.89967,8.674461179072626,3.231465028014529,0.0
24.33121,16.75102,43.25675,1996.82025,-3.02348,14.90852,8.832742087733104,3.2904288311119085,0.0
24.357,16.75856,43.09882,1992.60695,-3.02669,14.91738,8.993063085925481,3.3501526212379065,0.0
24.38274,16.76609,42.94123,1988.30361,-3.02309,14.92624,9.154936202507075,3.4104546163025797,0.0
24.40841,16.77361,42.78436,1983.90775,-3.01259,14.93511,9.317836188111539,3.4711391470968227,0.0
24.43404,16.78112,42.62856,1979.4172,-2.99515,14.94397,9.481201627289563,3.531997071594037,0.0
24.4596,16.78862,42.4742,1974.83011,-2.97071,14.95284,9.644436683088799,3.5928064248520597,0.0
24.4851,16.7961,42.32164,1970.14495,-2.93928,14.9617,9.806913513620492,3.6533333192478152,0.0
24.51054,16.80358,42.17124,1965.36054,-2.90088,14.97056,9.967975388763502,3.7133331055315693,0.0
24.53592,16.81104,42.02337,1960.47611,-2.85553,14.97941,10.126940521279886,3.772551800018286,0.0
24.56124,16.81849,41.87836,1955.49128,-2.80333,14.98826,10.283106610445621,3.8307277772096238,0.0
24.58649,16.82592,41.73656,1950.40607,-2.74438,14.9971,10.435756078106648,3.8875937203625766,0.0
24.61168,16.83335,41.59831,1945.22096,-2.67881,15.00593,10.584161957311364,3.9428788151600225,0.0
24.6368,16.84076,41.46393,1939.93687,-2.60679,15.01474,10.727594372916919,3.9963111639070767,0.0
24.66185,16.84815,41.33372,1934.55516,-2.52853,15.02355,10.865327532653547,4.047620389886509,0.0
24.68684,16.85553,41.20798,1929.07766,-2.44425,15.03234,10.996647126595484,4.096540393856348,0.0
24.71175,16.8629,41.087,1923.50665,-2.35423,15.04112,11.12085801409264,4.142812217634181,0.0
24.73659,16.87025,40.97103,1917.84488,-2.25876,15.04988,11.237292060590983,4.186186963518955,0.0
24.76136,16.87759,40.86031,1912.09551,-2.15817,15.05862,11.345315973421748,4.226428713328622,0.0
24.78605,16.88491,40.75508,1906.26217,-2.05281,15.06734,11.44433897645178,4.263317387409325,0.0
24.81067,16.89221,40.65553,1900.34886,-1.94308,15.07605,11.533820159007549,4.296651482302959,0.0
24.83522,16.8995,40.56183,1894.36,-1.82939,15.08473,11.61327533532973,4.326250626074482,0.0
24.85968,16.90677,40.47415,1888.30035,-1.71217,15.09339,11.682283257208084,4.351957892681869,0.0
24.88407,16.91402,40.39261,1882.17502,-1.59188,15.10203,11.74049103437893,4.373641821216801,0.0
24.90838,16.92125,40.31732,1875.98938,-1.46899,15.11065,11.787618634510258,4.391198092267509,0.0
24.93261,16.92847,40.24836,1869.74911,-1.344,15.11924,11.823462356551978,4.404550821833137,0.0
24.95676,16.93567,40.18577,1863.46006,-1.21741,15.1278,11.847897197169953,4.413653442882683,0.0
24.98083,16.94285,40.12959,1857.12829,-1.08974,15.13635,11.860878058807897,4.418489155389842,0.0
25.00482,16.95001,40.07981,1850.75997,-0.96149,15.14486,11.862439778532956,4.419070937078745,0.0
25.02872,16.95715,40.0364,1844.36138,-0.8332,15.15336,11.852695987982445,4.415441118724122,0.0
25.05254,16.96427,39.99933,1837.93883,-0.70538,15.16182,11.831836845066288,4.407670539150771,0.0
25.07628,16.97138,39.96849,1831.49865,-0.57853,15.17027,11.800125706533708,4.395857305677114,0.0
25.09993,16.97846,39.94381,1825.04712,-0.45318,15.17868,11.757894835853566,4.38012519518768,0.0
25.1235,16.98552,39.92514,1818.59046,-0.32981,15.18707,11.705540262285531,4.36062173900185,0.0
25.14699,16.99257,39.91235,1812.13476,-0.2089,15.19544,11.643515923834782,4.337516040970384,0.0
25.17039,16.99959,39.90526,1805.68597,-0.09092,15.20379,11.572327238522572,4.310996382604546,0.0
25.19371,17.0066,39.90369,1799.24986,0.0237,15.21211,11.49252425502549,4.281267671509015,0.0
25.21694,17.01358,39.90742,1792.83197,0.13454,15.2204,11.404694535114986,4.24854878990334,0.0
25.24009,17.02054,39.91624,1786.43765,0.24119,15.22868,11.309455917095082,4.213069898812072,0.0
25.26316,17.02749,39.9299,1780.07197,0.3433,15.23693,11.207449301759034,4.175069750643813,0.0
25.28614,17.03441,39.94815,1773.73971,0.44051,15.24516,11.099331591170888,4.134793058701553,0.0
25.30904,17.04132,39.97072,1767.44539,0.53251,15.25338,10.985768896474077,4.092487966912662,0.0
25.33186,17.0482,39.99734,1761.19323,0.61902,15.26157,10.86743011470987,4.048403657024753,0.0
25.35459,17.05507,40.02771,1754.98714,0.69979,15.26975,10.744980957113775,4.002788123988968,0.0
25.37725,17.06192,40.06154,1748.83072,0.77458,15.27791,10.619078493344848,3.95588614354185,0.0
25.39982,17.06874,40.09853,1742.72727,0.8432,15.28606,10.490366258222359,3.9079374493359964,0.0
25.42231,17.07555,40.13837,1736.67975,0.90549,15.29419,10.359469950342918,3.859175130561764,0.0
25.44473,17.08234,40.18076,1730.69086,0.96131,15.30231,10.226993736068872,3.809824255085702,0.0
25.46706,17.08911,40.22538,1724.76297,1.01055,15.31042,10.09351715799073,3.7601007177714605,0.0
25.48932,17.09586,40.27191,1718.89817,1.05312,15.31852,9.959592634439895,3.7102103089824845,0.0
25.5115,17.1026,40.32005,1713.09825,1.08898,15.32661,9.825743526078721,3.660347994335951,0.0
25.53361,17.10931,40.36948,1707.36475,1.11809,15.3347,9.692462737039829,3.610697393590349,0.0
25.55564,17.11601,40.4199,1701.69892,1.14046,15.34278,9.560211811510502,3.5614304440994,0.0
25.57759,17.12269,40.47099,1696.10179,1.15609,15.35085,9.429420482012171,3.512707232534279,0.0
25.59948,17.12935,40.52246,1690.57413,1.16504,15.35892,9.300486622558923,3.4646759774339295,0.0
25.62129,17.136,40.57401,1685.11649,1.16735,15.36699,9.173776558557865,3.417473144651101,0.0
25.64303,17.14263,40.62536,1679.7292,1.16312,15.37506,9.04962568508536,3.3712236776765145,0.0
25.6647,17.14924,40.67621,1674.4124,1.15244,15.38313,8.928339346262018,3.326041325229183,0.0
25.6863,17.15583,40.7263,1669.16603,1.13543,15.3912,8.810193930251124,3.282029049172142,0.0
25.70783,17.16241,40.77535,1663.98985,1.11221,15.39927,8.695438137071156,3.2392794968059646,0.0
25.7293,17.16898,40.82311,1658.88346,1.08293,15.40735,8.584294379409835,3.1978755227088578,0.0
25.7507,17.17553,40.86932,1653.84631,1.04776,15.41544,8.476960280107136,3.157890746588482,0.0
25.77203,17.18206,40.91375,1648.8777,1.00685,15.42353,8.373610233512496,3.1193901349285937,0.0
25.7933,17.18858,40.95617,1643.97677,0.96039,15.43163,8.274397001620951,3.0824305955917546,0.0
25.81451,17.19508,40.99635,1639.14258,0.90857,15.43974,8.17945331947361,3.0470615758732458,0.0
25.83565,17.20157,41.03408,1634.37403,0.85159,15.44786,8.088893487820807,3.01332565581,0.0
25.85674,17.20805,41.06915,1629.66994,0.78966,15.45599,8.002814934326853,2.981259129770451,0.0
25.87776,17.21451,41.10139,1625.029,0.72299,15.46413,7.9212997276678,2.9508925704957845,0.0
25.89872,17.22096,41.13061,1620.44981,0.6518,15.47229,7.844416031696979,2.922251370814864,0.0
25.91962,17.22739,41.15664,1615.9309,0.57632,15.48046,7.772219489385605,2.8953562591985227,0.0
25.94046,17.23381,41.17932,1611.47068,0.49678,15.48865,7.704754528473578,2.8702237861488378,0.0
25.96125,17.24022,41.19851,1607.06752,0.41341,15.49685,7.642055582767281,2.8468667791646944,0.0
25.98197,17.24661,41.21407,1602.71966,0.32647,15.50507,7.584148224723139,2.825294764658963,0.0
26.00265,17.25299,41.22587,1598.42532,0.23618,15.51331,7.5310502063780165,2.8055143557324596,0.0
26.02326,17.25936,41.2338,1594.18262,0.1428,15.52156,7.482772406925854,2.787529605171175,0.0
26.04382,17.26572,41.23775,1589.9896,0.04657,15.52983,7.439319686233543,2.7713423234033994,0.0
26.06433,17.27207,41.23764,1585.84428,-0.05225,15.53813,7.400691644368,2.7569523614435334,0.0
26.08478,17.2784,41.23339,1581.74458,-0.15341,15.54644,7.366883287871694,2.744357859097264,0.0
26.10518,17.28472,41.22492,1577.68837,-0.25665,15.55477,7.337885603983376,2.733555458873883,0.0
26.12552,17.29103,41.21217,1573.67346,-0.36172,15.56312,7.313686044352543,2.724540486182662,0.0
26.14581,17.29732,41.1951,1569.6976,-0.46836,15.5715,7.294268920072694,2.7173070964931316,0.0
26.16605,17.30361,41.17366,1565.7585,-0.57631,15.57989,7.279615710007728,2.7118483901947705,0.0
26.18624,17.30988,41.14784,1561.8538,-0.68531,15.58831,7.269705284477142,2.708156495925638,0.0
26.20638,17.31615,41.11762,1557.98109,-0.79511,15.59675,7.264514046469312,2.706222623178029,0.0
26.22646,17.3224,41.08298,1554.1379,-0.90543,15.60521,7.264015992516095,2.7060370849758675,0.0
26.2465,17.32864,41.04395,1550.32173,-1.01603,15.61369,7.268182695445499,2.7075892914496227,0.0
26.26648,17.33487,41.00052,1546.53,-1.12663,15.62219,7.276983211213912,2.710867715128862,0.0
26.28642,17.34109,40.95273,1542.76012,-1.23698,15.63072,7.2903839120562335,2.7158598287862867,0.0
26.3063,17.34729,40.90062,1539.00942,-1.34682,15.63926,7.308348248287574,2.7225520167025943,0.0
26.32614,17.35349,40.84423,1535.2752,-1.45589,15.64783,7.330836441207652,2.7309294602652905,0.0
26.34592,17.35967,40.78362,1531.55472,-1.56393,15.65642,7.357805109699321,2.740975998866811,0.0
26.36566,17.36585,40.71885,1527.84519,-1.67068,15.66503,7.389206833399584,2.752673967174236,0.0
26.38534,17.37201,40.65001,1524.14379,-1.77588,15.67366,7.424989655606676,2.7660040099490923,0.0
26.40498,17.37817,40.57719,1520.44766,-1.87929,15.68232,7.465096529507857,2.780944875752646,0.0
26.42456,17.38431,40.50046,1516.75392,-1.98064,15.69099,7.509464711805913,2.7974731910558064,0.0
26.4441,17.39044,40.41996,1513.05965,-2.07969,15.69968,7.558025108397986,2.8155632164872855,0.0
26.46359,17.39656,40.33578,1509.36191,-2.17619,15.70839,7.610701577494208,2.835186587226945,0.0
26.48303,17.40267,40.24806,1505.65776,-2.2699,15.71712,7.667410196306769,2.856312039828186,0.0
26.50242,17.40877,40.15692,1501.94422,-2.36057,15.72587,7.728058498373895,2.8789051281010574,0.0
26.52176,17.41485,40.06252,1498.21831,-2.44796,15.73464,7.792544689535357,2.902927931042507,0.0
26.54105,17.42093,39.965,1494.47708,-2.53186,15.74342,7.860756851670518,2.9283387562078573,0.0
26.56028,17.42699,39.86452,1490.71754,-2.61202,15.75222,7.932572144412882,2.955091842328462,0.0
26.57947,17.43305,39.76125,1486.93676,-2.68822,15.76103,8.007856016259582,2.983137065429242,0.0
26.59861,17.43909,39.65536,1483.1318,-2.76027,15.76986,8.086461437687062,3.0124196531440894,0.0
26.6177,17.44512,39.54704,1479.29977,-2.82794,15.7787,8.16822817008417,3.0428799123742225,0.0
26.63673,17.45114,39.43647,1475.43781,-2.89104,15.78755,8.252982085448757,3.074452975857256,0.0
26.65572,17.45715,39.32386,1471.54314,-2.94938,15.79642,8.340534552916338,3.1070685736329926,0.0
26.67465,17.46314,39.20939,1467.61301,-3.00278,15.8053,8.43068190906635,3.1406508357185627,0.0
26.69353,17.46912,39.09329,1463.64475,-3.05108,15.81418,8.52320502974266,3.1751181326003084,0.0
26.71236,17.4751,38.97575,1459.6358,-3.09412,15.82307,8.617869021632776,3.210382960338907,0.0
26.73114,17.48106,38.857,1455.58367,-3.13175,15.83198,8.714423052079582,3.246351877169781,0.0
26.74986,17.487,38.73726,1451.48599,-3.16385,15.84088,8.812600335459235,3.282925498428495,0.0
26.76852,17.49294,38.61675,1447.34053,-3.1903,15.8498,8.912118293904372,3.319998556424386,0.0
26.78714,17.49886,38.49569,1443.14516,-3.211,15.85871,9.012678909205018,3.357460031532907,0.0
26.80569,17.50476,38.37432,1438.89792,-3.22588,15.86763,9.113969281118855,3.3951933601808935,0.0
26.8242,17.51066,38.25286,1434.59701,-3.23486,15.87655,9.215662405347615,3.4330767246632408,0.0
26.84264,17.51654,38.13154,1430.2408,-3.23791,15.88547,9.31741818177078,3.4709834287364814,0.0
26.86103,17.52241,38.01059,1425.82784,-3.235,15.89439,9.418884660393815,3.50878236176729,0.0
26.87936,17.52826,37.89023,1421.35689,-3.22613,15.90331,9.51969952865633,3.5463385527939053,0.0
26.89763,17.5341,37.77069,1416.82689,-3.2113,15.91223,9.619491839576183,3.5835138143052765,0.0
26.91585,17.53992,37.6522,1412.23703,-3.19057,15.92114,9.71788397542134,3.6201674737604987,0.0
26.934,17.54573,37.53496,1407.58669,-3.164,15.93004,9.814493836608612,3.656157189011191,0.0
26.9521,17.55153,37.4192,1402.87551,-3.13166,15.93893,9.908937240142059,3.6913398417829018,0.0
26.97013,17.55731,37.30511,1398.10335,-3.09367,15.94782,10.000830506455705,3.725572501342089,0.0
26.9881,17.56307,37.1929,1393.27033,-3.05016,15.9567,10.089793208159357,3.7587134484762568,0.0
27.00601,17.56882,37.08276,1388.37681,-3.00129,15.96557,10.17545104891143,3.7906232479498367,0.0
27.02386,17.57455,36.97488,1383.4234,-2.94724,15.97442,10.257438835874954,3.821165855822255,0.0
27.04164,17.58027,36.86943,1378.41095,-2.8882,15.98326,10.335403504902873,3.8502097464090568,0.0
27.05936,17.58597,36.76657,1373.34056,-2.82441,15.99209,10.409007154125591,3.8776290423730857,0.0
27.07701,17.59165,36.66646,1368.2136,-2.75611,16.00091,10.477930038988413,3.903304630454729,0.0
27.0946,17.59732,36.56925,1363.03164,-2.68357,16.0097,10.541873480269846,3.9271252447852603,0.0
27.11212,17.60297,36.47505,1357.7965,-2.60708,16.01848,10.600562636191409,3.9489884995706714,0.0
27.12957,17.6086,36.384,1352.51022,-2.52696,16.02724,10.653749090631912,3.968801853269598,0.0
27.14695,17.61421,36.29619,1347.17506,-2.44352,16.03599,10.701213211578134,3.986483487178249,0.0
27.16427,17.61981,36.21172,1341.79346,-2.35712,16.04471,10.742766237320469,4.001963082593177,0.0
27.18152,17.62539,36.13066,1336.36806,-2.2681,16.05341,10.778252052488089,4.015182482431106,0.0
27.1987,17.63094,36.05307,1330.90167,-2.17685,16.0621,10.807548621694473,4.026096225299613,0.0
27.21581,17.63648,35.97901,1325.39725,-2.08373,16.07076,10.830569055098438,4.0346719424466455,0.0
27.23284,17.64201,35.90851,1319.85789,-1.98915,16.0794,10.847262287512908,4.040890610746415,0.0
27.24981,17.64751,35.84158,1314.28682,-1.89349,16.08802,10.857613360470232,4.044746657776139,0.0
27.2667,17.65299,35.77823,1308.68734,-1.79717,16.09662,10.861643304756127,4.046247918056849,0.0
27.28353,17.65845,35.71845,1303.06286,-1.70058,16.10519,10.859408628855286,4.045415442485925,0.0
27.30028,17.6639,35.66221,1297.41682,-1.60414,16.11374,10.851000426712103,4.042283165954477,0.0
27.31695,17.66932,35.60947,1291.75274,-1.50823,16.12227,10.83654312538888,4.036897440817085,0.0
27.33356,17.67473,35.56019,1286.07414,-1.41327,16.13078,10.816192899890034,4.029316446372106,0.0
27.35009,17.68011,35.51429,1280.38454,-1.31964,16.13926,10.790135788108078,4.019609486629454,0.0
27.36655,17.68547,35.4717,1274.68747,-1.22774,16.14773,10.75858554359682,4.007856190412117,0.0
27.38293,17.69082,35.43232,1268.98641,-1.13793,16.15617,10.721781267415581,3.9941456291558173,0.0
27.39925,17.69614,35.39606,1263.2848,-1.05058,16.16459,10.679984862719099,3.9785753686767844,0.0
27.41548,17.70144,35.3628,1257.58602,-0.96603,16.17299,10.63347835701731,3.9612504716430577,0.0
27.43165,17.70673,35.33241,1251.89338,-0.88463,16.18137,10.58256113707508,3.9422824675018906,0.0
27.44774,17.71199,35.30476,1246.21009,-0.80669,16.18972,10.527547140464382,3.921788306259038,0.0
27.46376,17.71723,35.27972,1240.53927,-0.73252,16.19806,10.468762045816646,3.8998893117738276,0.0
27.4797,17.72245,35.25714,1234.88393,-0.66238,16.20638,10.40654050101192,3.8767101491866933,0.0
27.49557,17.72765,35.23684,1229.24695,-0.59656,16.21469,10.34122342510741,3.8523778198165637,0.0
27.51137,17.73284,35.21868,1223.63109,-0.53529,16.22297,10.273155415724267,3.827020695344227,0.0
27.52709,17.738,35.20249,1218.03897,-0.47878,16.23124,10.202682289288951,3.800767601487519,0.0
27.54275,17.74314,35.18809,1212.4731,-0.42725,16.2395,10.130148776857274,3.7737469596351487,0.0
27.55833,17.74826,35.17531,1206.93579,-0.38087,16.24774,10.055896393618083,3.746085993180765,0.0
27.57384,17.75336,35.16396,1201.42926,-0.33979,16.25597,9.980261495505998,3.7179100035600725,0.0
27.58927,17.75844,35.15387,1195.95555,-0.30416,16.26418,9.903573531945261,3.6893417193519378,0.0
27.60464,17.7635,35.14485,1190.51655,-0.27408,16.27239,9.82615349952468,3.6605007202316218,0.0
27.61994,17.76854,35.13673,1185.11401,-0.24964,16.28058,9.748312597603448,3.6315029361485696,0.0
27.63516,17.77356,35.1293,1179.74953,-0.23091,16.28877,9.670351083396929,3.6024602208157464,0.0
27.65032,17.77856,35.1224,1174.42454,-0.21795,16.29694,9.592557321057757,3.5734799974673277,0.0
27.66541,17.78354,35.11584,1169.14036,-0.21077,16.30511,9.515207016781716,3.5446649739155096,0.0
27.68043,17.7885,35.10944,1163.89813,-0.2094,16.31328,9.438562629797888,3.516112923128843,0.0
27.69538,17.79345,35.10302,1158.69885,-0.21381,16.32144,9.362872947513843,3.487916524962638,0.0
27.71027,17.79837,35.09641,1153.5434,-0.22398,16.3296,9.288372811797984,3.4601632641919364,0.0
27.72509,17.80328,35.08944,1148.43251,-0.23985,16.33775,9.215282982582602,3.432935379700059,0.0
27.73984,17.80816,35.08193,1143.36678,-0.26137,16.3459,9.143810124472427,3.4063098594899417,0.0
27.75452,17.81303,35.07374,1138.34666,-0.28845,16.35406,9.074146901844854,3.3803584761114687,0.0
27.76915,17.81788,35.06469,1133.37251,-0.321,16.36221,9.00647216808624,3.3551478571569744,0.0
27.7837,17.82271,35.05464,1128.44454,-0.35889,16.37037,8.940951234888649,3.3307395855813646,0.0
27.7982,17.82753,35.04343,1123.56285,-0.40201,16.37853,8.8777362080568,3.3071903247990417,0.0
27.81263,17.83232,35.03094,1118.72742,-0.4502,16.38669,8.816966376983785,3.2845519637738563,0.0
27.82699,17.8371,35.01702,1113.93811,-0.50333,16.39486,8.758768645682041,3.2628717775894875,0.0
27.8413,17.84186,35.00154,1109.1947,-0.56122,16.40303,8.703257994150297,3.242192599320767,0.0
27.85554,17.84661,34.98439,1104.49684,-0.62369,16.41121,8.650537959788316,3.2225529993733413,0.0
27.86973,17.85133,34.96544,1099.84409,-0.69056,16.4194,8.60070112945208,3.2039874687871683,0.0
27.88385,17.85604,34.94458,1095.2359,-0.76162,16.4276,8.55382963375611,3.1865266033771453,0.0
27.89791,17.86073,34.92173,1090.67164,-0.83668,16.43581,8.509995636123461,3.170197285917093,0.0
27.91192,17.86541,34.89678,1086.15058,-0.91552,16.44402,8.469261810016766,3.1550228639208804,0.0
27.92586,17.87007,34.86964,1081.67191,-0.99791,16.45225,8.43168179863483,3.1410233208915006,0.0
27.93975,17.87471,34.84023,1077.23473,-1.08363,16.46049,8.397300652238492,3.128215439236459,0.0
27.95358,17.87934,34.8085,1072.83804,-1.17243,16.46874,8.366155238990869,3.1166129533165763,0.0
27.96735,17.88395,34.77436,1068.4808,-1.26408,16.477,8.338274626007589,3.1062266913972274,0.0
27.98106,17.88854,34.73777,1064.16187,-1.35833,16.48528,8.313680427949095,3.0970647055081413,0.0
27.99472,17.89312,34.69867,1059.88002,-1.45492,16.49357,8.292387121148938,3.0891323884644617,0.0
28.00833,17.89768,34.65702,1055.63397,-1.55359,16.50188,8.274402321848171,3.0824325775163777,0.0
28.02187,17.90223,34.6128,1051.42238,-1.6541,16.5102,8.259727027709005,3.07696564431931,0.0
28.03536,17.90676,34.56596,1047.24383,-1.75616,16.51853,8.248355822216345,3.072729571078871,0.0
28.0488,17.91128,34.51651,1043.09683,-1.85953,16.52689,8.240277042121319,3.0697200129279762,0.0
28.06219,17.91578,34.46442,1038.97985,-1.96392,16.53525,8.235472908485695,3.067930346744344,0.0
28.07551,17.92027,34.40969,1034.89129,-2.06908,16.54363,8.233919622355156,3.067351706791299,0.0
28.08879,17.92474,34.35233,1030.8295,-2.17473,16.55203,8.235587426435872,3.067973007693933,0.0
28.10201,17.92919,34.29235,1026.79279,-2.2806,16.56044,8.240440634594709,3.069780955428691,0.0
28.11518,17.93363,34.22976,1022.77939,-2.38642,16.56887,8.248437631327553,3.0727600471253234,0.0
28.1283,17.93806,34.16459,1018.78754,-2.49193,16.57732,8.259530843750872,3.076892560632995,0.0
28.14136,17.94247,34.09688,1014.81538,-2.59685,16.58578,8.27366668899325,3.082158534922254,0.0
28.15437,17.94687,34.02667,1010.86107,-2.70093,16.59426,8.290785500221078,3.0885357425276516,0.0
28.16733,17.95125,33.954,1006.92269,-2.80389,16.60275,8.310821434908034,3.095999655375712,0.0
28.18023,17.95561,33.87892,1002.99833,-2.90549,16.61126,8.333702369246373,3.1045234054503585,0.0
28.19309,17.95997,33.8015,999.08603,-3.00547,16.61978,8.35934978297119,3.114077741886922,0.0
