0.04785,0.04785,52.88637,5053.96229,-0.33995,45.00009,14.604392260363312,5.440520381672341,0.0
0.09562,0.09562,52.85205,5045.85847,-0.1791,45.00021,14.628047226187247,5.449332478841366,0.0
0.14332,0.14332,52.83903,5037.71307,-0.0182,45.00035,14.60760052825753,5.441715545877546,0.0
0.19094,0.19094,52.8472,5029.55069,0.14201,45.00051,14.543604186219127,5.417875224623141,0.0
0.23848,0.23848,52.87635,5021.39566,0.30079,45.0007,14.437193068640637,5.378234283480144,0.0
0.28594,0.28595,52.92617,5013.27167,0.45742,45.00092,14.29004743205712,5.323418662218074,0.0
0.33333,0.33333,52.99627,5005.20154,0.61122,45.00116,14.104340760889245,5.254238040971448,0.0
0.38063,0.38064,53.08618,4997.20691,0.76154,45.00143,13.882675588476891,5.1716619318861445,0.0
0.42786,0.42788,53.19532,4989.30802,0.90777,45.00172,13.628010424885467,5.076792457804613,0.0
0.47501,0.47503,53.32309,4981.52352,1.04937,45.00204,13.343581139691658,4.970835065285021,0.0
0.52209,0.52211,53.46878,4973.87034,1.18583,45.00238,13.032820149728192,4.85506841990988,0.0
0.56909,0.56912,53.63164,4966.36356,1.31672,45.00276,12.69927656409912,4.730814658203134,0.0
0.61601,0.61605,53.81087,4959.01637,1.44165,45.00316,12.346540077784788,4.5994110359955185,0.0
0.66287,0.66291,54.00564,4951.84005,1.56032,45.00359,11.978170926047534,4.462183834597682,0.0
0.70965,0.70971,54.21508,4944.84399,1.67246,45.00405,11.597637663565072,4.320425181890239,0.0
0.75636,0.75643,54.4383,4938.03573,1.77788,45.00454,11.208263961756044,4.175373232927694,0.0
0.803,0.80308,54.67438,4931.42105,1.87643,45.00506,10.813185066287234,4.028195949214199,0.0
0.84958,0.84967,54.92242,4925.00406,1.96802,45.00562,10.41531405680171,3.8799785295645366,0.0
0.89609,0.8962,55.18147,4918.78734,2.05261,45.00621,10.017317625289285,3.7317143869098017,0.0
0.94255,0.94267,55.45064,4912.77205,2.1302,45.00683,9.6216007507875,3.584299439220285,0.0
0.98893,0.98908,55.729,4906.95807,2.20085,45.00749,9.230299400351681,3.438529390424771,0.0
1.03527,1.03543,56.01566,4901.34415,2.26462,45.00818,8.845280226065837,3.2950996175391256,0.0
1.08154,1.08172,56.30974,4895.92804,2.32164,45.00892,8.468146146477919,3.1546072498977855,0.0
1.12776,1.12797,56.61037,4890.70665,2.37204,45.00969,8.100246686480267,3.017555021031284,0.0
1.17393,1.17416,56.91671,4885.67614,2.41599,45.01049,7.7426919882941005,2.8843564881266257,0.0
1.22004,1.2203,57.22796,4880.83209,2.45366,45.01134,7.396369484400044,2.755342243132597,0.0
1.26611,1.2664,57.54332,4876.16959,2.48525,45.01223,7.061962327697012,2.6307667784788777,0.0
1.31213,1.31245,57.86204,4871.68333,2.51097,45.01316,6.739968793824469,2.5108157149515895,0.0
1.3581,1.35846,58.18338,4867.36774,2.53103,45.01414,6.430721995730317,2.395613145888555,0.0
1.40403,1.40443,58.50665,4863.21704,2.54566,45.01516,6.134409374113754,2.285228897882088,0.0
1.44992,1.45036,58.83117,4859.22532,2.55507,45.01622,5.851091543856857,2.1796855515706346,0.0
1.49577,1.49625,59.1563,4855.38662,2.55949,45.01732,5.580720182391187,2.0789651055260085,0.0
1.54158,1.5421,59.48145,4851.69496,2.55915,45.01847,5.3231547390809055,1.9830152009382502,0.0
1.58735,1.58792,59.80601,4848.14443,2.55427,45.01967,5.078177824331714,1.8917548544636187,0.0
1.63309,1.63371,60.12945,4844.72918,2.54506,45.02092,4.845509203184351,1.8050796712063635,0.0
1.67879,1.67946,60.45123,4841.44348,2.53174,45.02221,4.62481837143061,1.7228665296528387,0.0
1.72446,1.72519,60.77087,4838.28176,2.51452,45.02355,4.415735733872473,1.644977745867148,0.0
1.77009,1.77088,61.08788,4835.23859,2.4936,45.02494,4.217862435549331,1.5712647358819583,0.0
1.8157,1.81655,61.40184,4832.30874,2.46917,45.02637,4.030778919135249,1.501571203554142,0.0
1.86128,1.86219,61.7123,4829.48715,2.44142,45.02786,3.8540522965654462,1.435735886689597,0.0
1.90682,1.90781,62.01888,4826.76897,2.41052,45.0294,3.687242631809369,1.3735948975415284,0.0
1.95234,1.95341,62.32121,4824.14955,2.37666,45.03098,3.5299082356779747,1.3149836952654765,0.0
1.99784,1.99898,62.61892,4821.62444,2.34,45.03262,3.381610073808136,1.259738728009487,0.0
2.04331,2.04453,62.91169,4819.18941,2.30069,45.03431,3.2419153864471304,1.2076987813790758,0.0
2.08875,2.09006,63.1992,4816.8404,2.25888,45.03605,3.1104006141217453,1.158706068325951,0.0
2.13417,2.13556,63.48116,4814.57357,2.21472,45.03784,2.9866537174034127,1.112607093321561,0.0
2.17957,2.18105,63.75728,4812.38526,2.16834,45.03969,2.8702759722929954,1.0692533211851685,0.0
2.22494,2.22653,64.02731,4810.27201,2.11987,45.04159,2.7608833156183055,1.0285016782798215,0.0
2.27029,2.27198,64.291,4808.23052,2.06943,45.04354,2.658107307637022,0.9902149111072734,0.0
2.31562,2.31742,64.54812,4806.25767,2.01714,45.04554,2.561595771927714,0.9542618246842219,0.0
2.36094,2.36284,64.79845,4804.3505,1.96311,45.0476,2.4710131658620473,0.9205174205529543,0.0
2.40623,2.40825,65.04179,4802.50622,1.90745,45.04971,2.386040728546681,0.8888629518935973,0.0
2.4515,2.45365,65.27794,4800.72218,1.85024,45.05187,2.306376447184026,0.8591859109926142,0.0
2.49675,2.49903,65.5065,4798.99632,1.78778,45.07127,2.2318102791795558,0.8314080514569901,24.999999573545978
2.54197,2.54442,65.72705,4797.32666,1.7241,45.09018,2.1621369582572716,0.8054529061980356,24.999999573545978
2.58715,2.58981,65.93946,4795.71083,1.65926,45.10864,2.097085508438437,0.7812195295338632,24.999999573545978
2.63231,2.6352,66.14359,4794.14662,1.59333,45.12669,2.0364033085026354,0.7586138134130042,24.999999573545978
2.67744,2.68059,66.33933,4792.63189,1.5264,45.14435,1.9798548455294336,0.7375480230758789,24.999999573545978
2.72254,2.72599,66.52655,4791.16466,1.45853,45.16166,1.9272209365010906,0.7179405070813268,24.999999573545978
2.76761,2.77138,66.70515,4789.743,1.38977,45.17864,1.8782979597260876,0.6997154109916478,24.999999573545978
2.81266,2.81678,66.87502,4788.36512,1.3202,45.19533,1.8328971042096422,0.6828023977433691,24.999999573545978
2.85768,2.86217,67.03608,4787.0293,1.24986,45.21174,1.790843643310388,0.6671363770652473,24.999999573545978
2.90268,2.90757,67.18825,4785.73388,1.17882,45.22791,1.7519762375965253,0.652657245773841,24.999999573545978
2.94765,2.95298,67.33143,4784.47731,1.10711,45.24385,1.7161462705770807,0.6393096403159274,24.999999573545978
2.9926,2.99838,67.46555,4783.25808,1.0348,45.2596,1.6832172200071027,0.6270427025631456,24.999999573545978
3.03752,3.04379,67.59056,4782.07475,0.96193,45.27516,1.6530640666417873,0.615809859557352,24.999999573545978
3.08242,3.0892,67.70638,4780.92594,0.88854,45.29056,1.6255727416801753,0.605568617668858,24.999999573545978
3.1273,3.13462,67.81296,4779.81031,0.81468,45.30583,1.6006396135996468,0.5962803714287788,24.999999573545978
3.17216,3.18003,67.91024,4778.72657,0.74039,45.32097,1.578171014695005,0.5879102271523826,24.999999573545978
3.21699,3.22546,67.99819,4777.67347,0.66571,45.33601,1.5580828073205493,0.5804268413528515,24.999999573545978
3.2618,3.27088,68.07676,4776.64979,0.59068,45.35097,1.5402999896051877,0.5738022738597853,24.999999573545978
3.30659,3.31631,68.14591,4775.65435,0.51533,45.36586,1.5247563402473188,0.5680118554959507,24.999999573545978
3.35136,3.36175,68.20561,4774.68598,0.43971,45.3807,1.5113941018929096,0.5630340701272826,24.999999573545978
3.39611,3.40719,68.25583,4773.74354,0.36386,45.3955,1.5001637025375958,0.5588504508778374,24.999999573545978
3.44084,3.45263,68.29655,4772.82591,0.28779,45.41029,1.4910235143684805,0.5554454902920172,24.999999573545978
3.48555,3.49808,68.32774,4771.93198,0.21156,45.42507,1.4839396494701225,0.5528065642296758,24.999999573545978
3.53024,3.54353,68.3494,4771.06064,0.13519,45.43987,1.4788857918454148,0.550923869289475,24.999999573545978
3.57491,3.58899,68.36151,4770.2108,0.05872,45.45469,1.4758430652538477,0.5497903735751615,24.999999573545978
3.61956,3.63446,68.36407,4769.38135,-0.01782,45.46956,1.47479993643111,0.5494017806423205,24.999999573545978
3.66419,3.67993,68.35706,4768.5712,-0.0944,45.48449,1.4757521533202218,0.5497565064878489,24.999999573545978
3.70881,3.72541,68.3405,4767.77922,-0.17098,45.49949,1.478702718030078,0.5508556694763002,24.999999573545978
3.7534,3.7709,68.31438,4767.00431,-0.24752,45.51458,1.48366189430828,0.5527030931237114,24.999999573545978
3.79797,3.81639,68.27872,4766.24532,-0.32401,45.52978,1.4906472493968213,0.555305321689947,24.999999573545978
3.84252,3.86189,68.23353,4765.50109,-0.40039,45.5451,1.4996837302128463,0.5586716485580361,24.999999573545978
3.88706,3.90739,68.17882,4764.77044,-0.47664,45.56055,1.5108037738570526,0.5628141574014602,24.999999573545978
3.93158,3.9529,68.11462,4764.05216,-0.55273,45.57615,1.5240474525123484,0.5677477761627153,24.999999573545978
3.97607,3.99843,68.04096,4763.345,-0.62861,45.59192,1.5394626528224522,0.5734903438765596,24.999999573545978
4.02055,4.04395,67.95786,4762.64767,-0.70425,45.60788,1.5571052898647988,0.5800626903805521,24.999999573545978
4.06501,4.08949,67.86535,4761.95886,-0.77962,45.62404,1.5770395558206503,0.5874887289512108,24.999999573545978
4.10944,4.13504,67.76349,4761.27719,-0.85467,45.64042,1.5993382033965942,0.5957955618859784,24.999999573545978
4.15386,4.18059,67.65231,4760.60123,-0.92937,45.65703,1.6240828639865454,0.6050135990269396,24.999999573545978
4.19826,4.22616,67.53186,4759.9295,-1.00367,45.67391,1.6513644004213555,0.6151766891693314,24.999999573545978
4.24264,4.27173,67.40219,4759.26045,-1.07754,45.69106,1.6812832939881495,0.6263222642364297,24.999999573545978
4.287,4.31731,67.26338,4758.59247,-1.15092,45.70851,1.7139500651412871,0.6384914960054515,24.999999573545978
4.33134,4.3629,67.11547,4757.92385,-1.22378,45.72628,1.7494857270170872,0.6517294650537232,24.999999573545978
4.37566,4.40851,66.95855,4757.25282,-1.29606,45.74439,1.788022270433837,0.6660853414339438,24.999999573545978
4.41995,4.45412,66.79269,4756.57753,-1.36772,45.76286,1.8297031785530402,0.6816125763990433,24.999999573545978
4.46423,4.49974,66.61798,4755.89599,-1.43869,45.78172,1.8746839687193748,0.6983691042518207,24.999999573545978
4.50848,4.54537,66.4345,4755.20616,-1.50894,45.801,1.9231327582030031,0.7164175530988445,24.999999573545978
4.55272,4.59102,66.24236,4754.50585,-1.57839,45.82073,1.975230849621893,0.7358254629356655,24.999999573545978
4.59693,4.63668,66.04165,4753.79276,-1.647,45.84092,2.031173330644768,0.7566655090519493,24.999999573545978
4.64111,4.68234,65.8325,4753.06448,-1.71468,45.86162,2.09116968121691,0.7790157282390624,24.999999573545978
4.68528,4.72802,65.61503,4752.31843,-1.78139,45.88285,2.1554443799091505,0.8029597446710259,24.999999573545978
4.72941,4.77371,65.38936,4751.55191,-1.84704,45.90464,2.2242374990804086,0.8285869916182216,24.999999573545978
4.77353,4.81942,65.15563,4750.76204,-1.91155,45.92705,2.297805276297309,0.8559929243162332,24.999999573545978
4.81762,4.86514,64.914,4749.9458,-1.97486,45.95009,2.376420646863777,0.8852792183471327,24.999999573545978
4.86168,4.91087,64.66462,4749.09997,-2.03688,45.97381,2.4603737193163666,0.9165539467740017,24.999999573545978
4.90571,4.95661,64.40767,4748.22115,-2.09751,45.99825,2.549972172310163,0.9499317279913717,24.999999573545978
4.94972,5.00237,64.14333,4747.30573,-2.15666,46.02347,2.6455415474308634,0.9855338348054299,24.999999573545978
4.9937,5.04814,63.87178,4746.3499,-2.21424,46.04949,2.7474254080812717,1.023488253623418,24.999999573545978
5.03765,5.09392,63.59326,4745.34964,-2.27013,46.07639,2.8559853296832896,1.0639296808036156,24.999999573545978
5.08157,5.13972,63.30796,4744.30066,-2.32423,46.1042,2.9716006810221782,1.106999441200327,24.999999573545978
5.12546,5.18553,63.01645,4743.19783,-2.37128,46.10974,3.0945284241131272,1.1527932599252875,0.0
5.16934,5.23133,62.71931,4742.03584,-2.41608,46.11534,3.225013726832701,1.2014024684632716,0.0
5.21321,5.27713,62.41683,4740.80979,-2.4585,46.12098,3.363432869601105,1.2529672411713406,0.0
5.25705,5.32293,62.10933,4739.5145,-2.4984,46.12668,3.510169489999969,1.3076304931427636,0.0
5.30089,5.36872,61.79714,4738.14459,-2.53561,46.13243,3.6656108909395417,1.3655365049021606,0.0
5.34471,5.4145,61.4806,4736.69438,-2.56998,46.13822,3.830144564936336,1.4268296276074752,0.0
5.38851,5.46028,61.16009,4735.15794,-2.60135,46.14407,4.004154021841334,1.491652728768949,0.0
5.43229,5.50606,60.836,4733.52911,-2.62954,46.14996,4.188013843454503,1.5601453499629108,0.0
5.47605,5.55182,60.50874,4731.80145,-2.65436,46.1559,4.382083889436942,1.6324415483815962,0.0
5.51979,5.59758,60.17875,4729.9683,-2.67564,46.16189,4.586702582918019,1.7086673955451446,0.0
5.56351,5.64334,59.84648,4728.02275,-2.69318,46.16792,4.802179211884437,1.7889381093664596,0.0
5.60721,5.68908,59.51244,4725.95769,-2.70677,46.174,5.0287851948070985,1.8733548003674017,0.0
5.65089,5.73481,59.17712,4723.76582,-2.71622,46.18012,5.266744276872035,1.962000819516857,0.0
5.69455,5.78053,58.84105,4721.43968,-2.72132,46.18629,5.516221647679314,2.054937704287252,0.0
5.73817,5.82623,58.50481,4718.97168,-2.72186,46.1925,5.777312003192836,2.1522007314167393,0.0
5.78178,5.87193,58.16898,4716.35414,-2.71762,46.19876,6.050026614964738,2.253794099855063,0.0
5.82535,5.9176,57.83416,4713.57936,-2.70839,46.20505,6.334279518692684,2.3596857856377453,0.0
5.8689,5.96326,57.501,4710.63965,-2.69397,46.21139,6.629872992325378,2.469802132098299,0.0
5.91242,6.00891,57.17017,4707.52742,-2.67415,46.21776,6.936482560846155,2.584022263755565,0.0
5.9559,6.05453,56.84234,4704.23526,-2.64873,46.22418,7.253641839578351,2.7021724400461657,0.0
5.99935,6.10013,56.51822,4700.75598,-2.61751,46.23063,7.580727608649172,2.824020495169584,0.0
6.04277,6.14571,56.19856,4697.08278,-2.58032,46.23712,7.916945595087408,2.949270541545465,0.0
6.08615,6.19127,55.88409,4693.20928,-2.53699,46.24364,8.261317522211286,3.077558145369839,0.0
6.12949,6.2368,55.57559,4689.12968,-2.48739,46.25019,8.612670063014692,3.208446211460837,0.0
6.1728,6.2823,55.27384,4684.83883,-2.43138,46.25678,8.969626399042806,3.341421838717765,0.0
6.21606,6.32777,54.97962,4680.33242,-2.36888,46.2634,9.330601131252028,3.4758944242825223,0.0
6.25927,6.37321,54.69375,4675.60703,-2.29981,46.27005,9.693799306593185,3.611195300916236,0.0
6.30244,6.41862,54.41702,4670.6603,-2.22413,46.27673,10.05722030522829,3.746579185089778,0.0
6.34557,6.46399,54.15023,4665.49104,-2.14187,46.28344,10.418667270911666,3.8812276900488674,0.0
6.38864,6.50932,53.89417,4660.09935,-2.05305,46.29017,10.775762654637251,4.014255116231669,0.0
6.43166,6.55461,53.64964,4654.48669,-1.95778,46.29693,11.125970275723626,4.144716669603421,0.0
6.47463,6.59986,53.41739,4648.65605,-1.85618,46.30371,11.466624084457951,4.271619176498105,0.0
6.51754,6.64507,53.19816,4642.61194,-1.74845,46.31051,11.794963540596138,4.3939342630406095,0.0
6.56039,6.69023,52.99267,4636.36051,-1.63482,46.31734,12.108175211320251,4.5106138514803815,0.0
6.60318,6.73533,52.80157,4629.90953,-1.51558,46.32418,12.403439855322032,4.620607700251392,0.0
6.64591,6.78039,52.6255,4623.26843,-1.39109,46.33104,12.677983915809904,4.722882586472107,0.0
6.68858,6.8254,52.46504,4616.44826,-1.26172,46.33792,12.929134017794386,4.8164426076182165,0.0
6.73118,6.87035,52.32071,4609.46161,-1.12793,46.34482,13.154372779868151,4.900349972879198,0.0
6.77371,6.91524,52.19297,4602.32256,-0.99021,46.35173,13.351394033405269,4.973745573762947,0.0
6.81618,6.96008,52.08222,4595.04653,-0.84909,46.35866,13.518155416237182,5.03586857662389,0.0
6.85857,7.00486,51.98879,4587.65012,-0.70514,46.3656,13.652926291003695,5.086074273509546,0.0
6.90089,7.04957,51.91292,4580.15099,-0.55896,46.37255,13.754329040987956,5.123849465945612,0.0
6.94313,7.09422,51.85479,4572.56757,-0.41117,46.37951,13.821372018963919,5.148824739248571,0.0
6.98531,7.13881,51.8145,4564.91892,-0.26244,46.38649,13.853472757605406,5.160783109013793,0.0
7.0274,7.18333,51.79206,4557.22448,-0.1134,46.39348,13.850470473986366,5.159664679370864,0.0
7.06942,7.22779,51.7874,4549.50382,0.03528,46.40048,13.812627387171947,5.145567133820953,0.0
7.11137,7.27218,51.8004,4541.77639,0.18295,46.40749,13.740618883384343,5.118742071502307,0.0
7.15323,7.3165,51.83083,4534.06136,0.32898,46.41451,13.635513071084992,5.079587390920437,0.0
7.19502,7.36076,51.87839,4526.37732,0.47273,46.42154,13.498740733477831,5.028636096464984,0.0
7.23673,7.40495,51.94273,4518.74215,0.61363,46.42858,13.33205707779053,4.966542049010533,0.0
7.27837,7.44907,52.02342,4511.17281,0.75111,46.43564,13.137496975963177,4.894063291895471,0.0
7.31992,7.49313,52.11997,4503.68517,0.88466,46.44271,12.917325576002588,4.812043652351968,0.0
7.36141,7.53712,52.23184,4496.29393,1.01379,46.44979,12.673986233002783,4.72139334444109,0.0
7.40281,7.58104,52.35842,4489.01251,1.13808,46.45688,12.410047668989625,4.623069284704612,0.0
7.44414,7.62491,52.4991,4481.85296,1.25713,46.46399,12.12815213433596,4.518055780928212,0.0
7.4854,7.66871,52.65318,4474.82594,1.37062,46.47111,11.830966129570035,4.407346174718514,0.0
7.52659,7.71244,52.81996,4467.94069,1.47827,46.47825,11.521134977640086,4.2919259184763705,0.0
7.5677,7.75612,52.99872,4461.20508,1.57983,46.4854,11.201242236276327,4.172757455433782,0.0
7.60875,7.79974,53.18869,4454.62558,1.67512,46.49257,10.873774630750033,4.050767156183977,0.0
7.64972,7.8433,53.38912,4448.20739,1.76401,46.49976,10.541092888196628,3.926834453699373,0.0
7.69063,7.8868,53.59922,4441.95442,1.84639,46.50697,10.20540858172427,3.801783217152748,0.0
7.73148,7.93025,53.81822,4435.86942,1.92221,46.5142,9.868766856521868,3.6763753169379774,0.0
7.77226,7.97365,54.04533,4429.95407,1.99146,46.52146,9.533034718030303,3.551306261705659,0.0
7.81297,8.01699,54.27979,4424.20905,2.05415,46.52873,9.199894416300229,3.4272027338623277,0.0
7.85363,8.06029,54.52082,4418.63412,2.11034,46.53603,8.870841360084098,3.304621812514841,0.0
7.89423,8.10354,54.76767,4413.22828,2.1601,46.54335,8.547185935462807,3.184051650956667,0.0
7.93477,8.14674,55.01961,4407.98978,2.20354,46.5507,8.230058581629363,3.0659133675308463,0.0
7.97526,8.1899,55.27589,4402.91631,2.24079,46.55808,7.920417484387576,2.950563911660683,0.0
8.01569,8.23302,55.53582,4398.00498,2.27198,46.56548,7.619058279482385,2.838299678595604,0.0
8.05607,8.2761,55.79872,4393.25249,2.29727,46.57292,7.326625206428241,2.729360664505704,0.0
8.0964,8.31913,56.06391,4388.65519,2.31685,46.58038,7.043623213288696,2.6239349758306387,0.0
8.13668,8.36214,56.33075,4384.20911,2.33088,46.58788,6.770430578580463,2.5221635312709916,0.0
8.17691,8.4051,56.59862,4379.91007,2.33955,46.5954,6.507311684132849,2.424144820014483,0.0
8.21709,8.44803,56.86694,4375.75371,2.34306,46.60296,6.254429638840751,2.329939604416116,0.0
8.25724,8.49093,57.13511,4371.73558,2.3416,46.61056,6.011858515576292,2.2395754785697317,0.0
8.29733,8.5338,57.40261,4367.85113,2.33536,46.61818,5.779595020311161,2.153051215363111,0.0
8.33739,8.57664,57.66889,4364.09581,2.32456,46.62585,5.557569462901808,2.0703408533841254,0.0
8.3774,8.61946,57.93347,4360.46504,2.30937,46.63355,5.345655942513599,1.9913974912592227,0.0
8.41738,8.66224,58.19586,4356.95432,2.29001,46.64128,5.143681697335902,1.9161567706683056,0.0
8.45731,8.705,58.4556,4353.55917,2.26665,46.64906,4.951435598350107,1.8445400404968033,0.0
8.49721,8.74774,58.71227,4350.2752,2.23948,46.65687,4.7686757909699224,1.7764572035477446,0.0
8.53707,8.79046,58.96545,4347.09812,2.20869,46.66472,4.595136506981419,1.711809254168659,0.0
8.5769,8.83315,59.21474,4344.02375,2.17446,46.67262,4.43053408309991,1.6504905203223699,0.0
8.6167,8.87582,59.45979,4341.04802,2.13695,46.68055,4.274572232211401,1.5923906272631319,0.0
8.65646,8.91847,59.70024,4338.16699,2.09634,46.68852,4.1269466198242215,1.5373962023852745,0.0
8.69618,8.96111,59.93575,4335.37685,2.05278,46.69654,3.9873488018373315,1.4853923421455082,0.0
8.73588,9.00373,60.16602,4332.67391,2.00644,46.70459,3.8554695811983812,1.436263862506368,0.0
8.77555,9.04633,60.39074,4330.05465,1.95745,46.71269,3.731001840700872,1.3898963542276939,0.0
8.81518,9.08892,60.60964,4327.51564,1.90596,46.72083,3.6136429075805507,1.346177063741001,0.0
8.85479,9.13149,60.82245,4325.0536,1.85212,46.72902,3.5030965030761974,1.3049956194121723,0.0
8.89437,9.17405,61.02892,4322.66539,1.79606,46.73725,3.399074326928385,1.2662446218089347,0.0
8.93392,9.21659,61.22881,4320.34797,1.73789,46.74552,3.301297323256582,1.2298201152733876,0.0
8.97345,9.25913,61.42192,4318.09845,1.67775,46.75384,3.209496670473514,1.19562195669115,0.0
9.01294,9.30165,61.60802,4315.91405,1.61575,46.7622,3.1234145340840653,1.1635540959287576,0.0
9.05242,9.34416,61.78693,4313.79208,1.552,46.77061,3.0428046174268712,1.1335247809993962,0.0
9.09186,9.38666,61.95847,4311.72997,1.48661,46.77906,2.96743254178414,1.1054466996638141,0.0
9.13129,9.42915,62.12246,4309.72528,1.41969,46.78756,2.8970760838247247,1.0792370678841106,0.0
9.17069,9.47164,62.27875,4307.77561,1.35133,46.7961,2.8315252951169185,1.0548176743453996,0.0
9.21006,9.51411,62.42719,4305.8787,1.28162,46.8047,2.770582525461039,1.0321148891478096,0.0
9.24941,9.55658,62.56763,4304.03234,1.21066,46.81333,2.714062369066067,1.0110596437558659,0.0
9.28874,9.59904,62.69996,4302.23442,1.13854,46.82202,2.661791550117188,0.9915873883693891,0.0
9.32805,9.6415,62.82405,4300.48289,1.06533,46.83075,2.6136087620618835,0.9736380320533351,0.0
9.36733,9.68395,62.93979,4298.77576,0.99113,46.83953,2.5693644729444154,0.9571558702197689,0.0
9.40659,9.72639,63.04709,4297.11111,0.916,46.84836,2.528920707369578,0.9420895034036254,0.0
9.44584,9.76883,63.14585,4295.48709,0.84003,46.85723,2.492150814103389,0.9283917506878515,0.0
9.48506,9.81126,63.23599,4293.90186,0.76329,46.86615,2.4589392269566437,0.9160195606262392,0.0
9.52426,9.85369,63.31743,4292.35366,0.68585,46.87512,2.4291812254082634,0.9049339220693237,0.0
9.56344,9.89612,63.39011,4290.84075,0.60777,46.88414,2.402782700364972,0.8950997769037008,0.0
9.6026,9.93854,63.45396,4289.36143,0.52913,46.8932,2.3796599295673397,0.8864859363848672,0.0
9.64173,9.98096,63.50893,4287.91401,0.44999,46.90231,2.359739366350767,0.8790650024451305,0.0
9.68085,10.02337,63.55497,4286.49685,0.37042,46.91148,2.3429574448056725,0.8728132951106523,0.0
9.71996,10.06579,63.59205,4285.10831,0.29047,46.92069,2.329260403779586,0.8677107869375958,0.0
9.75904,10.1082,63.62013,4283.74676,0.21022,46.92994,2.318604131659145,0.8637410451893375,0.0
9.7981,10.15061,63.63919,4282.41059,0.12972,46.93925,2.3109540334267935,0.8608911823115879,0.0
9.83714,10.19302,63.64921,4281.09816,0.04903,46.94861,2.3062849210812946,0.8591518151111498,0.0
9.87617,10.23542,63.65018,4279.80787,-0.03178,46.95801,2.3045809281715464,0.8585170329175169,0.0
9.91517,10.27783,63.64209,4278.53808,-0.11265,46.96746,2.305835448867075,0.8589843748850275,0.0
9.95416,10.32023,63.62495,4277.28715,-0.19353,46.97696,2.31005110168286,0.8605548164794087,0.0
9.99313,10.36264,63.59875,4276.05342,-0.27436,46.98651,2.3172397177001756,0.8632327650897296,0.0
10.03208,10.40504,63.56353,4274.83518,-0.35507,46.99611,2.327422352823827,0.8670260645945443,0.0
10.07102,10.44744,63.51929,4273.63074,-0.4356,47.00576,2.340629323336185,0.8719460086067056,0.0
10.10993,10.48985,63.46606,4272.43834,-0.5159,47.01545,2.3569002636835448,0.8780073620003034,0.0
10.14883,10.53225,63.40389,4271.25617,-0.59589,47.0252,2.3762842051062947,0.8852283902024718,0.0
10.18771,10.57465,63.33281,4270.08241,-0.67552,47.03499,2.3988396733420365,0.8936308955903725,0.0
10.22657,10.61705,63.25288,4268.91517,-0.75472,47.04483,2.4246348032210134,0.9032402601810062,0.0
10.26541,10.65946,63.16414,4267.7525,-0.83343,47.05472,2.453747467486409,0.9140854936201639,0.0
10.30424,10.70186,63.06667,4266.59238,-0.91157,47.06465,2.4862654166484566,0.9261992852817625,0.0
10.34304,10.74426,62.96053,4265.43275,-0.98907,47.07464,2.5222864260408344,0.939618059050221,0.0
10.38183,10.78667,62.84581,4264.27143,-1.06587,47.08467,2.561918445557984,0.9543820291015517,0.0
10.4206,10.82907,62.72259,4263.10621,-1.1419,47.09475,2.6052797467257194,0.9705352546910311,0.0
10.45935,10.87148,62.59097,4261.93475,-1.21706,47.10488,2.6524990608404777,0.9881256916137064,0.0
10.49809,10.91388,62.45106,4260.75464,-1.29129,47.11505,2.7037157008518795,1.007205237608856,0.0
10.53681,10.95629,62.30296,4259.56336,-1.36451,47.12528,2.7590796584815527,1.0278297685393056,0.0
10.5755,10.99869,62.1468,4258.35828,-1.43662,47.13555,2.818751666717328,1.0500591616721615,0.0
10.61418,11.0411,61.98272,4257.13665,-1.50754,47.14586,2.882903216320506,1.073957301828202,0.0
10.65284,11.0835,61.81086,4255.89563,-1.57718,47.15623,2.9517165133228684,1.0995920655483948,0.0
10.69148,11.12591,61.63136,4254.63221,-1.64544,47.16664,3.0253843626223067,1.1270352777302066,0.0
10.7301,11.16831,61.44441,4253.34326,-1.71222,47.17709,3.1041099607689318,1.1563626344349764,0.0
10.7687,11.21072,61.25016,4252.02553,-1.77743,47.18759,3.1881065788538905,1.1876535847556575,0.0
10.80728,11.25312,61.04882,4250.67559,-1.84094,47.19814,3.2775971140247107,1.2209911637444804,0.0
10.84585,11.29552,60.84057,4249.28988,-1.90265,47.20873,3.3728134856822227,1.2564617674804208,0.0
10.88439,11.33792,60.62564,4247.86465,-1.96245,47.21937,3.4739958498032206,1.294154860383719,0.0
10.92291,11.38032,60.40425,4246.39601,-2.0202,47.23005,3.5813916021756618,1.3341626038947636,0.0
10.9614,11.42272,60.17664,4244.87989,-2.07578,47.24078,3.6952541386781492,1.3765793946455813,0.0
10.99988,11.46511,59.94307,4243.31204,-2.12906,47.25155,3.8158413381998266,1.4215012993075802,0.0
11.03834,11.5075,59.70381,4241.68804,-2.1799,47.26236,3.943413731441067,1.4690253724216245,0.0
11.07677,11.54989,59.45915,4240.00328,-2.22815,47.27321,4.078232316869755,1.5192488427842838,0.0
11.11518,11.59228,59.20938,4238.25297,-2.27368,47.28411,4.220555983645982,1.5722681534194765,0.0
11.15356,11.63466,58.95483,4236.43213,-2.31632,47.29505,4.370638500643156,1.6281778399096078,0.0
11.19192,11.67703,58.69583,4234.53563,-2.35591,47.30603,4.528725030998828,1.6870692319740457,0.0
11.23026,11.7194,58.43274,4232.55813,-2.39229,47.31705,4.6950481332332075,1.749028963780551,0.0
11.26857,11.76176,58.16594,4230.49414,-2.4253,47.32811,4.86982321322826,1.8141372796878261,0.0
11.30685,11.80412,57.89581,4228.33801,-2.45476,47.33921,5.053243396608578,1.8824661240724727,0.0
11.34511,11.84647,57.62278,4226.08395,-2.48048,47.35035,5.245473798754523,1.9540770067581217,0.0
11.38333,11.8888,57.34726,4223.72604,-2.5023,47.36152,5.4466451801651745,2.0290186394711975,0.0
11.4215,11.93116,57.06742,4221.26314,-2.56189,47.46064,5.6586996467033615,2.1080145077454833,50.99999913003379
11.45957,11.97357,56.78131,4218.69287,-2.61878,47.56333,5.883875346931231,2.1918983808096124,50.99999913003379
11.49754,12.01603,56.48927,4216.00702,-2.6728,47.66982,6.122784564725283,2.2808983505177394,50.99999913003379
11.53541,12.05854,56.19162,4213.197,-2.72378,47.78033,6.376031605994251,2.375239536721112,50.99999913003379
11.57317,12.1011,55.88874,4210.25385,-2.77152,47.8951,6.644217483467448,2.4751458324749978,50.99999913003379
11.61082,12.14371,55.58102,4207.16821,-2.81583,48.01438,6.92793250203003,2.5808371418809717,50.99999913003379
11.64836,12.18638,55.26884,4203.93035,-2.85651,48.13844,7.227747540529917,2.6925261323306113,50.99999913003379
11.68577,12.22911,54.95266,4200.53019,-2.89334,48.26754,7.544203914534329,2.8104144581155763,50.99999913003379
11.72305,12.2719,54.63291,4196.95729,-2.92612,48.40198,7.877801715385402,2.9346884164190072,50.99999913003379
11.7602,12.31475,54.31008,4193.20089,-2.95461,48.54203,8.228986538806572,3.065514003372212,50.99999913003379
11.79722,12.35766,53.98467,4189.24996,-2.97858,48.68801,8.598134542831962,3.2030313477402164,50.99999913003379
11.83409,12.40063,53.65721,4185.09318,-2.99781,48.8402,8.985535811526098,3.347348513469627,50.99999913003379
11.87081,12.44367,53.32824,4180.71909,-3.01204,48.99894,9.391376049206235,3.4985346803047963,50.99999913003379
11.90737,12.48677,52.99837,4176.11607,-3.02104,49.16452,9.815716691142226,3.6566127345002015,50.99999913003379
11.94377,12.52995,52.66817,4171.27244,-3.02457,49.33728,10.258473591799463,3.8215513296302017,50.99999913003379
11.98,12.5732,52.3383,4166.17655,-3.02237,49.51752,10.719394541175374,3.993256510832794,50.99999913003379
12.01605,12.61651,52.0094,4160.8169,-3.01421,49.70558,11.19803596315427,4.171563034333693,50.99999913003379
12.05191,12.65991,51.68216,4155.18223,-2.99986,49.90174,11.693739265759842,4.356225557293125,50.99999913003379
12.08757,12.70338,51.35727,4149.26164,-2.97908,50.10632,12.205607438841772,4.546909919828342,50.99999913003379
12.12303,12.74692,51.03547,4143.04475,-2.95167,50.31961,12.732482625851338,4.743184789909903,50.99999913003379
12.15828,12.79055,50.7175,4136.52188,-2.91741,50.54186,13.272925526606732,4.94451399034982,50.99999913003379
12.1933,12.83426,50.40413,4129.68414,-2.87614,50.77334,13.8251976094225,5.150249872351736,50.99999913003379
12.22809,12.87805,50.09612,4122.52369,-2.82769,51.01425,14.387247213545114,5.359628138302523,50.99999913003379
12.26264,12.92192,49.79427,4115.03389,-2.77192,51.26479,14.956700695159842,5.571764543426863,50.99999913003379
12.29694,12.96588,49.49937,4107.20945,-2.70873,51.52511,15.53085979953568,5.785653916842102,50.99999913003379
12.33097,13.00993,49.21223,4099.0467,-2.63806,51.79532,16.10670641549349,6.000171932722728,50.99999913003379
12.36474,13.05406,48.93364,4090.54371,-2.55988,52.07546,16.6809157742253,6.214080027207839,50.99999913003379
12.39822,13.09829,48.6644,4081.70047,-2.47421,52.36555,17.24987898324384,6.426033792890252,50.99999913003379
12.4314,13.1426,48.40529,4072.51909,-2.3811,52.66554,17.80973553173607,6.634595087915952,50.99999913003379
12.46429,13.18699,48.15706,4063.00392,-2.28068,52.97529,18.356416066243522,6.8382479710505315,50.99999913003379
12.49686,13.23148,47.92047,4053.16165,-2.17311,53.29464,18.885695321269413,7.03541841972301,50.99999913003379
12.52911,13.27606,47.69622,4043.00143,-2.05862,53.62333,19.39325461357598,7.224497610795927,50.99999913003379
12.56103,13.32072,47.48499,4032.53488,-1.93749,53.96102,19.874752793435583,7.4038683517732125,50.99999913003379
12.59261,13.36547,47.28741,4021.77613,-1.81007,54.30732,20.32590402197475,7.571934054907291,50.99999913003379
12.62384,13.41031,47.10407,4010.74173,-1.67675,54.66175,20.74256024663203,7.727149461477191,50.99999913003379
12.65471,13.45523,46.93551,3999.45064,-1.538,55.02378,21.120795816503055,7.868052163230942,50.99999913003379
12.68521,13.50023,46.78219,3987.92403,-1.39431,55.3928,21.456991354682017,7.993293847039594,50.99999913003379
12.71535,13.54531,46.64452,3976.18514,-1.24626,55.76813,21.747913820649853,8.10167012024338,50.99999913003379
12.74511,13.59047,46.52285,3964.25901,-1.09445,56.14903,21.99078967805752,8.192147767576147,50.99999913003379
12.77448,13.6357,46.41744,3952.17228,-0.93952,56.53474,22.18336824603087,8.2638883511933,50.99999913003379
12.80347,13.681,46.32849,3939.95284,-0.78216,56.92443,22.32397265468663,8.316267192942217,50.99999913003379
12.83207,13.72637,46.25611,3927.62952,-0.62307,57.31724,22.411536331128918,8.348886966355956,50.99999913003379
12.86027,13.77181,46.20036,3915.23177,-0.46296,57.71229,22.445623580122334,8.361585363495502,50.99999913003379
12.88808,13.81731,46.16118,3902.78928,-0.30257,58.1087,22.42643355042641,8.354436572513702,50.99999913003379
12.9155,13.86286,46.13848,3890.33162,-0.14263,58.50557,22.354787642005235,8.327746586509509,50.99999913003379
12.94252,13.90847,46.13205,3877.88796,0.01614,58.90201,22.232101157555388,8.282042642976256,50.99999913003379
12.96915,13.95412,46.14166,3865.48666,0.17304,59.29716,22.060340682082746,8.218057346572596,50.99999913003379
12.99539,13.99982,46.16696,3853.15505,0.32738,59.69018,21.841969243076935,8.136708239844573,50.99999913003379
13.02124,14.04556,46.20756,3840.91911,0.47851,60.08026,21.579881728624397,8.039073744773471,50.99999913003379
13.0467,14.09134,46.26303,3828.80328,0.62583,60.46664,21.277333302910296,7.92636649566679,50.99999913003379
13.07179,14.13715,46.33285,3816.83021,0.76875,60.84861,20.93786365375878,7.799905119373817,50.99999913003379
13.0965,14.18299,46.41647,3805.0207,0.90676,61.22552,20.565219844188828,7.661085495460285,50.99999913003379
13.12084,14.22885,46.51329,3793.3935,1.03938,61.59676,20.163280339973245,7.511352454475136,50.99999913003379
13.14483,14.27474,46.62268,3781.96532,1.16618,61.9618,19.73598247573337,7.352172757162331,50.99999913003379
13.16845,14.32064,46.74398,3770.75074,1.2868,62.32018,19.287255236248715,7.185010053730049,50.99999913003379
13.19173,14.36657,46.87649,3759.76227,1.40092,62.67149,18.820958800714163,7.011302362495812,50.99999913003379
13.21467,14.4125,47.0195,3749.01036,1.50828,63.01538,18.34083185716578,6.832442443123854,50.99999913003379
13.23728,14.45844,47.17228,3738.50348,1.60865,63.35157,17.85044726963884,6.649761281475026,50.99999913003379
13.25956,14.50439,47.3341,3728.2482,1.70189,63.67985,17.353176293128293,6.464514758738008,50.99999913003379
13.28153,14.55034,47.50421,3718.24931,1.78788,64.00006,16.8521611963177,6.277873452675488,50.99999913003379
13.30319,14.5963,47.68187,3708.50992,1.86654,64.31209,16.3502958782502,6.090915416824101,50.99999913003379
13.32456,14.64226,47.86634,3699.03163,1.93784,64.61587,15.85021385575238,5.904621705493752,50.99999913003379
13.34563,14.68822,48.05688,3689.81463,2.0018,64.91141,15.354282852256055,5.719874357961342,50.99999913003379
13.36643,14.73417,48.25276,3680.85787,2.05845,65.19873,14.86460513061654,5.5374565224543435,50.99999913003379
13.38695,14.78012,48.45328,3672.15915,2.10788,65.47791,14.383022675248526,5.358054386632752,50.99999913003379
13.40721,14.82606,48.65773,3663.71533,2.15017,65.74904,13.911126333796897,5.18226058310201,50.99999913003379
13.42722,14.872,48.86543,3655.52239,2.18546,66.01226,13.450268066547375,5.010578752640764,50.99999913003379
13.44698,14.91793,49.07571,3647.5756,2.21389,66.26773,13.001575513969978,4.843428970994103,50.99999913003379
13.4665,14.96385,49.28794,3639.86961,2.23561,66.51563,12.565968171208763,4.681153774296559,50.99999913003379
13.48578,15.00976,49.50147,3632.39857,2.25082,66.75616,12.144174545864274,4.524024550797528,50.99999913003379
13.50485,15.05566,49.71572,3625.15622,2.25969,66.98953,11.736749766569904,4.372248100519258,50.99999913003379
13.52369,15.10156,49.93009,3618.136,2.26242,67.21596,11.34409319965708,4.225973197928169,50.99999913003379
13.54233,15.14744,50.14403,3611.33111,2.25922,67.4357,10.96646571673664,4.085297024563241,50.99999913003379
13.56076,15.19331,50.35699,3604.73456,2.25029,67.64899,10.604006334677907,3.9502713678660526,50.99999913003379
13.579,15.23917,50.56848,3598.3393,2.23586,67.85607,10.256748019901492,3.820908508695679,50.99999913003379
13.59704,15.28502,50.77798,3592.1382,2.21612,68.05718,9.924632510513321,3.697186742963616,50.99999913003379
13.6149,15.33085,50.98504,3586.12416,2.19131,68.25259,9.607524062240502,3.579055502356562,50.99999913003379
13.63258,15.37668,51.18919,3580.2901,2.16163,68.44253,9.30522206798101,3.466440055450725,50.99999913003379
13.65009,15.42249,51.39003,3574.62901,2.12729,68.62727,9.017472536322387,3.3592457837620473,50.99999913003379
13.66742,15.4683,51.58713,3569.13399,2.0885,68.80703,8.743978442561085,3.2573620377732664,50.99999913003379
13.6846,15.51409,51.78011,3563.79827,2.04547,68.98207,8.484408987373829,3.1606655860326094,50.99999913003379
13.70161,15.55987,51.96861,3558.61521,1.9984,69.15261,8.238407814226393,3.069023676354771,50.99999913003379
13.71847,15.60564,52.15229,3553.57832,1.94749,69.3189,8.005600247690495,2.9822967322844125,50.99999913003379
13.73518,15.6514,52.3308,3548.68129,1.89293,69.48115,7.785599621988123,2.9003407106454375,50.99999913003379
13.75174,15.69715,52.50384,3543.91796,1.8349,69.6396,7.578012772938334,2.8230091474356707,50.99999913003379
13.76816,15.74288,52.67113,3539.28237,1.7736,69.79444,7.382444767786231,2.7501549198126067,50.99999913003379
13.78443,15.78861,52.83238,3534.7687,1.70919,69.9459,7.198502946675286,2.681631751648188,50.99999913003379
13.80058,15.83432,52.98733,3530.37133,1.64185,70.09418,7.025800347339607,2.6172954893167772,50.99999913003379
13.81658,15.88003,53.13575,3526.08481,1.57175,70.23947,6.86395858128004,2.5570051731464405,50.99999913003379
13.83246,15.92572,53.27741,3521.90385,1.49905,70.38196,6.712610225677949,2.5006239284697593,50.99999913003379
13.84821,15.97141,53.41209,3517.82331,1.4239,70.52184,6.571400790803149,2.4480196985350537,50.99999913003379
13.86384,16.01709,53.53959,3513.83822,1.34646,70.6593,6.4399903179201905,2.3990658397685167,50.99999913003379
13.87934,16.06275,53.65973,3509.94377,1.26688,70.79449,6.318054657908016,2.353641598093677,50.99999913003379
13.89472,16.10841,53.77234,3506.13525,1.18529,70.92761,6.205286476062171,2.311632483246662,50.99999913003379
13.90998,16.15406,53.87726,3502.40813,1.10184,71.0588,6.101396023908603,2.2729305562971476,50.99999913003379
13.92513,16.1997,53.97435,3498.75796,1.01666,71.18823,6.006111714507935,2.2374346439643316,50.99999913003379
13.94016,16.24533,54.06346,3495.18043,0.92989,71.31605,5.919180533579108,2.2050504917713147,50.99999913003379
13.95508,16.29095,54.14448,3491.67133,0.84165,71.44243,5.840368314929558,2.1756908666500823,50.99999913003379
13.96989,16.33657,54.21729,3488.22652,0.75207,71.5675,5.7694599050948785,2.1492756182741153,50.99999913003379
13.98459,16.38217,54.2818,3484.84198,0.66126,71.69141,5.706259238867831,2.12573170719493,50.99999913003379
13.99917,16.42777,54.33792,3481.51374,0.56935,71.8143,5.650589344340816,2.1049932067205375,50.99999913003379
14.01365,16.47336,54.38556,3478.2379,0.47646,71.93632,5.60229229342686,2.0870012844831987,50.99999913003379
14.02802,16.51894,54.42467,3475.01062,0.38269,72.0576,5.561229111287325,2.071704168698875,50.99999913003379
14.04229,16.56452,54.45518,3471.82808,0.28816,72.17827,5.52727965585703,2.0590571032871567,50.99999913003379
14.05645,16.61008,54.47704,3468.68653,0.19298,72.29847,5.5003424765983135,2.0490222952534425,50.99999913003379
14.0705,16.65564,54.49021,3465.58222,0.09727,72.41833,5.480334659723419,2.0415688570301995,50.99999913003379
14.08445,16.70119,54.49468,3462.51141,0.00113,72.53799,5.4671916653659265,2.036672745819039,50.99999913003379
14.0983,16.74674,54.49041,3459.47039,-0.09534,72.65756,5.460867160577094,2.0343167013774632,50.99999913003379
14.11204,16.79227,54.47741,3456.45541,-0.19202,72.7772,5.461332850501287,2.034490183127264,50.99999913003379
14.12567,16.8378,54.45566,3453.46273,-0.28881,72.89701,5.4685783086097,2.0371893069121247,50.99999913003379
14.13921,16.88332,54.42519,3450.48858,-0.3856,73.01714,5.482610805489104,2.0424167812169163,50.99999913003379
14.15263,16.92884,54.38601,3447.52913,-0.48228,73.13772,5.503455134287131,2.05018184214148,50.99999913003379
14.16596,16.97434,54.33815,3444.58053,-0.57874,73.25888,5.531153429551553,2.060500185913487,50.99999913003379
14.17918,17.01984,54.28164,3441.63888,-0.67489,73.38076,5.565764974793958,2.0733938972008468,50.99999913003379
14.19229,17.06533,54.21655,3438.70018,-0.77059,73.50348,5.607365992686338,2.088891370954416,50.99999913003379
14.20529,17.11082,54.14292,3435.76039,-0.86575,73.62719,5.656049410326429,2.1070272249631605,50.99999913003379
14.21819,17.15629,54.06083,3432.81537,-0.96025,73.75203,5.711924590424754,2.127842199714255,50.99999913003379
14.23099,17.20176,53.97036,3429.86089,-1.05398,73.87815,5.775117017659758,2.1513830415521222,50.99999913003379
14.24367,17.24722,53.8716,3426.8926,-1.14681,74.00568,5.845767927699635,2.1777023644792983,50.99999913003379
14.25624,17.29267,53.76464,3423.90606,-1.23864,74.13479,5.924033864572393,2.206858485265137,50.99999913003379
14.26871,17.33811,53.64959,3420.8967,-1.32933,74.26561,6.010086150106024,2.238915225798314,50.99999913003379
14.28106,17.38354,53.52659,3417.85981,-1.41876,74.39832,6.104110247164557,2.273941675875502,50.99999913003379
14.29329,17.42896,53.39577,3414.79056,-1.50681,74.53307,6.206304996246675,2.3120119088142688,50.99999913003379
14.30541,17.47438,53.25726,3411.68394,-1.59333,74.67003,6.316881702851577,2.3532046414728485,50.99999913003379
14.31741,17.51978,53.11123,3408.53483,-1.6782,74.80937,6.4360630507432575,2.397602829412491,50.99999913003379
14.3293,17.56517,52.95785,3405.3379,-1.76129,74.95126,6.564081814063544,2.4452931871256833,50.99999913003379
14.34106,17.61056,52.7973,3402.0877,-1.84243,75.0959,6.70117933897626,2.49636562240865,50.99999913003379
14.3527,17.65593,52.62978,3398.77856,-1.92149,75.24347,6.847603763578025,2.5509125732312876,50.99999913003379
14.36421,17.70128,52.45549,3395.40467,-1.99832,75.39416,7.003607942868322,2.609028234733919,50.99999913003379
14.3756,17.74663,52.27466,3391.96002,-2.07276,75.54818,7.1694470441480345,2.6708076634499798,50.99999913003379
14.38685,17.79196,52.08752,3388.43842,-2.14466,75.70572,7.345375777133158,2.736345745450493,50.99999913003379
14.39797,17.83728,51.89433,3384.83349,-2.21384,75.86701,7.5316452227110045,2.805736014972319,50.99999913003379
14.40895,17.88259,51.69536,3381.1387,-2.28014,76.03225,7.728499224675342,2.8790693102445526,50.99999913003379
14.41979,17.92787,51.49087,3377.3473,-2.34338,76.20168,7.936170310284536,2.9564322537890955,50.99999913003379
14.43049,17.97315,51.28117,3373.45241,-2.4034,76.37552,8.15487510827567,3.037905545510355,50.99999913003379
14.4411,18.01839,51.07001,3369.43789,-2.38192,76.39004,8.380704456320236,3.1220329195847127,0.0
14.45169,18.06358,50.86124,3365.29028,-2.35475,76.40456,8.60919869590195,3.2071530358741747,0.0
14.46226,18.10872,50.65537,3361.00688,-2.32182,76.41907,8.839570134219993,3.2929724580849906,0.0
14.4728,18.15381,50.45292,3356.58539,-2.2831,76.43358,9.070974069710033,3.37917651265901,0.0
14.48332,18.19885,50.25439,3352.02403,-2.23855,76.44809,9.302491298796603,3.4654227720786714,0.0
14.49381,18.24384,50.0603,3347.32153,-2.18816,76.46259,9.533131436034543,3.551342291707043,0.0
14.50428,18.28876,49.87115,3342.47719,-2.13197,76.47708,9.761837853111917,3.636541449696363,0.0
14.51472,18.33364,49.68743,3337.49094,-2.07001,76.49157,9.987494324822347,3.7206044227876047,0.0
14.52513,18.37845,49.50965,3332.36335,-2.00238,76.50605,10.208933429543787,3.8030963157098445,0.0
14.53552,18.42319,49.33828,3327.09569,-1.92916,76.52052,10.424946703062883,3.883566943747,0.0
14.54588,18.46788,49.1738,3321.68994,-1.85051,76.53498,10.634296488958478,3.9615552473174898,0.0
14.55622,18.5125,49.01664,3316.14881,-1.7666,76.54943,10.835729367773958,4.036594294694274,0.0
14.56653,18.55705,48.86724,3310.47577,-1.67762,76.56386,11.027990983217698,4.1082168051546235,0.0
14.5768,18.60153,48.72602,3304.67504,-1.58382,76.57829,11.20984201941785,4.175961100927912,0.0
14.58706,18.64594,48.59335,3298.75157,-1.48547,76.5927,11.380075021935891,4.239377373465749,0.0
14.59728,18.69028,48.46959,3292.71107,-1.38287,76.6071,11.537531700506227,4.298034129167751,0.0
14.60747,18.73455,48.35506,3286.55995,-1.27634,76.62148,11.681120306488696,4.3515246629398225,0.0
14.61763,18.77873,48.25006,3280.30529,-1.16625,76.63585,11.809832646349559,4.399473396163477,0.0
14.62777,18.82284,48.15484,3273.9548,-1.05299,76.65021,11.922760276786489,4.441541909806016,0.0
14.63787,18.86687,48.06963,3267.51678,-0.93696,76.66455,12.019109429244885,4.477434504195541,0.0
14.64795,18.91082,47.9946,3261.00004,-0.8186,76.67887,12.098214233021313,4.506903124974914,0.0
14.65799,18.95469,47.9299,3254.41382,-0.69836,76.69317,12.15954784637641,4.52975150973418,0.0
14.668,18.99848,47.87563,3247.76776,-0.5767,76.70746,12.202731163249073,4.545838431490695,0.0
14.67799,19.04218,47.83185,3241.07175,-0.45411,76.72173,12.227538836713398,4.55507994258533,0.0
14.68794,19.08579,47.79857,3234.33593,-0.33106,76.73598,12.233902445924167,4.557450554452977,0.0
14.69786,19.12933,47.77577,3227.57052,-0.20803,76.75021,12.22191072664324,4.552983323499707,0.0
14.70775,19.17277,47.76338,3220.78578,-0.08552,76.76443,12.19180688206004,4.541768849312645,0.0
14.71761,19.21613,47.7613,3213.99193,0.036,76.77862,12.14398308538218,4.523953226730319,0.0
14.72743,19.2594,47.76938,3207.19903,0.15606,76.7928,12.078972373934628,4.499735026181341,0.0
14.73723,19.30258,47.78744,3200.41693,0.2742,76.80696,11.997438212297258,4.469361405678517,0.0
14.74699,19.34568,47.81525,3193.6552,0.38998,76.8211,11.900162065492145,4.433123481504149,0.0
14.75673,19.38868,47.85256,3186.92305,0.50298,76.83522,11.78802937041606,4.391351102199533,0.0
14.76643,19.43161,47.89908,3180.22926,0.61281,76.84932,11.662014322988663,4.34440718137738,0.0
14.7761,19.47444,47.95449,3173.58215,0.71909,76.86341,11.523163909680576,4.292681749045868,0.0
14.78574,19.51719,48.01845,3166.98954,0.82147,76.87748,11.372581606161539,4.236585878926169,0.0
14.79535,19.55985,48.09058,3160.45869,0.91964,76.89153,11.211411144238696,4.176545641209835,0.0
14.80493,19.60243,48.17049,3153.99631,1.0133,76.90556,11.040820713692426,4.112996217326986,0.0
14.81448,19.64492,48.25777,3147.60849,1.10221,76.91957,10.861987920773592,4.046376296590749,0.0
14.824,19.68733,48.35199,3141.30076,1.18612,76.93357,10.676085773067312,3.9771228551902706,0.0
14.83349,19.72966,48.4527,3135.07803,1.26485,76.94755,10.484269904496449,3.905666397168373,0.0
14.84296,19.77191,48.55945,3128.94462,1.33823,76.96152,10.287667196946742,3.8324267156775442,0.0
14.85239,19.81407,48.67177,3122.90429,1.40613,76.97547,10.087365899380076,3.757809212089637,0.0
14.8618,19.85616,48.78919,3116.9602,1.46843,76.98941,9.884407292992538,3.6822017910479525,0.0
14.87117,19.89817,48.91123,3111.115,1.52505,77.00333,9.679778904190451,3.605972332122228,0.0
14.88052,19.94011,49.03743,3105.3708,1.57595,77.01724,9.474409226387992,3.529466723539378,0.0
14.88984,19.98197,49.16729,3099.72922,1.6211,77.03114,9.269163878063663,3.4530074309584364,0.0
14.89914,20.02376,49.30034,3094.19143,1.66048,77.04502,9.06484309812295,3.3768925644272505,0.0
14.90841,20.06548,49.43611,3088.75816,1.69412,77.0589,8.862180460116559,3.3013953993949396,0.0
14.91765,20.10712,49.57413,3083.42974,1.72206,77.07276,8.661842674183383,3.2267643029304414,0.0
14.92687,20.1487,49.71394,3078.20614,1.74435,77.08661,8.464430338627668,3.1532230137047783,0.0
14.93606,20.19021,49.85508,3073.087,1.76106,77.10046,8.270479501420555,3.080971223691473,0.0
14.94522,20.23166,49.99711,3068.07164,1.77229,77.11429,8.08046389446426,3.010185410488737,0.0
14.95436,20.27304,50.1396,3063.15913,1.77812,77.12811,7.894797709492805,2.9410198714155333,0.0
14.96348,20.31436,50.28211,3058.34828,1.77868,77.14193,7.713838793098157,2.8736079137428807,0.0
14.97257,20.35561,50.42425,3053.63769,1.77409,77.15574,7.53789214879245,2.8080631593041754,0.0
14.98164,20.39681,50.56559,3049.02577,1.76447,77.16954,7.367213645594515,2.7444809260412493,0.0
14.99069,20.43795,50.70577,3044.51078,1.74997,77.18334,7.202013844739532,2.682939653554407,0.0
14.99971,20.47903,50.84439,3040.09081,1.73074,77.19713,7.042461868289412,2.62350234426158,0.0
15.00871,20.52006,50.9811,3035.76386,1.70692,77.21092,6.888689245287294,2.566217996192074,0.0
15.01769,20.56103,51.11555,3031.5278,1.67867,77.2247,6.7407936823417245,2.51112300762839,0.0
15.02665,20.60195,51.24741,3027.38043,1.64615,77.23848,6.59884271596271,2.4582425376974966,0.0
15.03558,20.64282,51.37635,3023.31948,1.60951,77.25225,6.462877213464084,2.4075918105490812,0.0
15.0445,20.68364,51.50206,3019.3426,1.56893,77.26602,6.332914697682961,2.359177353901022,0.0
15.05339,20.72441,51.62426,3015.44743,1.52457,77.27979,6.208952478195079,2.312998165499492,0.0
15.06226,20.76513,51.74266,3011.63156,1.47658,77.29356,6.090970578087218,2.2690468034186924,0.0
15.07111,20.8058,51.85699,3007.89253,1.42514,77.30732,5.978934450726206,2.227310398128792,0.0
15.07994,20.84643,51.967,3004.2279,1.3704,77.32108,5.872797485443162,2.1877715859292293,0.0
15.08875,20.88702,52.07245,3000.63519,1.31254,77.33484,5.772503304675979,2.1504093646947373,0.0
15.09754,20.92756,52.17313,2997.11193,1.25171,77.3486,5.677987857966608,2.115199873944424,0.0
15.10631,20.96805,52.2688,2993.65563,1.18807,77.36236,5.589181320419482,2.0821171020674885,0.0
15.11507,21.00851,52.35928,2990.26382,1.12179,77.37612,5.506009804804303,2.0511335241265534,0.0
15.1238,21.04892,52.44437,2986.93401,1.05303,77.38988,5.428396897612374,2.0222206740790685,0.0
15.13251,21.08929,52.5239,2983.66373,0.98193,77.40364,5.356265030027439,1.9953496555000203,0.0
15.14121,21.12962,52.59771,2980.45051,0.90865,77.4174,5.289536695096055,1.9704915950099209,0.0
15.14988,21.16992,52.66564,2977.29187,0.83335,77.43117,5.22813552240926,1.947618042622005,0.0
15.15854,21.21017,52.72757,2974.18536,0.75618,77.44493,5.171987221385147,1.9267013231398098,0.0
15.16718,21.25039,52.78336,2971.12851,0.67728,77.4587,5.121020403841433,1.9077148425870987,0.0
15.1758,21.29057,52.83289,2968.11886,0.59682,77.47246,5.075167296013744,1.8906333534534072,0.0
15.18441,21.33072,52.87608,2965.15395,0.51492,77.48623,5.0343643494761405,1.875433182278014,0.0
15.19299,21.37083,52.91281,2962.23132,0.43174,77.5,4.998552759737379,1.8620924228406897,0.0
15.20156,21.4109,52.94301,2959.34851,0.34743,77.51378,4.967678900426041,1.8505910979070879,0.0
15.21011,21.45094,52.96662,2956.50302,0.26211,77.52755,4.9416946801928345,1.840911292184237,0.0
15.21865,21.49095,52.98357,2953.69238,0.17595,77.54133,4.920557828546536,1.833037258801953,0.0
15.22716,21.53092,52.99382,2950.91409,0.08907,77.55511,4.904232116014975,1.8269555013285976,0.0
15.23566,21.57085,52.99732,2948.16563,0.00162,77.56889,4.892687513113847,1.8226548329911436,0.0
15.24415,21.61076,52.99406,2945.44446,-0.08626,77.58268,4.8859002917385554,1.8201264144463054,0.0
15.25261,21.65063,52.98402,2942.74802,-0.17444,77.59647,4.88385307175186,1.8193637711356616,0.0
15.26106,21.69047,52.96718,2940.07373,-0.26277,77.61026,4.886534814655131,1.8203627909280322,0.0
15.26949,21.73027,52.94357,2937.41895,-0.35111,77.62405,4.89394076543324,1.8231217024551707,0.0
15.2779,21.77005,52.91319,2934.78104,-0.43933,77.63785,4.9060723428030455,1.8276410342264346,0.0
15.2863,21.80979,52.87607,2932.15731,-0.52728,77.65165,4.922936977325161,1.833923554321163,0.0
15.29468,21.8495,52.83225,2929.54502,-0.61483,77.66545,4.944547896038199,1.8419741901592626,0.0
15.30304,21.88917,52.78178,2926.94141,-0.70183,77.67926,4.970923851526057,1.851799927571646,0.0
15.31139,21.92882,52.72472,2924.34363,-0.78815,77.69307,5.002088792595393,1.863409688118924,0.0
15.31972,21.96843,52.66113,2921.74882,-0.87363,77.70688,5.0380714730323675,1.8768141833429992,0.0
15.32804,22.00801,52.5911,2919.15406,-0.95814,77.72069,5.078904994270488,1.8920257443988047,0.0
15.33633,22.04756,52.51472,2916.55634,-1.04153,77.73451,5.124626277151784,1.9090581252714414,0.0
15.34461,22.08708,52.43209,2913.95264,-1.12365,77.74833,5.175275457449316,1.9279262775924102,0.0
15.35288,22.12656,52.34333,2911.33985,-1.20436,77.76215,5.230895199319039,1.948646094882367,0.0
15.36112,22.16601,52.24856,2908.7148,-1.28351,77.77597,5.2915299204407695,1.9712341238957423,0.0
15.36935,22.20543,52.14792,2906.07427,-1.36094,77.7898,5.357224922374712,1.9957072406556673,0.0
15.37757,22.24482,52.04155,2903.41496,-1.43651,77.80363,5.4280254194623305,2.0220822886939986,0.0
15.38576,22.28417,51.92961,2900.73352,-1.51006,77.81745,5.503975459652673,2.0503756770307286,0.0
15.39394,22.32349,51.81228,2898.02653,-1.58143,77.83128,5.585116730814224,2.0806029354937414,0.0
15.4021,22.36278,51.68974,2895.29051,-1.65046,77.84512,5.671487246576608,2.1127782251602705,0.0
15.41025,22.40203,51.56218,2892.52192,-1.71701,77.85895,5.763119906383087,2.146913801938567,0.0
15.41838,22.44125,51.4298,2889.71716,-1.78091,77.87278,5.860040925506927,2.183019431707689,0.0
15.42649,22.48043,51.29284,2886.87259,-1.842,77.88661,5.962268132110267,2.221101755927119,0.0
15.43458,22.51957,51.1515,2883.9845,-1.90011,77.90045,6.069809130191688,2.261163607286404,0.0
15.44266,22.55868,51.00604,2881.04916,-1.95509,77.91428,6.18265932945362,2.3032032757789187,0.0
15.45072,22.59776,50.85672,2878.06279,-2.00678,77.92811,6.300799845797799,2.3472137265811903,0.0
15.45876,22.63679,50.70379,2875.0216,-2.05501,77.94194,6.424195279313783,2.393181772295152,0.0
15.46679,22.67579,50.54753,2871.92176,-2.09962,77.95577,6.552791380344565,2.4410872034961733,0.0
15.47479,22.71474,50.38823,2868.75947,-2.14046,77.9696,6.686512618476878,2.4909018831179885,0.0
15.48278,22.75366,50.22619,2865.5309,-2.17736,77.98343,6.8252596740712,2.5425888119816173,0.0
15.49075,22.79254,50.06172,2862.23228,-2.21018,77.99725,6.968906877280972,2.596101174762645,0.0
15.4987,22.83137,49.89515,2858.85984,-2.23876,78.01107,7.1172996252697445,2.6513813778366484,0.0
15.50664,22.87017,49.7268,2855.40991,-2.26296,78.02489,7.270251814474513,2.708360092729728,0.0
15.51455,22.90891,49.55702,2851.87887,-2.28263,78.0387,7.427543331176659,2.766955321290159,0.0
15.52245,22.94762,49.38616,2848.2632,-2.29764,78.05251,7.588917650147957,2.8270715011208427,0.0
15.53032,22.98628,49.21458,2844.55951,-2.30787,78.06632,7.754079597512614,2.8885986721865535,0.0
15.53818,23.02489,49.04264,2840.76455,-2.31319,78.08012,7.922693340041179,2.951411727773016,0.0
15.54602,23.06346,48.87073,2836.87523,-2.3135,78.09391,8.094380668452272,3.015369774971633,0.0
15.55384,23.10197,48.69922,2832.88868,-2.3087,78.10769,8.268719646756681,3.080315631524617,0.0
15.56164,23.14044,48.5285,2828.80224,-2.29871,78.12147,8.44524370276543,3.1460754870153216,0.0
15.56942,23.17885,48.35897,2824.6135,-2.28345,78.13524,8.623441236223153,3.2124587568876124,0.0
15.57718,23.21721,48.19101,2820.32035,-2.26287,78.14901,8.802755820378477,3.2792581575361313,0.0
15.58491,23.25552,48.02502,2815.92097,-2.23694,78.16276,8.982587069523387,3.3462500294875452,0.0
15.59263,23.29377,47.86141,2811.41389,-2.20563,78.1765,9.16229223910264,3.4131949334833993,0.0
15.60033,23.33196,47.70055,2806.79802,-2.16895,78.19024,9.341188615880004,3.47983854087993,0.0
15.608,23.3701,47.54286,2802.07263,-2.1269,78.20396,9.518556743348269,3.5459128351981617,0.0
15.61566,23.40818,47.3887,2797.23744,-2.07955,78.21767,9.693644512003042,3.611137635858516,0.0
15.62329,23.44619,47.23847,2792.2926,-2.02694,78.23137,9.865672125263679,3.6752224481170206,0.0
15.6309,23.48415,47.09254,2787.23873,-1.96917,78.24505,10.033837930229678,3.7378686351754817,0.0
15.63849,23.52204,46.95127,2782.07692,-1.90636,78.25873,10.197325078275988,3.798771899428486,0.0
15.64605,23.55986,46.81501,2776.80873,-1.83864,78.27239,10.355308954659813,3.8576250501874214,0.0
15.6536,23.59762,46.6841,2771.43627,-1.76619,78.28603,10.506965289548258,3.914121025251692,0.0
15.66112,23.63531,46.55886,2765.96211,-1.68918,78.29966,10.651478836109911,3.967956123726161,0.0
15.66861,23.67293,46.4396,2760.38934,-1.60783,78.31327,10.788052475947921,4.0188333980345545,0.0
15.67609,23.71047,46.32659,2754.72154,-1.52239,78.32687,10.915916589094195,4.066466144488836,0.0
15.68354,23.74795,46.22012,2748.96278,-1.43313,78.34044,11.034338506493441,4.1105814245882275,0.0
15.69096,23.78535,46.12041,2743.11759,-1.34033,78.354,11.142631848395704,4.150923543816133,0.0
15.69837,23.82268,46.0277,2737.19095,-1.2443,78.36755,11.240165543465926,4.187257411495756,0.0
15.70574,23.85993,45.94216,2731.18825,-1.14538,78.38107,11.326372321422664,4.219371704521481,0.0
15.7131,23.8971,45.86396,2725.11528,-1.04391,78.39458,11.400756477163469,4.247081759699859,0.0
15.72043,23.9342,45.79326,2718.97816,-0.94026,78.40806,11.462900716873346,4.270232124105141,0.0
15.72773,23.97121,45.73014,2712.78333,-0.83482,78.42153,11.512471916201003,4.288698700151447,0.0
15.73501,24.00815,45.6747,2706.53746,-0.72797,78.43497,11.5492256467516,4.302390431830396,0.0
15.74226,24.045,45.62699,2700.24746,-0.62011,78.4484,11.573009358957504,4.311250490414226,0.0
15.74949,24.08177,45.58703,2693.9204,-0.51166,78.4618,11.583764145421348,4.315256931347471,0.0
15.7567,24.11846,45.55481,2687.56345,-0.40303,78.47519,11.581525047899163,4.314422808606254,0.0
15.76388,24.15507,45.5303,2681.18385,-0.29462,78.48855,11.566419911148335,4.308795747726504,0.0
15.77103,24.19159,45.51343,2674.78883,-0.18685,78.50189,11.538666826624267,4.298456993513686,0.0
15.77816,24.22803,45.5041,2668.38559,-0.08011,78.51521,11.498570246410122,4.283519962379398,0.0
15.78526,24.26438,45.50219,2661.98124,0.0252,78.5285,11.446515881652733,4.264128341874503,0.0
15.79234,24.30065,45.50756,2655.58274,0.12869,78.54178,11.382964528539532,4.2404537907031,0.0
15.79939,24.33684,45.52002,2649.19689,0.22999,78.55504,11.308444987846082,4.212693301067669,0.0
15.80642,24.37294,45.53939,2642.83025,0.32875,78.56827,11.22354626030617,4.181066291239089,0.0
15.81343,24.40896,45.56544,2636.48913,0.42463,78.58148,11.12890920956839,4.1458114997886,0.0
15.82041,24.44489,45.59792,2630.17955,0.51731,78.59467,11.025217887073698,4.107183753876433,0.0
15.82736,24.48074,45.63659,2623.90723,0.60649,78.60784,10.913190709437728,4.065450682594591,0.0
15.83429,24.5165,45.68115,2617.67754,0.6919,78.62099,10.793571669337714,4.02088944279097,0.0
15.84119,24.55219,45.73132,2611.49551,0.77328,78.63412,10.66712174642993,3.97378351941011,0.0
15.84807,24.58779,45.78678,2605.36577,0.8504,78.64723,10.534610666468796,3.924419655548237,0.0
15.85493,24.62331,45.84721,2599.29262,0.92305,78.66032,10.396809135577508,3.87308495951474,0.0
15.86176,24.65875,45.91229,2593.27996,0.99106,78.67339,10.254481653735146,3.820064227667032,0.0
15.86857,24.69411,45.98166,2587.33129,1.05426,78.68644,10.108379987827647,3.765637512950301,0.0
15.87536,24.72939,46.05498,2581.44976,1.11252,78.69947,9.95923736125286,3.7100779603725145,0.0
15.88212,24.76459,46.1319,2575.63814,1.16573,78.71248,9.80776339465171,3.653649922293659,0.0
15.88886,24.79971,46.21206,2569.89882,1.2138,78.72548,9.654639811618141,3.5966073586897083,0.0
15.89557,24.83476,46.2951,2564.23387,1.25667,78.73846,9.500516904693653,3.5391925206425947,0.0
15.90227,24.86973,46.38065,2558.64498,1.29429,78.75142,9.34601074093046,3.4816349093389714,0.0
15.90894,24.90463,46.46836,2553.13355,1.32663,78.76436,9.191701072858216,3.4241504978503374,0.0
15.91559,24.93946,46.55786,2547.70065,1.3537,78.77729,9.038129910107896,3.366941199025365,0.0
15.92221,24.97422,46.6488,2542.34706,1.37549,78.79021,8.885800698882967,3.3101945598213125,0.0
15.92882,25.0089,46.74083,2537.07328,1.39205,78.80311,8.735178050987754,3.2540836603599628,0.0
15.93541,25.04351,46.83359,2531.87957,1.40342,78.81599,8.58668796084383,3.198767194771939,0.0
15.94197,25.07806,46.92675,2526.76593,1.40966,78.82886,8.440718447739496,3.1443897104515366,0.0
15.94851,25.11254,47.01996,2521.73214,1.41083,78.84172,8.297620561001176,3.0910819825095115,0.0
15.95504,25.14695,47.1129,2516.77778,1.40704,78.85457,8.15770968765459,3.0389615009112756,0.0
15.96154,25.1813,47.20525,2511.90223,1.39836,78.8674,8.021267105157992,2.988133048910885,0.0
15.96802,25.21559,47.2967,2507.10471,1.38492,78.88022,7.888541725649705,2.938689352829137,0.0
15.97448,25.24981,47.38694,2502.38427,1.36681,78.89303,7.759751982502585,2.8907117848447488,0.0
15.98093,25.28397,47.47567,2497.73983,1.34418,78.90583,7.635087814850354,2.8442711022826312,0.0
15.98735,25.31807,47.56262,2493.17015,1.31715,78.91862,7.514712710624153,2.7994282086987607,0.0
15.99376,25.35211,47.64751,2488.67391,1.28585,78.93139,7.3987657736095835,2.7562349239133144,0.0
16.00014,25.38609,47.73008,2484.24965,1.25042,78.94416,7.287363784887842,2.714734751951733,0.0
16.00651,25.42001,47.81006,2479.89583,1.21103,78.95692,7.180603233576586,2.674963637549125,0.0
16.01286,25.45388,47.88723,2475.61082,1.16781,78.96967,7.078562296132127,2.636950703492414,0.0
16.01919,25.4877,47.96135,2471.39291,1.12092,78.98241,6.981302747403196,2.6007189625381453,0.0
16.02551,25.52145,48.0322,2467.24033,1.07053,78.99515,6.88887179020623,2.566285998977424,0.0
16.0318,25.55516,48.09957,2463.15124,1.01678,79.00787,6.801303793379243,2.533664616106707,0.0
16.03808,25.58881,48.16327,2459.12373,0.95984,79.02059,6.718621931062502,2.5028634469029942,0.0
16.04434,25.62241,48.2231,2455.15587,0.89988,79.0333,6.640839718353141,2.473887526095569,0.0
16.05058,25.65596,48.27889,2451.24565,0.83707,79.046,6.567962440510652,2.446738822582658,0.0
16.05681,25.68946,48.33047,2447.39104,0.77155,79.0587,6.499988474622738,2.421416731786728,0.0
16.06302,25.72291,48.37771,2443.58996,0.70352,79.07139,6.4369105039813945,2.3979185280415334,0.0
16.06922,25.75631,48.42044,2439.84029,0.63312,79.08408,6.3787166265534525,2.376239777526558,0.0
16.07539,25.78966,48.45854,2436.13989,0.56053,79.09676,6.3253913597450575,2.3563747125682184,0.0
16.08155,25.82296,48.4919,2432.48657,0.48592,79.10943,6.276916544278285,2.338316568357689,0.0
16.0877,25.85622,48.5204,2428.87811,0.40946,79.1221,6.233272150440188,2.322057883299883,0.0
16.09383,25.88943,48.54394,2425.31228,0.33131,79.13477,6.194436990164974,2.307590764282802,0.0
16.09994,25.9226,48.56244,2421.7868,0.25163,79.14743,6.160389338533815,2.2949071182025644,0.0
16.10604,25.95571,48.57583,2418.29936,0.17061,79.16008,6.131107468270854,2.2839988510772358,0.0
16.11212,25.98879,48.58402,2414.84762,0.08841,79.17273,6.106570100647818,2.274858036020657,0.0
16.11818,26.02182,48.58699,2411.42922,0.00519,79.18538,6.086756776035373,2.267477051282576,0.0
16.12423,26.0548,48.58467,2408.04177,-0.07888,79.19802,6.0716481470516666,2.261848689454192,0.0
16.13027,26.08775,48.57703,2404.68282,-0.16363,79.21065,6.0612261969477865,2.257966238822486,0.0
16.13628,26.12064,48.56406,2401.34991,-0.24889,79.22329,6.055474385511052,2.255823537723035,0.0
16.14229,26.1535,48.54573,2398.04056,-0.3345,79.23591,6.054377724391711,2.2554150026011897,0.0
16.14828,26.18631,48.52206,2394.75222,-0.42029,79.24854,6.057922783371461,2.256735630347262,0.0
16.15425,26.21908,48.49304,2391.48234,-0.50608,79.26116,6.0660976287139965,2.2597809753304827,0.0
16.16021,26.25181,48.4587,2388.22831,-0.59172,79.27378,6.078891694358261,2.2645471014150984,0.0
16.16615,26.28449,48.41906,2384.98749,-0.67703,79.28639,6.096295586371905,2.2710305091141394,0.0
16.17208,26.31713,48.37417,2381.7572,-0.76185,79.299,6.118300820761531,2.279228037916838,0.0
16.17799,26.34973,48.32407,2378.53473,-0.84601,79.3116,6.144899494459907,2.2891367437227084,0.0
16.18389,26.38229,48.26883,2375.31733,-0.92934,79.3242,6.176083889105492,2.300753751238993,0.0
16.18977,26.41481,48.20852,2372.1022,-1.01167,79.3368,6.211846007042369,2.3140760811284333,0.0
16.19564,26.44728,48.14322,2368.88652,-1.09283,79.34939,6.252177038922442,2.3291004516770752,0.0
16.20149,26.47971,48.07301,2365.66742,-1.17266,79.36198,6.297066762269684,2.3458230547436285,0.0
16.20733,26.5121,47.99801,2362.44199,-1.25098,79.37456,6.346502870494081,2.3642393057995084,0.0
16.21316,26.54444,47.91832,2359.20731,-1.32762,79.38714,6.400470232042923,2.3843435679431937,0.0
16.21896,26.57675,47.83407,2355.96039,-1.40243,79.39971,6.458950079760124,2.4061288499152496,0.0
16.22476,26.60901,47.74538,2352.69824,-1.47522,79.41228,6.521919130947134,2.4295864782978613,0.0
16.23054,26.64123,47.65241,2349.41782,-1.54583,79.42485,6.5893486393366345,2.4547057443500933,0.0
16.2363,26.6734,47.5553,2346.11608,-1.6141,79.43741,6.661203380936757,2.481473526208176,0.0
16.24205,26.70553,47.45421,2342.78994,-1.67986,79.44996,6.73744057669818,2.50987388755065,0.0
16.24778,26.73762,47.34932,2339.43632,-1.74293,79.46251,6.818008756151158,2.539887654273269,0.0
16.2535,26.76966,47.24081,2336.05211,-1.80317,79.47505,6.902846567470498,2.5714919712068833,0.0
16.2592,26.80165,47.12887,2332.63421,-1.8604,79.48759,6.991881541014621,2.604659841503213,0.0
16.26489,26.8336,47.0137,2329.17951,-1.91447,79.50012,7.085028815120841,2.639359651960065,0.0
16.27057,26.86551,46.8955,2325.68493,-1.96521,79.51264,7.182189834824877,2.6755546882601045,0.0
16.27622,26.89737,46.77451,2322.14739,-2.01248,79.52515,7.2832510363308725,2.713202644901334,0.0
16.28187,26.92918,46.65094,2318.56385,-2.05613,79.53766,7.388082532206878,2.752255135397808,0.0
16.28749,26.96095,46.52503,2314.9313,-2.09601,79.55016,7.496536814678673,2.7926572092224644,0.0
16.2931,26.99266,46.39702,2311.24681,-2.13199,79.56266,7.60844749675219,2.83434688284211,0.0
16.2987,27.02433,46.26717,2307.50748,-2.16391,79.57514,7.723628113303928,2.8772546930920475,0.0
16.30428,27.05595,46.13572,2303.71051,-2.19167,79.58762,7.841871006599264,2.921303282002325,0.0
16.30984,27.08752,46.00296,2299.85317,-2.21513,79.60008,7.962946322891735,2.966407023004569,0.0
16.31539,27.11904,45.86913,2295.93285,-2.23419,79.61254,8.086601148658543,3.0124716991569835,0.0
16.32092,27.1505,45.73453,2291.94705,-2.24875,79.62499,8.212558816658483,3.059394244632666,0.0
16.32644,27.18191,45.59943,2287.89343,-2.2587,79.63743,8.340518413078042,3.1070625611185627,0.0
16.33194,27.21327,45.46412,2283.76978,-2.26397,79.64985,8.470154517587842,3.1553554209796566,0.0
16.33742,27.24458,45.32888,2279.57405,-2.26449,79.66227,8.60111720799994,3.2041424689939313,0.0
16.34289,27.27583,45.194,2275.30441,-2.2602,79.67467,8.733032360189734,3.253284334081177,0.0
16.34834,27.30702,45.05978,2270.9592,-2.25105,79.68706,8.865502272079066,3.302632861753106,0.0
16.35377,27.33816,44.9265,2266.537,-2.23702,79.69944,8.99810663756159,3.3520314769261867,0.0
16.35919,27.36924,44.79446,2262.03662,-2.2181,79.71181,9.130403892225226,3.4013156852386595,0.0
16.36459,27.40026,44.66395,2257.45711,-2.19428,79.72416,9.261932947616573,3.450313719109665,0.0
16.36997,27.43121,44.53526,2252.79781,-2.1656,79.7365,9.392215324575352,3.498847332462456,0.0
16.37534,27.46211,44.40866,2248.05831,-2.13208,79.74882,9.5207576887992,3.5467327452889936,0.0
16.38068,27.49295,44.28445,2243.2385,-2.09379,79.76113,9.647054783592074,3.5937817361758997,0.0
16.38601,27.52372,44.16288,2238.33859,-2.0508,79.77342,9.770592745556778,3.6398028774871585,0.0
16.39132,27.55443,44.04423,2233.35908,-2.0032,79.7857,9.890852779364268,3.6846029043123742,0.0
16.39662,27.58507,43.92876,2228.30079,-1.95113,79.79796,10.007315157577594,3.727988204506431,0.0
16.40189,27.61565,43.81671,2223.16487,-1.89471,79.8102,10.119463501428346,3.7697664133913547,0.0
16.40715,27.64615,43.70833,2217.95279,-1.83409,79.82242,10.226789288601688,3.809748093024841,0.0
16.41239,27.67659,43.60383,2212.66635,-1.76947,79.83463,10.32879652492551,3.847748472527384,0.0
16.41761,27.70696,43.50343,2207.30764,-1.70103,79.84682,10.425006508771542,3.8835892229470588,0.0
16.42281,27.73726,43.40732,2201.8791,-1.62898,79.85899,10.514962610238653,3.9171002376310353,0.0
16.42799,27.76749,43.3157,2196.38346,-1.55358,79.87114,10.598234982367137,3.9481213872768715,0.0
16.43316,27.79765,43.22873,2190.82375,-1.47505,79.88327,10.6744251186948,3.9765042177420638,0.0
16.4383,27.82773,43.14656,2185.20325,-1.39369,79.89538,10.743170171028295,4.002113558527478,0.0
16.44343,27.85774,43.06933,2179.52555,-1.30976,79.90747,10.804146943158894,4.02482901054156,0.0
16.44854,27.88767,42.99714,2173.79444,-1.22356,79.91954,10.857075480725591,4.044546283418793,0.0
16.45362,27.91753,42.9301,2168.01396,-1.13541,79.93159,10.901722184329087,4.061178355236566,0.0
16.45869,27.94731,42.86829,2162.18832,-1.04563,79.94362,10.93790238215611,4.07465643088543,0.0
16.46374,27.97701,42.81175,2156.32192,-0.95453,79.95562,10.965482309649564,4.084930679548308,0.0
16.46877,28.00663,42.76053,2150.41931,-0.86247,79.9676,10.984380456660718,4.091970736550136,0.0
16.47378,28.03618,42.71464,2144.48513,-0.76978,79.97957,10.994568256650542,4.0957659601034955,0.0
16.47877,28.06565,42.67409,2138.52414,-0.6768,79.9915,10.996070107476319,4.096325439052172,0.0
16.48374,28.09503,42.63885,2132.54114,-0.58388,80.00342,10.98896272841951,4.093677753347112,0.0
16.48869,28.12434,42.60888,2126.54096,-0.49136,80.01531,10.973373872940797,4.08787049451382,0.0
16.49362,28.15357,42.58412,2120.52845,-0.39958,80.02718,10.949480430746677,4.078969558622209,0.0
16.49853,28.18271,42.56449,2114.5084,-0.30888,80.03903,10.917505965494746,4.067058229017051,0.0
16.50342,28.21178,42.54989,2108.48557,-0.21958,80.05086,10.87771774554415,4.052236070194381,0.0
16.50829,28.24076,42.5402,2102.46466,-0.132,80.06266,10.830423334312883,4.034617657619882,0.0
16.51315,28.26967,42.53531,2096.45022,-0.04645,80.07444,10.775966813685208,4.014331170848781,0.0
16.51798,28.29849,42.53505,2090.44671,0.03677,80.0862,10.714724718484947,3.99151687901018,0.0
16.52279,28.32723,42.53928,2084.45844,0.11738,80.09793,10.647101762260137,3.966325548549376,0.0
16.52758,28.35589,42.5478,2078.48955,0.19511,80.10964,10.57352643459187,3.9389168031095663,0.0
16.53236,28.38447,42.56044,2072.54401,0.26971,80.12133,10.494446547952233,3.9094574646192584,0.0
16.53711,28.41297,42.577,2066.62558,0.34095,80.133,10.41032480810245,3.8781199031490288,0.0
16.54185,28.4414,42.59727,2060.73784,0.40861,80.14465,10.32163447635203,3.845080420988923,0.0
16.54657,28.46974,42.62102,2054.88414,0.47248,80.15627,10.22885518503328,3.810517693802615,0.0
16.55126,28.498,42.64802,2049.0676,0.53238,80.16787,10.13246895966294,3.774611288777942,0.0
16.55594,28.52618,42.67805,2043.29115,0.58816,80.17945,10.032956492711017,3.737540276507764,0.0
16.5606,28.55429,42.71087,2037.55746,0.63966,80.19101,9.930793705061868,3.6994819500437335,0.0
16.56525,28.58232,42.74621,2031.86898,0.68677,80.20255,9.826448622414377,3.6606106612731852,0.0
16.56987,28.61027,42.78384,2026.22794,0.72938,80.21407,9.720378585290456,3.6210967815738804,0.0
16.57448,28.63814,42.82351,2020.63631,0.76739,80.22557,9.613027803190306,3.5811057906725035,0.0
16.57906,28.66594,42.86495,2015.09588,0.80074,80.23705,9.504825256016812,3.540797494870018,0.0
16.58363,28.69367,42.90791,2009.6082,0.82938,80.24851,9.396182939176104,3.5003253732954582,0.0
16.58818,28.72132,42.95213,2004.17459,0.85328,80.25995,9.287494442954845,3.459836048686592,0.0
16.59272,28.74889,42.99736,1998.79619,0.87241,80.27137,9.1791338518871,3.4194688773751127,0.0
16.59723,28.7764,43.04334,1993.47393,0.88676,80.28278,9.071454945847693,3.379355651672901,0.0
16.60173,28.80383,43.08983,1988.20852,0.89637,80.29416,8.964790681500752,3.339620406697964,0.0
16.60622,28.8312,43.13657,1983.00054,0.90124,80.30553,8.8594529305057,3.3003793228492717,0.0
16.61068,28.85849,43.18332,1977.85033,0.90143,80.31688,8.755732449466915,3.2617407146122224,0.0
16.61513,28.88571,43.22984,1972.75812,0.89698,80.32822,8.653899055792277,3.223805096070575,0.0
16.61956,28.91287,43.27589,1967.72394,0.88796,80.33954,8.554201983604715,3.1866653134928646,0.0
16.62398,28.93995,43.32125,1962.74767,0.87446,80.35084,8.456870394121108,3.150406735461973,0.0
16.62838,28.96698,43.36568,1957.82907,0.85654,80.36213,8.362114015860161,3.1151074913694083,0.0
16.63276,28.99393,43.40898,1952.96775,0.83432,80.3734,8.270123891101042,3.080838749490784,0.0
16.63713,29.02082,43.45093,1948.16319,0.80791,80.38466,8.18107320657038,3.0476650264385863,0.0
16.64148,29.04765,43.49132,1943.41475,0.7774,80.3959,8.095118187811627,3.0156445203382947,0.0
16.64581,29.07441,43.52997,1938.72169,0.74294,80.40713,8.012399038547596,2.984829460765637,0.0
16.65014,29.10111,43.56667,1934.08315,0.70464,80.41834,7.933040908091312,2.955266469132592,0.0
16.65444,29.12774,43.60126,1929.49818,0.66265,80.42954,7.85715487163293,2.9269969238700564,0.0
16.65873,29.15432,43.63356,1924.96572,0.6171,80.44073,7.784838910055929,2.90005732543516,0.0
16.66301,29.18083,43.66341,1920.48464,0.56815,80.45191,7.71617887761745,2.874479656797647,0.0
16.66727,29.20729,43.69064,1916.05371,0.51594,80.46307,7.6512494474330754,2.850291735657841,0.0
16.67151,29.23369,43.71512,1911.67165,0.46064,80.47422,7.590115026225135,2.827517555214452,0.0
16.67574,29.26002,43.7367,1907.33707,0.4024,80.48536,7.532830631196386,2.8061776108230982,0.0
16.67996,29.2863,43.75527,1903.04854,0.34139,80.49648,7.479442723108583,2.786289210339988,0.0
16.68416,29.31253,43.77068,1898.80455,0.27778,80.5076,7.429989990828814,2.767866766386077,0.0
16.68835,29.33869,43.78285,1894.60353,0.21174,80.5187,7.384504083572293,2.7509220691267746,0.0
16.69253,29.3648,43.79166,1890.44385,0.14344,80.5298,7.343010287946639,2.7354645384887486,0.0
16.69669,29.39085,43.79702,1886.32383,0.07305,80.54088,7.305528147710703,2.721501455036398,0.0
16.70083,29.41685,43.79884,1882.24172,0.00075,80.55195,7.272072024732266,2.709038168943356,0.0
16.70497,29.4428,43.79707,1878.19573,-0.07327,80.56301,7.242651600254492,2.6980782867274287,0.0
16.70908,29.46869,43.79162,1874.18403,-0.14884,80.57406,7.2172723159792636,2.6886238355657475,0.0
16.71319,29.49452,43.78244,1870.20472,-0.22577,80.5851,7.195935754896916,2.6806754051638633,0.0
16.71728,29.5203,43.7695,1866.25587,-0.30389,80.59613,7.178639962067211,2.674232267255101,0.0
16.72136,29.54603,43.75274,1862.33549,-0.383,80.60715,7.165379705826876,2.6692924729072356,0.0
16.72543,29.57171,43.73214,1858.44157,-0.46293,80.61816,7.156146680090478,2.6658529278849,0.0
16.72948,29.59733,43.70769,1854.57203,-0.54349,80.62916,7.150929648570079,2.6639094463751904,0.0
16.73352,29.62291,43.67937,1850.72479,-0.62449,80.64015,7.14971453190475,2.6634567834457115,0.0
16.73754,29.64843,43.64717,1846.89768,-0.70574,80.65113,7.152484438764055,2.664488646631438,0.0
16.74156,29.6739,43.61112,1843.08854,-0.78707,80.6621,7.159219642150653,2.6669976871068126,0.0
16.74556,29.69931,43.57123,1839.29515,-0.86828,80.67306,7.169897502216789,2.6709754709328557,0.0
16.74954,29.72468,43.52752,1835.51526,-0.94919,80.68401,7.184492337024408,2.676412430911909,0.0
16.75352,29.74999,43.48002,1831.74659,-1.02962,80.69495,7.20297524285204,2.683297799647223,0.0
16.75748,29.77526,43.42879,1827.98682,-1.10937,80.70589,7.225313865793852,2.691619524457591,0.0
16.76143,29.80047,43.37387,1824.23363,-1.18826,80.71681,7.251472126615401,2.7013641648788833,0.0
16.76536,29.82563,43.31532,1820.48464,-1.26612,80.72772,7.2814099010503375,2.71251677356615,0.0
16.76929,29.85074,43.25321,1816.73748,-1.34275,80.73863,7.315082658035798,2.7250607615267923,0.0
16.7732,29.8758,43.18763,1812.98973,-1.41798,80.74952,7.352441058692108,2.738977748729948,0.0
16.77709,29.90081,43.11865,1809.23897,-1.49162,80.76041,7.393430519259909,2.75424740128907,0.0
16.78098,29.92577,43.04637,1805.48277,-1.5635,80.77128,7.437990741636749,2.7708472565744557,0.0
16.78485,29.95067,42.9709,1801.71869,-1.63345,80.78214,7.486055215657232,2.78875253779951,0.0
16.78871,29.97553,42.89234,1797.94426,-1.70129,80.793,7.537550697822232,2.8079359598336535,0.0
16.79256,30.00033,42.8108,1794.15704,-1.76685,80.80384,7.592396671761805,2.8283675282105696,0.0
16.79639,30.02508,42.72643,1790.35459,-1.82996,80.81468,7.650504796425269,2.850014333564486,0.0
16.80021,30.04978,42.63933,1786.53447,-1.89046,80.8255,7.711778348608968,2.8728403439571006,0.0
16.80402,30.07443,42.54967,1782.69425,-1.94819,80.83631,7.776111667237572,2.8968061978577437,0.0
16.80782,30.09903,42.45757,1778.83154,-2.003,80.84711,7.8433896074827425,2.9218690007882144,0.0
16.8116,30.12357,42.3632,1774.94396,-2.05473,80.8579,7.913487013630618,2.9479821289520562,0.0
16.81537,30.14806,42.26671,1771.02918,-2.10325,80.86868,7.986268220248248,2.9750950434059216,0.0
16.81913,30.17249,42.16826,1767.08492,-2.1484,80.87945,8.061586591995127,3.0031531186272633,0.0
16.82287,30.19688,42.06803,1763.10891,-2.19006,80.8902,8.139284112948978,3.032097489527387,0.0
16.8266,30.2212,41.96619,1759.09899,-2.22811,80.90095,8.219191036961318,3.06186492119969,0.0
16.83032,30.24548,41.86292,1755.05304,-2.26243,80.91168,8.301125610886313,3.092387705815138,0.0
16.83403,30.2697,41.7584,1750.96902,-2.2929,80.92239,8.384893882887601,3.1235935912115043,0.0
16.83772,30.29386,41.65282,1746.84497,-2.31943,80.9331,8.470289608035987,3.1554057457260343,0.0
16.8414,30.31796,41.54638,1742.67903,-2.34193,80.94379,8.557094263341893,3.1877427637954234,0.0
16.84507,30.34201,41.43926,1738.46946,-2.36032,80.95447,8.645077183952823,3.220518716692961,0.0
16.84872,30.36601,41.33165,1734.2146,-2.37452,80.96513,8.733995831639373,3.2536432525466275,0.0
16.85236,30.38994,41.22377,1729.91293,-2.38449,80.97578,8.823596205667435,3.287021749399807,0.0
16.85599,30.41382,41.1158,1725.56308,-2.39017,80.98642,8.913613404979637,3.3205555246386615,0.0
16.8596,30.43764,41.00795,1721.16378,-2.39153,80.99704,9.00377234889396,3.354142103471332,0.0
16.8632,30.4614,40.9004,1716.71395,-2.38856,81.00764,9.093788661675742,3.3876755484542795,0.0
16.86679,30.48509,40.79337,1712.21264,-2.38124,81.01823,9.183369723974936,3.421046851180334,0.0
16.87036,30.50873,40.68705,1707.65908,-2.3696,81.02881,9.272215891622022,3.4541443863122354,0.0
16.87392,30.53231,40.58163,1703.05267,-2.35364,81.03936,9.360021879314182,3.4868544270421453,0.0
16.87747,30.55582,40.47729,1698.39299,-2.33341,81.0499,9.446478303685732,3.5190617199259804,0.0
16.881,30.57927,40.37424,1693.67979,-2.30897,81.06043,9.531273376913708,3.5506501157960537,0.0
16.88452,30.60266,40.27265,1688.91305,-2.28038,81.07094,9.614094738665495,3.581503252209773,0.0
16.88802,30.62598,40.17269,1684.09289,-2.24774,81.08142,9.69463141071252,3.6115052815946638,0.0
16.89151,30.64924,40.07455,1679.21968,-2.21114,81.0919,9.772575855232887,3.640541638020265,0.0
16.89499,30.67243,39.97838,1674.29395,-2.17071,81.10235,9.84762611458061,3.66849983431846,0.0
16.89845,30.69555,39.88435,1669.31645,-2.12657,81.11278,9.91948800741936,3.6952702802010915,0.0
16.9019,30.71861,39.7926,1664.28811,-2.07888,81.1232,9.98787735352459,3.7207471110572827,0.0
16.90533,30.7416,39.70328,1659.21007,-2.02781,81.13359,10.052522197526944,3.7448290163563738,0.0
16.90875,30.76452,39.61651,1654.08366,-1.97353,81.14397,10.11316500027038,3.7674200559864737,0.0
16.91215,30.78738,39.53243,1648.91039,-1.91624,81.15432,10.169564765678386,3.788430452568095,0.0
16.91554,30.81016,39.45114,1643.69195,-1.85615,81.16466,10.221499070756922,3.807777347683656,0.0
16.91892,30.83287,39.37274,1638.43022,-1.79347,81.17497,10.268765966993032,3.825385510198496,0.0
16.92228,30.85551,39.29733,1633.12722,-1.72844,81.18527,10.311185722685538,3.8411879853249005,0.0
16.92563,30.87808,39.22499,1627.78514,-1.66131,81.19554,10.348602377849842,3.8551266738650516,0.0
16.92896,30.90058,39.15578,1622.40631,-1.59232,81.20579,10.380885086122937,3.8671528321059547,0.0
16.93228,30.92301,39.08976,1616.99319,-1.52174,81.21602,10.407929221548622,3.8772274841260512,0.0
16.93558,30.94536,39.02697,1611.54835,-1.44984,81.22623,10.429657232130868,3.885321739766303,0.0
16.93887,30.96764,38.96744,1606.07448,-1.37689,81.23642,10.446019226537754,3.891417013192851,0.0
16.94214,30.98984,38.9112,1600.57436,-1.30316,81.24659,10.456993285182827,3.8955051387830015,0.0
16.9454,31.01197,38.85824,1595.05083,-1.22895,81.25673,10.46258549190596,3.8975883829271836,0.0
16.94864,31.03403,38.80856,1589.5068,-1.15454,81.26685,10.46282968760214,3.897679352249186,0.0
16.95187,31.05601,38.76215,1583.94522,-1.08021,81.27695,10.45778695217371,3.8958008006197407,0.0
16.95508,31.07791,38.71897,1578.36909,-1.00624,81.28702,10.447544825921009,3.8919853391040493,0.0
16.95828,31.09974,38.67898,1572.78141,-0.93292,81.29707,10.432216285993126,3.8862750546627542,0.0
16.96146,31.12149,38.64212,1567.18518,-0.86052,81.3071,10.411938497483263,3.878721044902104,0.0
16.96463,31.14317,38.60834,1561.58338,-0.78932,81.31711,10.386871362112961,3.86938287742064,0.0
16.96778,31.16477,38.57756,1555.97899,-0.71958,81.32709,10.35719589034461,3.8583279833782744,0.0
16.97092,31.18629,38.54969,1550.37492,-0.65156,81.33706,10.323112424767038,3.8456309956606773,0.0
16.97404,31.20774,38.52464,1544.77405,-0.58551,81.347,10.284838744032848,3.8313730425460437,0.0
16.97715,31.22911,38.5023,1539.17919,-0.52166,81.35691,10.242608077330598,3.8156410080437406,0.0
16.98025,31.2504,38.48256,1533.59305,-0.46025,81.36681,10.196667059333754,3.798526770058983,0.0
16.98333,31.27162,38.4653,1528.01831,-0.4015,81.37668,10.147273654950375,3.7801264273074886,0.0
16.98639,31.29276,38.45039,1522.4575,-0.34561,81.38653,10.094695081993168,3.7605395254554135,0.0
16.98944,31.31383,38.4377,1516.91309,-0.29276,81.39635,10.03920575811723,3.739868292299647,0.0
16.99248,31.33482,38.42709,1511.38741,-0.24315,81.40616,9.981085296213983,3.718216890999298,0.0
16.9955,31.35574,38.41841,1505.88271,-0.19693,81.41594,9.920616570007224,3.6956906994593397,0.0
16.9985,31.37658,38.41151,1500.40109,-0.15425,81.4257,9.85808386876874,3.672395622913612,0.0
17.0015,31.39734,38.40624,1494.94455,-0.11524,81.43544,9.793771157255366,3.648437445705598,0.0
17.00447,31.41803,38.40244,1489.51495,-0.08004,81.44516,9.727960453939344,3.623921227136562,0.0
17.00744,31.43865,38.39994,1484.11403,-0.04874,81.45486,9.660930337661307,3.598950745154489,0.0
17.01039,31.45919,38.3986,1478.74339,-0.02143,81.46454,9.592954589958735,3.573627990585717,0.0
17.01332,31.47966,38.39823,1473.40452,0.00182,81.47419,9.52430097758364,3.548052713590736,0.0
17.01625,31.50006,38.39868,1468.09876,0.02094,81.48383,9.455230177101404,3.5223220230489662,0.0
17.01916,31.52038,38.39979,1462.82732,0.03588,81.49344,9.385994841227726,3.496530038744698,0.0
17.02205,31.54063,38.40138,1457.5913,0.04662,81.50304,9.316838804371438,3.4707675954108894,0.0
17.02493,31.56081,38.40329,1452.39165,0.05314,81.51262,9.247996423093628,3.445121997032839,0.0
17.0278,31.58092,38.40536,1447.22921,0.05544,81.52217,9.179692045640085,3.419676819235061,0.0
17.03065,31.60096,38.40744,1442.10469,0.05353,81.53171,9.112139603419884,3.3945117570963093,0.0
17.03349,31.62093,38.40935,1437.01868,0.04742,81.54123,9.045542316298238,3.3697025153634126,0.0
17.03632,31.64083,38.41095,1431.97165,0.03716,81.55073,8.980092502847176,3.3453207377646574,0.0
17.03914,31.66066,38.41209,1426.96396,0.02278,81.56021,8.915971486161567,3.3214339719237813,0.0
17.04194,31.68042,38.41261,1421.99586,0.00436,81.56968,8.85334958553385,3.2981056662585875,0.0
17.04473,31.70012,38.41237,1417.06747,-0.01804,81.57912,8.79238618422769,3.275395195228415,0.0
17.0475,31.71974,38.41122,1412.17885,-0.04434,81.58855,8.73322986356148,3.2533579092837788,0.0
17.05027,31.7393,38.40904,1407.3299,-0.07445,81.59796,8.676018593798005,3.2320452059777813,0.0
17.05302,31.7588,38.40569,1402.52048,-0.10828,81.60736,8.620879972591478,3.211504618793911,0.0
17.05576,31.77822,38.40105,1397.75031,-0.1457,81.61673,8.567931502182843,3.1917799204085924,0.0
17.05848,31.79759,38.39499,1393.01905,-0.18661,81.62609,8.517280897025412,3.1729112372898207,0.0
17.0612,31.81688,38.3874,1388.32624,-0.23089,81.63544,8.469026414039531,3.15493517272572,0.0
17.0639,31.83612,38.37817,1383.67137,-0.27839,81.64477,8.42325719829799,3.1378849356014515,0.0
17.06659,31.85529,38.3672,1379.05382,-0.32898,81.65408,8.380053637535097,3.1217904724631755,0.0
17.06927,31.87439,38.35439,1374.4729,-0.38252,81.66338,8.33948771947963,3.1066786006339733,0.0
17.07193,31.89344,38.33964,1369.92787,-0.43886,81.67266,8.30162338663419,3.0925731403784895,0.0
17.07459,31.91242,38.32288,1365.41787,-0.49783,81.68193,8.266516883678902,3.0794950443199594,0.0
17.07723,31.93134,38.30402,1360.942,-0.55929,81.69118,8.234217093334125,3.0674625225578986,0.0
17.07986,31.9502,38.283,1356.4993,-0.62305,81.70042,8.204765857004746,3.0564911621165396,0.0
17.08248,31.969,38.25975,1352.08872,-0.68895,81.70964,8.178198277085825,3.046594039561643,0.0
17.08509,31.98774,38.23421,1347.70917,-0.75682,81.71885,8.154542998340984,3.0377818258213467,0.0
17.08769,32.00641,38.20633,1343.3595,-0.82647,81.72804,8.133822466197765,3.030062882407986,0.0
17.09027,32.02503,38.17607,1339.03847,-0.89774,81.73722,8.116053160282043,3.023443348415802,0.0
17.09285,32.04359,38.14338,1334.74484,-0.97043,81.74639,8.10124580193372,3.0179272178260055,0.0
17.09541,32.06209,38.10824,1330.47729,-1.04436,81.75554,8.0894055348169,3.013516406788812,0.0
17.09796,32.08053,38.07062,1326.23443,-1.11934,81.76468,8.080532078147753,3.010210810704858,0.0
17.10051,32.09891,38.03051,1322.01487,-1.19518,81.77381,8.074619852377444,3.008008351045396,0.0
17.10304,32.11724,37.9879,1317.81715,-1.27169,81.78292,8.071658077511538,3.0069050119788594,0.0
17.10556,32.1355,37.94277,1313.63976,-1.34869,81.79202,8.071630844585286,3.0068948669972895,0.0
17.10806,32.15371,37.89514,1309.48117,-1.42597,81.8011,8.074517161069467,3.0079700958312037,0.0
17.11056,32.17186,37.84502,1305.33982,-1.50336,81.81017,8.080290971323429,3.0101209920688956,0.0
17.11305,32.18996,37.79241,1301.21409,-1.58065,81.81923,8.088921153456974,3.0133359619873996,0.0
17.11553,32.20799,37.73735,1297.10235,-1.65765,81.82827,8.100371494273059,3.0176015152179896,0.0
17.11799,32.22597,37.67986,1293.00294,-1.73419,81.83731,8.11460064419654,3.022902247955954,0.0
17.12045,32.2439,37.61997,1288.91418,-1.81006,81.84632,8.13156205440891,3.0292208195416235,0.0
17.12289,32.26176,37.55773,1284.83436,-1.88508,81.85533,8.151203898641725,3.0365379233263723,0.0
17.12533,32.27957,37.49319,1280.76177,-1.95907,81.86432,8.173468982355718,3.044832252839445,0.0
17.12775,32.29733,37.4264,1276.69466,-2.03184,81.8733,8.198294642293032,3.0540804643685195,0.0
17.13017,32.31502,37.35742,1272.6313,-2.10322,81.88226,8.225612639647798,3.064257137162939,0.0
17.13257,32.33266,37.28631,1268.56993,-2.17303,81.89121,8.255349050325588,3.07533473255247,0.0
17.13496,32.35025,37.21314,1264.50882,-2.2411,81.90015,8.287424156028576,3.0872835533736565,0.0
17.13734,32.36778,37.13799,1260.4462,-2.30726,81.90908,8.321752340089299,3.100071705165159,0.0
17.13972,32.38525,37.06094,1256.38035,-2.37134,81.91799,8.35824199221292,3.1136650606817367,0.0
17.14208,32.40266,36.98207,1252.30953,-2.4332,81.92689,8.39679542641463,3.1280272293237785,0.0
17.14443,32.42002,36.90147,1248.23204,-2.49267,81.93577,8.437308816635875,3.143119533152644,0.0
17.14677,32.43732,36.81924,1244.14618,-2.54962,81.94464,8.479672154589993,3.1589009911870587,0.0
17.1491,32.45457,36.73547,1240.05031,-2.6039,81.95349,8.523769234467993,3.1753283137056143,0.0
17.15142,32.47176,36.65026,1235.94278,-2.65539,81.96234,8.569477669137653,3.1923559082813595,0.0
17.15373,32.48889,36.56372,1231.82201,-2.70394,81.97116,8.616668942418476,3.2099358992555955,0.0
17.15603,32.50596,36.47596,1227.68645,-2.74946,81.97998,8.665208501902795,3.2280181623161788,0.0
17.15832,32.52298,36.38709,1223.5346,-2.79183,81.98877,8.714955896595267,3.246550375771856,0.0
17.1606,32.53994,36.29722,1219.36502,-2.83096,81.99756,8.765764963383065,3.2654780900173166,0.0
17.16287,32.55684,36.20646,1215.17631,-2.86675,82.00633,8.817484065964553,3.2847448165404085,0.0
17.16513,32.57368,36.11493,1210.96716,-2.89912,82.01508,8.869956389457048,3.304292137671286,0.0
17.16738,32.59047,36.02275,1206.73632,-2.92801,82.02382,8.923020293331785,3.324059838059965,0.0
17.16962,32.6072,35.93004,1202.4826,-2.95336,82.03254,8.976509724718241,3.3439860586430625,0.0
17.17184,32.62386,35.83693,1198.20492,-2.97512,82.04125,9.030254693380636,3.3640074735850374,0.0
17.17406,32.64047,35.74352,1193.90227,-2.99326,82.04994,9.084081808882539,3.384059490386144,0.0
17.17627,32.65702,35.64993,1189.57371,-3.00775,82.05861,9.137814879560038,3.4040764730156896,0.0
17.17846,32.67351,35.5563,1185.21844,-3.01859,82.06727,9.191275571974375,3.4239919875755036,0.0
17.18065,32.68994,35.46273,1180.83572,-3.02577,82.07591,9.244284128523086,3.4437390696289634,0.0
17.18283,32.70631,35.36935,1176.42494,-3.02932,82.08454,9.296660139808587,3.463250511928609,0.0
17.18499,32.72262,35.27626,1171.98557,-3.02926,82.09315,9.348223367350597,3.482459170898177,0.0
17.18715,32.73887,35.18358,1167.51721,-3.02563,82.10174,9.398794611108922,3.5012982898076586,0.0
17.18929,32.75505,35.09142,1163.01956,-3.01849,82.11031,9.4481966152882,3.519701836209399,0.0
17.19142,32.77118,34.99989,1158.49245,-3.0079,82.11887,9.496255004860114,3.537604850817268,0.0
17.19355,32.78724,34.90908,1153.9358,-2.99396,82.12741,9.542799244371047,3.5549438046877375,0.0
17.19566,32.80324,34.81911,1149.34967,-2.97675,82.13593,9.587663609733717,3.5716569612378284,0.0
17.19776,32.81918,34.73006,1144.73422,-2.95637,82.14443,9.630688163019554,3.5876847393809315,0.0
17.19985,32.83505,34.64202,1140.08973,-2.93296,82.15292,9.671719719755492,3.6029700738703014,0.0
17.20193,32.85086,34.55508,1135.41662,-2.90664,82.16138,9.710612797770866,3.6174587687694983,0.0
17.204,32.86661,34.46932,1130.71538,-2.87757,82.16983,9.74723053652458,3.6310998399259495,0.0
17.20606,32.88229,34.38481,1125.98664,-2.84588,82.17826,9.78144557577924,3.6438458423001743,0.0
17.20811,32.89791,34.30162,1121.23114,-2.81176,82.18666,9.813140882722422,3.655653178090226,0.0
17.21015,32.91346,34.21982,1116.44972,-2.77538,82.19505,9.842210517055948,3.6664823817475765,0.0
17.21217,32.92894,34.13946,1111.64332,-2.73693,82.20342,9.868560324173348,3.6762983782039598,0.0
17.21419,32.94436,34.06059,1106.81298,-2.6966,82.21177,9.892108547388258,3.6850707109425564,0.0
17.21619,32.95972,33.98326,1101.95984,-2.65459,82.2201,9.912786351182682,3.6927737369217404,0.0
17.21819,32.97501,33.90749,1097.0851,-2.61113,82.22841,9.930538248588475,3.69938678578593,0.0
17.22017,32.99023,33.83333,1092.19009,-2.56642,82.2367,9.945322427173181,3.704894281303883,0.0
17.22214,33.00538,33.76078,1087.27616,-2.52069,82.24497,9.957110969496686,3.7092858234946053,0.0
17.2241,33.02047,33.68988,1082.34478,-2.47417,82.25322,9.965889965416338,3.7125562304639597,0.0
17.22605,33.03549,33.62061,1077.39745,-2.42709,82.26145,9.971659515190286,3.714705539560747,0.0
17.22799,33.05044,33.553,1072.43573,-2.37968,82.26965,9.974433623894832,3.7157389680443824,0.0
17.22992,33.06532,33.48703,1067.46124,-2.33218,82.27784,9.974239989178463,3.715666834017699,0.0
17.23184,33.08014,33.42268,1062.47563,-2.28482,82.28601,9.971119685939305,3.7145044389609927,0.0
17.23375,33.09488,33.35994,1057.48058,-2.23784,82.29415,9.965126752817854,3.712271913689692,0.0
17.23564,33.10956,33.29879,1052.47781,-2.19147,82.30228,9.95632768674313,3.7089940300594955,0.0
17.23753,33.12417,33.2392,1047.46905,-2.14594,82.31038,9.944800852879869,3.7046999811561787,0.0
17.2394,33.13871,33.18111,1042.45603,-2.10148,82.31847,9.930635818276128,3.699423133061794,0.0
17.24126,33.15318,33.1245,1037.44051,-2.05831,82.32653,9.913932618328792,3.69320075159377,0.0
17.24312,33.16759,33.06931,1032.42422,-2.01665,82.33457,9.894800965749539,3.686073707623924,0.0
17.24496,33.18192,33.01549,1027.40891,-1.9767,82.34259,9.873359412142124,3.6780861647439322,0.0
17.24679,33.19619,32.96298,1022.39628,-1.93868,82.35059,9.849734472496989,3.6692852531165476,0.0
17.24861,33.21038,32.9117,1017.38804,-1.90276,82.35857,9.824059722906368,3.659720733350722,0.0
17.25042,33.22451,32.86161,1012.38585,-1.86916,82.36653,9.796474881693667,3.6494446541981365,0.0
17.25222,33.23857,32.81262,1007.39134,-1.83802,82.37446,9.767124883762747,3.638511007723946,0.0
17.25401,33.25256,32.76465,1002.40612,-1.80954,82.38238,9.736158957543385,3.626975385444679,0.0
17.25578,33.26648,32.71763,997.43173,-1.78385,82.39028,9.703729713285767,3.6148946386939476,0.0
