0.04822,0.04822,52.80438,5092.73973,-0.33338,45.00009,15.001356227070774,5.588399904021442,0.0
0.09636,0.09636,52.77111,5084.41214,-0.16597,45.00021,15.022482311095112,5.596269926181233,0.0
0.14442,0.14442,52.76017,5076.04369,0.00143,45.00035,14.996147156775828,5.586459388277687,0.0
0.1924,0.1924,52.77144,5067.66083,0.16803,45.00051,14.923021778459994,5.559218260810539,0.0
0.2403,0.2403,52.80467,5059.28967,0.33303,45.0007,14.804426834195368,5.515038523651183,0.0
0.28812,0.28813,52.85953,5050.95563,0.49568,45.00091,14.642287651802935,5.454637412071357,0.0
0.33586,0.33587,52.9356,5042.68304,0.65525,45.00115,14.439072485957443,5.3789344158811,0.0
0.38352,0.38353,53.03235,5034.49494,0.81106,45.00142,14.197717281270387,5.289023251697541,0.0
0.4311,0.43112,53.14917,5026.41276,0.96247,45.00171,13.921540716493888,5.1861402146755395,0.0
0.4786,0.47862,53.2854,5018.45615,1.1089,45.00202,13.614153528412336,5.071630399271482,0.0
0.52603,0.52605,53.44028,5010.64282,1.24984,45.00237,13.279366067928676,4.946913261453084,0.0
0.57337,0.5734,53.613,5002.98846,1.38484,45.00274,12.921097756061025,4.813448888675768,0.0
0.62064,0.62068,53.80272,4995.50662,1.5135,45.00314,12.54329163253802,4.6727061669860674,0.0
0.66784,0.66788,54.00853,4988.2088,1.63551,45.00356,12.149836582977832,4.526133808599491,0.0
0.71496,0.71502,54.22951,4981.10439,1.75062,45.00402,11.744499153877596,4.3751349511900255,0.0
0.76201,0.76208,54.46472,4974.2008,1.85863,45.00451,11.33086617545444,4.221045783388734,0.0
0.809,0.80908,54.71318,4967.50353,1.95941,45.00503,10.912298759638668,4.065118407825829,0.0
0.85591,0.856,54.97393,4961.01631,2.05288,45.00559,10.491897661779596,3.9085079374547194,0.0
0.90276,0.90287,55.246,4954.74122,2.13903,45.00617,10.072479514003383,3.752263641852446,0.0
0.94955,0.94967,55.52841,4948.67883,2.21787,45.00679,9.656563067901272,3.597323822259093,0.0
0.99627,0.99642,55.82021,4942.82841,2.28947,45.00745,9.24636432562966,3.4445139977844423,0.0
1.04294,1.0431,56.12047,4937.18803,2.35394,45.00815,8.843799284435752,3.294547927816,0.0
1.08955,1.08973,56.42826,4931.75476,2.41141,45.00888,8.450492957231996,3.1480309724203157,0.0
1.1361,1.13631,56.74268,4926.52476,2.46203,45.00965,8.067793344894257,3.005465297391687,0.0
1.1826,1.18284,57.06286,4921.49352,2.50601,45.01046,7.696789106867333,2.867256457017656,0.0
1.22905,1.22932,57.38797,4916.65591,2.54352,45.01131,7.3383297885560825,2.733720929314415,0.0
1.27545,1.27575,57.71717,4912.00633,2.5748,45.0122,6.993047601276724,2.605094229631739,0.0
1.32181,1.32213,58.04971,4907.53885,2.60008,45.01314,6.661379900231765,2.4815392842900685,0.0
1.36812,1.36848,58.38481,4903.24724,2.61957,45.01412,6.343591657545011,2.3631548023773568,0.0
1.41438,1.41478,58.72177,4899.12517,2.63353,45.01514,6.039797372921667,2.249983438046462,0.0
1.4606,1.46104,59.0599,4895.16616,2.64219,45.01621,5.749981998588386,2.142019585605883,0.0
1.50679,1.50727,59.39854,4891.36374,2.64579,45.01732,5.474020574457492,2.0392166941350593,0.0
1.55293,1.55346,59.73707,4887.71148,2.64458,45.01848,5.211696372233809,1.9414940266415766,0.0
1.59904,1.59961,60.07491,4884.20301,2.63878,45.01968,4.962717433142744,1.8487428207999992,0.0
1.64511,1.64573,60.41148,4880.83211,2.62862,45.02094,4.726731453767257,1.7608318343178198,0.0
1.69115,1.69183,60.74627,4877.59269,2.61433,45.02224,4.503339029242963,1.6776122783740801,0.0
1.73715,1.73789,61.07876,4874.47884,2.59612,45.02359,4.292105304585351,1.5989221580453266,0.0
1.78312,1.78392,61.40849,4871.48487,2.57421,45.02499,4.092570114890276,1.5245900497970986,0.0
1.82907,1.82993,61.735,4868.60527,2.54879,45.02643,3.9042567154260195,1.4544383536729215,0.0
1.87498,1.87591,62.05787,4865.83476,2.52005,45.02793,3.7266792150148373,1.388286062424519,0.0
1.92087,1.92187,62.37671,4863.16829,2.48819,45.02948,3.5593488321212012,1.3259510920692912,0.0
1.96672,1.9678,62.69113,4860.60104,2.45338,45.03108,3.401779094227417,1.2672522187945348,0.0
2.01256,2.01371,63.00079,4858.12841,2.41578,45.03274,3.2534900985358073,1.2120106661811119,0.0
2.05836,2.0596,63.30535,4855.74601,2.37556,45.03444,3.114011946916333,1.1600513848118197,0.0
2.10415,2.10547,63.60449,4853.4497,2.33287,45.0362,2.9828874610714826,1.1112040637417495,0.0
2.14991,2.15132,63.89793,4851.23552,2.28785,45.03801,2.859674275863853,1.0653039103178916,0.0
2.19564,2.19715,64.18539,4849.09976,2.24064,45.03987,2.7439464001614273,1.0221922316350684,0.0
2.24136,2.24297,64.4666,4847.03886,2.19137,45.04179,2.63529532578861,0.9817168476493737,0.0
2.28705,2.28877,64.74132,4845.04949,2.14017,45.04376,2.5333307565412433,0.9437323627554478,0.0
2.33273,2.33455,65.00933,4843.12848,2.08715,45.04578,2.437681020959675,0.9081003195553055,0.0
2.37838,2.38032,65.2704,4841.27285,2.03241,45.04786,2.347993224754012,0.8746892556407535,0.0
2.42402,2.42607,65.52435,4839.47977,1.97607,45.04999,2.263933191568189,0.8433746815264492,0.0
2.46963,2.47181,65.77097,4837.74658,1.91821,45.05218,2.1851852341934106,0.814038995420885,0.0
2.51524,2.51752,66.00909,4836.07269,1.84321,45.02353,2.1117490835290647,0.7866820970770031,-53.999999078859304
2.56086,2.5632,66.23759,4834.45736,1.7674,44.99594,2.0435954103661724,0.7612930605927607,-53.999999078859304
2.60649,2.60885,66.45637,4832.89793,1.69083,44.96935,1.9803900838996162,0.737747413451741,-53.999999078859304
2.65212,2.65446,66.66536,4831.3919,1.61356,44.94368,1.9218278107064235,0.7159314258211334,-53.999999078859304
2.69776,2.70003,66.86448,4829.93691,1.53563,44.91887,1.8676283361856016,0.6957406954881256,-53.999999078859304
2.7434,2.74558,67.05365,4828.53077,1.45709,44.89486,1.8175346836836574,0.6770794918878289,-53.999999078859304
2.78905,2.7911,67.2328,4827.17139,1.37799,44.8716,1.7713115290803898,0.6598601505937178,-53.999999078859304
2.83471,2.83659,67.40188,4825.8568,1.29836,44.84902,1.7287437045181573,0.644002515917414,-53.999999078859304
2.88037,2.88205,67.56083,4824.58514,1.21825,44.82709,1.6896348247990152,0.6294334292054777,-53.999999078859304
2.92604,2.92748,67.70959,4823.35464,1.13769,44.80575,1.6538060299694712,0.6160862604191443,-53.999999078859304
2.97171,2.97289,67.84812,4822.16362,1.05672,44.78495,1.6210948377189385,0.6039004806225532,-53.999999078859304
3.01739,3.01827,67.97637,4821.01049,0.97536,44.76465,1.5913540994373083,0.5928212730867262,-53.999999078859304
3.06307,3.06363,68.0943,4819.8937,0.89366,44.74482,1.5644510540462457,0.582799180816829,-53.999999078859304
3.10876,3.10896,68.20188,4818.81179,0.81164,44.72541,1.540266474051023,0.5737897884340117,-53.999999078859304
3.15445,3.15427,68.29907,4817.76334,0.72932,44.70638,1.51869389862923,0.5657534364807735,-53.999999078859304
3.20015,3.19956,68.38584,4816.747,0.64675,44.6877,1.4996389489478053,0.5586549663585423,-53.999999078859304
3.24586,3.24483,68.46217,4815.76143,0.56394,44.66932,1.4830187213210613,0.5524634942630726,-53.999999078859304
3.29157,3.29007,68.52803,4814.80535,0.48093,44.65123,1.468761254217914,0.5471522126306134,-53.999999078859304
3.33728,3.3353,68.58341,4813.87751,0.39773,44.63337,1.456805065555271,0.542698217767522,-53.999999078859304
3.383,3.3805,68.62827,4812.97668,0.31437,44.61573,1.4470987571173843,0.5390823624860639,-53.999999078859304
3.42873,3.42568,68.66262,4812.10165,0.23088,44.59827,1.439600683362098,0.5362891327260257,-53.999999078859304
3.47446,3.47085,68.68644,4811.25122,0.14728,44.58095,1.4342786822728144,0.5343065472899914,-53.999999078859304
3.5202,3.51599,68.69973,4810.42421,0.0636,44.56375,1.4311098663244441,0.5331260799726579,-53.999999078859304
3.56594,3.56111,68.70246,4809.61944,-0.02015,44.54663,1.4300804720200495,0.5327426035092768,-53.999999078859304
3.61169,3.60622,68.69465,4808.83573,-0.10393,44.52957,1.43118576684395,0.5331543549132367,-53.999999078859304
3.65744,3.65131,68.67629,4808.07188,-0.18773,44.51253,1.4344300128651164,0.5343629219173713,-53.999999078859304
3.70321,3.69637,68.64739,4807.32672,-0.27153,44.49548,1.4398264865929775,0.536373250370769,-53.999999078859304
3.74897,3.74143,68.60795,4806.59901,-0.35529,44.47839,1.44739755506949,0.5391936725850706,-53.999999078859304
3.79475,3.78646,68.55798,4805.88754,-0.439,44.46123,1.4571748085358287,0.5428359567563031,-53.999999078859304
3.84053,3.83147,68.49749,4805.19103,-0.52264,44.44397,1.4691992503839972,0.5473153777268521,-53.999999078859304
3.88632,3.87647,68.42649,4804.50819,-0.60617,44.42657,1.4835215454550315,0.5526508094830755,-53.999999078859304
3.93211,3.92144,68.345,4803.83771,-0.68957,44.40901,1.500202328094325,0.5588648399140184,-53.999999078859304
3.97791,3.9664,68.25305,4803.17821,-0.77282,44.39123,1.519312571721083,0.5659839084857574,-53.999999078859304
4.02372,4.01135,68.15066,4802.52826,-0.85589,44.37322,1.5409340220023668,0.5740384676101309,-53.999999078859304
4.06954,4.05627,68.03785,4801.8864,-0.93876,44.35493,1.5651596960453875,0.5830631686070026,-53.999999078859304
4.11536,4.10117,67.91465,4801.25108,-1.02139,44.33632,1.5920944503252314,0.5930970732722818,-53.999999078859304
4.1612,4.14606,67.7811,4800.62069,-1.10376,44.31736,1.6218556203605894,0.6041838921739644,-53.999999078859304
4.20704,4.19093,67.63724,4799.99357,-1.18584,44.29799,1.6545737353984575,0.6163722508909871,-53.999999078859304
4.25289,4.23578,67.48311,4799.36793,-1.26759,44.27819,1.690393311603778,0.6297159854972407,-53.999999078859304
4.29875,4.2806,67.31875,4798.74192,-1.34898,44.25789,1.729473727418902,0.6442744686559999,-53.999999078859304
4.34462,4.32541,67.14421,4798.11357,-1.42998,44.23706,1.7719901848765196,0.6601129677342846,-53.999999078859304
4.3905,4.3702,66.95955,4797.48081,-1.51055,44.21564,1.8181347606898752,0.6773030363616211,-53.999999078859304
4.43639,4.41497,66.76483,4796.84145,-1.59065,44.19357,1.8681175508794332,0.6959229408335911,-53.999999078859304
4.4823,4.45971,66.56011,4796.19315,-1.67024,44.1708,1.922167912513231,0.7160581226927862,-53.999999078859304
4.52821,4.50444,66.34547,4795.53345,-1.74927,44.14727,1.9805358057988207,0.7378016986933685,-53.999999078859304
4.57413,4.54914,66.12098,4794.85971,-1.82771,44.12291,2.04349323922246,0.7612549991534433,-53.999999078859304
4.62007,4.59381,65.88672,4794.16914,-1.9055,44.09765,2.1113358196669516,0.7865281454147394,-53.999999078859304
4.66602,4.63847,65.64277,4793.45875,-1.98259,44.07142,2.1843844083654034,0.8137406667289567,-53.999999078859304
4.71199,4.68309,65.38925,4792.72535,-2.05892,44.04414,2.262986882128351,0.8430221563612095,-53.999999078859304
4.75796,4.72769,65.12624,4791.96555,-2.13444,44.01572,2.3475199974279963,0.8745129660104524,-53.999999078859304
4.80396,4.77226,64.85387,4791.17571,-2.20908,43.98608,2.4383913525395635,0.9083649367587626,-53.999999078859304
4.84997,4.8168,64.57224,4790.35194,-2.28277,43.95512,2.5360414399474696,0.9447421636466401,-53.999999078859304
4.89599,4.86132,64.28149,4789.49007,-2.35544,43.92273,2.6409457774854066,0.9838217895787625,-53.999999078859304
4.94203,4.9058,63.98176,4788.58566,-2.42702,43.88881,2.753617102057057,1.0257948225426714,-53.999999078859304
4.98809,4.95024,63.6732,4787.63392,-2.49742,43.85324,2.874607604143622,1.07086696802162,-53.999999078859304
5.03417,4.99465,63.35596,4786.62974,-2.56656,43.81588,3.0045111744673334,1.119259465935845,-53.999999078859304
5.08027,5.03902,63.03022,4785.56764,-2.63433,43.77662,3.1439656259443294,1.171209918378476,-53.999999078859304
5.12638,5.08336,62.69617,4784.44173,-2.70064,43.73528,3.2936548442482527,1.22697309075706,-53.999999078859304
5.17252,5.12765,62.354,4783.24573,-2.76537,43.69173,3.4543108086928607,1.286821664625506,-53.999999078859304
5.21866,5.17192,62.00555,4781.96976,-2.8022,43.69732,3.625874655880484,1.3507337118193936,0.0
5.26479,5.21618,61.65279,4780.60391,-2.83591,43.70295,3.8081331193256873,1.4186297849615186,0.0
5.3109,5.26044,61.29612,4779.14127,-2.86631,43.70863,4.0015868228478615,1.4906963795968096,0.0
5.35699,5.3047,60.93599,4777.57458,-2.89318,43.71437,4.20673484744936,1.5671194165302558,0.0
5.40307,5.34895,60.57285,4775.89627,-2.91633,43.72015,4.424061089431173,1.6480791598660518,0.0
5.44912,5.39319,60.2072,4774.09842,-2.93552,43.72598,4.654025346280241,1.733746896266085,0.0
5.49515,5.43743,59.83955,4772.17284,-2.95053,43.73186,4.897052953872368,1.8242810745353522,0.0
5.54116,5.48166,59.47046,4770.11103,-2.96112,43.73778,5.153522882052455,1.9198228709123752,0.0
5.58715,5.52588,59.1005,4767.90425,-2.96705,43.74375,5.423754221575359,2.020491155099122,0.0
5.63312,5.57008,58.73028,4765.54353,-2.96806,43.74976,5.707991032214909,2.1263768457829424,0.0
5.67906,5.61428,58.36045,4763.01971,-2.9639,43.75582,6.006385571432914,2.2375366628744957,0.0
5.72497,5.65847,57.99167,4760.32355,-2.95431,43.76192,6.318979986826276,2.353986307462598,0.0
5.77085,5.70263,57.62466,4757.44572,-2.93905,43.76807,6.645686634904794,2.47569313004111,0.0
5.81671,5.74679,57.26013,4754.37692,-2.91784,43.77425,6.98626728417409,2.602568383110128,0.0
5.86253,5.79092,56.89887,4751.10798,-2.89045,43.78047,7.340311571613722,2.7344591956472364,0.0
5.90832,5.83504,56.54165,4747.62995,-2.85664,43.78673,7.707215206722756,2.871140453540998,0.0
5.95407,5.87914,56.18932,4743.93419,-2.81616,43.79303,8.086158553185552,3.012306820697907,0.0
5.99979,5.92321,55.84271,4740.01256,-2.76881,43.79936,8.476086359341236,3.1575651881089453,0.0
6.04547,5.96726,55.5027,4735.8575,-2.71439,43.80573,8.875689547739071,3.3064278899798136,0.0
6.0911,6.01129,55.17018,4731.46224,-2.65273,43.81213,9.283390100841768,3.45830707325773,0.0
6.13669,6.05528,54.84606,4726.82088,-2.58369,43.81856,9.697330182501627,3.612510645095066,0.0
6.18224,6.09924,54.53125,4721.92866,-2.50717,43.82503,10.115366698820385,3.7682402466265255,0.0
6.22774,6.14317,54.2267,4716.78205,-2.4231,43.83152,10.535072512327023,3.9245917052823223,0.0
6.27318,6.18707,53.93331,4711.37893,-2.33146,43.83803,10.953745465005108,4.08055839610328,0.0
6.31858,6.23093,53.65202,4705.71878,-2.23228,43.84458,11.368426224982592,4.23503789010235,0.0
6.36391,6.27475,53.38374,4699.80281,-2.12564,43.85114,11.775925739155952,4.3868421810894365,0.0
6.40919,6.31852,53.12935,4693.6341,-2.0117,43.85773,12.172862745362766,4.5347116599426744,0.0
6.45441,6.36225,52.88973,4687.21769,-1.89065,43.86434,12.55571137706505,4.6773328486055314,0.0
6.49957,6.40594,52.6657,4680.56071,-1.76277,43.87097,12.920858393743712,4.813359719914566,0.0
6.54466,6.44957,52.45804,4673.67235,-1.6284,43.87761,13.264669015148284,4.941438222589656,0.0
6.58968,6.49315,52.26749,4666.56395,-1.48794,43.88427,13.583559760785706,5.06023341586009,0.0
6.63463,6.53668,52.09473,4659.24892,-1.34187,43.89095,13.874076139235575,5.168458410778628,0.0
6.67951,6.58015,51.94036,4651.74267,-1.19071,43.89764,14.132972542929878,5.264904133129109,0.0
6.72431,6.62357,51.8049,4644.06249,-1.03506,43.90435,14.357291330454887,5.348468783664693,0.0
6.76904,6.66692,51.68882,4636.22739,-0.87558,43.91106,14.544437864276142,5.418185791634769,0.0
6.81369,6.71021,51.59247,4628.25788,-0.71294,43.91779,14.692248250263471,5.473249049540369,0.0
6.85826,6.75344,51.51613,4620.17572,-0.5479,43.92452,14.799046714985113,5.513034287685907,0.0
6.90274,6.79661,51.45997,4612.00365,-0.38121,43.93127,14.863689956728622,5.537115596101419,0.0
6.94715,6.8397,51.42408,4603.7651,-0.21365,43.93802,14.885596396209378,5.545276321201113,0.0
6.99147,6.88273,51.40845,4595.48386,-0.04602,43.94479,14.864758992691543,5.537513840125635,0.0
7.0357,6.92569,51.41296,4587.18376,0.12089,43.95156,14.801741125890926,5.514038026642538,0.0
7.07985,6.96859,51.4374,4578.88838,0.28629,43.95833,14.697655908358506,5.4752635444648154,0.0
7.12392,7.01141,51.48148,4570.62069,0.44943,43.96512,14.554130119856016,5.421796411856865,0.0
7.1679,7.05417,51.54481,4562.40285,0.60958,43.97192,14.373254682039803,5.354415552151133,0.0
7.21179,7.09685,51.62693,4554.2559,0.76604,43.97872,14.157524167623981,5.274050259319787,0.0
7.2556,7.13947,51.72728,4546.19954,0.91818,43.98553,13.909768228610563,5.181754653186203,0.0
7.29932,7.18202,51.84527,4538.25201,1.0654,43.99236,13.633078017456782,5.078680269373813,0.0
7.34296,7.2245,51.9802,4530.42988,1.20716,43.99919,13.330730666414862,4.966047925873113,0.0
7.38651,7.26691,52.13135,4522.74798,1.34301,44.00603,13.006114703798564,4.845119938638523,0.0
7.42999,7.30927,52.29794,4515.21935,1.47252,44.01289,12.662658954141827,4.7171736350267395,0.0
7.47338,7.35155,52.47916,4507.85523,1.59535,44.01976,12.303767032968354,4.583476951374854,0.0
7.5167,7.39378,52.67416,4500.66504,1.71122,44.02664,11.932759049394704,4.445266715686117,0.0
7.55994,7.43594,52.88206,4493.65644,1.8199,44.03355,11.552821613098692,4.303730023910257,0.0
7.6031,7.47804,53.10198,4486.83543,1.92124,44.04046,11.166966742616307,4.159988932202909,0.0
7.64619,7.52009,53.33303,4480.20638,2.01512,44.0474,10.777999818444075,4.015088518613033,0.0
7.68921,7.56208,53.5743,4473.77222,2.1015,44.05435,10.388496337265751,3.869988223420724,0.0
7.73215,7.60402,53.82489,4467.53446,2.18036,44.06133,10.000786914186826,3.72555626207495,0.0
7.77503,7.6459,54.08391,4461.49343,2.25174,44.06832,9.616949751784926,3.582566819716677,0.0
7.81785,7.68774,54.35048,4455.64832,2.31572,44.07534,9.238809645419021,3.4416996806303795,0.0
7.8606,7.72952,54.62373,4449.99736,2.37241,44.08239,8.86794251594357,3.3035419167993143,0.0
7.90328,7.77126,54.90282,4444.53793,2.42194,44.08946,8.505684443252019,3.16859125313817,0.0
7.94591,7.81296,55.18691,4439.26668,2.46448,44.09655,8.153144204938979,3.0372607384746306,0.0
7.98848,7.85462,55.47522,4434.17968,2.50021,44.10368,7.81121839147581,2.9098843763499946,0.0
8.031,7.89623,55.76696,4429.27248,2.52933,44.11083,7.480608261147098,2.786723403926486,0.0
8.07345,7.93781,56.06138,4424.54026,2.55206,44.11801,7.161837604364423,2.6679729469141735,0.0
8.11586,7.97935,56.35776,4419.97786,2.56862,44.12523,6.855270999320774,2.553768820282575,0.0
8.15822,8.02086,56.65541,4415.57994,2.57924,44.13248,6.561131952666097,2.4441942861396098,0.0
8.20053,8.06233,56.95366,4411.34099,2.58416,44.13976,6.279520524837531,2.33928661963086,0.0
8.24279,8.10377,57.25188,4407.25541,2.58361,44.14708,6.01043013670047,2.2390433698555774,0.0
8.285,8.14518,57.54946,4403.31758,2.57783,44.15443,5.753763340072031,2.1434282348016223,0.0
8.32717,8.18657,57.84583,4399.52189,2.56706,44.16182,5.509346408654122,2.052376496851942,0.0
8.3693,8.22792,58.14043,4395.86278,2.55153,44.16925,5.276942667795767,1.9657999884717623,0.0
8.41139,8.26926,58.43274,4392.33481,2.53146,44.17671,5.05626453187961,1.883591576451785,0.0
8.45344,8.31057,58.72227,4388.93261,2.50708,44.18422,4.846984257811264,1.8056291678659115,0.0
8.49545,8.35185,59.00854,4385.65097,2.47861,44.19176,4.648743453386434,1.7317792521881756,0.0
8.53742,8.39312,59.29112,4382.48484,2.44626,44.19935,4.461161401322815,1.6619000022136443,0.0
8.57936,8.43436,59.56957,4379.42933,2.41023,44.20697,4.283842274903597,1.5958439620754776,0.0
8.62126,8.47559,59.8435,4376.4797,2.37071,44.21464,4.116381330546081,1.5334603541396756,0.0
8.66313,8.5168,60.11254,4373.63142,2.3279,44.22235,3.958370167479432,1.474597038373432,0.0
8.70496,8.55799,60.37634,4370.88013,2.28197,44.23011,3.80940114592606,1.4191021582339454,0.0
8.74677,8.59917,60.63455,4368.22164,2.2331,44.2379,3.669071053723837,1.3668255065816728,0.0
8.78854,8.64033,60.88686,4365.65197,2.18145,44.24575,3.5369841078614086,1.3176196438312078,0.0
8.83028,8.68148,61.13298,4363.16728,2.12719,44.25363,3.412754372574677,1.271340798755842,0.0
8.872,8.72262,61.37262,4360.76394,2.07046,44.26157,3.296007669922879,1.2278495802274274,0.0
8.91368,8.76374,61.60554,4358.43845,2.01141,44.26955,3.1863830525772543,1.1870115258689051,0.0
8.95534,8.80485,61.83147,4356.18752,1.95018,44.27757,3.0835339021455863,1.1486975112090951,0.0
8.99697,8.84596,62.05019,4354.00796,1.88689,44.28564,2.9871287099989767,1.1127840405612162,0.0
9.03858,8.88705,62.26149,4351.89678,1.82167,44.29376,2.8968515914132933,1.0791534385541017,0.0
9.08016,8.92814,62.46515,4349.85109,1.75464,44.30193,2.812402577980485,1.047693959063109,0.0
9.12171,8.96922,62.661,4347.86817,1.68592,44.31014,2.7334977278105375,1.0182998262632466,0.0
9.16324,9.01029,62.84885,4345.9454,1.61561,44.3184,2.659869087996082,0.9908712206462545,0.0
9.20475,9.05135,63.02853,4344.08029,1.5438,44.32672,2.591264539259666,0.9653142211476242,0.0
9.24623,9.09241,63.1999,4342.27045,1.47062,44.33507,2.527447548563372,0.9415407129871729,0.0
9.2877,9.13346,63.36281,4340.51362,1.39613,44.34348,2.468196851787571,0.9194682694585289,0.0
9.32913,9.1745,63.51712,4338.80761,1.32044,44.35194,2.413306085309276,0.899020014682376,0.0
9.37055,9.21555,63.66272,4337.15032,1.24364,44.36045,2.3625833824380775,0.880124473268221,0.0
9.41195,9.25658,63.79948,4335.53976,1.16579,44.369,2.31585094815548,0.8627154118936046,0.0
9.45332,9.29762,63.92731,4333.97398,1.08698,44.37761,2.272944623403723,0.8467316769902269,0.0
9.49468,9.33865,64.0461,4332.45113,1.00729,44.38626,2.2337134482970233,0.8321170320286403,0.0
9.53601,9.37968,64.15577,4330.96939,0.92679,44.39497,2.1980192319895955,0.8188199972827689,0.0
9.57733,9.42071,64.25624,4329.52703,0.84555,44.40372,2.1657361355588964,0.8067936944429451,0.0
9.61862,9.46173,64.34742,4328.12234,0.76364,44.41253,2.136750273071692,0.7959956980025189,0.0
9.6599,9.50275,64.42927,4326.75367,0.68112,44.42139,2.1109593350209517,0.7863878949781972,0.0
9.70115,9.54378,64.50171,4325.41941,0.59805,44.43029,2.088272237463757,0.7779363542046793,0.0
9.74239,9.5848,64.56469,4324.11797,0.5145,44.43925,2.0686087995057143,0.770611206189118,0.0
9.78361,9.62582,64.61818,4322.8478,0.43053,44.44826,2.0518994511899478,0.7643865342920808,0.0
9.82481,9.66684,64.66213,4321.60736,0.3462,44.45732,2.0380849733615283,0.7592402778202071,0.0
9.866,9.70786,64.69651,4320.39512,0.26156,44.46643,2.0271162706840866,0.7551541474689234,0.0
9.90716,9.74888,64.72129,4319.20959,0.17668,44.47559,2.0189541786507874,0.752113553428953,0.0
9.94831,9.7899,64.73646,4318.04926,0.0916,44.4848,2.0135693051638675,0.7501075463705266,0.0
9.98944,9.83093,64.742,4316.91261,0.00639,44.49407,2.010941907020356,0.7491287714310632,0.0
10.03055,9.87195,64.7379,4315.79815,-0.0789,44.50338,2.0110618014466604,0.7491734352594737,0.0
10.07165,9.91298,64.72417,4314.70434,-0.16421,44.51275,2.013928312657492,0.7502412861079575,0.0
10.11273,9.95401,64.70081,4313.62965,-0.24949,44.52217,2.01955025324501,0.7523356068989674,0.0
10.15379,9.99504,64.66782,4312.57252,-0.33468,44.53164,2.027945940054441,0.7554632211392953,0.0
10.19484,10.03607,64.62524,4311.53137,-0.41973,44.54116,2.0391432440372608,0.7596345114916949,0.0
10.23587,10.0771,64.57308,4310.50458,-0.50458,44.55073,2.0531796733998338,0.7648634507499371,0.0
10.27688,10.11814,64.51137,4309.49049,-0.58917,44.56035,2.0701024891651145,0.7711676448885849,0.0
10.31787,10.15918,64.44015,4308.4874,-0.67344,44.57002,2.0899688520304607,0.7785683877713926,0.0
10.35885,10.20022,64.35947,4307.49356,-0.75734,44.57975,2.1128459991325697,0.7870907270008953,0.0
10.39982,10.24127,64.26936,4306.50717,-0.8408,44.58952,2.138811448994634,0.7967635402666176,0.0
10.44076,10.28231,64.1699,4305.52635,-0.92375,44.59935,2.1679532325349675,0.8076196214018637,0.0
10.48169,10.32336,64.06115,4304.54918,-1.00615,44.60923,2.200370147544449,0.8196957751832631,0.0
10.5226,10.36442,63.94317,4303.57365,-1.0879,44.61915,2.2361720334629918,0.8330329196922325,0.0
10.5635,10.40547,63.81605,4302.59766,-1.16896,44.62913,2.2754800626085903,0.8476761948054604,0.0
10.60438,10.44653,63.67987,4301.61904,-1.24925,44.63916,2.318427043217134,0.8636750750852112,0.0
10.64524,10.48759,63.53473,4300.63551,-1.32869,44.64924,2.3651577286965124,0.8810834849846143,0.0
10.68609,10.52866,63.38074,4299.64468,-1.4072,44.65937,2.4158291263931524,0.8999599138713263,0.0
10.72692,10.56973,63.218,4298.64408,-1.48471,44.66955,2.4706107978874714,0.9203675278954863,0.0
10.76773,10.6108,63.04664,4297.6311,-1.56114,44.67978,2.5296851413388977,0.9423742751706651,0.0
10.80852,10.65187,62.8668,4296.60299,-1.63639,44.69006,2.5932476446802903,0.9660529800954508,0.0
10.8493,10.69295,62.67861,4295.55688,-1.71037,44.70039,2.66150709652365,0.9914814219213717,0.0
10.89006,10.73403,62.48222,4294.48978,-1.78299,44.71076,2.734685739391873,1.01874239183576,0.0
10.9308,10.77511,62.27781,4293.39849,-1.85415,44.72119,2.8130193474043987,1.0479237219016972,0.0
10.97153,10.8162,62.06554,4292.27971,-1.92374,44.73166,2.8967572077437898,1.079118278153828,0.0
11.01223,10.85729,61.8456,4291.12992,-1.99166,44.74219,2.9861619821221828,1.1124239089909693,0.0
11.05292,10.89837,61.61821,4289.94546,-2.05778,44.75276,3.0815094210716416,1.1479433387417481,0.0
11.09359,10.93946,61.38356,4288.72245,-2.12199,44.76338,3.183087900190096,1.1857839949040112,0.0
11.13423,10.98056,61.14189,4287.45683,-2.18415,44.77404,3.2911977435135813,1.2260577560831836,0.0
11.17486,11.02165,60.89344,4286.14435,-2.24415,44.78475,3.406150295038236,1.2688806061097802,0.0
11.21547,11.06274,60.63847,4284.78053,-2.30183,44.79551,3.528266695087221,1.3143721782038884,0.0
11.25606,11.10384,60.37725,4283.36067,-2.35706,44.80631,3.657876313888822,1.3626551714417974,0.0
11.29662,11.14493,60.11008,4281.87986,-2.40967,44.81716,3.7953147905045244,1.4138546202051057,0.0
11.33717,11.18602,59.83727,4280.33295,-2.45951,44.82806,3.9409216212853364,1.4680969958172505,0.0
11.37769,11.22711,59.55915,4278.71456,-2.50642,44.839,4.095037238664802,1.525509118317043,0.0
11.41819,11.2682,59.27605,4277.0191,-2.55022,44.84998,4.257999518514356,1.5862168553566414,0.0
11.45866,11.30929,58.98835,4275.24071,-2.59073,44.861,4.430139652972836,1.6503435847219539,0.0
11.49911,11.35037,58.69644,4273.37333,-2.62776,44.87207,4.611777325968798,1.7180083970877567,0.0
11.53954,11.39146,58.40073,4271.41066,-2.66112,44.88318,4.803215131171511,1.7893240165575715,0.0
11.57994,11.43253,58.10164,4269.34621,-2.69061,44.89433,5.004732177406906,1.864394418512853,0.0
11.62031,11.4736,57.79964,4267.17327,-2.71603,44.90552,5.216576835336594,1.9433121275600767,0.0
11.66065,11.51467,57.49519,4264.88495,-2.73717,44.91675,5.438958592108122,2.0261551831736417,0.0
11.70097,11.55572,57.18881,4262.47422,-2.75381,44.92801,5.672038998554009,2.1129837672893204,0.0
11.74125,11.59677,56.88101,4259.93391,-2.76573,44.93932,5.91592171703423,2.2038364968637234,0.0
11.78151,11.63781,56.57234,4257.25674,-2.77272,44.95066,6.170641707837138,2.298726395524124,0.0
11.82177,11.6788,56.26048,4254.44148,-2.82701,44.85893,6.438814920322149,2.3986279732366738,-53.999999078859304
11.86206,11.7197,55.94297,4251.48517,-2.87816,44.76262,6.723515954431422,2.5046865993774214,-53.999999078859304
11.9024,11.76051,55.62018,4248.37754,-2.92598,44.66146,7.025508560870559,2.6171867911796927,-53.999999078859304
11.94278,11.80122,55.29252,4245.10785,-2.97026,44.55513,7.345529478321578,2.7364030031873012,-53.999999078859304
11.9832,11.84183,54.96042,4241.66491,-3.01077,44.44332,7.684295624209348,2.862602306004243,-53.999999078859304
12.02367,11.88232,54.62431,4238.03708,-3.04731,44.32571,8.042491751025254,2.9960397879504828,-53.999999078859304
12.06419,11.9227,54.28469,4234.21228,-3.07962,44.20194,8.420756130373032,3.136953221992348,-53.999999078859304
12.10476,11.96296,53.94205,4230.17805,-3.10747,44.07167,8.819664138553481,3.285556950940947,-53.999999078859304
12.14538,12.00309,53.59693,4225.92156,-3.13062,43.93453,9.23970965095205,3.4420349563720043,-53.999999078859304
12.18606,12.04308,53.24988,4221.42964,-3.1488,43.79014,9.681284199828097,3.6065330943539635,-53.999999078859304
12.22679,12.08293,52.90149,4216.68892,-3.16175,43.63812,10.144653913677411,3.7791505047537677,-53.999999078859304
12.26759,12.12262,52.55238,4211.68582,-3.16922,43.47808,10.629934337969456,3.959930231298979,-53.999999078859304
12.30845,12.16216,52.20318,4206.40669,-3.17093,43.30962,11.137063338428407,4.148849127337,-53.999999078859304
12.34937,12.20153,51.85458,4200.83789,-3.16662,43.13235,11.665772409818068,4.345807167602549,-53.999999078859304
12.39037,12.24072,51.50726,4194.96594,-3.15603,42.94588,12.215556854927001,4.550616339104982,-53.999999078859304
12.43143,12.27972,51.16196,4188.77765,-3.1389,42.74982,12.785645458370603,4.762989343821638,-53.999999078859304
12.47257,12.31853,50.81942,4182.26027,-3.11498,42.54379,13.374970453776145,4.9825284106840515,-53.999999078859304
12.51379,12.35713,50.48043,4175.40167,-3.08404,42.32743,13.982138764757222,5.20871458208424,-53.999999078859304
12.55508,12.3955,50.14577,4168.19055,-3.04586,42.10042,14.605405680617359,5.440897907381665,-53.999999078859304
12.59646,12.43365,49.81627,4160.61664,-3.00023,41.86243,15.242652295157283,5.678289038265322,-53.999999078859304
12.63792,12.47156,49.49275,4152.67088,-2.94699,41.61318,15.891368176502917,5.919952772808675,-53.999999078859304
12.67947,12.50921,49.17606,4144.34573,-2.88599,41.35245,16.54864083063627,6.164804130357697,-53.999999078859304
12.72111,12.5466,48.86705,4135.63532,-2.81712,41.08004,17.211153552616345,6.4116075510541055,-53.999999078859304
12.76283,12.58371,48.56657,4126.53574,-2.74032,40.79582,17.875193208916897,6.658979794960953,-53.999999078859304
12.80466,12.62053,48.27547,4117.04525,-2.65556,40.49972,18.536669344767304,6.905397060049835,-53.999999078859304
12.84657,12.65705,47.9946,4107.16448,-2.56286,40.19172,19.19114574891201,7.1492067409043205,-53.999999078859304
12.88859,12.69325,47.72478,4096.89666,-2.46232,39.8719,19.833885228174328,7.388644108423037,-53.999999078859304
12.9307,12.72913,47.46683,4086.24774,-2.35405,39.54042,20.459907847754085,7.621854005862951,-53.999999078859304
12.9729,12.76466,47.22151,4075.22656,-2.23828,39.19749,21.064062293047485,7.846917432994901,-53.999999078859304
13.01521,12.79985,46.98959,4063.84493,-2.11525,38.84345,21.641109330299937,8.061882637392765,-53.999999078859304
13.05762,12.83468,46.77175,4052.11765,-1.98531,38.47872,22.185815623205777,8.264800063585321,-53.999999078859304
13.10012,12.86913,46.56866,4040.06254,-1.84884,38.10378,22.693055448499862,8.453760244790407,-53.999999078859304
13.14272,12.9032,46.38091,4027.70029,-1.7063,37.71925,23.157917200604295,8.626933478698133,-53.999999078859304
13.18542,12.93687,46.20904,4015.05442,-1.55822,37.3258,23.57581104109155,8.782609929728329,-53.999999078859304
13.22821,12.97014,46.05352,4002.15101,-1.40517,36.92419,23.94257368786954,8.919238665759151,-53.999999078859304
13.27109,13.00301,45.91473,3989.01849,-1.24779,36.51527,24.254566196181024,9.035464084122125,-53.999999078859304
13.31406,13.03545,45.79301,3975.68734,-1.08676,36.09994,24.508760688412952,9.130158220738135,-53.999999078859304
13.35712,13.06747,45.68859,3962.18968,-0.92281,35.67918,24.702812351176075,9.202447570923935,-53.999999078859304
13.40027,13.09907,45.60161,3948.55897,-0.75669,35.25399,24.835113622055015,9.25173327538228,-53.999999078859304
13.44349,13.13023,45.53216,3934.82952,-0.58917,34.82543,24.904828298494166,9.277703826659398,-53.999999078859304
13.48679,13.16095,45.48021,3921.03609,-0.42105,34.39457,24.91190426065055,9.280339808742422,-53.999999078859304
13.53016,13.19124,45.44567,3907.21348,-0.25313,33.96249,24.8570645378793,9.259910569090183,-53.999999078859304
13.5736,13.22109,45.42835,3893.39604,-0.08619,33.53027,24.741777487934215,9.216963109600794,-53.999999078859304
13.6171,13.25051,45.428,3879.61733,0.07899,33.09897,24.56820782202774,9.152303842157867,-53.999999078859304
13.66066,13.27949,45.44427,3865.9097,0.24165,32.66962,24.339151031465075,9.066974160826394,-53.999999078859304
13.70428,13.30804,45.47676,3852.30398,0.40109,32.24321,24.057954401164057,8.962221017310636,-53.999999078859304
13.74794,13.33616,45.525,3838.82917,0.55661,31.82068,23.72842820063798,8.839463837258515,-53.999999078859304
13.79165,13.36386,45.58845,3825.51219,0.70758,31.40293,23.354750813936594,8.700259178668476,-53.999999078859304
13.8354,13.39114,45.66653,3812.3777,0.85342,30.99075,22.94137151685151,8.546264513840372,-53.999999078859304
13.87919,13.41801,45.75858,3799.44799,0.99359,30.5849,22.492914359346866,8.379202423051927,-53.999999078859304
13.923,13.44448,45.86395,3786.74284,1.12764,30.18604,22.01408620349835,8.200826336271334,-53.999999078859304
13.96685,13.47055,45.98191,3774.27951,1.25514,29.79477,21.509591448604237,8.012888766017387,-53.999999078859304
14.01072,13.49624,46.11172,3762.07276,1.37574,29.4116,20.984055393645225,7.817112757859341,-53.999999078859304
14.0546,13.52154,46.25262,3750.13487,1.48914,29.03695,20.441957588484073,7.615167061985124,-53.999999078859304
14.09851,13.54648,46.40383,3738.47576,1.59511,28.67117,19.88757594817632,7.408645314311644,-53.999999078859304
14.14242,13.57106,46.56455,3727.10305,1.69347,28.31456,19.32494187990189,7.1990493200861305,-53.999999078859304
14.18635,13.59529,46.73399,3716.02225,1.78409,27.96732,18.757806220946847,6.987776364888109,-53.999999078859304
14.23028,13.61918,46.91136,3705.23687,1.86689,27.62959,18.189615420878205,6.776110341862836,-53.999999078859304
14.27422,13.64275,47.09585,3694.7486,1.94183,27.30144,17.623497125367678,6.565216381316339,-53.999999078859304
14.31816,13.66599,47.28669,3684.55748,2.00893,26.9829,17.06225413085146,6.356138598667112,-53.999999078859304
14.3621,13.68893,47.48308,3674.66205,2.06822,26.67394,16.508365570014266,6.149800536070116,-53.999999078859304
14.40604,13.71157,47.68428,3665.05957,2.1198,26.37448,15.963994147905137,5.947007858060315,-53.999999078859304
14.44997,13.73392,47.88954,3655.74612,2.16377,26.0844,15.430998264090507,5.7484528673736435,-53.999999078859304
14.4939,13.75599,48.09812,3646.7168,2.20026,25.80355,14.910947915236276,5.554720429077244,-53.999999078859304
14.53782,13.77779,48.30933,3637.96588,2.22944,25.53174,14.405143362199068,5.366294924552131,-53.999999078859304
14.58173,13.79933,48.52246,3629.48692,2.25149,25.26875,13.914635655330201,5.183567897708972,-53.999999078859304
14.62563,13.82063,48.73687,3621.27292,2.26659,25.01436,13.440248231473094,5.0068461004378655,-53.999999078859304
14.66953,13.84168,48.95191,3613.31643,2.27496,24.7683,12.98259891880142,4.836359689989545,-53.999999078859304
14.71341,13.86249,49.16696,3605.60962,2.27681,24.53031,12.542121804887634,4.67227037540628,-53.999999078859304
14.75728,13.88308,49.38144,3598.14446,2.27235,24.30011,12.119088535477262,4.514679351875708,-53.999999078859304
14.80113,13.90346,49.59477,3590.91271,2.26183,24.07742,11.713628713144223,4.363634899766664,-53.999999078859304
14.84498,13.92362,49.80642,3583.90605,2.24547,23.86193,11.325749155030943,4.21913955864407,-53.999999078859304
14.88881,13.94358,50.01586,3577.11613,2.22351,23.65336,10.955351846506211,4.081156815478883,-53.999999078859304
14.93262,13.96334,50.22261,3570.53462,2.19617,23.45141,10.602250492845856,3.949617270584635,-53.999999078859304
14.97643,13.98292,50.42619,3564.15324,2.16369,23.25579,10.266185624691033,3.8244242647981097,-53.999999078859304
15.02022,14.00231,50.62616,3557.96383,2.1263,23.06619,9.946838255889508,3.7054589673845695,-53.999999078859304
15.06399,14.02153,50.82208,3551.95837,2.08422,22.88234,9.64384212556794,3.592584936531789,-53.999999078859304
15.10775,14.04057,51.01356,3546.12899,2.03768,22.70394,9.35679458124905,3.4856521735975603,-53.999999078859304
15.15149,14.05945,51.20022,3540.46798,1.9869,22.53071,9.085266177488853,3.3845006988546076,-53.999999078859304
15.19522,14.07817,51.3817,3534.96785,1.93208,22.36239,8.828809076422463,3.2889636809149394,-53.999999078859304
15.23894,14.09673,51.55765,3529.6213,1.87343,22.19871,8.586964343450019,3.1988701545648084,-53.999999078859304
15.28264,14.11514,51.72776,3524.42123,1.81116,22.03939,8.359268234448313,3.1140473629164793,-53.999999078859304
15.32632,14.1334,51.89173,3519.36076,1.74545,21.8842,8.145257570881483,3.0343227597783824,-53.999999078859304
15.36999,14.15152,52.04926,3514.4332,1.67651,21.73288,7.944474296970689,2.9595257073207275,-53.999999078859304
15.41365,14.16951,52.2001,3509.63208,1.60452,21.5852,7.756469309175654,2.8894889026581336,-53.999999078859304
15.45729,14.18735,52.344,3504.95114,1.52965,21.44091,7.580805643178878,2.8240495650851116,-53.999999078859304
15.50092,14.20507,52.48071,3500.3843,1.45208,21.2998,7.417061097767939,2.7630504135412517,-53.999999078859304
15.54453,14.22265,52.61004,3495.92567,1.37197,21.16165,7.26483036880148,2.706340461569703,-53.999999078859304
15.58813,14.24011,52.73176,3491.56955,1.28949,21.02624,7.123726760090749,2.653775654665567,-53.999999078859304
15.63172,14.25744,52.8457,3487.3104,1.20481,20.89337,6.993383531675058,2.6052193725439787,-53.999999078859304
15.67529,14.27466,52.95168,3483.14285,1.11806,20.76284,6.873454939826438,2.5605428165692046,-53.999999078859304
15.71885,14.29175,53.04954,3479.06166,1.0294,20.63445,6.763617017240324,2.5196253003962017,-53.999999078859304
15.76239,14.30873,53.13914,3475.06174,0.93898,20.508,6.663568136317568,2.482354459807986,-53.999999078859304
15.80592,14.3256,53.22034,3471.13814,0.84693,20.38333,6.5730293932709145,2.4486263958054066,-53.999999078859304
15.84944,14.34235,53.29302,3467.286,0.75339,20.26024,6.4917448460220095,2.4183457632300343,-53.999999078859304
15.89295,14.35899,53.35708,3463.50058,0.6585,20.13856,6.419481634452257,2.3914258155607735,-53.999999078859304
15.93644,14.37552,53.41241,3459.77721,0.56239,20.01811,6.356030007579879,2.36778841503803,-53.999999078859304
15.97992,14.39194,53.45893,3456.11132,0.46518,19.89873,6.301203278561302,2.3473640159005504,-53.999999078859304
16.02338,14.40826,53.49657,3452.49841,0.36701,19.78024,6.25483772511374,2.3300916272902006,-53.999999078859304
16.06684,14.42447,53.52526,3448.934,0.26799,19.66249,6.216792449939125,2.315918761256221,-53.999999078859304
16.11028,14.44057,53.54495,3445.41368,0.16825,19.5453,6.186949212951525,2.3048013702555163,-53.999999078859304
16.15371,14.45657,53.5556,3441.93306,0.06791,19.42852,6.165212244626925,2.2967037776205452,-53.999999078859304
16.19712,14.47246,53.55718,3438.48778,-0.03291,19.31198,6.151508047431723,2.2915986035862033,-53.999999078859304
16.24053,14.48825,53.54967,3435.07346,-0.1341,19.19553,6.145785190150299,2.289466688671435,-53.999999078859304
16.28392,14.50393,53.53306,3431.68573,-0.23553,19.079,6.148014097889741,2.290297015450469,-53.999999078859304
16.3273,14.51951,53.50735,3428.32019,-0.33709,18.96223,6.158186838589761,2.2940866290221433,-53.999999078859304
16.37066,14.53499,53.47255,3424.97243,-0.43865,18.84506,6.176316904990451,2.3008405557871576,-53.999999078859304
16.41402,14.55036,53.42869,3421.63798,-0.54011,18.72733,6.202438989145262,2.3105717194482236,-53.999999078859304
16.45736,14.56563,53.3758,3418.31231,-0.64134,18.60888,6.236608744739985,2.323300852467637,-53.999999078859304
16.50069,14.58079,53.31392,3414.99084,-0.74222,18.48953,6.27890253056445,2.339056400503729,-53.999999078859304
16.544,14.59585,53.24311,3411.66889,-0.84262,18.36912,6.329417126554729,2.3578744166291203,-53.999999078859304
16.58731,14.6108,53.16343,3408.34171,-0.94244,18.24747,6.388269411844334,2.3797984413963196,-53.999999078859304
16.6306,14.62564,53.07496,3405.00443,-1.04153,18.12442,6.455595992095319,2.4048793640087522,-53.999999078859304
16.67388,14.64037,52.97778,3401.65208,-1.13977,17.99978,6.531552761212671,2.4331752590478417,-53.999999078859304
16.71715,14.65499,52.872,3398.27957,-1.23704,17.87337,6.616314380149248,2.4647511923141345,-53.999999078859304
16.7604,14.6695,52.75773,3394.88165,-1.3332,17.74499,6.710073653074953,2.4996789884339017,-53.999999078859304
16.80364,14.6839,52.63508,3391.45294,-1.42812,17.61447,6.813040778518608,2.5380369518897856,-53.999999078859304
16.84687,14.69818,52.5042,3387.98791,-1.52165,17.48159,6.925442450430079,2.5799095321427896,-53.999999078859304
16.89009,14.71234,52.36523,3384.48086,-1.61365,17.34616,7.047520781216994,2.625386922435114,-53.999999078859304
16.93329,14.72639,52.21834,3380.92589,-1.70398,17.20796,7.179532015962657,2.674564580802505,-53.999999078859304
16.97647,14.74031,52.06369,3377.31694,-1.79249,17.06678,7.321745004115185,2.7275426607382394,-53.999999078859304
17.01964,14.75411,51.90148,3373.64777,-1.87901,16.9224,7.474439392102932,2.784425337894821,-53.999999078859304
17.0628,14.76778,51.7319,3369.9119,-1.9634,16.77458,7.637903497625199,2.845320018201334,-53.999999078859304
17.10594,14.78132,51.55518,3366.10269,-2.04548,16.62308,7.812431823963066,2.9103364118788275,-53.999999078859304
17.14907,14.79472,51.37155,3362.21327,-2.1251,16.46766,7.998322170635145,2.9795854570835627,-53.999999078859304
17.19218,14.80799,51.18124,3358.23656,-2.20207,16.30807,8.195872295352872,3.053178076397526,-53.999999078859304
17.23527,14.82112,50.98453,3354.16527,-2.27622,16.14404,8.405376081609244,3.1312237491543984,-53.999999078859304
17.27834,14.83411,50.78168,3349.99192,-2.34736,15.9753,8.627119166781899,3.2138288827929222,-53.999999078859304
17.3214,14.84694,50.573,3345.70879,-2.41531,15.80159,8.861373987440809,3.30109496710365,-53.999999078859304
17.36444,14.85963,50.3588,3341.30801,-2.47987,15.6226,9.10839420220548,3.393116496596507,-53.999999078859304
17.40746,14.87215,50.1394,3336.78149,-2.54085,15.43806,9.368408458040104,3.4899786482817183,-53.999999078859304
17.45045,14.88452,49.91514,3332.12098,-2.59805,15.24766,9.64161347410899,3.591754705223982,-53.999999078859304
17.49343,14.89672,49.6864,3327.3181,-2.65126,15.0511,9.92816642817825,3.6985032202767707,-53.999999078859304
17.53638,14.90874,49.45354,3322.36431,-2.70028,14.84806,10.228176644893109,3.810264919746936,-53.999999078859304
17.57931,14.92059,49.21697,3317.251,-2.74489,14.63824,10.541696603146564,3.9270593534029206,-53.999999078859304
17.62219,14.93235,48.98203,3311.95649,-2.67053,14.64614,10.86105340792633,4.046028165966631,0.0
17.66501,14.94409,48.75426,3306.46446,-2.58797,14.65403,11.177454410826511,4.163895864558369,0.0
17.70775,14.95583,48.53437,3300.77505,-2.49729,14.66191,11.488910692350165,4.279921524333901,0.0
17.75043,14.96755,48.32303,3294.88955,-2.3986,14.66979,11.793374456575652,4.39334228743166,0.0
17.79303,14.97927,48.1209,3288.81043,-2.2921,14.67767,12.088720671838855,4.50336652364382,0.0
17.83555,14.99097,47.92864,3282.54145,-2.17801,14.68553,12.372774423854718,4.609184020173756,0.0
17.87799,15.00266,47.74685,3276.08764,-2.05663,14.69339,12.643342060067058,4.7099775837258155,0.0
17.92035,15.01434,47.57611,3269.45534,-1.92832,14.70123,12.898245535016247,4.804935835058464,0.0
17.96263,15.026,47.41698,3262.65218,-1.79348,14.70906,13.135359167895228,4.893266902141045,0.0
18.00482,15.03765,47.26994,3255.68708,-1.65258,14.71687,13.352647842375198,4.974212650593944,0.0
18.04693,15.04928,47.13545,3248.57018,-1.50613,14.72467,13.548205529472794,5.047063034470221,0.0
18.08894,15.0609,47.01391,3241.31277,-1.35471,14.73245,13.720292909738722,5.11117011151076,0.0
18.13086,15.0725,46.90566,3233.92722,-1.19893,14.74021,13.867372822627324,5.16596124896718,0.0
18.17268,15.08408,46.811,3226.42686,-1.03945,14.74794,13.988142286311845,5.2109510518254964,0.0
18.21441,15.09564,46.73014,3218.82583,-0.87697,14.75566,14.081559914299024,5.245751576216443,0.0
18.25604,15.10719,46.66324,3211.13896,-0.7122,14.76336,14.146867704192518,5.270080446303139,0.0
18.29757,15.11872,46.61041,3203.38163,-0.5459,14.77103,14.18360638224748,5.28376657053141,0.0
18.339,15.13023,46.57168,3195.56955,-0.37881,14.77868,14.191623743382584,5.286753248503703,0.0
18.38032,15.14172,46.54701,3187.71864,-0.21171,14.78631,14.171075714386763,5.2790985670515775,0.0
18.42155,15.15319,46.5363,3179.84484,-0.04535,14.79391,14.122420170043306,5.26097309657922,0.0
18.46267,15.16464,46.5394,3171.96394,0.11951,14.80149,14.046403828301385,5.232655009170028,0.0
18.50369,15.17607,46.55607,3164.09144,0.28214,14.80905,13.94404282336138,5.1945228415497455,0.0
18.5446,15.18748,46.58603,3156.24236,0.44184,14.81658,13.816597788025867,5.147046212606571,0.0
18.58541,15.19887,46.62896,3148.43115,0.59792,14.82409,13.665544456725845,5.090774872244968,0.0
18.62612,15.21025,46.68446,3140.67155,0.74976,14.83159,13.492540920260446,5.026326502914604,0.0
18.66672,15.2216,46.7521,3132.97648,0.89674,14.83906,13.299392719514968,4.954373716101895,0.0
18.70722,15.23293,46.83139,3125.35797,1.03833,14.84651,13.088016960052148,4.875630684071041,0.0
18.74762,15.24424,46.92183,3117.82709,1.17402,14.85394,12.860406568457424,4.790839824412172,0.0
18.78791,15.25553,47.02285,3110.39389,1.30336,14.86136,12.618595703809675,4.70075891490412,0.0
18.82811,15.2668,47.13388,3103.06741,1.42596,14.86876,12.364627194910248,4.606148963025446,0.0
18.86821,15.27805,47.2543,3095.85562,1.54148,14.87615,12.100522708167116,4.507763092706362,0.0
18.90821,15.28928,47.38351,3088.76547,1.64964,14.88352,11.828256174265434,4.406336645064334,0.0
18.94812,15.3005,47.52084,3081.80288,1.75019,14.89089,11.54973082498319,4.302578624013703,0.0
18.98794,15.3117,47.66566,3074.9728,1.84296,14.89824,11.266760024032239,4.197164555249605,0.0
19.02766,15.32288,47.8173,3068.27922,1.92781,14.90559,10.981051924739074,4.090730770830378,0.0
19.06729,15.33404,47.97509,3061.72524,2.00465,14.91293,10.694197857776826,3.9838700833021945,0.0
19.10684,15.34519,48.13838,3055.31312,2.07344,14.92027,10.407664246716589,3.877128774029212,0.0
19.1463,15.35632,48.3065,3049.04434,2.13417,14.9276,10.12278776886104,3.771004790476773,0.0
19.18567,15.36744,48.4788,3042.91968,2.18687,14.93493,9.840773422864965,3.6659470263492118,0.0
19.22496,15.37854,48.65463,3036.93925,2.23161,14.94227,9.562695131027963,3.5623555459597225,0.0
19.26418,15.38962,48.83336,3031.10259,2.26849,14.9496,9.28949849037186,3.4605826090790908,0.0
19.30331,15.4007,49.01436,3025.40872,2.29762,14.95694,9.022005289068861,3.3609343534240117,0.0
19.34237,15.41176,49.19703,3019.85618,2.31916,14.96429,8.76091942042124,3.263672997770129,0.0
19.38136,15.42281,49.38077,3014.44314,2.33326,14.97164,8.506833851904117,3.169019438103838,0.0
19.42027,15.43384,49.56501,3009.16739,2.34011,14.97901,8.260238338777421,3.0771561211456997,0.0
19.45911,15.44487,49.74919,3004.02644,2.33991,14.98638,8.021527607685535,2.988230092956629,0.0
19.49789,15.45588,49.93277,2999.01756,2.33286,14.99377,7.791009773420767,2.9023561344037487,0.0
19.5366,15.46688,50.11524,2994.1378,2.31918,15.00117,7.568914789520623,2.8196199092302225,0.0
19.57525,15.47787,50.2961,2989.38406,2.29911,15.00858,7.355402769500865,2.740081063933511,0.0
19.61383,15.48886,50.47485,2984.7531,2.27286,15.01601,7.150572049112798,2.663776231168345,0.0
19.65235,15.49983,50.65106,2980.24158,2.24069,15.02346,6.9544668905109805,2.5907218997519053,0.0
19.69082,15.5108,50.82427,2975.84609,2.20281,15.03093,6.767084756202948,2.5209171244014827,0.0
19.72922,15.52176,50.99407,2971.56318,2.15948,15.03842,6.588383104026668,2.454346057042368,0.0
19.76757,15.53271,51.16006,2967.38937,2.11093,15.04593,6.4182856742200105,2.3909802889066536,0.0
19.80587,15.54365,51.32185,2963.32117,2.0574,15.05346,6.256688256045692,2.330780998752752,0.0
19.84411,15.55459,51.47909,2959.35508,1.99911,15.06102,6.103463934696993,2.27370090747583,0.0
19.88231,15.56552,51.63144,2955.48764,1.93632,15.0686,5.958467829657653,2.2196860432715453,0.0
19.92045,15.57644,51.77858,2951.71541,1.86924,15.07621,5.821541343628128,2.1686773244728714,0.0
19.95854,15.58736,51.92019,2948.03497,1.7981,15.08384,5.692515946918052,2.120611969335864,0.0
19.99659,15.59827,52.05599,2944.44296,1.72313,15.0915,5.571216526174202,2.075424743528937,0.0
20.03459,15.60918,52.18572,2940.93604,1.64453,15.09919,5.45746432877164,2.033049056996038,0.0
20.07254,15.62008,52.30911,2937.51095,1.56253,15.10691,5.351079535388265,1.9934179223083528,0.0
20.11045,15.63098,52.42594,2934.16443,1.47733,15.11466,5.251883493544469,1.9564647867165967,0.0
20.14831,15.64188,52.53598,2930.89332,1.38915,15.12244,5.159700644328457,1.922124249906894,0.0
20.18614,15.65277,52.63903,2927.69446,1.29817,15.13025,5.074360173411243,1.8903326790473023,0.0
20.22392,15.66366,52.7349,2924.56476,1.20459,15.13809,4.995697415919738,1.8610287321400014,0.0
20.26166,15.67455,52.82342,2921.50116,1.10862,15.14596,4.923555042889612,1.834153800006205,0.0
20.29936,15.68543,52.90443,2918.50065,1.01043,15.15387,4.857784054987334,1.8096523764737638,0.0
20.33703,15.69631,52.97778,2915.56023,0.91021,15.16181,4.798244607055028,1.7874723655418208,0.0
20.37465,15.70719,53.04333,2912.67694,0.80815,15.16979,4.744806684840964,1.7675653334807278,0.0
20.41224,15.71806,53.10098,2909.84787,0.70442,15.17779,4.697350653116983,1.7498867130202016,0.0
20.44979,15.72893,53.15062,2907.0701,0.59919,15.18583,4.655767692219799,1.734395965972451,0.0
20.4873,15.73981,53.19216,2904.34071,0.49264,15.19391,4.61996013799523,1.7210567098703446,0.0
20.52478,15.75068,53.22551,2901.65684,0.38494,15.20202,4.589841738128927,1.7098368134573527,0.0
20.56222,15.76154,53.25062,2899.01558,0.27626,15.21017,4.565337835913233,1.700708465145537,0.0
20.59963,15.77241,53.26743,2896.41405,0.16677,15.21835,4.5463854907019785,1.6936482178881302,0.0
20.637,15.78328,53.2759,2893.84933,0.05663,15.22657,4.532933542541894,1.6886370132564403,0.0
20.67434,15.79414,53.27601,2891.31853,-0.054,15.23482,4.524942626817889,1.685660186895602,0.0
20.71164,15.805,53.26772,2888.81868,-0.16496,15.24311,4.522385143160741,1.6847074569418696,0.0
20.74891,15.81587,53.25105,2886.34683,-0.27607,15.25144,4.525245181321695,1.6857728964089578,0.0
20.78615,15.82673,53.22601,2883.89996,-0.38717,15.2598,4.533518405246305,1.6888548900024976,0.0
20.82335,15.83759,53.1926,2881.47503,-0.49811,15.2682,4.547211895137649,1.6939560752844267,0.0
20.86052,15.84845,53.15087,2879.06895,-0.60872,15.27663,4.566343945874754,1.7010832675785494,0.0
20.89766,15.85931,53.10086,2876.67855,-0.71883,15.2851,4.590943818762608,1.7102473674908854,0.0
20.93476,15.87017,53.04262,2874.30064,-0.82828,15.2936,4.621051442200487,1.7214632494007447,0.0
20.97183,15.88102,52.97623,2871.93193,-0.9369,15.30214,4.656717055474688,1.734749628764148,0.0
21.00887,15.89188,52.90177,2869.56907,-1.04452,15.31071,4.698000788498227,1.7501289055558062,0.0
21.04588,15.90274,52.81933,2867.20862,-1.15097,15.31932,4.74497216893557,1.7676269806601168,0.0
21.08285,15.9136,52.72903,2864.84708,-1.25608,15.32797,4.797709546778722,1.7872730415106144,0.0
21.11979,15.92445,52.63097,2862.48083,-1.35966,15.33665,4.856299425072819,1.8090993127676425,0.0
21.1567,15.93531,52.52531,2860.10617,-1.46155,15.34536,4.92083568414254,1.8331407673222857,0.0
21.19357,15.94616,52.41218,2857.7193,-1.56155,15.35411,4.991418685401443,1.859434792441761,0.0
21.23041,15.95702,52.29174,2855.31632,-1.65949,15.36288,5.068154239592572,1.888020805411901,0.0
21.26722,15.96787,52.16417,2852.8932,-1.75516,15.3717,5.151152423233191,1.9189398126316743,0.0
21.30399,15.97872,52.02966,2850.44583,-1.84839,15.38054,5.240526226079552,1.9522339057582234,0.0
21.34073,15.98957,51.88842,2847.96998,-1.93897,15.38942,5.33639001175288,1.9879456882495434,0.0
21.37743,16.00042,51.74066,2845.46127,-2.0267,15.39832,5.438857773235225,2.0261176254907833,0.0
21.4141,16.01127,51.58661,2842.91526,-2.11138,15.40726,5.548041164920349,2.066791311681423,0.0
21.45073,16.02212,51.42652,2840.32737,-2.1928,15.41623,5.664047293372073,2.1100066468346306,0.0
21.48733,16.03297,51.26067,2837.6929,-2.27076,15.42522,5.786976249966312,2.1558009176214954,0.0
21.52389,16.04382,51.08932,2835.00706,-2.34502,15.43425,5.916918370386726,2.2042077764610566,0.0
21.56041,16.05466,50.91277,2832.26494,-2.41539,15.4433,6.053951208554272,2.2552561142294367,0.0
21.59689,16.0655,50.73133,2829.46157,-2.48164,15.45238,6.198136216190991,2.308968823309988,0.0
21.63334,16.07634,50.54534,2826.59186,-2.54354,15.46148,6.349515124002778,2.3653614494886575,0.0
21.66974,16.08718,50.35513,2823.65066,-2.60088,15.47061,6.5081060265030475,2.424440733447788,0.0
21.70611,16.09801,50.16107,2820.63276,-2.65342,15.47976,6.6738991800260195,2.4862030454155044,0.0
21.74243,16.10885,49.96352,2817.5329,-2.70095,15.48893,6.8468525324546325,2.550632719871744,0.0
21.77871,16.11967,49.76289,2814.34582,-2.74324,15.49813,7.02688701385423,2.617700301185391,0.0
21.81495,16.1305,49.55957,2811.06624,-2.78007,15.50734,7.213881629437978,2.6873607156147865,0.0
21.85114,16.14132,49.354,2807.6889,-2.81122,15.51657,7.4076684101582995,2.759551390270176,0.0
21.88729,16.15214,49.14661,2804.2086,-2.83647,15.52583,7.60802729151315,2.834190345334303,0.0
21.92339,16.16295,48.93785,2800.62024,-2.85563,15.53509,7.814681007650802,2.9111742919820944,0.0
21.95945,16.17376,48.72819,2796.91882,-2.86849,15.54438,8.027290105218162,2.9903767749079675,0.0
21.99545,16.18456,48.51811,2793.09951,-2.87486,15.55367,8.245448199040275,3.071646404941615,0.0
22.0314,16.19536,48.30809,2789.15766,-2.87457,15.56298,8.468677609054183,3.1548052336910657,0.0
22.0673,16.20615,48.09865,2785.08891,-2.86745,15.5723,8.696425534002257,3.239647328142777,0.0
22.10315,16.21694,47.89029,2780.88914,-2.85336,15.58162,8.928060931355128,3.32593760835083,0.0
22.13895,16.22771,47.68353,2776.55459,-2.83217,15.59096,9.162872283541269,3.4134110152986756,0.0
22.17468,16.23848,47.47889,2772.08191,-2.80378,15.6003,9.400066436654992,3.501772078287313,0.0
22.21036,16.24925,47.27691,2767.46817,-2.76812,15.60964,9.638768698059284,3.590694951294904,0.0
22.24598,16.26,47.07811,2762.71093,-2.72511,15.61899,9.87802437252079,3.6798239852274794,0.0
22.28154,16.27075,46.88303,2757.80831,-2.67475,15.62833,10.116801901470788,3.7687748973762556,0.0
22.31703,16.28148,46.6922,2752.75901,-2.61704,15.63768,10.35399774588825,3.857136590420035,0.0
22.35246,16.29221,46.50613,2747.56239,-2.55201,15.64702,10.58844311946463,3.9444736607062696,0.0
22.38783,16.30292,46.32535,2742.21848,-2.47976,15.65636,10.818912635124569,4.030329619307512,0.0
22.42312,16.31362,46.15036,2736.72803,-2.4004,15.66569,11.044134875044772,4.114230829631568,0.0
22.45834,16.32431,45.98165,2731.09255,-2.31408,15.67502,11.26280483313122,4.195691142571639,0.0
22.4935,16.33499,45.81969,2725.31433,-2.221,15.68433,11.473598111369249,4.274217185020254,0.0
22.52858,16.34566,45.66495,2719.39646,-2.1214,15.69364,11.67518668000244,4.349314230950583,0.0
22.56358,16.35631,45.51784,2713.34283,-2.01556,15.70293,11.86625593925233,4.420492557355944,0.0
22.59851,16.36695,45.37879,2707.15812,-1.90382,15.71221,12.045522751030648,4.487274161537061,0.0
22.63335,16.37757,45.24815,2700.84784,-1.78652,15.72147,12.211754046645021,4.549199692962037,0.0
22.66812,16.38818,45.12629,2694.41822,-1.66408,15.73072,12.363785565029414,4.6058354337502205,0.0
22.7028,16.39877,45.01352,2687.87625,-1.53694,15.73995,12.500540239141252,4.656780148088912,0.0
22.7374,16.40934,44.9101,2681.22962,-1.40558,15.74916,12.621045729382804,4.701671613894163,0.0
22.77192,16.4199,44.81628,2674.48664,-1.2705,15.75836,12.72445060423179,4.740192650521416,0.0
22.80634,16.43044,44.73226,2667.65618,-1.13226,15.76753,12.810038691334634,4.772076464925328,0.0
22.84068,16.44097,44.65819,2660.74764,-0.9914,15.77668,12.87724116687596,4.79711115526802,0.0
22.87493,16.45147,44.59418,2653.77081,-0.84852,15.7858,12.92564601576476,4.815143235087325,0.0
22.90909,16.46196,44.5403,2646.73585,-0.7042,15.79491,12.955004577286974,4.826080071724593,0.0
22.94316,16.47242,44.49659,2639.65313,-0.55907,15.80399,12.965234986609646,4.829891168375557,0.0
22.97714,16.48287,44.46302,2632.53319,-0.41374,15.81305,12.956422426783302,4.826608257967839,0.0
23.01102,16.4933,44.43954,2625.38663,-0.26881,15.82209,12.928816213451608,4.816324217138596,0.0
23.04482,16.50371,44.42603,2618.22404,-0.1249,15.8311,12.88282383977847,4.799190847813169,0.0
23.07851,16.5141,44.42236,2611.05587,0.01739,15.84009,12.81900220657682,4.775415610197322,0.0
23.11212,16.52447,44.42834,2603.89237,0.15749,15.84906,12.738046347841586,4.7452574227416076,0.0
23.14563,16.53481,44.44375,2596.74354,0.29483,15.858,12.640776030823325,4.709021670316231,0.0
23.17904,16.54514,44.46833,2589.61898,0.42887,15.86692,12.528120659962173,4.667054580529252,0.0
23.21236,16.55545,44.5018,2582.52794,0.5591,15.87582,12.401102944029612,4.619737139307128,0.0
23.24559,16.56573,44.54382,2575.47915,0.68505,15.8847,12.260821795624551,4.567478720507089,0.0
23.27873,16.576,44.59406,2568.48085,0.80626,15.89357,12.10843492287392,4.510710600867545,0.0
23.31177,16.58625,44.65212,2561.54072,0.92233,15.90241,11.945141546971673,4.449879521836657,0.0
23.34472,16.59647,44.71762,2554.66589,1.03288,15.91123,11.772165638661741,4.385441444721145,0.0
23.37758,16.60668,44.79013,2547.86284,1.13758,15.92004,11.590740015714202,4.317855626577751,0.0
23.41035,16.61687,44.86922,2541.1375,1.23613,15.92883,11.402091584763673,4.24757912240973,0.0
23.44303,16.62704,44.95444,2534.49514,1.32828,15.93761,11.207427948746973,4.175061796084988,0.0
23.47562,16.63719,45.04532,2527.94045,1.41381,15.94638,11.007925538204391,4.100741898933535,0.0
23.50813,16.64732,45.14139,2521.47752,1.49255,15.95513,10.80471936409468,4.025042252401442,0.0
23.54055,16.65743,45.24219,2515.10986,1.56434,15.96387,10.598894433615438,3.9483670502180708,0.0
23.57289,16.66752,45.34722,2508.84042,1.62908,15.97261,10.391478820477506,3.8710992768909582,0.0
23.60514,16.6776,45.456,2502.67161,1.6867,15.98134,10.183438338462382,3.793598723465803,0.0
23.63731,16.68766,45.56805,2496.60533,1.73716,15.99006,9.9756727321717,3.716200568480417,0.0
23.6694,16.6977,45.68289,2490.64302,1.78045,15.99878,9.769013272092074,3.639214482063109,0.0
23.70141,16.70773,45.80004,2484.78566,1.81658,16.0075,9.564221621901487,3.562924203974502,0.0
23.73335,16.71773,45.91904,2479.03381,1.84561,16.01621,9.36198983386795,3.4875875418934243,0.0
23.76521,16.72773,46.03941,2473.38766,1.86759,16.02493,9.16294132244577,3.4134367341071257,0.0
23.79699,16.73771,46.16071,2467.84705,1.88263,16.03364,8.967632665823261,3.340679120635206,0.0
23.82871,16.74767,46.28249,2462.41149,1.89082,16.04236,8.776556089195358,3.2694980683140042,0.0
23.86035,16.75762,46.40431,2457.08022,1.89229,16.05109,8.590142491074046,3.2000540981768553,0.0
23.89192,16.76756,46.52575,2451.8522,1.88719,16.05982,8.408764884050154,3.132486167228396,0.0
23.92342,16.77748,46.6464,2446.72618,1.87568,16.06856,8.232742133128097,3.066913061072615,0.0
23.95486,16.78739,46.76587,2441.70068,1.85792,16.07731,8.062342887633314,3.0034348586518242,0.0
23.98623,16.79729,46.88377,2436.77406,1.83409,16.08607,7.897789615834558,2.9421344352496304,0.0
24.01753,16.80717,46.99972,2431.94451,1.80438,16.09484,7.739262664520431,2.883078974789995,0.0
24.04878,16.81705,47.11338,2427.21009,1.76899,16.10362,7.586904278392926,2.8263214671670944,0.0
24.07996,16.82691,47.22439,2422.56873,1.72811,16.11242,7.440822525971609,2.7719021707479223,0.0
24.11108,16.83676,47.33244,2418.01827,1.68196,16.12123,7.301095089573907,2.719850024239662,0.0
24.14214,16.8466,47.43721,2413.55644,1.63074,16.13006,7.1677728867792405,2.670183995780372,0.0
24.17314,16.85643,47.5384,2409.18091,1.57467,16.1389,7.040883499418515,2.622914360327786,0.0
24.20409,16.86625,47.63573,2404.88929,1.51397,16.14776,6.920434393691672,2.5780438992378296,0.0
24.23498,16.87606,47.72893,2400.67912,1.44884,16.15665,6.806415921434906,2.5355690183156256,0.0
24.26582,16.88586,47.81774,2396.54791,1.37952,16.16555,6.698804097910617,2.4954807826153442,0.0
24.29661,16.89565,47.90194,2392.49312,1.30621,16.17447,6.597563155941124,2.457765867922206,0.0
24.32734,16.90544,47.98129,2388.51218,1.22914,16.18342,6.502647879696053,2.422407430149697,0.0
24.35802,16.91521,48.05558,2384.6025,1.14853,16.19239,6.4140057241866675,2.3893858949069706,0.0
24.38865,16.92498,48.12462,2380.76145,1.06459,16.20138,6.331578728553428,2.3586796702488075,0.0
24.41923,16.93474,48.18822,2376.9864,0.97755,16.21039,6.25530523269771,2.3302657861660943,0.0
24.44976,16.94449,48.24622,2373.27468,0.88761,16.21943,6.185121407698423,2.3041204647062856,0.0
24.48024,16.95424,48.29847,2369.62361,0.79499,16.2285,6.120962610985306,2.2802196248111093,0.0
24.51067,16.96397,48.34481,2366.0305,0.69991,16.23759,6.062764577345158,2.2585393259977304,0.0
24.54106,16.97371,48.38513,2362.49262,0.60257,16.24671,6.0104644567053365,2.2390561549604038,0.0
24.5714,16.98343,48.41931,2359.00725,0.50319,16.25585,5.964001709236152,2.221747559019671,0.0
24.6017,16.99315,48.44725,2355.57163,0.40198,16.26502,5.923318867716538,2.2065921301236315,0.0
24.63195,17.00286,48.46886,2352.18297,0.29915,16.27422,5.888362176423241,2.193569842850976,0.0
24.66216,17.01256,48.48407,2348.83848,0.1949,16.28345,5.859082114927991,2.1826622495392103,0.0
24.69232,17.02226,48.49281,2345.53533,0.08944,16.29271,5.835433814307665,2.173852635333902,0.0
24.72244,17.03196,48.49504,2342.27067,-0.01702,16.30199,5.817377372299952,2.1671261355924467,0.0
24.75251,17.04164,48.49072,2339.04161,-0.12429,16.3113,5.8048780729380205,2.162469817703767,0.0
24.78255,17.05133,48.47981,2335.84523,-0.23214,16.32064,5.797906515204845,2.159872729015436,0.0
24.81254,17.061,48.46232,2332.67857,-0.34039,16.33001,5.796438654215914,2.1593259121753117,0.0
24.84248,17.07067,48.43824,2329.53864,-0.44882,16.33941,5.800455757468687,2.1608223888333176,0.0
24.87239,17.08034,48.40758,2326.42239,-0.55724,16.34884,5.809944277693457,2.1643571122750376,0.0
24.90226,17.09,48.37038,2323.32675,-0.66543,16.3583,5.824895642944183,2.1699268892250285,0.0
24.93208,17.09965,48.32665,2320.24857,-0.77319,16.36778,5.845305963614417,2.1775302707025483,0.0
24.96186,17.1093,48.27646,2317.18467,-0.88032,16.3773,5.871175655285228,2.187167411522479,0.0
24.9916,17.11895,48.21987,2314.13182,-0.98661,16.38684,5.902508975484692,2.1988398977260513,0.0
25.0213,17.12859,48.15695,2311.08673,-1.09186,16.39641,5.939313471769232,2.2125505409766206,0.0
25.05096,17.13822,48.08779,2308.04603,-1.19585,16.40601,5.981599337926296,2.2283031387282266,0.0
25.08057,17.14785,48.01248,2305.00633,-1.29839,16.41564,6.029378674598726,2.2461021987887153,0.0
25.11015,17.15748,47.93114,2301.96416,-1.39925,16.42529,6.082664650276526,2.265952626767097,0.0
25.13968,17.1671,47.84389,2298.91598,-1.49823,16.43497,6.141470558387857,2.2878593748151315,0.0
25.16918,17.17671,47.75086,2295.85821,-1.59512,16.44468,6.205808766169007,2.3118270500537386,0.0
25.19863,17.18632,47.65221,2292.78719,-1.68971,16.45442,6.275689551188607,2.337859481147652,0.0
25.22804,17.19592,47.5481,2289.69922,-1.78178,16.46418,6.3511198217884255,2.3659592416359505,0.0
25.2574,17.20552,47.43869,2286.59053,-1.87111,16.47396,6.432101718383894,2.3961271288797006,0.0
25.28673,17.21511,47.32418,2283.45731,-1.95751,16.48377,6.518631093550891,2.4283615978542903,0.0
25.31601,17.2247,47.20476,2280.29568,-2.04074,16.4936,6.610695870126558,2.462658149498786,0.0
25.34524,17.23428,47.08065,2277.10173,-2.12059,16.50346,6.708274278266371,2.4990086739733046,0.0
25.37444,17.24386,46.95206,2273.8715,-2.19686,16.51334,6.8113329745045235,2.5374007499595113,0.0
25.40359,17.25343,46.81924,2270.60102,-2.26932,16.52324,6.919825048360829,2.57781690206925,0.0
25.43269,17.26299,46.68242,2267.28628,-2.33776,16.53316,7.033687925116461,2.620233819573317,0.0
25.46175,17.27254,46.54188,2263.92325,-2.40198,16.5431,7.152841176767148,2.664621540923932,0.0
25.49077,17.28209,46.39787,2260.50791,-2.46176,16.55306,7.277184257193292,2.710942610046019,0.0
25.51974,17.29164,46.25069,2257.03625,-2.51691,16.56304,7.40659418193077,2.7591512119907757,0.0
25.54866,17.30117,46.10062,2253.50427,-2.56721,16.57303,7.5409231777913845,2.809192297357451,0.0
25.57753,17.3107,45.94798,2249.90802,-2.61248,16.58304,7.679996332762055,2.8610007068189613,0.0
25.60636,17.32022,45.79307,2246.24362,-2.65252,16.59307,7.823609282050579,2.9145003091130484,0.0
25.63514,17.32974,45.63623,2242.50725,-2.68716,16.60311,7.971525971786857,2.9696031679621515,0.0
25.66386,17.33924,45.47778,2238.69518,-2.71622,16.61316,8.123476547432283,3.0262087554503365,0.0
25.69254,17.34874,45.31807,2234.80381,-2.73954,16.62322,8.279155419382128,3.0842032314092993,0.0
25.72116,17.35822,45.15746,2230.82968,-2.75695,16.63329,8.438219563155823,3.1434588101945073,0.0
25.74974,17.3677,44.99629,2226.76949,-2.76834,16.64337,8.600287115832883,3.203833237820664,0.0
25.77825,17.37717,44.83494,2222.62014,-2.77356,16.65346,8.76493633362044,3.2651694036281773,0.0
25.80672,17.38663,44.67376,2218.37873,-2.77251,16.66356,8.931704977400408,3.327295111383318,0.0
25.83513,17.39608,44.51315,2214.04262,-2.7651,16.67365,9.100090193316253,3.390023034793646,0.0
25.86348,17.40552,44.35346,2209.60944,-2.75126,16.68375,9.269548953827359,3.453150881812366,0.0
25.89177,17.41495,44.19509,2205.07711,-2.73092,16.69386,9.439499120691748,3.516461790627364,0.0
25.92,17.42436,44.0384,2200.44388,-2.70406,16.70396,9.609321184813096,3.579724977799994,0.0
25.94818,17.43377,43.88378,2195.70834,-2.67068,16.71406,9.778360728733864,3.6426966556085616,0.0
25.97629,17.44316,43.7316,2190.86948,-2.63079,16.72416,9.945931645520796,3.705121231167869,0.0
26.00434,17.45254,43.58222,2185.92666,-2.58444,16.73425,10.111320132981792,3.766732794380095,0.0
26.03233,17.46191,43.43602,2180.87967,-2.53169,16.74434,10.273789464742267,3.827256895286267,0.0
26.06025,17.47126,43.29334,2175.72876,-2.47266,16.75443,10.432585519923856,3.8864126040170808,0.0
26.0881,17.4806,43.15453,2170.47461,-2.40747,16.7645,10.586943031551167,3.943914838488817,0.0
26.11589,17.48992,43.01993,2165.11836,-2.33628,16.77456,10.736092491008057,3.9994769364949705,0.0
26.14361,17.49923,42.88986,2159.66164,-2.25929,16.78461,10.87926762256253,4.052813440163447,0.0
26.17126,17.50853,42.76462,2154.10657,-2.17672,16.79466,11.01571331916873,4.103643052251599,0.0
26.19884,17.5178,42.6445,2148.45571,-2.08882,16.80468,11.144693909484221,4.151691715827698,0.0
26.22634,17.52707,42.52978,2142.71212,-1.99588,16.81469,11.265501607090517,4.19669576182787,0.0
26.25378,17.53631,42.4207,2136.87931,-1.89821,16.82469,11.37746497772461,4.23840506332265,0.0
26.28113,17.54554,42.3175,2130.96125,-1.79615,16.83467,11.47995724940031,4.276586131255818,0.0
26.30841,17.55475,42.22039,2124.9623,-1.69006,16.84463,11.572404284758285,4.311025084354557,0.0
26.33562,17.56394,42.12955,2118.88727,-1.58034,16.85457,11.654292035275148,4.341530426018477,0.0
26.36274,17.57312,42.04513,2112.74131,-1.4674,16.86449,11.725173303389328,4.367935563389416,0.0
26.38979,17.58227,41.96728,2106.5299,-1.35168,16.87439,11.78467365139812,4.390101008571068,0.0
26.41676,17.59141,41.89609,2100.25885,-1.23363,16.88427,11.832496314513499,4.407916208871543,0.0
26.44365,17.60052,41.83165,2093.93419,-1.1137,16.89412,11.868425999633473,4.4213009619456445,0.0
26.47045,17.60962,41.77401,2087.56222,-0.99238,16.90396,11.892331479783865,4.4302063822927025,0.0
26.49718,17.6187,41.72319,2081.14935,-0.87016,16.91377,11.904166926164484,4.43461539747882,0.0
26.52382,17.62775,41.67918,2074.70217,-0.74751,16.92356,11.903971953586536,4.434542765063498,0.0
26.55037,17.63679,41.64197,2068.22732,-0.62494,16.93332,11.891870389740676,4.430034614119607,0.0
26.57685,17.6458,41.61149,2061.73147,-0.50293,16.94306,11.868067812489372,4.421167527809996,0.0
26.60324,17.65479,41.58765,2055.22129,-0.38195,16.95278,11.832847931024727,4.4080471952735625,0.0
26.62954,17.66377,41.57034,2048.70338,-0.2625,16.96248,11.786567914980237,4.390806671596482,0.0
26.65576,17.67272,41.55944,2042.18426,-0.14502,16.97215,11.72965279941075,4.369604293520029,0.0
26.6819,17.68164,41.55478,2035.67029,-0.02997,16.9818,11.662589112232338,4.344621305494264,0.0
26.70795,17.69055,41.55618,2029.16766,0.08222,16.99143,11.585917883668435,4.316059255512775,0.0
26.73391,17.69944,41.56344,2022.68236,0.19114,17.00103,11.500227204502934,4.2841372228661605,0.0
26.7598,17.7083,41.57635,2016.22014,0.29641,17.01062,11.406144501286612,4.249088940453175,0.0
26.78559,17.71714,41.59465,2009.78647,0.39765,17.02018,11.304328692831728,4.211159872868582,0.0
26.81131,17.72597,41.6181,2003.38656,0.49452,17.02973,11.195462383542624,4.1706043082134,0.0
26.83694,17.73476,41.64643,1997.02529,0.58672,17.03925,11.080244236465388,4.127682516855226,0.0
26.86248,17.74354,41.67936,1990.70725,0.67395,17.04876,10.959381652966256,4.082658024415837,0.0
26.88795,17.7523,41.71658,1984.43668,0.75595,17.05825,10.833583867781535,4.035795039495595,0.0
26.91333,17.76104,41.7578,1978.2175,0.83249,17.06773,10.703555548541527,3.9873560693277077,0.0
26.93863,17.76975,41.8027,1972.0533,0.90338,17.07719,10.569990968789066,3.9375997490743173,0.0
26.96385,17.77845,41.85097,1965.94732,0.96843,17.08664,10.433568803568512,3.886778903046465,0.0
26.98899,17.78712,41.90227,1959.90247,1.0275,17.09607,10.294947577684962,3.8351388490608764,0.0
27.01406,17.79577,41.95629,1953.92134,1.08047,17.10549,10.154761779142476,3.7829159505934515,0.0
27.03904,17.80441,42.0127,1948.00619,1.12725,17.11491,10.013618634482299,3.7303364155078937,0.0
27.06395,17.81302,42.07115,1942.15897,1.16777,17.12431,9.872095529118086,3.6776153350627143,0.0
27.08878,17.82162,42.13133,1936.38133,1.20198,17.13371,9.730738044264658,3.6249559526155415,0.0
27.11353,17.83019,42.1929,1930.67464,1.22988,17.1431,9.590058572926877,3.5725491480425555,0.0
27.13821,17.83875,42.25554,1925.04,1.25147,17.15248,9.450535470460364,3.5205731213000133,0.0
27.16282,17.84729,42.31893,1919.47821,1.26677,17.16186,9.312612690322656,3.4691932567319648,0.0
27.18736,17.85581,42.38274,1913.98988,1.27582,17.17124,9.176699852728122,3.41856214864602,0.0
27.21182,17.86431,42.44667,1908.57533,1.2787,17.18062,9.043172692587506,3.368819768182612,0.0
27.23621,17.87279,42.51041,1903.2347,1.27547,17.19,8.912373833356902,3.320093751594101,0.0
27.26054,17.88126,42.57367,1897.96791,1.26625,17.19938,8.784613834753584,3.2724997905464885,0.0
27.28479,17.88971,42.63614,1892.77469,1.25115,17.20876,8.660172464657478,3.2261421059361846,0.0
27.30898,17.89814,42.69756,1887.6546,1.23028,17.21814,8.5393001485908,3.1811139878593053,0.0
27.3331,17.90656,42.75764,1882.607,1.20379,17.22753,8.422219553723,3.137498385695196,0.0
27.35716,17.91496,42.81613,1877.63115,1.17183,17.23693,8.309127268301008,3.095368533738389,0.0
27.38115,17.92334,42.87276,1872.72612,1.13457,17.24633,8.200195541462977,3.0547885993249904,0.0
27.40508,17.93171,42.92729,1867.89088,1.09216,17.25574,8.095574052516461,3.015814341935368,0.0
27.42895,17.94007,42.97949,1863.12425,1.04478,17.26516,7.995391682799934,2.9784937732591708,0.0
27.45276,17.9484,43.02913,1858.42497,0.99264,17.27459,7.899758267113079,2.9428678096492114,0.0
27.4765,17.95673,43.07601,1853.79164,0.9359,17.28404,7.808766305352464,2.908970909750779,0.0
27.50019,17.96504,43.11991,1849.2228,0.87478,17.29349,7.722492618325649,2.8768316913359677,0.0
27.52381,17.97334,43.16064,1844.71688,0.80948,17.30295,7.640999934835678,2.8464735225344038,0.0
27.54738,17.98162,43.19803,1840.27221,0.7402,17.31243,7.5643383997991,2.817915083646895,0.0
27.57089,17.98989,43.23191,1835.88708,0.66715,17.32193,7.492546995634737,2.7911708966501414,0.0
27.59434,17.99814,43.26211,1831.55968,0.59056,17.33144,7.425654871222985,2.7662518202690443,0.0
27.61774,18.00638,43.28849,1827.28814,0.51063,17.34096,7.3636825745846055,2.7431655091819875,0.0
27.64108,18.01461,43.31092,1823.07052,0.4276,17.35051,7.306643186886251,2.721916836467736,0.0
27.66437,18.02283,43.32927,1818.90482,0.34168,17.36007,7.254543356658843,2.702508278878991,0.0
27.6876,18.03103,43.34343,1814.78899,0.25309,17.36964,7.207384234133741,2.6849402649071985,0.0
27.71078,18.03922,43.35329,1810.72092,0.16207,17.37924,7.165162306373149,2.6692114858905986,0.0
27.73391,18.0474,43.35876,1806.69843,0.06884,17.38885,7.127870134476902,2.6553191706431503,0.0
27.75699,18.05557,43.35978,1802.7193,-0.02637,17.39849,7.095496994599167,2.6432593242501197,0.0
27.78001,18.06373,43.35625,1798.78127,-0.12333,17.40814,7.0680294248118365,2.633026931789082,0.0
27.80298,18.07187,43.34814,1794.882,-0.2218,17.41781,7.045451679984001,2.624616127784494,0.0
27.8259,18.08,43.3354,1791.01914,-0.32157,17.42751,7.027746096997203,2.6180203322599858,0.0
27.84877,18.08812,43.31798,1787.19025,-0.42239,17.43722,7.01489337257265,2.613232354236308,0.0
27.87159,18.09623,43.29586,1783.39288,-0.52403,17.44695,7.006872755961193,2.610244463513416,0.0
27.89436,18.10433,43.26904,1779.6245,-0.62626,17.45671,7.003662158648602,2.6090484315385765,0.0
27.91708,18.11242,43.23751,1775.88255,-0.72885,17.46649,7.005238183156356,2.609635542135415,0.0
27.93975,18.1205,43.20128,1772.16444,-0.83157,17.47628,7.01157607285001,2.6119965728062158,0.0
27.96238,18.12856,43.16036,1768.4675,-0.93417,17.4861,7.022649584630684,2.616121747306147,0.0
27.98495,18.13662,43.11479,1764.78904,-1.03644,17.49594,7.0384307862654225,2.6220006601434926,0.0
28.00747,18.14466,43.06461,1761.12633,-1.13813,17.5058,7.058889780105631,2.6296221736574954,0.0
28.02995,18.15269,43.00987,1757.47658,-1.23901,17.51568,7.083994354940765,2.6389742883247007,0.0
28.05238,18.16071,42.95063,1753.83697,-1.33886,17.52558,7.1137095678294395,2.6500439869800383,0.0
28.07476,18.16873,42.88696,1750.20465,-1.43744,17.5355,7.147997257913578,2.6628170536998024,0.0
28.09709,18.17673,42.81894,1746.57673,-1.53452,17.54544,7.18681549442842,2.6772778681708536,0.0
28.11937,18.18472,42.74667,1742.95026,-1.62987,17.55541,7.230117961536763,2.6934091765251917,0.0
28.1416,18.19269,42.67025,1739.32231,-1.72326,17.56539,7.277853282978492,2.7111918397541337,0.0
28.16379,18.20066,42.5898,1735.68987,-1.81447,17.57538,7.329964290179308,2.730604561059557,0.0
28.18593,18.20862,42.50542,1732.04995,-1.90328,17.5854,7.386387238068674,2.7516235937254536,0.0
28.20802,18.21657,42.41727,1728.39951,-1.98945,17.59544,7.447050973743664,2.774222431423336,0.0
28.23006,18.2245,42.32547,1724.73552,-2.07278,17.60549,7.511876063996559,2.798371483193317,0.0
28.25205,18.23242,42.23017,1721.05491,-2.15305,17.61556,7.580773888824528,2.8240377357526096,0.0
28.27399,18.24034,42.13155,1717.35465,-2.23004,17.62564,7.653645709199104,2.8511844062151286,0.0
28.29588,18.24824,42.02975,1713.63169,-2.30355,17.63574,7.730381718714631,2.8797705888055876,0.0
28.31773,18.25613,41.92497,1709.88298,-2.37336,17.64586,7.810860090038192,2.909750899637004,0.0
28.33952,18.26401,41.81739,1706.10552,-2.43929,17.65598,7.8949460286485476,2.941075124203559,0.0
28.36126,18.27187,41.7072,1702.29632,-2.50114,17.66612,7.982490847764635,2.973687872767124,0.0
28.38296,18.27973,41.5946,1698.45243,-2.55872,17.67628,8.073331079962438,3.0075282494111635,0.0
28.4046,18.28757,41.4798,1694.57097,-2.61187,17.68644,8.167287642393418,3.042529541062645,0.0
28.42619,18.2954,41.36301,1690.6491,-2.66039,17.69662,8.264165073987291,3.0786189333299974,0.0
28.44772,18.30322,41.24445,1686.68405,-2.70414,17.7068,8.36375086423782,3.1157172604581587,0.0
28.46921,18.31102,41.12436,1682.67314,-2.74297,17.71699,8.465814894287037,3.1537387971177457,0.0
28.49064,18.31881,41.00296,1678.61379,-2.77673,17.72719,8.570109011797353,3.1925911000337237,0.0
28.51202,18.32659,40.88048,1674.50354,-2.8053,17.73739,8.676366761556416,3.232174907628634,0.0
28.53335,18.33436,40.75717,1670.34002,-2.82856,17.7476,8.784303293846593,3.2723841058878107,0.0
28.55462,18.34211,40.63328,1666.12104,-2.84641,17.75782,8.893615472141317,3.3131057684791063,0.0
28.57583,18.34985,40.50904,1661.84452,-2.85876,17.76803,9.003982200702403,3.354220278791511,0.0
28.59699,18.35757,40.38471,1657.50856,-2.86555,17.77825,9.1150649910593,3.3956015409635727,0.0
28.61809,18.36528,40.26054,1653.11146,-2.86673,17.78847,9.226508784066048,3.4371172861212567,0.0
28.63914,18.37298,40.13677,1648.65167,-2.86224,17.79868,9.337943041261115,3.4786294789381857,0.0
28.66013,18.38066,40.01365,1644.12788,-2.85209,17.8089,9.448983115593629,3.5199948282672393,0.0
28.68106,18.38832,39.89142,1639.53899,-2.83627,17.81911,9.559231907134574,3.56106540393653,0.0
28.70193,18.39597,39.77034,1634.88409,-2.81481,17.82932,9.668281804459228,3.6016893599654476,0.0
28.72274,18.40361,39.65065,1630.16257,-2.78775,17.83952,9.77571690662879,3.641711762311276,0.0
28.74348,18.41122,39.53257,1625.37403,-2.75516,17.84971,9.881115514685833,3.6809755170168046,0.0
28.76417,18.41882,39.41634,1620.51832,-2.71712,17.8599,9.98405287502549,3.7193223921882823,0.0
28.7848,18.42641,39.30218,1615.59558,-2.67375,17.87007,10.084104150414296,3.756594124778103,0.0
28.80536,18.43397,39.19031,1610.60619,-2.62518,17.88024,10.18084758770711,3.7926336006427084,0.0
28.82585,18.44152,39.08094,1605.55082,-2.57157,17.8904,10.273867844913779,3.8272860939624618,0.0
28.84629,18.44906,38.97426,1600.43041,-2.51309,17.90054,10.362759434277281,3.860400549878846,0.0
28.86665,18.45657,38.87047,1595.24616,-2.44996,17.91067,10.447130232671862,3.891830892210138,0.0
28.88695,18.46406,38.76975,1589.99955,-2.38238,17.92078,10.526605006275885,3.92143733648478,0.0
28.90719,18.47154,38.67225,1584.69231,-2.31061,17.93088,10.600828893144518,3.949087687291347,0.0
28.92735,18.479,38.57813,1579.32644,-2.23491,17.94096,10.6694707853606,3.974658598218719,0.0
28.94745,18.48643,38.48752,1573.90418,-2.15557,17.95102,10.73222655188074,3.998036772451064,0.0
28.96748,18.49385,38.40057,1568.42801,-2.07289,17.96107,10.788822044234458,4.019120082469849,0.0
28.98744,18.50125,38.31737,1562.90063,-1.98718,17.97109,10.839015829786076,4.037818588265808,0.0
29.00732,18.50863,38.23801,1557.32494,-1.89878,17.9811,10.88260160152975,4.054055435051001,0.0
29.02714,18.51598,38.16259,1551.70405,-1.80804,17.99108,10.919410218930784,4.067767613525899,0.0
29.04688,18.52332,38.09116,1546.04122,-1.71533,18.00105,10.949311341391187,4.0789065683882795,0.0
29.06656,18.53064,38.02377,1540.3399,-1.621,18.01099,10.972214624033503,4.087438643794178,0.0
29.08616,18.53793,37.96044,1534.60363,-1.52544,18.02092,10.988070454492195,4.093345357832049,0.0
29.10568,18.5452,37.90121,1528.8361,-1.42902,18.03081,10.996870219025604,4.096623501656483,0.0
29.12513,18.55245,37.84606,1523.04107,-1.33215,18.04069,10.99864609617505,4.097285062620791,0.0
29.14451,18.55968,37.79498,1517.22238,-1.23519,18.05055,10.993470386026265,4.095356974409238,0.0
29.16381,18.56688,37.74793,1511.3839,-1.13855,18.06038,10.981454392673225,4.090880700725418,0.0
29.18304,18.57407,37.70486,1505.52956,-1.04261,18.07019,10.96274688629606,4.083911662375808,0.0
29.2022,18.58123,37.66572,1499.66325,-0.94774,18.07997,10.937532179226395,4.074518520553485,0.0
29.22127,18.58836,37.63042,1493.78889,-0.85432,18.08974,10.906027857159717,4.062782331655047,0.0
29.24028,18.59548,37.59887,1487.91031,-0.76271,18.09948,10.868482212145059,4.04879559100171,0.0
29.2592,18.60257,37.57096,1482.03134,-0.67327,18.1092,10.82517142806142,4.032661184355242,0.0
29.27805,18.60964,37.54659,1476.15571,-0.58633,18.1189,10.776396571872105,4.014491267081019,0.0
29.29683,18.61669,37.5256,1470.28704,-0.50223,18.12858,10.722480445040238,3.9944060912174733,0.0
29.31553,18.62371,37.50787,1464.42889,-0.42127,18.13823,10.663764349253519,3.972532800623461,0.0
29.33416,18.63071,37.49325,1458.58466,-0.34375,18.14787,10.600604818913693,3.949004213744617,0.0
29.35271,18.63769,37.48157,1452.75766,-0.26995,18.15749,10.533370370199876,3.9239576125539055,0.0
29.37118,18.64464,37.47266,1446.95102,-0.20012,18.16708,10.462438312633791,3.897533554775781,0.0
29.38958,18.65157,37.46634,1441.16776,-0.13451,18.17666,10.38819166466053,3.86987472485886,0.0
29.40791,18.65848,37.46244,1435.4107,-0.07333,18.18623,10.31101620949136,3.8411248371999087,0.0
29.42616,18.66537,37.46077,1429.68254,-0.01678,18.19577,10.231297722052714,3.81142760310937,0.0
29.44434,18.67223,37.46112,1423.98578,0.03496,18.2053,10.1494193920283,3.7809257708267556,0.0
29.46244,18.67907,37.46331,1418.32277,0.08174,18.21482,10.065759462341463,3.7497602457931802,0.0
29.48047,18.68589,37.46713,1412.69568,0.12341,18.22432,9.980689096763417,3.718069296279327,0.0
29.49843,18.69268,37.47237,1407.10651,0.15987,18.23381,9.894570485012254,3.6859878474849723,0.0
29.51632,18.69945,37.47884,1401.55708,0.19102,18.24329,9.807755188766995,3.6536468653856944,0.0
29.53413,18.70621,37.48632,1396.04904,0.21679,18.25276,9.72058272755588,3.621172829939058,0.0
29.55188,18.71293,37.49461,1390.58389,0.23712,18.26221,9.633379399505909,3.5886872957827927,0.0
29.56955,18.71964,37.50352,1385.16292,0.25198,18.27166,9.546457328574768,3.556306537303611,0.0
29.58716,18.72633,37.51282,1379.78729,0.26136,18.2811,9.460113727048709,3.5241412738982696,0.0
29.60469,18.73299,37.52233,1374.458,0.26526,18.29054,9.374630359851638,3.4922964704146042,0.0
29.62216,18.73963,37.53185,1369.17588,0.2637,18.29996,9.290273195480873,3.4608712071159164,0.0
29.63956,18.74625,37.54117,1363.94161,0.25672,18.30939,9.20729222719122,3.4299586130673405,0.0
29.65689,18.75286,37.55012,1358.75573,0.24437,18.31881,9.12592144730462,3.399645856565509,0.0
29.67416,18.75944,37.5585,1353.61862,0.22673,18.32823,9.04637895717933,3.370014186104965,0.0
29.69136,18.766,37.56613,1348.53056,0.20387,18.33764,8.968867195419843,3.3411390153923617,0.0
29.70849,18.77254,37.57283,1343.49165,0.1759,18.34706,8.89357326720229,3.313090046028841,0.0
29.72556,18.77906,37.57844,1338.5019,0.14293,18.35648,8.820669358224743,3.285931421717413,0.0
29.74256,18.78555,37.5828,1333.56118,0.10509,18.36589,8.750313217523352,3.2597219081246718,0.0
29.7595,18.79203,37.58573,1328.66925,0.0625,18.37531,8.682648694363671,3.234515092886937,0.0
29.77638,18.7985,37.5871,1323.82576,0.01532,18.38474,8.617806315411448,3.2103596006215627,0.0
29.7932,18.80494,37.58675,1319.03023,-0.03629,18.39417,8.555903889561657,3.187299318241667,0.0
29.80995,18.81136,37.58454,1314.28211,-0.09217,18.4036,8.49704712888091,3.165373626273512,0.0
29.82665,18.81776,37.58036,1309.58073,-0.15215,18.41304,8.4413302753126,3.1446176323206703,0.0
29.84328,18.82415,37.57407,1304.92532,-0.21603,18.42248,8.388836723917652,3.1250624032375893,0.0
29.85985,18.83052,37.56556,1300.31504,-0.28363,18.43194,8.339639634528503,3.106735192986803,0.0
29.87637,18.83686,37.55473,1295.74893,-0.35474,18.4414,8.29380252475044,3.0896596635475317,0.0
29.89282,18.84319,37.54146,1291.22599,-0.42917,18.45087,8.251379838245965,3.073856096616555,0.0
29.90922,18.84951,37.52568,1286.74509,-0.5067,18.46035,8.212417483135429,3.059341594176619,0.0
29.92556,18.8558,37.5073,1282.30506,-0.58712,18.46984,8.176953336280173,3.0461302663551733,0.0
29.94184,18.86208,37.48624,1277.90464,-0.6702,18.47933,8.145017709933288,3.0342334052640583,0.0
29.95806,18.86834,37.46244,1273.54249,-0.75571,18.48885,8.11663377802911,3.023659643803556,0.0
29.97423,18.87458,37.43583,1269.21723,-0.84344,18.49837,8.091817960000585,3.014415098644461,0.0
29.99035,18.88081,37.40637,1264.92737,-0.93315,18.5079,8.070580260637014,3.0065034968340303,0.0
30.0064,18.88701,37.37402,1260.67141,-1.0246,18.51745,8.05292456505199,2.999926285679299,0.0
30.0224,18.8932,37.33873,1256.44774,-1.11755,18.52701,8.038848888282454,2.994682725729302,0.0
30.03835,18.89938,37.30049,1252.25472,-1.21177,18.53658,8.028345579541718,2.990769966864693,0.0
30.05424,18.90554,37.25928,1248.09065,-1.307,18.54617,8.021401481533184,2.9881831076462992,0.0
30.07008,18.91168,37.21509,1243.95378,-1.40302,18.55576,8.01799804562828,2.986915238221935,0.0
30.08587,18.9178,37.16791,1239.84229,-1.49958,18.56538,8.018111404088119,2.986957467230865,0.0
30.1016,18.92391,37.11775,1235.75434,-1.59642,18.575,8.021712400826468,2.988298933263826,0.0
30.11727,18.93,37.06463,1231.68803,-1.69332,18.58464,8.028766582584332,2.990926801575324,0.0
30.1329,18.93608,37.00857,1227.64142,-1.79002,18.59429,8.039234152686852,2.994826246856857,0.0
30.14847,18.94214,36.9496,1223.61253,-1.88628,18.60396,8.053069889919424,2.999980423016146,0.0
30.16399,18.94818,36.88776,1219.59937,-1.98186,18.61364,8.070223035346228,3.0063704210140503,0.0
30.17946,18.95421,36.82309,1215.59988,-2.07652,18.62333,8.090637150299136,3.013975215961699,0.0
30.19487,18.96022,36.75564,1211.612,-2.17002,18.63304,8.114249949044437,3.0227716047844506,0.0
30.21023,18.96621,36.68547,1207.63363,-2.26214,18.64275,8.140993110045589,3.032734135912294,0.0
30.22554,18.97219,36.61266,1203.66266,-2.35263,18.65249,8.170792070099825,3.0438350325903243,0.0
30.2408,18.97816,36.53727,1199.69697,-2.44127,18.66223,8.203565805951994,3.056044111524146,0.0
30.256,18.9841,36.45938,1195.73443,-2.52784,18.67198,8.239226608418296,3.0693286987350263,0.0
30.27116,18.99003,36.37909,1191.77288,-2.61211,18.68175,8.27767985440872,3.083653544632254,0.0
30.28626,18.99595,36.29647,1187.81019,-2.69388,18.69153,8.318823782581937,3.0989807404386807,0.0
30.30131,19.00185,36.21164,1183.84422,-2.77294,18.70131,8.36254927873382,3.115269638242301,0.0
30.31631,19.00773,36.12469,1179.87285,-2.84908,18.71111,8.40873967732883,3.132476777061474,0.0
30.33125,19.01359,36.03574,1175.89397,-2.92211,18.72092,8.457270585894088,3.150555817427088,0.0
30.34614,19.01944,35.9449,1171.90549,-2.99185,18.73073,8.508009739194028,3.1694574870587857,0.0
30.36099,19.02528,35.85228,1167.90537,-3.05812,18.74056,8.560816890318145,3.189129540292288,0.0
30.37577,19.03109,35.75802,1163.89158,-3.12075,18.75039,8.615543745879666,3.2095167339391875,0.0
30.39051,19.03689,35.66224,1159.86215,-3.17958,18.76022,8.672033952557273,3.2305608222733877,0.0
30.40519,19.04268,35.56507,1155.81517,-3.23446,18.77007,8.730123142109575,3.252200573800183,0.0
30.41982,19.04844,35.46664,1151.74875,-3.28526,18.77991,8.789639041770041,3.2743718123812733,0.0
30.4344,19.0542,35.3671,1147.66112,-3.33185,18.78977,8.850401656579386,3.29700748515837,0.0
30.44893,19.05993,35.26659,1143.55053,-3.37412,18.79962,8.912223529745479,3.3200377595441197,0.0
30.4634,19.06564,35.16524,1139.41534,-3.41197,18.80948,8.974910086464421,3.343390151304499,0.0
30.47782,19.07134,35.0632,1135.25399,-3.44532,18.81934,9.038260065791563,3.366989685442134,0.0
30.49218,19.07703,34.96061,1131.06502,-3.47408,18.8292,9.102066044259972,3.3907590912579484,0.0
30.50649,19.08269,34.85763,1126.84706,-3.49821,18.83906,9.166115053749614,3.4146190325237034,0.0
30.52074,19.08834,34.75439,1122.59885,-3.51767,18.84891,9.23018929484448,3.438488373226289,0.0
30.53494,19.09397,34.65104,1118.31926,-3.53244,18.85877,9.294066945490458,3.4622844788140568,0.0
30.54909,19.09958,34.54773,1114.00725,-3.54249,18.86862,9.357523063193849,3.4859235522895125,0.0
30.56317,19.10517,34.44459,1109.66195,-3.54785,18.87847,9.420330577336236,3.5093210038727065,0.0
30.57721,19.11075,34.34177,1105.28258,-3.54854,18.88831,9.48226136645985,3.5323918523183844,0.0
30.59118,19.1163,34.2394,1100.86852,-3.54461,18.89815,9.543087413551115,3.5550511552895,0.0
30.6051,19.12184,34.13763,1096.41928,-3.53611,18.90798,9.60258203060902,3.577214465541157,0.0
30.61897,19.12736,34.03657,1091.93451,-3.52313,18.9178,9.660521141998512,3.5987983090035116,0.0
30.63277,19.13286,33.93636,1087.41404,-3.50577,18.92762,9.716684614439611,3.6197206802377178,0.0
30.64652,19.13834,33.83713,1082.8578,-3.48414,18.93742,9.770857619969497,3.6399015501751624,0.0
30.66021,19.1438,33.73898,1078.2659,-3.45837,18.94722,9.82283201682072,3.6592633805309265,0.0
30.67384,19.14924,33.64203,1073.63859,-3.42862,18.957,9.872407732078784,3.6777316388801293,0.0
30.68741,19.15466,33.54639,1068.97628,-3.39505,18.96677,9.919394129098102,3.6952353080563354,0.0
30.70092,19.16007,33.45215,1064.27952,-3.35785,18.97652,9.963611342139238,3.711707383339053,0.0
30.71438,19.16545,33.35941,1059.549,-3.31722,18.98627,10.004891560427117,3.7270853507991997,0.0
30.72777,19.17081,33.26825,1054.78556,-3.27337,18.996,10.043080244053792,3.7413116402548763,0.0
30.7411,19.17615,33.17875,1049.99017,-3.22653,19.00571,10.078037254579455,3.7543340464499884,0.0
30.75437,19.18147,33.09098,1045.16396,-3.17696,19.01541,10.109637884153067,3.7661061124287643,0.0
30.76758,19.18677,33.005,1040.30816,-3.12489,19.02509,10.137773768175036,3.7765874695266106,0.0
30.78073,19.19205,32.92086,1035.42413,-3.07061,19.03475,10.162353668143206,3.785744129000846,0.0
30.79381,19.1973,32.83862,1030.51336,-3.01438,19.0444,10.183304113192241,3.7935487210209957,0.0
30.80684,19.20254,32.7583,1025.57742,-2.9565,19.05403,10.20056989103127,3.79998067755599,0.0
30.8198,19.20775,32.67993,1020.618,-2.89725,19.06364,10.21411438132214,3.8050263565663265,0.0
30.8327,19.21295,32.60354,1015.63688,-2.83694,19.07324,10.22391972708841,3.808679105858437,0.0
30.84553,19.21812,32.52913,1010.6359,-2.77588,19.08281,10.229986842358153,3.810939265931826,0.0
30.85831,19.22326,32.45671,1005.61701,-2.71436,19.09237,10.232335256862738,3.8118141121252895,0.0
30.87101,19.22839,32.38626,1000.58219,-2.6527,19.1019,10.231002801234725,3.8113177373448357,0.0
30.88366,19.23349,32.31778,995.53349,-2.59122,19.11142,10.226045138612207,3.809470877573994,0.0
