0.05026,0.05026,50.65988,5304.80343,-0.22062,45.00008,22.006775249424695,8.198102813516117,0.0
0.1004,0.1004,50.64867,5292.5398,0.05894,45.00018,21.939784361023026,8.173146944950139,0.0
0.15043,0.15043,50.67607,5280.27638,0.33675,45.00028,21.75428545901843,8.104043723183569,0.0
0.20034,0.20034,50.74154,5268.07873,0.6109,45.0004,21.45548836776303,7.9927339448663055,0.0
0.25013,0.25013,50.84427,5256.00931,0.87958,45.00053,21.05099633440537,7.842050019614649,0.0
0.2998,0.29981,50.98322,5244.12617,1.14113,45.00067,20.55042041533751,7.655572318816759,0.0
0.34936,0.34937,51.15713,5232.48197,1.39402,45.00083,19.964924245878745,7.437459590361994,0.0
0.3988,0.39881,51.3646,5221.12315,1.6369,45.001,19.30673394734158,7.192266386127876,0.0
0.44813,0.44814,51.60402,5210.08946,1.86866,45.00119,18.588646951662096,6.9247600862312915,0.0
0.49734,0.49736,51.87369,5199.41372,2.08834,45.00139,17.823569390358728,6.63974856424362,0.0
0.54645,0.54647,52.17181,5189.1218,2.29523,45.00161,17.024105359966775,6.341927177757994,0.0
0.59546,0.59548,52.49651,5179.23285,2.48881,45.00185,16.202213930817894,6.035750995135036,0.0
0.64436,0.64439,52.84588,5169.75971,2.66874,45.00212,15.368942235048054,5.7253353637629365,0.0
0.69316,0.6932,53.218,5160.70939,2.83487,45.00241,14.534236172551822,5.414385393044796,0.0
0.74187,0.74192,53.61095,5152.08369,2.98719,45.00273,13.706824751680738,5.106152868265594,0.0
0.79049,0.79055,54.02284,5143.8799,3.12585,45.00307,12.894170091755338,4.80341762521241,0.0
0.83903,0.8391,54.45182,5136.0914,3.25111,45.00344,12.102472669443548,4.508489504588403,0.0
0.88749,0.88757,54.89609,5128.70839,3.36332,45.00385,11.336720326978142,4.2232266088633095,0.0
0.93587,0.93596,55.35392,5121.71851,3.46292,45.00429,10.600769608182494,3.949065602083112,0.0
0.98417,0.98428,55.82364,5115.10739,3.5504,45.00477,9.897448841038456,3.6870601108388366,0.0
1.03241,1.03253,56.30368,5108.85924,3.62629,45.00528,9.228673745381625,3.437923791174869,0.0
1.08058,1.08072,56.79254,5102.95725,3.69117,45.00584,8.595567954823691,3.202075226176141,0.0
1.12869,1.12885,57.28879,5097.38405,3.74562,45.00643,7.9985825031242275,2.979682437785506,0.0
1.17674,1.17693,57.7911,5092.12204,3.79024,45.00706,7.437609895630719,2.770705381416548,0.0
1.22474,1.22495,58.29821,5087.15362,3.82561,45.00774,6.912089778451114,2.5749353105006803,0.0
1.27269,1.27292,58.80896,5082.4615,3.85231,45.00847,6.4211043878015035,2.3920303338805784,0.0
1.32059,1.32084,59.32225,5078.02882,3.8709,45.00924,5.963462898088612,2.2215468376902376,0.0
1.36844,1.36872,59.83707,5073.8393,3.88194,45.01005,5.537774500921124,2.0629667092095243,0.0
1.41625,1.41656,60.35246,5069.87735,3.88593,45.01092,5.142510562495282,1.915720492125762,0.0
1.46401,1.46436,60.86755,5066.12812,3.88339,45.01184,4.776056554481046,1.779206732155214,0.0
1.51174,1.51213,61.38152,5062.57756,3.87477,45.0128,4.436754665829462,1.6528078510625106,0.0
1.55943,1.55986,61.89363,5059.21245,3.86053,45.01382,4.122938110485232,1.5359029271862727,0.0
1.60709,1.60756,62.40318,5056.02035,3.84107,45.01488,3.8329581760156906,1.427877771765098,0.0
1.65471,1.65523,62.90952,5052.98966,3.81679,45.016,3.5652050335117367,1.3281326811731977,0.0
1.70231,1.70287,63.41207,5050.10957,3.78805,45.01718,3.3181232684223185,1.2360882225648864,0.0
1.74987,1.75048,63.91027,5047.37002,3.7552,45.01841,3.0902230095805736,1.151189379729637,0.0
1.79741,1.79807,64.40362,5044.76168,3.71854,45.01969,2.880087440433292,1.0729083512226922,0.0
1.84492,1.84564,64.89166,5042.27592,3.67836,45.02103,2.6863773801241964,1.00074625693912,0.0
1.8924,1.89319,65.37395,5039.90476,3.63494,45.02242,2.507833527997162,0.9342339742503191,0.0
1.93986,1.94071,65.85011,5037.64084,3.58852,45.02387,2.343276876603667,0.8729322918601619,0.0
1.9873,1.98822,66.31976,5035.47738,3.53934,45.02537,2.191607717569405,0.8164315394641508,0.0
2.03471,2.0357,66.78258,5033.40812,3.48761,45.02694,2.051803592500742,0.7643508244081578,0.0
2.08211,2.08318,67.23825,5031.42732,3.43351,45.02856,1.9229164778477046,0.7163369829758169,0.0
2.12948,2.13063,67.68649,5029.52968,3.37724,45.03023,1.8040694379655624,0.6720633335659005,0.0
2.17683,2.17807,68.12703,5027.71035,3.31896,45.03197,1.694452933999577,0.6312283016547698,0.0
2.22417,2.22549,68.55964,5025.96487,3.25881,45.03376,1.5933209369202734,0.5935539717997393,0.0
2.27149,2.2729,68.98408,5024.28912,3.19695,45.03562,1.499986960277242,0.5587846097354867,0.0
2.31879,2.3203,69.40016,5022.67935,3.13349,45.03753,1.413820101172885,0.526685187532602,0.0
2.36607,2.36769,69.80768,5021.13209,3.06857,45.0395,1.3342411558307825,0.49703993654460044,0.0
2.41334,2.41507,70.20646,5019.64416,3.00228,45.04152,1.260718858211191,0.46965094619322684,0.0
2.46059,2.46243,70.59635,5018.21263,2.93473,45.04361,1.1927662757374589,0.444336821281711,0.0
2.50783,2.50979,70.97718,5016.83483,2.86601,45.04576,1.1299373847912106,0.4209314062766206,0.0
2.55505,2.55713,71.34883,5015.50828,2.79621,45.04797,1.071823839658114,0.3992825816551446,0.0
2.60226,2.60447,71.71105,5014.23094,2.72359,45.04238,1.0180690417270226,0.3792575050519566,-25.999999556487815
2.64947,2.65179,72.06359,5013.00091,2.65013,45.03724,0.9683442103623298,0.3607336970295541,-25.999999556487815
2.69667,2.6991,72.40637,5011.81624,2.57589,45.03251,0.9223306664460227,0.343592441231525,-25.999999556487815
2.74386,2.74639,72.7393,5010.67511,2.50092,45.02818,0.8797376748383317,0.3277254311686033,-25.999999556487815
2.79104,2.79367,73.06228,5009.57586,2.42528,45.02422,0.8402998615394399,0.31303380804344677,-25.999999556487815
2.83822,2.84094,73.37523,5008.51695,2.34901,45.0206,0.8037750031045,0.29942733724956777,-25.999999556487815
2.88539,2.8882,73.6781,5007.49697,2.27216,45.0173,0.7699420056196667,0.2868236554867276,-25.999999556487815
2.93256,2.93546,73.9708,5006.51461,2.19477,45.01431,0.7385990597061015,0.27514758345138474,-25.999999556487815
2.97971,2.9827,74.25327,5005.56865,2.11688,45.01161,0.7095619583912236,0.2643304991994757,-25.999999556487815
3.02687,3.02993,74.52547,5004.65796,2.03852,45.00918,0.682662565214853,0.25430976747564693,-25.999999556487815
3.07401,3.07716,74.78732,5003.78152,1.95973,45.007,0.6577474205684215,0.2450282205379414,-25.999999556487815
3.12115,3.12438,75.03879,5002.93834,1.88053,45.00507,0.6346764749616914,0.2364336862663218,-25.999999556487815
3.16828,3.17159,75.27983,5002.12754,1.80096,45.00336,0.6133219386347943,0.22847855961288616,-25.999999556487815
3.21541,3.21879,75.51039,5001.34826,1.72104,45.00187,0.5935672376754134,0.2211194137280521,-25.999999556487815
3.26253,3.26599,75.73044,5000.59973,1.6408,45.00058,0.5753060675291696,0.2143166473682724,-25.999999556487815
3.30965,3.31319,75.93994,4999.88121,1.56026,44.99948,0.5584415355060905,0.20803416545713233,-25.999999556487815
3.35676,3.36038,76.13884,4999.19203,1.47944,44.99857,0.5428853845705581,0.20223908992668158,-25.999999556487815
3.40387,3.40756,76.32714,4998.53152,1.39837,44.99783,0.5285572913582394,0.1969014982102713,-25.999999556487815
3.45097,3.45474,76.50478,4997.8991,1.31705,44.99726,0.5153842319782904,0.19199418698718798,-25.999999556487815
3.49806,3.50192,76.67176,4997.29418,1.23552,44.99684,0.5032999097439562,0.18749245899724448,-25.999999556487815
3.54515,3.54909,76.82803,4996.71622,1.15379,44.99657,0.492244239513906,0.18337393094435994,-25.999999556487815
3.59224,3.59626,76.97359,4996.16472,1.07187,44.99644,0.48216288383636724,0.17961836069804465,-25.999999556487815
3.63932,3.64343,77.10841,4995.63918,0.98977,44.99644,0.4730068365546936,0.17620749217551826,-25.999999556487815
3.68639,3.6906,77.23247,4995.13914,0.90753,44.99658,0.4647320499732386,0.1731249164511879,-25.999999556487815
3.73347,3.73776,77.34575,4994.66415,0.82514,44.99683,0.45729910208224256,0.17035594778916247,-25.999999556487815
3.78053,3.78493,77.44825,4994.21379,0.74263,44.99719,0.45067290071665556,0.16788751343463054,-25.999999556487815
3.8276,3.83209,77.53994,4993.78764,0.66,44.99767,0.44482242187131144,0.16570805612937697,-25.999999556487815
3.87465,3.87925,77.62081,4993.38529,0.57727,44.99825,0.4397204797124756,0.1638074484350333,-25.999999556487815
3.92171,3.92641,77.69086,4993.00637,0.49445,44.99892,0.4353435261290987,0.16217691806064555,-25.999999556487815
3.96876,3.97357,77.75007,4992.65049,0.41155,44.99969,0.4316714779413285,0.1608089834932985,-25.999999556487815
4.01581,4.02073,77.79844,4992.31728,0.32858,45.00054,0.4286875701460574,0.15969739932822077,-25.999999556487815
4.06285,4.0679,77.83596,4992.00638,0.24556,45.00147,0.42637823382461426,0.15883711078618767,-25.999999556487815
4.10989,4.11506,77.86263,4991.71742,0.1625,45.00249,0.42473299756529675,0.1582242169908206,-25.999999556487815
4.15692,4.16222,77.87843,4991.45004,0.0794,45.00357,0.42374441147679737,0.15785594266158914,-25.999999556487815
4.20396,4.20939,77.88338,4991.20388,-0.00371,45.00472,0.42340799307578236,0.15773061795551022,-25.999999556487815
4.25099,4.25655,77.87746,4990.97859,-0.08684,45.00593,0.42372219453727733,0.1578476662670551,-25.999999556487815
4.29801,4.30372,77.86068,4990.7738,-0.16997,45.0072,0.4246883909905005,0.1582075998680394,-25.999999556487815
4.34503,4.35089,77.83305,4990.58914,-0.25309,45.00852,0.42631088974134984,0.1588120233432422,-25.999999556487815
4.39206,4.39806,77.79455,4990.42425,-0.33619,45.00988,0.42859696049034063,0.15966364484738277,-25.999999556487815
4.43907,4.44524,77.7452,4990.27874,-0.41925,45.01129,0.43155688681214094,0.16076629528260208,-25.999999556487815
4.48609,4.49242,77.68501,4990.15222,-0.50228,45.01274,0.4352040393537592,0.16212495556671364,-25.999999556487815
4.5331,4.5396,77.61397,4990.0443,-0.58524,45.01421,0.43955497141043776,0.16374579223773866,-25.999999556487815
4.58011,4.58678,77.5321,4989.95457,-0.66814,45.01572,0.44462953774125735,0.16563620171584492,-25.999999556487815
4.62712,4.63397,77.43941,4989.88258,-0.75097,45.01724,0.45045103769994116,0.16780486362333713,-25.999999556487815
4.67413,4.68116,77.33591,4989.82791,-0.8337,45.01878,0.4570463839778036,0.17026180364584548,-25.999999556487815
4.72113,4.72836,77.2216,4989.79008,-0.91633,45.02033,0.464446298489063,0.17301846650475838,-25.999999556487815
4.76813,4.77556,77.09652,4989.76861,-0.99884,45.02188,0.4726855371778857,0.17608779970376195,-25.999999556487815
4.81514,4.82276,76.96066,4989.763,-1.08122,45.02343,0.4818031457844628,0.17948434880843248,-25.999999556487815
4.86213,4.86997,76.81406,4989.7727,-1.16345,45.02496,0.49184274889118446,0.18322436512354212,-25.999999556487815
4.90913,4.91718,76.65672,4989.79715,-1.24553,45.02648,0.5028528748650117,0.18732592674264215,-25.999999556487815
4.95613,4.9644,76.48868,4989.83577,-1.32743,45.02797,0.5148873196309511,0.19180907406325343,-25.999999556487815
5.00313,5.01162,76.30995,4989.8879,-1.40914,45.02943,0.5280055525553362,0.19669596098906833,-25.999999556487815
5.05012,5.05884,76.12056,4989.95289,-1.49064,45.03085,0.5422731680769168,0.20201102317441477,-25.999999556487815
5.09712,5.10607,75.92054,4990.03001,-1.57191,45.03222,0.5577623871181632,0.20778116481315984,-25.999999556487815
5.14411,5.15331,75.70992,4990.11851,-1.65293,45.03353,0.5745526127179783,0.21403596562651453,-25.999999556487815
5.1911,5.20055,75.48873,4990.21757,-1.73368,45.03477,0.5927310447717119,0.22080790986986384,-25.999999556487815
5.2381,5.2478,75.25701,4990.32633,-1.81414,45.03592,0.6123933592214009,0.2281326393490023,-25.999999556487815
5.28509,5.29505,75.0148,4990.44385,-1.89428,45.03698,0.6336444575319711,0.23604923261973815,-25.999999556487815
5.33208,5.34231,74.76214,4990.56914,-1.97409,45.03794,0.6565992927890473,0.24460051273106453,-25.999999556487815
5.37907,5.38957,74.49915,4990.70098,-2.05235,45.04383,0.68137644615113,0.25383065428458096,0.0
5.42606,5.43684,74.22597,4990.83807,-2.13018,45.04979,0.7081050556321343,0.2637877645882963,0.0
5.47304,5.48413,73.94265,4990.97917,-2.20752,45.0558,0.7369334150498514,0.27452708699118306,0.0
5.52002,5.53142,73.64925,4991.12293,-2.28436,45.06188,0.7680236634038714,0.2861090225367224,0.0
5.56699,5.57872,73.34585,4991.26793,-2.36063,45.06802,0.801552992882776,0.2985995799773679,0.0
5.61396,5.62603,73.03252,4991.41259,-2.43631,45.07421,0.83771500896975,0.312070882449673,0.0
5.66093,5.67336,72.70934,4991.55525,-2.51134,45.08047,0.876721210808527,0.3266017189495557,0.0
5.70789,5.72069,72.3764,4991.69407,-2.58567,45.0868,0.918802599199132,0.3422781433530221,0.0
5.75485,5.76803,72.0338,4991.82711,-2.65926,45.09318,0.9642114192056862,0.35919412358342456,0.0
5.80181,5.81539,71.68163,4991.95222,-2.73203,45.09962,1.013223043670771,0.3774522432701203,0.0
5.84876,5.86275,71.32001,4992.06712,-2.80393,45.10613,1.0661380028380378,0.3971644578362959,0.0
5.8957,5.91012,70.94906,4992.1693,-2.87489,45.11269,1.1232841637091573,0.41845290636677357,0.0
5.94264,5.9575,70.56891,4992.25606,-2.94483,45.11932,1.1850190605526758,0.44145077978387975,0.0
5.98958,6.0049,70.17969,4992.32447,-3.01367,45.12601,1.2517323749883618,0.4663032447441187,0.0
6.03651,6.0523,69.78156,4992.37135,-3.08132,45.13275,1.323848560120825,0.4931684211969911,0.0
6.08343,6.09972,69.37468,4992.39324,-3.14769,45.13956,1.4018295980515327,0.5222184096307739,0.0
6.13035,6.14714,68.95923,4992.38641,-3.21267,45.14643,1.4861778735121736,0.5536403615765587,0.0
6.17726,6.19457,68.53539,4992.34678,-3.27616,45.15335,1.5774391380401456,0.5876375838416138,0.0
6.22417,6.24202,68.10338,4992.26995,-3.33802,45.16034,1.6762055287007729,0.6244306630628362,0.0
6.27107,6.28947,67.66342,4992.15113,-3.39813,45.16739,1.7831185924672344,0.6642585923678519,0.0
6.31797,6.33693,67.21575,4991.98511,-3.45634,45.17449,1.8988722515764986,0.7073798760481246,0.0
6.36486,6.3844,66.76064,4991.76626,-3.5125,45.18165,2.024215626005014,0.7540735810054139,0.0
6.41174,6.43188,66.29837,4991.48847,-3.56643,45.18887,2.1599556061590217,0.8046402951466093,0.0
6.45861,6.47936,65.82925,4991.14511,-3.61796,45.19615,2.306959041464261,0.8594029426909798,0.0
6.50547,6.52686,65.35361,4990.729,-3.66688,45.20349,2.4661543782910154,0.9187073943403499,0.0
6.55232,6.57436,64.87182,4990.23238,-3.71297,45.21088,2.6385325431658333,0.9829227962987049,0.0
6.59917,6.62187,64.38427,4989.64687,-3.75601,45.21833,2.8251468242687636,1.0524415261267936,0.0
6.646,6.66938,63.89139,4988.9634,-3.79575,45.22583,3.027111455768725,1.127678665369803,0.0
6.69282,6.7169,63.39363,4988.1722,-3.83191,45.23339,3.2455985559442024,1.2090708589267571,0.0
6.73963,6.76442,62.89149,4987.26278,-3.86419,45.241,3.4818330121803895,1.297074409577367,0.0
6.78642,6.81195,62.38551,4986.22385,-3.8923,45.24867,3.7370848453395706,1.3921624335090936,0.0
6.8332,6.85948,61.87628,4985.04333,-3.91589,45.25639,4.012658525246489,1.4948208800543212,0.0
6.87997,6.90701,61.36441,4983.70832,-3.9346,45.26416,4.309878651857745,1.605543197549205,0.0
6.92672,6.95455,60.8506,4982.20509,-3.94805,45.27199,4.630071368338795,1.724823409215805,0.0
6.97345,7.00208,60.33556,4980.51904,-3.95584,45.27986,4.974540839927031,1.8531473509197014,0.0
7.02016,7.04961,59.82009,4978.6348,-3.95754,45.28778,5.3445401252595905,1.9909818199731855,0.0
7.06685,7.09713,59.30502,4976.53616,-3.9527,45.29575,5.7412357963376275,2.138761395141043,0.0
7.11351,7.14465,58.79126,4974.20622,-3.94085,45.30377,6.165665743234162,2.2968727177840074,0.0
7.16015,7.19216,58.27977,4971.62739,-3.92151,45.31183,6.618689745752563,2.465636078501,0.0
7.20676,7.23967,57.77159,4968.78156,-3.89417,45.31993,7.10093262365105,2.645284239091954,0.0
7.25335,7.28716,57.2678,4965.65021,-3.85833,45.32808,7.6127201066186885,2.8359385424365118,0.0
7.2999,7.33464,56.76957,4962.21461,-3.81346,45.33627,8.154008009914214,3.0375825285559825,0.0
7.34642,7.3821,56.27813,4958.45605,-3.75906,45.34449,8.724305871480924,3.2500334874294086,0.0
7.3929,7.42954,55.79477,4954.3561,-3.69462,45.35276,9.322596902334062,3.4729126384066418,0.0
7.43934,7.47696,55.32084,4949.89694,-3.61966,45.36105,9.947256912158451,3.7056149278602595,0.0
7.48574,7.52436,54.85774,4945.06172,-3.53373,45.36938,10.595975765586406,3.9472797695824795,0.0
7.53209,7.57172,54.40695,4939.835,-3.43641,45.37774,11.265685848239004,4.196764396503359,0.0
7.5784,7.61906,53.96996,4934.20315,-3.32736,45.38613,11.952502895296341,4.452621817776326,0.0
7.62465,7.66636,53.54831,4928.15488,-3.20628,45.39454,12.651685252506715,4.713085642432192,0.0
7.67084,7.71362,53.14357,4921.68174,-3.07299,45.40298,13.357618070325007,4.976064191279815,0.0
7.71697,7.76084,52.75731,4914.77862,-2.92739,45.41144,14.063828932640622,5.239146319018483,0.0
7.76304,7.80801,52.39109,4907.44423,-2.76951,45.41991,14.763040852237287,5.4996211564410755,0.0
7.80904,7.85513,52.04646,4899.68157,-2.59949,45.4284,15.447267310769638,5.754513515326001,0.0
7.85496,7.90219,51.72492,4891.49834,-2.41763,45.4369,16.107952021234443,6.000635953635092,0.0
7.90081,7.94919,51.42792,4882.90723,-2.22438,45.44542,16.73615336702455,6.234657483914096,0.0
7.94658,7.99613,51.1568,4873.92609,-2.02035,45.45394,17.322770150980304,6.453187670754132,0.0
7.99226,8.04301,50.91283,4864.57806,-1.80629,45.46247,17.858801614347158,6.652873494694914,0.0
8.03785,8.0898,50.69715,4854.89138,-1.58315,45.471,18.335631011253067,6.830504991178877,0.0
8.08335,8.13653,50.51075,4844.89922,-1.35199,45.47953,18.74531877852975,6.983124464023354,0.0
8.12876,8.18317,50.35447,4834.6392,-1.11402,45.48806,19.080888974408186,7.108133191371314,0.0
8.17406,8.22973,50.22896,4824.15285,-0.87059,45.49659,19.336591574758717,7.203389137942219,0.0
8.21927,8.27621,50.1347,4813.48485,-0.62313,45.50512,19.50812368995896,7.267289364135887,0.0
8.26436,8.32259,50.07197,4802.68223,-0.37313,45.51364,19.592794888733366,7.2988316135126725,0.0
8.30935,8.36888,50.04086,4791.79343,-0.12216,45.52216,19.589625454889546,7.297650916013027,0.0
8.35423,8.41509,50.04125,4780.86736,0.12823,45.53067,19.499371206954862,7.264028833925172,0.0
8.39901,8.46119,50.07282,4769.95241,0.37649,45.53917,19.324473955712502,7.198875006013756,0.0
8.44367,8.50721,50.13508,4759.09556,0.62112,45.54767,19.06894214472639,7.103682682974838,0.0
8.48822,8.55312,50.22734,4748.34152,0.8607,45.55616,18.738171104108215,6.980461767234701,0.0
8.53266,8.59895,50.34875,4737.73202,1.09389,45.56465,18.338716140076357,6.831654282840175,0.0
8.57699,8.64468,50.49833,4727.30516,1.31949,45.57313,17.878034047048608,6.660038081911964,0.0
8.62121,8.69031,50.67493,4717.09498,1.53643,45.58162,17.364209440816644,6.468624896551506,0.0
8.66533,8.73586,50.87733,4707.13117,1.74376,45.5901,16.80568165244953,6.2605585996341935,0.0
8.70934,8.78131,51.10418,4697.43885,1.94072,45.59858,16.210986043889363,6.039018838062345,0.0
8.75325,8.82668,51.35409,4688.0386,2.12668,45.60706,15.588520866991908,5.807134181623541,0.0
8.79706,8.87196,51.62559,4678.94652,2.30114,45.61554,14.946347588646038,5.567907738843843,0.0
8.84077,8.91716,51.91719,4670.17445,2.46378,45.62403,14.292029325894694,5.324156969819336,0.0
8.88438,8.96229,52.22737,4661.73024,2.61439,45.63253,13.632508991799243,5.0784682923444135,0.0
8.92791,9.00733,52.5546,4653.61809,2.75289,45.64104,12.974026168448932,4.833166114920606,0.0
8.97135,9.05231,52.89739,4645.8389,2.87931,45.64956,12.322069724541581,4.590295185558681,0.0
9.0147,9.09721,53.25422,4638.39074,2.99377,45.6581,11.681361818521149,4.351614632526476,0.0
9.05797,9.14205,53.62366,4631.26918,3.09649,45.66665,11.055868141816362,4.118601780224814,0.0
9.10116,9.18683,54.00427,4624.46773,3.18774,45.67522,10.44882898009997,3.892463720323842,0.0
9.14428,9.23155,54.39468,4617.97818,3.26787,45.68381,9.862805797266246,3.6741546655203483,0.0
9.18733,9.27622,54.79357,4611.79099,3.33725,45.69242,9.299738464657125,3.464397268930291,0.0
9.23031,9.32083,55.19966,4605.8956,3.3963,45.70105,8.761008859929403,3.2637063163402136,0.0
9.27322,9.36539,55.61176,4600.2807,3.44546,45.70972,8.247507254681699,3.07241345734506,0.0
9.31607,9.40991,56.0287,4594.93447,3.48518,45.71841,7.75969862533916,2.890691907897462,0.0
9.35886,9.45438,56.44939,4589.84484,3.51594,45.72713,7.297686705424555,2.718580311464044,0.0
9.4016,9.49881,56.8728,4584.99966,3.5382,45.73588,6.861274214875863,2.5560051760309532,0.0
9.44428,9.54321,57.29795,4580.3868,3.55242,45.74467,6.450018234789852,2.402801502652838,0.0
9.4869,9.58757,57.72393,4575.99436,3.55906,45.75349,6.063280136538279,2.258731385362347,0.0
9.52948,9.6319,58.14987,4571.81071,3.55857,45.76235,5.700269824276616,2.123500492668721,0.0
9.57201,9.6762,58.57497,4567.82457,3.55136,45.77124,5.360084316275891,1.9967724401190377,0.0
9.6145,9.72047,58.99846,4564.02511,3.53786,45.78017,5.041740883604539,1.8781811353291358,0.0
9.65694,9.76471,59.41965,4560.40194,3.51846,45.78915,4.744205095886197,1.7673412257663192,0.0
9.69934,9.80893,59.83787,4556.94517,3.49353,45.79816,4.466414204867098,1.6638568097434687,0.0
9.7417,9.85313,60.2525,4553.6454,3.46345,45.80721,4.207296338208209,1.5673285866116378,0.0
9.78402,9.89731,60.66296,4550.49376,3.42854,45.81631,3.9657859879210333,1.4773596266099074,0.0
9.82631,9.94147,61.06873,4547.48186,3.38914,45.82545,3.7408362683881737,1.3935599373005791,0.0
9.86856,9.98561,61.4693,4544.60184,3.34553,45.83464,3.5314283947535134,1.3155499945189073,0.0
9.91077,10.02974,61.86422,4541.84631,3.29801,45.84387,3.3365787989677327,1.2429633932872868,0.0
9.95296,10.07386,62.25303,4539.20833,3.24683,45.85315,3.155344262071309,1.1754487597257108,0.0
9.99511,10.11796,62.63536,4536.68145,3.19226,45.86248,2.9868254005299595,1.1126710498034549,0.0
10.03723,10.16205,63.01081,4534.25961,3.13451,45.87185,2.8301688037372683,1.0543123456150438,0.0
10.07933,10.20612,63.37905,4531.93719,3.07382,45.88127,2.6845680807706174,1.0000722453243807,0.0
10.12139,10.25019,63.73975,4529.70893,3.01037,45.89074,2.549264038044753,0.9496679293453725,0.0
10.16343,10.29426,64.09261,4527.56994,2.94437,45.90026,2.4235441762272703,0.9028339729297137,0.0
10.20544,10.33831,64.43735,4525.51568,2.87598,45.90983,2.306741664922372,0.859321964209605,0.0
10.24743,10.38236,64.77372,4523.54191,2.80538,45.91945,2.1982339272310094,0.8188999769091675,0.0
10.28939,10.4264,65.10147,4521.64469,2.73271,45.92912,2.0974409432246834,0.7813519383437921,0.0
10.33133,10.47044,65.42038,4519.82036,2.65812,45.93884,2.0038233614509937,0.746476925906269,0.0
10.37324,10.51447,65.73024,4518.06552,2.58174,45.94862,1.9168804905536025,0.71408841889238,0.0
10.41513,10.5585,66.03086,4516.377,2.50369,45.95844,1.836148228624673,0.6840135271301997,0.0
10.457,10.60253,66.32206,4514.75185,2.4241,45.96832,1.7611969757773835,0.6560922133584336,0.0
10.49884,10.64656,66.60367,4513.18732,2.34306,45.97825,1.6916295652771725,0.6301765225183721,0.0
10.54067,10.69059,66.87554,4511.68086,2.26068,45.98823,1.6270792402028296,0.6061298280069087,0.0
10.58248,10.73461,67.13753,4510.23008,2.17705,45.99827,1.5672076957217393,0.5838261023725582,0.0
10.62426,10.77864,67.3895,4508.83275,2.09227,46.00835,1.5117032014618945,0.5631492178496285,0.0
10.66603,10.82267,67.63133,4507.48678,2.0064,46.0185,1.4602788139640697,0.5439922804496211,0.0
10.70777,10.86669,67.8629,4506.19025,1.91953,46.02869,1.4126706855686673,0.5262569999770862,0.0
10.7495,10.91073,68.08411,4504.94131,1.83173,46.03894,1.3686364732693668,0.5098530972857412,0.0
10.79121,10.95476,68.29486,4503.73825,1.74307,46.04925,1.3279538488344653,0.49469774925946897,0.0
10.8329,10.99879,68.49506,4502.57948,1.65361,46.05961,1.290419109805538,0.4807150713727719,0.0
10.87457,11.04283,68.68463,4501.46346,1.56341,46.07002,1.2558458897104368,0.46783563721117793,0.0
10.91623,11.08688,68.86348,4500.38878,1.47253,46.08049,1.2240639649002962,0.45599603398663097,0.0
10.95786,11.13092,69.03155,4499.35407,1.38102,46.09101,1.194918154774826,0.4451384528424753,0.0
10.99949,11.17497,69.18878,4498.35805,1.28893,46.10159,1.1682673117364766,0.4352103125848071,0.0
11.04109,11.21903,69.33509,4497.39951,1.19631,46.11222,1.1439833969707398,0.4261639153863182,0.0
11.08268,11.26309,69.47045,4496.47727,1.1032,46.12291,1.1219506380506692,0.41795613297181494,0.0
11.12425,11.30716,69.59479,4495.59023,1.00965,46.13365,1.102064764365721,0.41054812179534506,0.0
11.16581,11.35124,69.70808,4494.73732,0.9157,46.14445,1.0842323164767071,0.40390506575674495,0.0
11.20735,11.39532,69.81028,4493.9175,0.82139,46.1553,1.068370025650532,0.3979959450620046,0.0
11.24888,11.4394,69.90134,4493.12978,0.72675,46.16621,1.0544042600408947,0.3927933299110061,0.0
11.29039,11.4835,69.98124,4492.37319,0.63183,46.17718,1.0422705342257645,0.38827319778732966,0.0
11.33189,11.5276,70.04994,4491.6468,0.53666,46.1882,1.031913079080938,0.3844147732248356,0.0
11.37337,11.57171,70.10744,4490.94968,0.44127,46.19928,1.023284469259367,0.3812003890339121,0.0
11.41483,11.61583,70.1537,4490.28092,0.3457,46.21041,1.0163453058481724,0.3786153680828644,0.0
11.45629,11.65996,70.18871,4489.63963,0.24998,46.2216,1.011063952080791,0.3766479248437339,0.0
11.49773,11.70409,70.21246,4489.02493,0.15415,46.23285,1.00741632029957,0.3752890860302608,0.0
11.53915,11.74824,70.22494,4488.43593,0.05823,46.24415,1.005385708673089,0.37453262977078927,0.0
11.58056,11.79239,70.22615,4487.87174,-0.03774,46.25551,1.0049626864898844,0.37437504287716206,0.0
11.62196,11.83655,70.21607,4487.33149,-0.13373,46.26692,1.0061450271646122,0.37481549588775354,0.0
11.66334,11.88073,70.19473,4486.81427,-0.22971,46.27839,1.00893768839742,0.37585583567631364,0.0
11.70471,11.92491,70.16211,4486.31917,-0.32564,46.28992,1.0133528392399676,0.37750059553477294,0.0
11.74607,11.9691,70.11824,4485.84526,-0.4215,46.3015,1.0194099341219758,0.379757022750079,0.0
11.78741,12.01331,70.06312,4485.39161,-0.51725,46.31314,1.027135834189949,0.38263512380606407,0.0
11.82874,12.05752,69.99677,4484.95723,-0.61286,46.32484,1.0365649766066038,0.3861477274519364,0.0
11.87006,12.10175,69.91921,4484.54113,-0.70829,46.33659,1.0477395927408357,0.3903105659837837,0.0
11.91136,12.14598,69.83047,4484.14227,-0.80351,46.3484,1.0607099764591934,0.3951423751902068,0.0
11.95266,12.19023,69.73057,4483.75957,-0.89849,46.36027,1.075534803996778,0.4006650135126452,0.0
11.99394,12.23449,69.61955,4483.39192,-0.99319,46.37219,1.0922815071366447,0.4069036010645242,0.0
12.0352,12.27876,69.49744,4483.03814,-1.08756,46.38417,1.1110267016608215,0.4138866792405318,0.0
12.07645,12.32304,69.36429,4482.69701,-1.18158,46.3962,1.131856673252466,0.4216463917279569,0.0
12.11769,12.36733,69.22015,4482.36725,-1.27519,46.40829,1.1548679231969465,0.43021868779470124,0.0
12.15892,12.41164,69.06505,4482.04751,-1.36836,46.42044,1.1801677763808078,0.4396435487848902,0.0
12.20014,12.45595,68.89859,4481.73736,-1.46922,46.4151,1.207957067559791,0.4499957909293178,-49.999999147091955
12.24137,12.50026,68.72033,4481.43628,-1.56974,46.40938,1.2384588487349204,0.4613585069672169,-49.999999147091955
12.28259,12.54457,68.53032,4481.14262,-1.66988,46.40325,1.271836010526776,0.4737923779406641,-49.999999147091955
12.32381,12.58888,68.3286,4480.85463,-1.76962,46.39666,1.3082684072423931,0.4873644043112812,-49.999999147091955
12.36504,12.63318,68.11522,4480.57045,-1.8689,46.38956,1.3479545174898855,0.5021485245828773,-49.999999147091955
12.40627,12.67749,67.89025,4480.28807,-1.9677,46.3819,1.3911129802230102,0.5182261875184638,-49.999999147091955
12.4475,12.72179,67.65374,4480.00538,-2.06596,46.37363,1.4379842860221363,0.5356869821869165,-49.999999147091955
12.48873,12.76608,67.40576,4479.72008,-2.16364,46.3647,1.4888326345797525,0.5546293299251993,-49.999999147091955
12.52997,12.81038,67.14639,4479.42973,-2.26069,46.35504,1.5439479696657066,0.5751612424164607,-49.999999147091955
12.57121,12.85467,66.8757,4479.13169,-2.35705,46.34458,1.6036482029477497,0.5974011501216971,-49.999999147091955
12.61245,12.89895,66.59378,4478.82312,-2.45267,46.33326,1.668281637879556,0.6214788052418176,-49.999999147091955
12.6537,12.94323,66.30073,4478.50099,-2.54749,46.321,1.7382296043335534,0.6475362631876944,-49.999999147091955
12.69496,12.9875,65.99664,4478.16199,-2.64143,46.30771,1.8139093136497186,0.67572894616096,-49.999999147091955
12.73622,13.03177,65.68163,4477.80258,-2.73443,46.29332,1.895776942169626,0.7062267918515726,-49.999999147091955
12.77749,13.07602,65.35582,4477.41891,-2.8264,46.27772,1.984330948940703,0.7392154893699457,-49.999999147091955
12.81877,13.12027,65.01933,4477.00685,-2.91727,46.26081,2.080115629920523,0.7748978032815639,-49.999999147091955
12.86005,13.1645,64.67231,4476.56189,-3.00693,46.24248,2.1837249064411197,0.813494984909621,-49.999999147091955
12.90134,13.20872,64.31491,4476.07918,-3.09531,46.2226,2.2958063396202006,0.855248267808821,-49.999999147091955
12.94264,13.25293,63.94728,4475.55347,-3.18227,46.20105,2.4170653544760374,0.9004204413593195,-49.999999147091955
12.98396,13.29712,63.56962,4474.97904,-3.26772,46.17769,2.5482696473096187,0.9492974926325402,-49.999999147091955
13.02528,13.3413,63.18211,4474.34972,-3.35153,46.15235,2.690253737010688,1.0021903018724259,-49.999999147091955
13.06662,13.38545,62.78496,4473.65881,-3.43355,46.12487,2.8439236047346905,1.0594363708971792,-49.999999147091955
13.10797,13.42958,62.37839,4472.89904,-3.51365,46.09507,3.0102613463255974,1.1214015562491757,-49.999999147091955
13.14934,13.47369,61.96266,4472.06256,-3.59167,46.06275,3.190329737186295,1.1884817697292944,-49.999999147091955
13.19072,13.51777,61.53802,4471.14082,-3.66742,46.02771,3.3852765793289668,1.2611045977875628,-49.999999147091955
13.23212,13.56182,61.10477,4470.1246,-3.74073,45.98969,3.5963386642538007,1.339730777799743,-49.999999147091955
13.27354,13.60584,60.66321,4469.00387,-3.81139,45.94846,3.8248451423452012,1.4248554532560775,-49.999999147091955
13.31498,13.64982,60.21369,4467.76782,-3.87918,45.90374,4.072220038910576,1.517009111051936,-49.999999147091955
13.35645,13.69376,59.75657,4466.40472,-3.94387,45.85524,4.339983598175744,1.6167580821614695,-49.999999147091955
13.39793,13.73766,59.29224,4464.90194,-4.00519,45.80264,4.62975206917719,1.7247044618768401,-49.999999147091955
13.43945,13.78151,58.82114,4463.24583,-4.06287,45.74558,4.943235471539394,1.8414852775014905,-49.999999147091955
13.48099,13.8253,58.34373,4461.42169,-4.11661,45.68371,5.282232795237972,1.9677707001356133,-49.999999147091955
13.52256,13.86904,57.8605,4459.4137,-4.16609,45.61662,5.648623998084183,2.104261063528569,-49.999999147091955
13.56417,13.91271,57.37201,4457.20492,-4.21096,45.54388,6.044358070449837,2.2516824178748798,-49.999999147091955
13.60581,13.95631,56.87884,4454.77719,-4.25085,45.46502,6.471436342950565,2.4107803114870454,-49.999999147091955
13.64748,13.99984,56.38162,4452.11111,-4.28537,45.37956,6.931890125492046,2.582311460751913,-49.999999147091955
13.6892,14.04327,55.88104,4449.18608,-4.31408,45.28696,7.427751694119641,2.7670329419687794,-49.999999147091955
13.73097,14.08662,55.37782,4445.98024,-4.33656,45.18668,7.961017596914892,2.965688521830361,-49.999999147091955
13.77278,14.12987,54.87276,4442.4705,-4.35231,45.07811,8.533603246995183,3.1789917421204357,-49.999999147091955
13.81464,14.173,54.36671,4438.63263,-4.36084,44.96064,9.147287827805771,3.4076053954854943,-49.999999147091955
13.85655,14.21601,53.86057,4434.44135,-4.36164,44.83362,9.803648675628049,3.6521170811925723,-49.999999147091955
13.89853,14.2589,53.35531,4429.8704,-4.35415,44.69635,10.50398455146612,3.9130106218881564,-49.999999147091955
13.94056,14.30164,52.85196,4424.89277,-4.33782,44.54816,11.24922759563329,4.190633264365042,-49.999999147091955
13.98267,14.34423,52.35163,4419.4809,-4.31209,44.38831,12.039844299364686,4.485158788882435,-49.999999147091955
14.02484,14.38665,51.85547,4413.607,-4.27636,44.21609,12.875726549968075,4.796546920617864,-49.999999147091955
14.06709,14.42889,51.36472,4407.24336,-4.23007,44.03076,13.756074721572604,5.124499777895012,-49.999999147091955
14.10942,14.47093,50.88065,4400.3628,-4.17265,43.83161,14.67927588910024,5.4684165036837,-49.999999147091955
14.15183,14.51276,50.40464,4392.93916,-4.10355,43.61795,15.642781512609329,5.82734769979954,-49.999999147091955
14.19433,14.55437,49.93806,4384.94783,-4.02226,43.38911,16.642990315621617,6.1999517959990955,-49.999999147091955
14.23692,14.59573,49.48239,4376.36644,-3.9283,43.14448,17.675143470868353,6.584456003912473,-49.999999147091955
14.27962,14.63683,49.03912,4367.17549,-3.82128,42.88354,18.733240474829334,6.978624978095653,-49.999999147091955
14.32241,14.67765,48.60976,4357.35909,-3.70085,42.60584,19.809985063835274,7.37974066835557,-49.999999147091955
14.36531,14.71817,48.19587,4346.90574,-3.56677,42.31104,20.896770993590895,7.784597022248319,-49.999999147091955
14.40832,14.75837,47.79899,4335.80905,-3.41892,41.99893,21.983717252298803,8.189513102894304,-49.999999147091955
14.45144,14.79823,47.42067,4324.06846,-3.25729,41.66947,23.059761104233562,8.590367750157705,-49.999999147091955
14.49468,14.83773,47.06241,4311.6899,-3.08201,41.32275,24.11281511854042,8.982658078005679,-49.999999147091955
14.53804,14.87686,46.72569,4298.68636,-2.89339,40.95908,25.12999097967655,9.361582849786531,-49.999999147091955
14.58152,14.9156,46.41191,4285.07827,-2.69187,40.57896,26.09788849267055,9.722150140293069,-49.999999147091955
14.62512,14.95392,46.12237,4270.89375,-2.47809,40.18309,27.002943046962148,10.0593067751852,-49.999999147091955
14.66884,14.99181,45.85831,4256.16864,-2.25285,39.77237,27.831819318821317,10.368084995500013,-49.999999147091955
14.71268,15.02925,45.62079,4240.9463,-2.01715,39.34794,28.57183375033958,10.643759842192102,-49.999999147091955
14.75663,15.06623,45.41077,4225.27715,-1.77211,38.91111,29.211384000472687,10.882009137946518,-49.999999147091955
14.80071,15.10273,45.22903,4209.21801,-1.51905,38.46339,29.740360765654426,11.079066901193064,-49.999999147091955
14.84489,15.13874,45.07619,4192.83121,-1.2594,38.00645,30.150516635351668,11.23186075450572,-49.999999147091955
14.88919,15.17426,44.95268,4176.18345,-0.9947,37.54209,30.435768273884722,11.338124495281598,-49.999999147091955
14.93359,15.20927,44.85875,4159.3446,-0.72659,37.07222,30.59241219248864,11.396478476511108,-49.999999147091955
14.97809,15.24378,44.79443,4142.38631,-0.45674,36.59882,30.619240353913096,11.406472672533127,-49.999999147091955
15.02268,15.27777,44.75961,4125.38065,-0.18686,36.1239,30.517549204825325,11.368590043842769,-49.999999147091955
15.06736,15.31124,44.75393,4108.3987,0.08135,35.64947,30.291043628898436,11.28421075708962,-49.999999147091955
15.11213,15.3442,44.77691,4091.50929,0.34625,35.17748,29.94564486240572,11.155540628582582,-49.999999147091955
15.15696,15.37665,44.82786,4074.77779,0.60624,34.70983,29.489217797409495,10.985509537552637,-49.999999147091955
15.20186,15.4086,44.90595,4058.26508,0.85984,34.24827,28.931237699353805,10.77764726968693,-49.999999147091955
15.24682,15.44006,45.01021,4042.02677,1.10569,33.79445,28.282418847823063,10.535945176040315,-49.999999147091955
15.29183,15.47102,45.13956,4026.11254,1.34256,33.34986,27.55432793392846,10.26471215338967,-49.999999147091955
15.33689,15.50152,45.29279,4010.56578,1.56937,32.91581,26.75900344666595,9.968432855637696,-49.999999147091955
15.38199,15.53154,45.46864,3995.42332,1.78519,32.49343,25.9085991818174,9.651634891498754,-49.999999147091955
15.42712,15.56112,45.66574,3980.7155,1.98925,32.08367,25.015065944672468,9.318770250387853,-49.999999147091955
15.47228,15.59027,45.8827,3966.46623,2.18094,31.6873,24.089881039524375,8.974114530140266,-49.999999147091955
15.51746,15.619,46.11809,3952.69337,2.35981,31.30491,23.143830732074374,8.621685898533444,-49.999999147091955
15.56266,15.64732,46.37047,3939.40907,2.52554,30.93692,22.186846913553886,8.265184246374874,-49.999999147091955
15.60788,15.67526,46.63838,3926.62023,2.67795,30.58358,21.22789593457965,7.907949775188178,-49.999999147091955
15.6531,15.70282,46.92037,3914.32909,2.81698,30.24503,20.274915131520384,7.55293935161459,-49.999999147091955
15.69833,15.73004,47.21502,3902.53373,2.94269,29.92124,19.334790948408923,7.202718357249587,-49.999999147091955
15.74356,15.75691,47.52094,3891.22865,3.05522,29.61209,18.413371692075224,6.859465440265549,-49.999999147091955
15.7888,15.78346,47.83676,3880.40532,3.1548,29.31737,17.51550772605932,6.524987488701874,-49.999999147091955
15.83403,15.80971,48.16117,3870.05269,3.24172,29.03676,16.64511216486691,6.200742240672181,-49.999999147091955
15.87926,15.83567,48.49288,3860.15767,3.31634,28.7699,15.805235728340431,5.887866169587043,-49.999999147091955
15.92448,15.86135,48.83069,3850.70563,3.37905,28.51634,14.998150223454553,5.58720558331937,-49.999999147091955
15.96969,15.88677,49.1734,3841.68072,3.43028,28.27564,14.22543602636014,5.29934921356755,-49.999999147091955
16.0149,15.91194,49.51991,3833.06629,3.4705,28.04727,13.488069855621577,5.0246609136958345,-49.999999147091955
16.06009,15.93688,49.86915,3824.84516,3.50018,27.83072,12.786509997085817,4.763311407240438,-49.999999147091955
16.10527,15.9616,50.22012,3816.99991,3.51979,27.62546,12.120776922973429,4.515308320642179,-49.999999147091955
16.15045,15.9861,50.57186,3809.51308,3.52982,27.43093,11.490527921626777,4.2805239847913015,-49.999999147091955
16.19561,16.01041,50.92346,3802.36737,3.53076,27.2466,10.895124913014824,4.058720698087348,-49.999999147091955
16.24076,16.03453,51.27408,3795.54579,3.52307,27.07192,10.333695071241653,3.8495733099186578,-49.999999147091955
16.28589,16.05848,51.62292,3789.03174,3.50724,26.90639,9.805184218143676,3.652689111182198,-49.999999147091955
16.33101,16.08226,51.96922,3782.80917,3.4837,26.74947,9.308403203911771,3.4676251122856567,-49.999999147091955
16.37612,16.10587,52.31227,3776.86258,3.45291,26.60069,8.842067665900107,3.293902854349846,-49.999999147091955
16.42122,16.12934,52.65142,3771.17711,3.41528,26.45954,8.404831669254992,3.1310209412280887,-49.999999147091955
16.4663,16.15267,52.98605,3765.73857,3.37122,26.32559,7.995315795841814,2.978465503370565,-49.999999147091955
16.51137,16.17586,53.31557,3760.53341,3.32112,26.19837,7.612130272932832,2.835718813869072,-49.999999147091955
16.55643,16.19892,53.63944,3755.54879,3.26534,26.07749,7.253893730182436,2.702266275923828,-49.999999147091955
16.60148,16.22186,53.95716,3750.77254,3.20424,25.96252,6.919248150827022,2.577601992558819,-49.999999147091955
16.64651,16.24469,54.26824,3746.19313,3.13816,25.85311,6.606870547462749,2.46123311615622,-49.999999147091955
16.69153,16.26741,54.57226,3741.7997,3.0674,25.74888,6.315481849392276,2.3526831592268977,-49.999999147091955
16.73654,16.29003,54.86879,3737.582,2.99227,25.6495,6.043853441251611,2.2514944302209465,-49.999999147091955
16.78153,16.31254,55.15745,3733.53039,2.91305,25.55465,5.790811744446484,2.157229740233293,-49.999999147091955
16.82651,16.33496,55.43789,3729.63579,2.83,25.46402,5.555241185706055,2.0694735088680476,-49.999999147091955
16.87149,16.3573,55.70977,3725.88967,2.74338,25.37733,5.336085852393505,1.9878323808852616,-49.999999147091955
16.91645,16.37954,55.97279,3722.284,2.65343,25.29432,5.132350092689346,1.911935449785001,-49.999999147091955
16.9614,16.40171,56.22664,3718.81123,2.56035,25.21472,4.943098281123605,1.8414341704619122,-49.999999147091955
17.00634,16.4238,56.47108,3715.46429,2.46438,25.13829,4.7674539360641575,1.7760020304464095,-49.999999147091955
17.05126,16.44581,56.70584,3712.23649,2.36569,25.06483,4.604598345924033,1.7153340381307487,-49.999999147091955
17.09618,16.46775,56.9307,3709.12157,2.26448,24.9941,4.453768834642163,1.6591460766149657,-49.999999147091955
17.14109,16.48962,57.14544,3706.11362,2.16093,24.92592,4.314256774319118,1.6071741633614012,-49.999999147091955
17.18599,16.51143,57.34987,3703.20706,2.0552,24.86009,4.185405433416698,1.5591736485924297,-49.999999147091955
17.23088,16.53317,57.5438,3700.39664,1.94745,24.79644,4.06660773228083,1.5149183791636809,-49.999999147091955
17.27576,16.55485,57.72706,3697.67739,1.83783,24.7348,3.957303963747764,1.474199849429877,-49.999999147091955
17.32063,16.57647,57.89951,3695.04459,1.72647,24.67501,3.856979524753209,1.4368263562095476,-49.999999147091955
17.36549,16.59803,58.06099,3692.49379,1.61351,24.61691,3.7651626950555435,1.4026221713009823,-49.999999147091955
17.41034,16.61954,58.21138,3690.02073,1.49908,24.56037,3.6814224910553306,1.3714267419735295,-49.999999147091955
17.45518,16.64099,58.35056,3687.62137,1.3833,24.50524,3.605366615988589,1.3430939273606575,-49.999999147091955
17.50002,16.66239,58.47841,3685.29184,1.26628,24.4514,3.536639522367667,1.317491276668199,-49.999999147091955
17.54485,16.68374,58.59485,3683.02843,1.14814,24.39872,3.4749205981282105,1.2944993534663707,-49.999999147091955
17.58967,16.70504,58.69978,3680.82758,1.02897,24.34708,3.4199224844601193,1.2740111090375443,-49.999999147091955
17.63449,16.72629,58.79313,3678.68584,0.90888,24.29636,3.3713895305286754,1.2559313067192095,-49.999999147091955
17.67929,16.74749,58.87482,3676.59988,0.78798,24.24646,3.329096388128314,1.2401759983755256,-49.999999147091955
17.72409,16.76865,58.94479,3674.56648,0.66634,24.19727,3.2928467477024115,1.2266720535314344,-49.999999147091955
17.76889,16.78976,59.003,3672.58247,0.54407,24.14867,3.262472215885881,1.2153567412277455,-49.999999147091955
17.81367,16.81082,59.0494,3670.64475,0.42126,24.10057,3.237831333880277,1.2061773643400324,-49.999999147091955
17.85845,16.83184,59.08395,3668.75028,0.29799,24.05287,3.218808735291158,1.1990909458508934,-49.999999147091955
17.90323,16.85282,59.10664,3666.89606,0.17435,24.00547,3.205314441680569,1.194063966424716,-49.999999147091955
17.948,16.87375,59.11742,3665.07909,0.05042,23.95826,3.1972832937855142,1.191072152521589,-49.999999147091955
17.99276,16.89464,59.11631,3663.2964,-0.07371,23.91116,3.1946745162193224,1.1901003142371138,-49.999999147091955
18.03752,16.91548,59.10329,3661.545,-0.19796,23.86406,3.19747141338807,1.1911422320232659,-49.999999147091955
18.08226,16.93631,59.07964,3659.81862,-0.29539,23.87445,3.205095642590371,1.1939824580066662,0.0
18.12698,16.95714,59.04669,3658.11136,-0.39269,23.88488,3.216982916829335,1.1984107804336899,0.0
18.17167,16.97797,59.00444,3656.42079,-0.48975,23.89536,3.2331640932048975,1.2044386943859606,0.0
18.21634,16.99881,58.95294,3654.74442,-0.58647,23.90588,3.25368254359237,1.212082357028216,0.0
18.26099,17.01965,58.89223,3653.07973,-0.68275,23.91645,3.278594016555558,1.221362536167305,0.0
18.30561,17.04049,58.82237,3651.42411,-0.77848,23.92706,3.3079666109328425,1.2323046004123146,0.0
18.3502,17.06134,58.74342,3649.7749,-0.87356,23.93771,3.3418807456523467,1.2449385079299184,0.0
18.39477,17.0822,58.65546,3648.12935,-0.96787,23.94841,3.3804291194883755,1.2592987914525977,0.0
18.43932,17.10306,58.55858,3646.48465,-1.06131,23.95916,3.4237166532714487,1.2754245367503538,0.0
18.48384,17.12392,58.45288,3644.83787,-1.15375,23.96994,3.471860405757588,1.293359351289806,0.0
18.52834,17.14479,58.33845,3643.18601,-1.24509,23.98077,3.524989452952335,1.3131513192792132,0.0
18.57281,17.16566,58.21543,3641.52595,-1.33521,23.99164,3.583244719105148,1.334852938709438,0.0
18.61726,17.18654,58.08394,3639.85446,-1.42398,24.00256,3.6467787459152334,1.3585210353770487,0.0
18.66169,17.20742,57.94412,3638.16819,-1.51127,24.01352,3.7157553846239835,1.3842166481806502,0.0
18.70608,17.2283,57.79613,3636.46366,-1.59695,24.02452,3.7903493937019825,1.4120048792487059,0.0
18.75046,17.24919,57.64015,3634.73727,-1.6809,24.03556,3.8707459227203875,1.4419547016680516,0.0
18.7948,17.27009,57.47634,3632.98526,-1.76296,24.04664,3.9571398607445194,1.4741387167433584,0.0
18.83913,17.29099,57.30491,3631.20373,-1.843,24.05777,4.049735025293223,1.508632851863158,0.0
18.88342,17.31189,57.12607,3629.38864,-1.92086,24.06893,4.148743165510928,1.5455159891552055,0.0
18.92769,17.33279,56.94003,3627.53576,-1.99639,24.08014,4.254382750837951,1.5848695142342961,0.0
18.97193,17.3537,56.74704,3625.64074,-2.06943,24.09138,4.366877514189401,1.626776773498075,0.0
19.01614,17.37462,56.54734,3623.69902,-2.13982,24.10267,4.486454716543256,1.671322427640435,0.0
19.06032,17.39553,56.34122,3621.7059,-2.20738,24.11399,4.613343098011355,1.718591688371551,0.0
19.10448,17.41645,56.12896,3619.65649,-2.27194,24.12535,4.747770479167553,1.768669424849504,0.0
19.1486,17.43737,55.91085,3617.54575,-2.33332,24.13674,4.88996097561063,1.8216391260316762,0.0
19.19269,17.4583,55.68722,3615.36844,-2.39132,24.14818,5.040131788963244,1.8775817052374255,0.0
19.23676,17.47922,55.45842,3613.11918,-2.44576,24.15965,5.198489538677753,1.936574133649241,0.0
19.28079,17.50015,55.22479,3610.79241,-2.49644,24.17115,5.3652261017146445,1.9986878904834902,0.0
19.32479,17.52108,54.98672,3608.38243,-2.54316,24.18269,5.540513931476436,2.063987219170134,0.0
19.36875,17.54201,54.74459,3605.8834,-2.5857,24.19425,5.724500833836671,2.1325271812860733,0.0
19.41268,17.56294,54.49884,3603.28934,-2.62386,24.20586,5.917304186930072,2.2043515032748964,0.0
19.45657,17.58387,54.24988,3600.59417,-2.65743,24.21749,6.119004603041322,2.279490215333686,0.0
19.50043,17.6048,53.99818,3597.79172,-2.68618,24.22915,6.329639045709198,2.3579570873532045,0.0
19.54425,17.62573,53.7442,3594.87576,-2.70992,24.24084,6.54919343341429,2.439746873596965,0.0
19.58803,17.64665,53.48845,3591.84003,-2.72841,24.25256,6.777594783091679,2.524832385952985,0.0
19.63177,17.66758,53.23144,3588.67826,-2.74144,24.2643,7.0147029723760355,2.613161425153338,0.0
19.67547,17.6885,52.97371,3585.38425,-2.74881,24.27607,7.260302228783507,2.7046536102704737,0.0
19.71912,17.70942,52.71579,3581.95188,-2.7503,24.28786,7.514092486666662,2.7991971589555202,0.0
19.76273,17.73033,52.45828,3578.37516,-2.74573,24.29967,7.7756807882107175,2.89664568408313,0.0
19.80629,17.75124,52.20174,3574.64831,-2.73489,24.31151,8.04457294189427,2.9968150863086187,0.0
19.8498,17.77214,51.94679,3570.76582,-2.71762,24.32336,8.320165689508322,3.0994806360764553,0.0
19.89327,17.79304,51.69404,3566.72247,-2.69374,24.33523,8.601739669133709,3.204374352144199,0.0
19.93668,17.81392,51.44412,3562.51347,-2.66313,24.34712,8.888453494372081,3.311182795940258,0.0
19.98004,17.8348,51.19767,3558.1345,-2.62564,24.35902,9.179339296852039,3.419545411030134,0.0
20.02334,17.85567,50.95535,3553.58176,-2.58118,24.37093,9.473300096803335,3.5290535435861377,0.0
20.06659,17.87653,50.71779,3548.85211,-2.52968,24.38286,9.769109372157926,3.6392502818661834,0.0
20.10978,17.89738,50.48566,3543.94308,-2.47109,24.39479,10.065413186971185,3.7496312491066988,0.0
20.1529,17.91822,50.25961,3538.85302,-2.40539,24.40673,10.360735212228485,3.8596464739051815,0.0
20.19596,17.93904,50.0403,3533.58111,-2.33262,24.41868,10.65348492366367,3.9687034441232765,0.0
20.23896,17.95985,49.82837,3528.12747,-2.25284,24.43063,10.94196919080659,4.07617142411191,0.0
20.28189,17.98064,49.62444,3522.49322,-2.16615,24.44259,11.224407378476403,4.1813870804148845,0.0
20.32475,18.00142,49.42915,3516.6805,-2.07269,24.45454,11.498949967638474,4.283661418528026,0.0
20.36753,18.02218,49.24307,3510.69258,-1.97267,24.4665,11.763700569777978,4.382287983832575,0.0
20.41025,18.04292,49.06679,3504.53382,-1.86633,24.47845,12.016741062415113,4.476552225235969,0.0
20.45288,18.06364,48.90084,3498.20972,-1.75394,24.49039,12.256159419792475,4.565741862835149,0.0
20.49544,18.08434,48.74574,3491.72693,-1.63585,24.50233,12.480079660095587,4.649158044044166,0.0
20.53792,18.10501,48.60196,3485.09322,-1.51244,24.51427,12.686693188527467,4.7261270197141565,0.0
20.58031,18.12567,48.46992,3478.31745,-1.38413,24.52619,12.874290693779464,4.796012026407956,0.0
20.62263,18.1463,48.35002,3471.4095,-1.25138,24.53811,13.041293663868005,4.858225026878537,0.0
20.66485,18.1669,48.24259,3464.38021,-1.11472,24.55001,13.186284534544255,4.912237941144846,0.0
20.70699,18.18748,48.14791,3457.24132,-0.97468,24.5619,13.308034476059028,4.957592997792857,0.0
20.74904,18.20804,48.06623,3450.00532,-0.83183,24.57378,13.405527865973031,4.993911850741295,0.0
20.79099,18.22856,47.9977,3442.68534,-0.68678,24.58565,13.477982587373557,5.020903140861447,0.0
20.83286,18.24906,47.94246,3435.29507,-0.54015,24.5975,13.524865430094922,5.038368233336987,0.0
20.87463,18.26953,47.90056,3427.84854,-0.39256,24.60933,13.545902050804779,5.046204928058213,0.0
20.91631,18.28997,47.872,3420.36007,-0.24466,24.62115,13.541081155952076,5.044409017880203,0.0
20.9579,18.31038,47.85671,3412.84404,-0.0971,24.63296,13.510652797636581,5.03307365378939,0.0
20.99939,18.33076,47.8546,3405.3148,0.04949,24.64475,13.455120902584323,5.012386561750327,0.0
21.04078,18.35111,47.86547,3397.7865,0.19448,24.65652,13.375230375026458,4.982625238188732,0.0
21.08208,18.37143,47.88911,3390.27298,0.33726,24.66828,13.271949312349571,4.944150324853283,0.0
21.12328,18.39172,47.92524,3382.78763,0.47725,24.68002,13.146447037366595,4.897397425258532,0.0
21.16438,18.41198,47.97352,3375.34327,0.61388,24.69174,13.000068774684816,4.842867670965682,0.0
21.20539,18.4322,48.0336,3367.95208,0.74663,24.70346,12.83430787660372,4.781117374998757,0.0
21.24631,18.4524,48.10504,3360.62549,0.875,24.71516,12.6507765346854,4.7127471211339484,0.0
21.28713,18.47257,48.1874,3353.37412,0.99856,24.72685,12.451175899053304,4.638390632552192,0.0
21.32786,18.49271,48.28019,3346.20775,1.11688,24.73852,12.237266473167667,4.558703743114065,0.0
21.36849,18.51281,48.3829,3339.13525,1.22961,24.75019,12.010839564297578,4.474353761909427,0.0
21.40904,18.53289,48.49497,3332.16456,1.33641,24.76184,11.773690457732084,4.386009479945251,0.0
21.44949,18.55294,48.61585,3325.30273,1.43702,24.77349,11.527593854345412,4.294332019992377,0.0
21.48985,18.57296,48.74495,3318.55587,1.53119,24.78513,11.274281975524376,4.199966680094881,0.0
21.53013,18.59296,48.88168,3311.92919,1.61875,24.79677,11.015425604313677,4.1035358708978595,0.0
21.57032,18.61293,49.02542,3305.42705,1.69953,24.8084,10.752618203619889,4.005633199260545,0.0
21.61043,18.63287,49.17557,3299.05296,1.77343,24.82003,10.487363136691728,3.906818707548953,0.0
21.65045,18.65279,49.33151,3292.80964,1.84038,24.83166,10.221063915396734,3.8076152408623587,0.0
21.69039,18.67268,49.49261,3286.69908,1.90035,24.84329,9.955017320106759,3.7085058840096257,0.0
21.73025,18.69255,49.65827,3280.72258,1.95332,24.85492,9.690409172043893,3.6099323865968156,0.0
21.77004,18.7124,49.82788,3274.88078,1.99934,24.86656,9.428312494255314,3.5122944779419365,0.0
21.80975,18.73223,50.00084,3269.17377,2.03846,24.87819,9.169687769663073,3.4159499632052803,0.0
21.84938,18.75203,50.17654,3263.6011,2.07075,24.88984,8.915384991880007,3.3212154873723065,0.0
21.88895,18.77181,50.35442,3258.16187,2.09632,24.9015,8.666147204532436,3.2283678537444733,0.0
21.92844,18.79158,50.5339,3252.85474,2.11529,24.91316,8.422615235029413,3.137645787392837,0.0
21.96786,18.81133,50.71443,3247.67801,2.1278,24.92483,8.18533334676854,3.0492520407534363,0.0
22.00722,18.83106,50.89547,3242.6297,2.134,24.93652,7.9547555573669655,2.9633557473345813,0.0
22.04651,18.85077,51.07649,3237.7075,2.13407,24.94822,7.731252397524665,2.880094939571263,0.0
22.08573,18.87046,51.257,3232.90892,2.12817,24.95994,7.515117913988702,2.799579157613597,0.0
22.1249,18.89014,51.4365,3228.23125,2.1165,24.97167,7.306576749174566,2.7218920866720517,0.0
22.164,18.90981,51.61452,3223.67165,2.09923,24.98342,7.105791158370886,2.6470941711108353,0.0
22.20305,18.92946,51.7906,3219.22712,2.07658,24.99519,6.912867852128665,2.575225163417919,0.0
22.24204,18.9491,51.96432,3214.89461,2.04873,25.00698,6.727864576020147,2.506306575338342,0.0
22.28097,18.96873,52.13526,3210.67095,2.01588,25.01879,6.55079636189342,2.440344006631028,0.0
22.31985,18.98835,52.30301,3206.55297,1.97825,25.03063,6.381641404089579,2.377329334114293,0.0
22.35867,19.00796,52.46721,3202.53743,1.93604,25.04248,6.220346530668709,2.3172427498414825,0.0
22.39744,19.02755,52.62748,3198.62109,1.88944,25.05436,6.066832253636876,2.2600546424434,0.0
22.43617,19.04714,52.78348,3194.80072,1.83866,25.06627,5.920997393643557,2.205727319949787,0.0
22.47484,19.06671,52.93489,3191.07308,1.78389,25.07821,5.782723283864374,2.15421657584625,0.0
22.51347,19.08628,53.08139,3187.43497,1.72533,25.09017,5.65187756495246,2.1054731027934985,0.0
22.55204,19.10585,53.2227,3183.88322,1.66319,25.10216,5.52831758840239,2.0594437604699527,0.0
22.59058,19.1254,53.35853,3180.41466,1.59763,25.11417,5.411893449530582,2.016072705436748,0.0
22.62906,19.14495,53.48863,3177.0262,1.52886,25.12622,5.30245067393294,1.9753023919138937,0.0
22.66751,19.16449,53.61274,3173.71477,1.45706,25.1383,5.199832582787766,1.9370744529178388,0.0
22.70591,19.18402,53.73065,3170.47733,1.3824,25.15041,5.103882363053607,1.9013304714646417,0.0
22.74427,19.20356,53.84214,3167.3109,1.30506,25.16255,5.014444868611764,1.8680126515429487,0.0
22.78258,19.22308,53.947,3164.21254,1.22522,25.17473,4.931368177808203,1.8370643983393313,0.0
22.82086,19.2426,54.04506,3161.17935,1.14305,25.18693,4.85450493190368,1.8084308168461811,0.0
22.8591,19.26212,54.13613,3158.20845,1.05871,25.19917,4.783713477671736,1.7820591375095198,0.0
22.8973,19.28164,54.22007,3155.29704,0.97236,25.21145,4.7188588358969765,1.757899077020097,0.0
22.93546,19.30115,54.29672,3152.4423,0.88416,25.22376,4.659813515928985,1.7359031417561517,0.0
22.97358,19.32065,54.36596,3149.64147,0.79427,25.2361,4.606458194764368,1.7160268807593413,0.0
23.01166,19.34016,54.42767,3146.89181,0.70284,25.24848,4.55868227740807,1.6982290944840797,0.0
23.04971,19.35966,54.48173,3144.19059,0.61003,25.26089,4.516384353572939,1.6824720049301372,0.0
23.08773,19.37917,54.52806,3141.53513,0.51598,25.27334,4.479472564086618,1.6687213921388497,0.0
23.12571,19.39867,54.56658,3138.92271,0.42085,25.28583,4.447864888755924,1.6569467014301762,0.0
23.16365,19.41816,54.59721,3136.35067,0.32476,25.29835,4.421489365857656,1.6471211251687974,0.0
23.20156,19.43766,54.61989,3133.8163,0.22788,25.31091,4.400284251913787,1.639221662284579,0.0
23.23943,19.45716,54.63459,3131.31692,0.13033,25.32351,4.384198128966264,1.6332291582352592,0.0
23.27727,19.47665,54.64125,3128.84983,0.03227,25.33614,4.37318996518903,1.6291283275860187,0.0
23.31508,19.49615,54.63987,3126.41232,-0.06617,25.34881,4.367229133298304,1.626907760867797,0.0
23.35285,19.51564,54.63042,3124.00164,-0.16486,25.36152,4.366295390017187,1.626559916927316,0.0
23.39059,19.53514,54.6129,3121.61504,-0.26364,25.37426,4.370378818531675,1.6280811014904337,0.0
23.4283,19.55463,54.58733,3119.24973,-0.36238,25.38704,4.37947973472766,1.6314714322329549,0.0
23.46597,19.57412,54.55373,3116.90285,-0.46094,25.39986,4.393608556795076,1.6367347902047493,0.0
23.50362,19.59362,54.51212,3114.57155,-0.55918,25.41272,4.412785636615301,1.6438787570171207,0.0
23.54122,19.61311,54.46256,3112.25289,-0.65696,25.42561,4.437041050229312,1.652914536786682,0.0
23.5788,19.6326,54.40509,3109.94389,-0.75413,25.43854,4.466414343497725,1.663856861387025,0.0
23.61635,19.6521,54.33978,3107.64151,-0.85056,25.45151,4.500954227950787,1.6767238771448463,0.0
23.65386,19.67159,54.26672,3105.34263,-0.9461,25.46451,4.5407182206515,1.6915370106794774,0.0
23.69134,19.69109,54.18599,3103.04408,-1.04059,25.47755,4.585772220771485,1.70832081116626,0.0
23.72879,19.71058,54.0977,3100.74261,-1.1339,25.49063,4.6361900143908406,1.7271027658614584,0.0
23.7662,19.73008,54.00195,3098.43487,-1.22587,25.50374,4.692052697919833,1.7479130853116724,0.0
23.80359,19.74957,53.89888,3096.11743,-1.31634,25.51688,4.753448009408016,1.7707844542488882,0.0
23.84093,19.76906,53.78862,3093.7868,-1.40517,25.53007,4.820469555910274,1.795751743763999,0.0
23.87825,19.78856,53.67133,3091.43935,-1.49219,25.54328,4.893215924045946,1.8228516799666792,0.0
23.91553,19.80805,53.54717,3089.07139,-1.57723,25.55653,4.97178965997077,1.8521224639980924,0.0
23.95278,19.82755,53.41632,3086.67912,-1.66014,25.56982,5.056296104132083,1.8836033379465467,0.0
23.99,19.84704,53.27896,3084.25862,-1.74074,25.58314,5.146842065572487,1.9173340909907266,0.0
24.02718,19.86653,53.13532,3081.80589,-1.81887,25.59649,5.243534320118567,1.953354499935474,0.0
24.06433,19.88602,52.98559,3079.31683,-1.89434,25.60987,5.34647791668192,1.9917036982643639,0.0
24.10144,19.90552,52.83002,3076.78722,-1.96699,25.62329,5.455774276181939,2.032419467938415,0.0
24.13852,19.925,52.66886,3074.21274,-2.03663,25.63674,5.571519068318198,2.0755374484379385,0.0
24.17556,19.94449,52.50235,3071.58899,-2.10307,25.65021,5.69379985271585,2.1210902580271385,0.0
24.21256,19.96398,52.33079,3068.91146,-2.16613,25.66372,5.8226934729461775,2.1691065229581916,0.0
24.24952,19.98346,52.15447,3066.17556,-2.22563,25.67726,5.9582631946907645,2.2196098113621097,0.0
24.28645,20.00294,51.97368,3063.37663,-2.28136,25.69082,6.100555582960254,2.2726174699305552,0.0
24.32334,20.02242,51.78875,3060.50993,-2.33314,25.70441,6.249597118003359,2.328139363252912,0.0
24.36019,20.0419,51.60001,3057.57066,-2.38078,25.71803,6.405390555368933,2.3861765178436305,0.0
24.397,20.06137,51.40783,3054.55398,-2.42408,25.73167,6.567911042669053,2.446719675534304,0.0
24.43377,20.08083,51.21256,3051.45503,-2.46284,25.74534,6.737102013973428,2.5097477640275594,0.0
24.4705,20.1003,51.01458,3048.26894,-2.49688,25.75903,6.912870892539212,2.5752262960508463,0.0
24.50718,20.11975,50.8143,3044.99085,-2.52601,25.77274,7.095084643638616,2.6431057126677078,0.0
24.54382,20.1392,50.61211,3041.61594,-2.55004,25.78647,7.2835652316545545,2.7133196909263817,0.0
24.58041,20.15865,50.40846,3038.13947,-2.5688,25.80022,7.478085049067014,2.7857834410369495,0.0
24.61696,20.17809,50.20376,3034.55677,-2.58209,25.81399,7.678362399314635,2.86039202361842,0.0
24.65347,20.19752,49.99848,3030.86332,-2.58977,25.82778,7.884057130400236,2.9370187231019074,0.0
24.68992,20.21694,49.79307,3027.05476,-2.59167,25.84158,8.094766531002566,3.0155135189242723,0.0
24.72632,20.23635,49.58801,3023.12695,-2.58764,25.8554,8.310021615189163,3.0957017014859094,0.0
24.76268,20.25576,49.38378,3019.07596,-2.57756,25.86923,8.529283934868463,3.1773826847052904,0.0
24.79898,20.27515,49.18086,3014.89819,-2.5613,25.88307,8.751943069948005,3.260329071036853,0.0
24.83522,20.29453,48.97975,3010.59034,-2.53876,25.89693,8.977314953940414,3.344286027715179,0.0
24.87142,20.3139,48.78096,3006.1495,-2.50987,25.91079,9.204641196308158,3.42897103431058,0.0
24.90755,20.33326,48.58499,3001.57321,-2.47456,25.92466,9.433089561249128,3.51407406108933,0.0
24.94363,20.35261,48.39234,2996.85944,-2.4328,25.93853,9.661755754819422,3.5992582347639193,0.0
24.97965,20.37194,48.20353,2992.00672,-2.38458,25.95241,9.889666657371528,3.6841610426613314,0.0
25.0156,20.39125,48.01905,2987.01411,-2.32991,25.96629,10.11578511567369,3.768396117913592,0.0
25.0515,20.41055,47.8394,2981.88128,-2.26884,25.98017,10.33901637825018,3.8515556367913484,0.0
25.08733,20.42983,47.66506,2976.60857,-2.20145,25.99404,10.558216218614763,3.933213344822068,0.0
25.12309,20.4491,47.49653,2971.19695,-2.12786,26.00792,10.772200744509112,4.0129282109894415,0.0
25.15879,20.46834,47.33426,2965.64813,-2.0482,26.0218,10.9797578381483,4.090248689525848,0.0
25.19442,20.48757,47.1787,2959.96453,-1.96266,26.03566,11.179660114299582,4.16471754713764,0.0
25.22997,20.50677,47.03028,2954.14929,-1.87147,26.04952,11.370679222069835,4.23587719079727,0.0
25.26546,20.52596,46.88941,2948.20631,-1.77486,26.06338,11.551601255070398,4.303275408435165,0.0
25.30087,20.54512,46.75646,2942.14024,-1.67313,26.07722,11.721242976266378,4.366471413122987,0.0
25.33621,20.56425,46.63181,2935.95644,-1.56661,26.09105,11.878468511634708,4.4250420619004975,0.0
25.37147,20.58337,46.51577,2929.66096,-1.45565,26.10487,12.022206123909443,4.47858810443703,0.0
25.40665,20.60245,46.40863,2923.26056,-1.34064,26.11868,12.151464647437534,4.526740305447683,0.0
25.44175,20.62152,46.31067,2916.76259,-1.22199,26.13247,12.265349149904287,4.56916527909815,0.0
25.47677,20.64055,46.22209,2910.17501,-1.10016,26.14625,12.363075388624859,4.605570874353657,0.0
25.51171,20.65956,46.14309,2903.50628,-0.97562,26.16001,12.443982648955084,4.635710957624805,0.0
25.54656,20.67854,46.07382,2896.76532,-0.84885,26.17375,12.50754459032691,4.659389453201141,0.0
25.58134,20.69749,46.01438,2889.96145,-0.72037,26.18748,12.553377780219718,4.676463522380017,0.0
25.61602,20.71641,45.96483,2883.10426,-0.59069,26.20118,12.581247665937658,4.686845788110776,0.0
25.65063,20.7353,45.92521,2876.20359,-0.46035,26.21487,12.591071814965554,4.690505542112584,0.0
25.68514,20.75416,45.8955,2869.2694,-0.32987,26.22854,12.582920343289421,4.6874689044350974,0.0
25.71957,20.77299,45.87563,2862.31172,-0.19979,26.24219,12.557013542658105,4.677817939550982,0.0
25.75391,20.79179,45.86551,2855.34053,-0.07063,26.25582,12.513716807955218,4.661688766668505,0.0
25.78816,20.81056,45.86502,2848.36573,0.05708,26.26943,12.453533050103314,4.639268733338698,0.0
25.82233,20.8293,45.87396,2841.39701,0.18284,26.28302,12.377092854251723,4.610792749121383,0.0
25.85641,20.848,45.89214,2834.4438,0.30616,26.29659,12.285142704225583,4.576538898882592,0.0
25.8904,20.86667,45.91931,2827.51522,0.42658,26.31015,12.178531639943833,4.536823472331714,0.0
25.9243,20.88531,45.9552,2820.61999,0.54364,26.32368,12.058196743433975,4.491995557180111,0.0
25.95811,20.90392,45.9995,2813.76642,0.65694,26.3372,11.925147861040399,4.442431347761719,0.0
25.99184,20.9225,46.05187,2806.96231,0.76607,26.3507,11.780451964933627,4.388528319283789,0.0
26.02548,20.94105,46.11196,2800.21497,0.87069,26.36419,11.625217537902172,4.330699410750976,0.0
26.05904,20.95957,46.17939,2793.53116,0.97046,26.37766,11.460579333640998,4.269367347771824,0.0
26.09251,20.97805,46.25377,2786.91708,1.0651,26.39111,11.287683823171337,4.204959220967208,0.0
26.12589,20.99651,46.33467,2780.37836,1.15433,26.40455,11.107675589398468,4.137901417585134,0.0
26.1592,21.01493,46.42166,2773.92006,1.23794,26.41798,10.921684879201157,4.068614984326525,0.0
26.19242,21.03333,46.5143,2767.54667,1.31572,26.4314,10.730816468390177,3.9975114792493,0.0
26.22556,21.05169,46.61215,2761.2621,1.38753,26.44481,10.53613994205607,3.9249893509421594,0.0
26.25862,21.07003,46.71474,2755.06974,1.45322,26.45821,10.338681443093755,3.8514308646329054,0.0
26.2916,21.08834,46.82161,2748.97242,1.51271,26.47161,10.139416896683255,3.7771995781292347,0.0
26.3245,21.10662,46.93229,2742.97248,1.56591,26.48499,9.939266679418965,3.702638355929125,0.0
26.35733,21.12488,47.04632,2737.07176,1.6128,26.49838,9.739091669113561,3.6280678976688563,0.0
26.39008,21.14311,47.16324,2731.27167,1.65336,26.51176,9.539690585433343,3.553785747439703,0.0
26.42276,21.16131,47.28258,2725.57315,1.6876,26.52514,9.341798512211843,3.4800657433108784,0.0
26.45536,21.17949,47.40389,2719.97677,1.71554,26.53851,9.146086479336411,3.4071578615712768,0.0
26.48789,21.19765,47.52672,2714.48274,1.73725,26.55189,8.953161974722997,3.33528840745356,0.0
26.52036,21.21578,47.65062,2709.0909,1.75281,26.56527,8.763570254464778,3.264660503198988,0.0
26.55275,21.23389,47.77517,2703.80081,1.76229,26.57865,8.577796321025698,3.1954548249865615,0.0
26.58508,21.25198,47.89993,2698.61173,1.76581,26.59204,8.396267444405046,3.1278305421331662,0.0
26.61734,21.27005,48.0245,2693.52268,1.76349,26.60543,8.219356108826704,3.061926414812848,0.0
26.64954,21.2881,48.14847,2688.53246,1.75546,26.61884,8.047383276989649,2.9978620100760143,0.0
26.68167,21.30612,48.27145,2683.63964,1.74186,26.63225,7.880621874537604,2.9357389999060555,0.0
26.71374,21.32413,48.39307,2678.84264,1.72285,26.64566,7.719300408675174,2.8756425092490745,0.0
26.74576,21.34212,48.51295,2674.13971,1.69859,26.65909,7.56360664623468,2.8176424861905534,0.0
26.77771,21.36009,48.63075,2669.52898,1.66925,26.67254,7.413691287681168,2.76179507061889,0.0
26.8096,21.37804,48.74613,2665.00845,1.63499,26.68599,7.269671584206553,2.708143941688136,0.0
26.84144,21.39598,48.85876,2660.57601,1.59601,26.69946,7.131634854984017,2.6567216280878085,0.0
26.87322,21.4139,48.96833,2656.22947,1.55248,26.71294,6.999641870736966,2.60755076851135,0.0
26.90494,21.43181,49.07456,2651.96658,1.50458,26.72644,6.87373007792437,2.5606453127500037,0.0
26.93661,21.4497,49.17714,2647.78502,1.4525,26.73996,6.753916644984293,2.516011656498675,0.0
26.96823,21.46757,49.27582,2643.6824,1.39643,26.7535,6.640201318300131,2.4736497052785067,0.0
26.99979,21.48543,49.37034,2639.6563,1.33657,26.76705,6.532569080817943,2.433553864841784,0.0
27.03131,21.50328,49.46045,2635.70428,1.27309,26.78062,6.430992610623322,2.395713957056506,0.0
27.06277,21.52112,49.54594,2631.82384,1.20619,26.79422,6.335434540388959,2.360116061610058,0.0
27.09419,21.53894,49.62659,2628.01248,1.13606,26.80783,6.245849521442739,2.3267432849288805,0.0
27.12555,21.55675,49.70219,2624.26767,1.06289,26.82147,6.162186098421696,2.2955764585363987,0.0
27.15687,21.57455,49.77257,2620.58686,0.98686,26.83513,6.084388402097258,2.2665947696749593,0.0
27.18814,21.59234,49.83754,2616.96748,0.90816,26.84881,6.012397669085199,2.2397763274377813,0.0
27.21937,21.61012,49.89695,2613.40696,0.82699,26.86252,5.946153597890172,2.2150986679312203,0.0
27.25055,21.62789,49.95065,2609.9027,0.74351,26.87625,5.8855955510607085,2.1925392021091374,0.0
27.28168,21.64564,49.99851,2606.45211,0.65792,26.89001,5.830663613314497,2.172075609952405,0.0
27.31277,21.66339,50.0404,2603.05257,0.57041,26.90379,5.781299515296919,2.1536861845932678,0.0
27.34382,21.68113,50.07622,2599.70145,0.48114,26.91759,5.737447432260239,2.1373501298443585,0.0
27.37482,21.69886,50.10586,2596.3961,0.3903,26.93143,5.699054666432165,2.1230478143989355,0.0
27.40579,21.71658,50.12925,2593.13386,0.29807,26.94529,5.666072221175066,2.1107609857203022,0.0
27.4367,21.73429,50.14631,2589.91204,0.20463,26.95917,5.638455274306091,2.1004729463660046,0.0
27.46758,21.75199,50.15698,2586.72796,0.11015,26.97308,5.616163557149978,2.092168695194974,0.0
27.49842,21.76969,50.16121,2583.57887,0.01482,26.98702,5.599161645017424,2.0858350355783664,0.0
27.52921,21.78737,50.15898,2580.46203,-0.0812,27.00099,5.587419163963088,2.081460652422355,0.0
27.55996,21.80505,50.15024,2577.37466,-0.17773,27.01498,5.580910917746459,2.0790361594643967,0.0
27.59067,21.82272,50.13499,2574.31395,-0.27459,27.029,5.5796169380541,2.078554117982338,0.0
27.62135,21.84039,50.11323,2571.27704,-0.3716,27.04305,5.5835224601309665,2.0800090277164416,0.0
27.65198,21.85804,50.08496,2568.26106,-0.4686,27.05713,5.592617825108841,2.083397290484155,0.0
27.68257,21.87569,50.05022,2565.26307,-0.56541,27.07123,5.606898309476644,2.0887171466533188,0.0
27.71312,21.89333,50.00904,2562.28011,-0.66184,27.08537,5.62636388130303,2.0959685843286673,0.0
27.74363,21.91096,49.96145,2559.30917,-0.75773,27.09952,5.6510188820745775,2.1051532208281807,0.0
27.77411,21.92859,49.90752,2556.34719,-0.8529,27.11371,5.680871632259276,2.1162741557451117,0.0
27.80454,21.94621,49.84732,2553.39104,-0.94717,27.12792,5.715933958062259,2.129335794652037,0.0
27.83493,21.96382,49.78092,2550.43758,-1.04036,27.14216,5.756220636232265,2.144343642276663,0.0
27.86529,21.98143,49.70843,2547.48357,-1.1323,27.15643,5.801748753275015,2.161304063791942,0.0
27.8956,21.99903,49.62994,2544.52575,-1.2228,27.17072,5.852536975026163,2.1802240127127845,0.0
27.92588,22.01662,49.54557,2541.56079,-1.31168,27.18504,5.908604722226214,2.2011107237760172,0.0
27.95611,22.0342,49.45544,2538.58529,-1.39876,27.19939,5.96997124762713,2.223971369138318,0.0
27.98631,22.05177,49.35971,2535.59582,-1.48385,27.21376,6.036654610149081,2.248812676222609,0.0
28.01646,22.06934,49.25852,2532.58887,-1.56678,27.22815,6.108670541834701,2.2756405056287052,0.0
28.04657,22.0869,49.15203,2529.5609,-1.64736,27.24257,6.18603120375628,2.304459387676012,0.0
28.07665,22.10445,49.04042,2526.50829,-1.72539,27.25702,6.268743827756055,2.3352720164160448,0.0
28.10668,22.122,48.92388,2523.42738,-1.80071,27.27148,6.356809241810597,2.36807870029186,0.0
28.13667,22.13953,48.80261,2520.31448,-1.87311,27.28597,6.4502202781688505,2.402876769127596,0.0
28.16662,22.15706,48.67681,2517.16585,-1.94241,27.30048,6.548960064992327,2.439659937719491,0.0
28.19653,22.17458,48.54673,2513.9777,-2.00842,27.31501,6.653000204307886,2.478417627075354,0.0
28.22639,22.19209,48.41258,2510.74624,-2.07096,27.32956,6.762298841494165,2.519134245247466,0.0
28.25621,22.20959,48.27462,2507.46763,-2.12985,27.34413,6.8767986344203145,2.561788430783323,0.0
28.28599,22.22707,48.1331,2504.13805,-2.18489,27.35872,6.996424633663249,2.606352263050789,0.0
28.31572,22.24455,47.9883,2500.75366,-2.23591,27.37333,7.121082089038006,2.652790445112937,0.0
28.34541,22.26202,47.8405,2497.31065,-2.28273,27.38796,7.250654201846646,2.701059466381626,0.0
28.37505,22.27948,47.68999,2493.80521,-2.32518,27.4026,7.384999846895949,2.7511067540091543,0.0
28.40465,22.29693,47.53708,2490.23361,-2.36308,27.41725,7.523951293269987,2.802869823816073,0.0
28.4342,22.31436,47.38207,2486.59215,-2.39627,27.43192,7.667311958068859,2.856275443499761,0.0
28.4637,22.33178,47.22529,2482.87721,-2.42459,27.4466,7.81485423267295,2.911238822860668,0.0
28.49316,22.34919,47.06707,2479.08529,-2.44789,27.4613,7.966317426474935,2.967662847788385,0.0
28.52256,22.36659,46.90775,2475.21298,-2.46602,27.476,8.121405878148382,3.0254373766594957,0.0
28.55192,22.38397,46.74769,2471.25702,-2.47887,27.49072,8.27978728938359,3.084438619610344,0.0
28.58122,22.40134,46.58722,2467.21433,-2.48629,27.50544,8.441091340043094,3.1445286226460127,0.0
28.61047,22.41869,46.42672,2463.08199,-2.4882,27.52017,8.60490864699667,3.205554879778978,0.0
28.63967,22.43603,46.26655,2458.85732,-2.48448,27.5349,8.770790130798526,3.2673500970996883,0.0
28.66882,22.45335,46.10708,2454.53786,-2.47506,27.54964,8.938246854863847,3.3297321328656047,0.0
28.69791,22.47065,45.94868,2450.12143,-2.45988,27.56438,9.106750400379596,3.392504137165336,0.0
28.72694,22.48794,45.79173,2445.60613,-2.4389,27.57912,9.275733836676938,3.4554549134078965,0.0
28.75592,22.50521,45.63659,2440.99039,-2.41209,27.59387,9.444593340890615,3.518359521688443,0.0
28.78484,22.52246,45.48365,2436.27297,-2.37944,27.60861,9.612690512266042,3.5809801409285567,0.0
28.81371,22.53969,45.33328,2431.45302,-2.34097,27.62335,9.77935541532798,3.6430672025366486,0.0
28.84251,22.5569,45.18583,2426.53005,-2.29673,27.63809,9.943890372350367,3.704360803202755,0.0
28.87125,22.57409,45.04167,2421.504,-2.24678,27.65282,10.10557450921104,3.7645923983490297,0.0
28.89992,22.59125,44.90115,2416.37523,-2.19121,27.66754,10.263669040082856,3.8234867708162374,0.0
28.92854,22.6084,44.76461,2411.14454,-2.13015,27.68226,10.417423255999012,3.8807642617619016,0.0
28.95709,22.62552,44.63239,2405.8132,-2.06373,27.69696,10.56608116057355,3.9361432426407927,0.0
28.98557,22.64261,44.50481,2400.38292,-1.99213,27.71166,10.708888673840752,3.989342798824641,0.0
29.01399,22.65968,44.38216,2394.85589,-1.91555,27.72634,10.845101303207423,4.040085587233703,0.0
29.04234,22.67673,44.26475,2389.23477,-1.83422,27.74102,10.973992159700986,4.088100822600093,0.0
29.07062,22.69375,44.15283,2383.52266,-1.74838,27.75567,11.094860179102337,4.1331273400560855,0.0
29.09883,22.71074,44.04666,2377.72313,-1.65832,27.77031,11.207038392074102,4.17491667597449,0.0
29.12697,22.72771,43.94648,2371.84017,-1.56433,27.78494,11.309902076128962,4.213236104791341,0.0
29.15503,22.74464,43.85248,2365.8782,-1.46675,27.79955,11.402876615713032,4.247871567093774,0.0
29.18302,22.76155,43.76486,2359.84201,-1.36593,27.81413,11.485444895775363,4.27863042391919,0.0
29.21094,22.77843,43.68377,2353.73678,-1.26223,27.8287,11.557154058952078,4.305343973984154,0.0
29.23879,22.79528,43.60935,2347.568,-1.15604,27.84325,11.617621467450377,4.327869674643041,0.0
29.26656,22.81209,43.54171,2341.34145,-1.04777,27.85778,11.666539727211092,4.346093013520785,0.0
29.29425,22.82888,43.48093,2335.06318,-0.93782,27.87229,11.703680653875818,4.35992898593999,0.0
29.32186,22.84563,43.42707,2328.73944,-0.82662,27.88677,11.728898086537612,4.369323143117096,0.0
29.3494,22.86235,43.38015,2322.37665,-0.7146,27.90124,11.742129485089684,4.37425218721679,0.0
29.37686,22.87904,43.34017,2315.98135,-0.60221,27.91568,11.743396279319038,4.374724101398586,0.0
29.40423,22.89569,43.30711,2309.56016,-0.48988,27.93009,11.732802971054813,4.370777815343447,0.0
29.43153,22.91231,43.28091,2303.11973,-0.37804,27.94448,11.710535023549234,4.362482418992658,0.0
29.45875,22.9289,43.26149,2296.66669,-0.26712,27.95885,11.676855603419957,4.349935948835626,0.0
29.4859,22.94545,43.24875,2290.20762,-0.15756,27.9732,11.632101268652965,4.333263781577504,0.0
29.51296,22.96197,43.24255,2283.74898,-0.04976,27.98752,11.57667672051689,4.312616679089186,0.0
29.53994,22.97845,43.24274,2277.29711,0.05588,28.00182,11.511048756626677,4.288168535764428,0.0
29.56684,22.9949,43.24915,2270.85817,0.15896,28.0161,11.435739576667455,4.260113884725839,0.0
29.59366,23.01132,43.26157,2264.4381,0.25913,28.03036,11.351319600923127,4.228665222537831,0.0
29.6204,23.0277,43.2798,2258.04261,0.35602,28.04459,11.258399964771444,4.194050213208561,0.0
29.64706,23.04404,43.30359,2251.67715,0.44932,28.0588,11.15762485020413,4.156508831479391,0.0
29.67365,23.06035,43.33268,2245.34686,0.53871,28.07299,11.04966380840234,4.116290502782254,0.0
29.70015,23.07663,43.36683,2239.05661,0.62391,28.08717,10.935204216306756,4.07365129311353,0.0
29.72658,23.09287,43.40573,2232.81092,0.70467,28.10132,10.81494399571268,4.028851196705395,0.0
29.75293,23.10908,43.44911,2226.61401,0.78075,28.11545,10.689584706412683,3.9821515630397335,0.0
29.7792,23.12526,43.49665,2220.46972,0.85194,28.12957,10.55982510643992,3.9338126978693246,0.0
29.8054,23.1414,43.54805,2214.38161,0.91805,28.14367,10.426355253015368,3.88409166566548,0.0
29.83152,23.15751,43.60298,2208.35286,0.97893,28.15775,10.289851198478079,3.833240313712506,0.0
29.85756,23.17358,43.66113,2202.38632,1.03445,28.17182,10.150970316672606,3.7815035310640446,0.0
29.88353,23.18963,43.72216,2196.48452,1.0845,28.18588,10.01034727776118,3.7291177490547023,0.0
29.90943,23.20564,43.78574,2190.64966,1.12899,28.19992,9.868590673476472,3.6763096841179115,0.0
29.93525,23.22162,43.85153,2184.88363,1.16786,28.21395,9.72628028081818,3.6232953184409133,0.0
29.96101,23.23757,43.91922,2179.18802,1.20108,28.22798,9.583964940315804,3.570279109561808,0.0
29.98669,23.25349,43.98846,2173.56412,1.22861,28.24199,9.442161015282286,3.517453416401002,0.0
30.0123,23.26939,44.05892,2168.01294,1.25047,28.25599,9.301351390941772,3.4649981264099665,0.0
30.03785,23.28525,44.13029,2162.53525,1.26667,28.26999,9.161984966819482,3.4130804664731023,0.0
30.06332,23.30108,44.20223,2157.13155,1.27726,28.28399,9.024476592280308,3.3618549788941756,0.0
30.08873,23.31688,44.27444,2151.8021,1.28228,28.29797,8.889207393213283,3.311463643094877,0.0
30.11407,23.33266,44.34659,2146.54697,1.28182,28.31196,8.756525437557881,3.26203612354088,0.0
30.13935,23.34841,44.41839,2141.36599,1.27594,28.32594,8.626746688246978,3.2136901247381644,0.0
30.16457,23.36413,44.48954,2136.25882,1.26476,28.33992,8.500156194111046,3.1665318348761673,0.0
30.18972,23.37983,44.55975,2131.22494,1.24838,28.3539,8.377009472002277,3.120656440705385,0.0
30.2148,23.3955,44.62875,2126.26366,1.22693,28.36789,8.25753403669501,3.0761486974655305,0.0
30.23983,23.41114,44.69625,2121.37414,1.20053,28.38187,8.14193103887064,3.033083539078018,0.0
30.2648,23.42676,44.762,2116.55541,1.16933,28.39586,8.030376975375733,2.991526715262104,0.0
30.2897,23.44236,44.82575,2111.80635,1.13347,28.40985,7.923025439987213,2.9515354437409895,0.0
30.31455,23.45793,44.88724,2107.12574,1.09311,28.42385,7.820008886911207,2.913159067191535,0.0
30.33934,23.47348,44.94626,2102.51225,1.04841,28.43785,7.721440383065999,2.8764397060157716,0.0
30.36407,23.489,45.00258,2097.96443,0.99954,28.45186,7.627415328872625,2.8414128993806713,0.0
30.38875,23.50451,45.05599,2093.48077,0.94668,28.46587,7.538013130695446,2.808108228246266,0.0
30.41337,23.51999,45.10628,2089.05965,0.88999,28.4799,7.453298811162964,2.7765499152525215,0.0
30.43794,23.53545,45.15327,2084.69938,0.82967,28.49393,7.373324546446535,2.7467573973961046,0.0
30.46245,23.55089,45.19678,2080.39819,0.76589,28.50798,7.298131122049935,2.718745868350303,0.0
30.48691,23.56631,45.23664,2076.15426,0.69885,28.52203,7.227749300862626,2.6925267881008628,0.0
30.51132,23.5817,45.2727,2071.9657,0.62873,28.5361,7.162201099101018,2.668108358267677,0.0
30.53567,23.59708,45.30481,2067.83056,0.55573,28.55018,7.101500967391274,2.6454959620892113,0.0
30.55997,23.61244,45.33283,2063.74683,0.48004,28.56427,7.045656875522544,2.6246925685216214,0.0
30.58422,23.62778,45.35664,2059.71245,0.40185,28.57837,6.994671300545407,2.6056991003314223,0.0
30.60843,23.6431,45.37613,2055.72532,0.32137,28.59249,6.948542118679512,2.588514766354554,0.0
30.63258,23.6584,45.3912,2051.78328,0.23879,28.60662,6.907263402219567,2.5731373583648285,0.0
30.65668,23.67369,45.40175,2047.88413,0.1543,28.62077,6.870826123060219,2.5595635131554566,0.0
30.68074,23.68895,45.40772,2044.02562,0.06811,28.63493,6.839218764826806,2.5477889405738634,0.0
30.70474,23.7042,45.40902,2040.20547,-0.01958,28.6491,6.812427845780677,2.5378086183176753,0.0
30.7287,23.71943,45.40561,2036.42134,-0.10857,28.6633,6.790438354773807,2.529616954339287,0.0
30.75261,23.73464,45.39743,2032.67087,-0.19867,28.6775,6.773234102519534,2.52320791770345,0.0
30.77647,23.74983,45.38445,2028.95162,-0.28966,28.69173,6.7607979904101345,2.518575138728896,0.0
30.80029,23.76501,45.36665,2025.26116,-0.38136,28.70597,6.753112198955566,2.515711979186725,0.0
30.82406,23.78017,45.34401,2021.59698,-0.47355,28.72022,6.750158297815229,2.5146115732901335,0.0
30.84778,23.79531,45.31653,2017.95654,-0.56604,28.7345,6.751917279179613,2.5152668401299514,0.0
30.87146,23.81044,45.28421,2014.33726,-0.65862,28.74879,6.758369516125732,2.5176704681609516,0.0
30.89509,23.82555,45.24707,2010.73653,-0.7511,28.76309,6.769494647357646,2.5218148722646596,0.0
30.91867,23.84064,45.20515,2007.15169,-0.84327,28.77741,6.7852713896542625,2.5276921238812227,0.0
30.94221,23.85572,45.15847,2003.58004,-0.93492,28.79175,6.805677279170998,2.535293854637473,0.0
30.96571,23.87078,45.10709,2000.01885,-1.02587,28.80611,6.830688342735413,2.5446111338959057,0.0
30.98916,23.88582,45.05107,1996.46534,-1.1159,28.82048,6.8602787002347325,2.555634320633566,0.0
31.01256,23.90085,44.99047,1992.91671,-1.20481,28.83486,6.894420099269669,2.5683528900883528,0.0
31.03592,23.91586,44.92538,1989.37012,-1.29242,28.84926,6.933081383401972,2.5827552356672423,0.0
31.05923,23.93086,44.85589,1985.82269,-1.3785,28.86368,6.976227895528082,2.598828446687277,0.0
31.0825,23.94583,44.7821,1982.27152,-1.46288,28.87811,7.023820818314913,2.616558062670535,0.0
31.10572,23.96079,44.70411,1978.71367,-1.54534,28.89256,7.075816454012831,2.635927805055522,0.0
31.12889,23.97574,44.62205,1975.1462,-1.6257,28.90702,7.132165446588489,2.6569192874211804,0.0
31.15202,23.99067,44.53605,1971.56612,-1.70375,28.92149,7.192811949813909,2.679511705578185,0.0
31.17511,24.00558,44.44625,1967.97045,-1.77931,28.93598,7.257692745770851,2.703681509188629,0.0
31.19815,24.02047,44.35279,1964.35618,-1.85218,28.95048,7.326736319203927,2.7294020569382003,0.0
31.22114,24.03534,44.25583,1960.72031,-1.92217,28.96499,7.399861894301851,2.7566432577118554,0.0
31.24408,24.0502,44.15555,1957.05981,-1.9891,28.97952,7.476978441685272,2.7853712006706575,0.0
31.26698,24.06504,44.05211,1953.37171,-2.05278,28.99405,7.557983664779859,2.8155477776490856,0.0
31.28983,24.07986,43.9457,1949.653,-2.11304,29.0086,7.642762976220225,2.8471303018385576,0.0
31.31264,24.09467,43.83652,1945.90073,-2.1697,29.02315,7.7311884765152055,2.880071127313376,0.0
31.33539,24.10945,43.72476,1942.11197,-2.22259,29.03771,7.823117948829881,2.9143172745605836,0.0
31.3581,24.12422,43.61063,1938.28382,-2.27155,29.05228,7.9183938854137095,2.949810067798824,0.0
31.38076,24.13896,43.49435,1934.41345,-2.31642,29.06686,8.016842562887609,2.9864847904984533,0.0
31.40337,24.15369,43.37615,1930.49809,-2.35706,29.08144,8.118273185150771,3.024270366091773,0.0
31.42593,24.1684,43.25625,1926.53503,-2.39331,29.09602,8.222477114215673,3.0630890714388332,0.0
31.44844,24.18309,43.13488,1922.52165,-2.42505,29.11062,8.329227210540703,3.1028562910839836,0.0
31.4709,24.19775,43.01229,1918.45546,-2.45215,29.12521,8.438277305485505,3.143480320731606,0.0
31.49331,24.2124,42.88872,1914.33404,-2.4745,29.1398,8.549361829247669,3.1848622286427393,0.0
31.51567,24.22702,42.76442,1910.15512,-2.492,29.1544,8.66219561792862,3.2268957837620507,0.0
31.53798,24.24162,42.63964,1905.91656,-2.50456,29.169,8.776473923200756,3.2694674593190975,0.0
31.56023,24.2562,42.51464,1901.61639,-2.5121,29.18359,8.89187264730504,3.3124565203711134,0.0
31.58243,24.27076,42.38968,1897.25279,-2.51455,29.19819,9.008048824674367,3.355735203220383,0.0
31.60458,24.28529,42.26501,1892.82415,-2.51188,29.21278,9.124641369433034,3.399168993877468,0.0
31.62667,24.2998,42.1409,1888.32901,-2.50404,29.22736,9.241272105147704,3.442617011670529,0.0
31.6487,24.31429,42.0176,1883.76617,-2.49104,29.24194,9.357547089563719,3.4859325027444603,0.0
31.67068,24.32875,41.89536,1879.13462,-2.47286,29.25651,9.473058242732577,3.528963446581216,0.0
31.6926,24.34318,41.77445,1874.43359,-2.44953,29.27108,9.587385281729631,3.5715532767330562,0.0
31.71447,24.35759,41.65511,1869.66257,-2.42109,29.28563,9.700097959377679,3.613541714805988,0.0
31.73627,24.37198,41.53759,1864.8213,-2.38761,29.30018,9.810758597983394,3.654765714343254,0.0
31.75802,24.38633,41.42213,1859.90976,-2.34915,29.31471,9.918924902185841,3.695060508685416,0.0
31.77971,24.40066,41.30896,1854.92823,-2.30583,29.32923,10.02415302792174,3.734260754240658,0.0
31.80133,24.41496,41.19831,1849.87726,-2.25776,29.34374,10.126000877185605,3.7722017578696425,0.0
31.8229,24.42923,41.0904,1844.75766,-2.20509,29.35823,10.224031581216812,3.8087207744643257,0.0
31.8444,24.44347,40.98544,1839.57055,-2.14798,29.3727,10.317817127938048,3.843658358264234,0.0
31.86584,24.45768,40.88362,1834.3173,-2.08661,29.38716,10.406942083412792,3.876859749197287,0.0
31.88722,24.47186,40.78513,1828.99957,-2.02118,29.4016,10.491007351848369,3.9081762735798735,0.0
31.90853,24.48601,40.69015,1823.6193,-1.95192,29.41603,10.56963391455617,3.937466736977902,0.0
31.92978,24.50013,40.59884,1818.17868,-1.87907,29.43043,10.64246648558951,3.9645987860280987,0.0
31.95096,24.51422,40.51135,1812.68017,-1.80289,29.44481,10.709177020489319,3.9894502155380898,0.0
31.97208,24.52827,40.4278,1807.12644,-1.72366,29.45917,10.769468015073597,4.0119101973722735,0.0
31.99313,24.54229,40.34831,1801.52044,-1.64166,29.47351,10.823075533288765,4.031880408406117,0.0
32.01411,24.55628,40.273,1795.86528,-1.5572,29.48782,10.869771907096963,4.049276036305211,0.0
32.03502,24.57023,40.20193,1790.1643,-1.47061,29.50211,10.909368056864754,4.064026643931115,0.0
32.05587,24.58415,40.13519,1784.42101,-1.3822,29.51638,10.941715387859583,4.076076875836192,0.0
32.07664,24.59804,40.07282,1778.63907,-1.29232,29.53062,10.96670722681402,4.085386993421578,0.0
32.09735,24.61189,40.01485,1772.82228,-1.20131,29.54483,10.984279772083584,4.091933228895983,0.0
32.11799,24.6257,39.96132,1766.97455,-1.10953,29.55902,10.994412541100772,4.095707951964084,0.0
32.13855,24.63947,39.91221,1761.09988,-1.01732,29.57319,10.997128309602964,4.096719647187321,0.0
32.15905,24.65321,39.8675,1755.20233,-0.92504,29.58732,10.992492547857772,4.094992703963005,0.0
32.17947,24.66692,39.82718,1749.286,-0.83306,29.60144,10.980612369622909,4.090567024984216,0.0
32.19982,24.68058,39.79119,1743.35503,-0.74171,29.61552,10.961635019476258,4.083497462730455,0.0
32.2201,24.69421,39.75945,1737.41353,-0.65135,29.62958,10.93574593317828,4.0738530969016,0.0
32.24031,24.70781,39.7319,1731.46561,-0.56232,29.64361,10.90316641349138,4.061716368599477,0.0
32.26045,24.72136,39.70844,1725.5153,-0.47495,29.65761,10.864150970345337,4.0471820894694845,0.0
32.28051,24.73488,39.68896,1719.56658,-0.38957,29.67159,10.818984379159945,4.0303563458483875,0.0
32.30051,24.74836,39.67332,1713.62336,-0.30649,29.68554,10.767978514396328,4.011355319178869,0.0
32.32043,24.7618,39.66141,1707.68942,-0.226,29.69947,10.711469017134416,3.990304044594449,0.0
32.34028,24.7752,39.65306,1701.76844,-0.14839,29.71337,10.649811855572484,3.9673351296150714,0.0
32.36006,24.78857,39.64813,1695.86395,-0.07393,29.72725,10.583379835975807,3.942587454383676,0.0
32.37977,24.80189,39.64644,1689.97935,-0.00288,29.7411,10.512559118946234,3.916204873884948,0.0
32.3994,24.81518,39.64782,1684.11788,0.06454,29.75493,10.43774579201698,3.8883349411466988,0.0
32.41897,24.82843,39.65207,1678.28259,0.12809,29.76873,10.359342544894377,3.859127668679943,0.0
32.43847,24.84165,39.65901,1672.4764,0.1876,29.78252,10.277755488140098,3.828734343354315,0.0
32.45789,24.85483,39.66843,1666.70202,0.24286,29.79628,10.19339115015672,3.7973064076961798,0.0
32.47725,24.86797,39.68013,1660.96199,0.29373,29.81002,10.106653681142607,3.764994418288261,0.0
32.49653,24.88107,39.6939,1655.25865,0.34006,29.82374,10.017942286359308,3.7319470895942075,0.0
32.51575,24.89414,39.70953,1649.59417,0.38172,29.83744,9.927648904889066,3.6983104292346924,0.0
32.5349,24.90717,39.7268,1643.97052,0.41862,29.85112,9.836156144192971,3.664226968555981,0.0
32.55398,24.92016,39.74549,1638.38949,0.45067,29.86478,9.743835475224468,3.6298350902622194,0.0
32.57299,24.93312,39.76539,1632.85269,0.4778,29.87843,9.651045687879266,3.5952684530298904,0.0
32.59194,24.94604,39.78627,1627.36152,0.49997,29.89206,9.558131602122804,3.560655511368878,0.0
32.61082,24.95893,39.80792,1621.91724,0.51714,29.90567,9.465423026309914,3.5261191275691393,0.0
32.62963,24.97178,39.83011,1616.52091,0.5293,29.91927,9.373233950999046,3.4917762713752847,0.0
32.64838,24.9846,39.85265,1611.17343,0.53646,29.93286,9.281861964005166,3.457737802078396,0.0
32.66707,24.99738,39.8753,1605.87553,0.53863,29.94644,9.191587870454422,3.424108326976389,0.0
32.68569,25.01013,39.89787,1600.62778,0.53585,29.96,9.10267550021035,3.390986129635215,0.0
32.70425,25.02284,39.92014,1595.4306,0.52817,29.97355,9.01537168413059,3.358463161043855,0.0
32.72274,25.03552,39.94192,1590.28428,0.51565,29.9871,8.929906380214073,3.3266250866074683,0.0
32.74118,25.04817,39.96301,1585.18893,0.49837,30.00063,8.846492930652477,3.295551381905827,0.0
32.75955,25.06079,39.98322,1580.14456,0.47641,30.01416,8.765328431177915,3.2653154702850444,0.0
32.77786,25.07337,40.00237,1575.15103,0.44988,30.02768,8.686594194629237,3.2359848955482198,0.0
32.79611,25.08592,40.02027,1570.20808,0.41888,30.0412,8.610456291562588,3.207621523347096,0.0
32.81431,25.09844,40.03675,1565.31534,0.38354,30.05471,8.537066151714955,3.1802817652430564,0.0
32.83244,25.11093,40.05165,1560.47232,0.34399,30.06821,8.466561211247583,3.15401681982233,0.0
32.85051,25.12339,40.0648,1555.67843,0.30036,30.08172,8.39906559193928,3.1288729257133614,0.0
32.86853,25.13582,40.07606,1550.93296,0.25281,30.09522,8.334690799707055,3.104891621804133,0.0
32.88649,25.14821,40.08528,1546.23512,0.20148,30.10871,8.273536431144702,3.08211001044638,0.0
32.90439,25.16058,40.09233,1541.58403,0.14655,30.12221,8.215690877954382,3.06056101987488,0.0
32.92224,25.17292,40.09707,1536.9787,0.08818,30.13571,8.161232020409507,3.0402736625406344,0.0
32.94003,25.18523,40.09939,1532.41808,0.02654,30.1492,8.110227902094877,3.021273286469315,0.0
32.95777,25.19751,40.09917,1527.90102,-0.03818,30.1627,8.062737379260556,3.0035818171626714,0.0
32.97545,25.20976,40.0963,1523.42631,-0.1058,30.1762,8.018810739147543,2.9872179879411136,0.0
32.99308,25.22198,40.0907,1518.99266,-0.17614,30.1897,7.978490282550524,2.972197556963662,0.0
33.01065,25.23418,40.08226,1514.5987,-0.24899,30.2032,7.941810866738953,2.9585335094803384,0.0
33.02817,25.24634,40.07092,1510.24302,-0.32417,30.21671,7.908800405624286,2.9462362441576198,0.0
33.04564,25.25848,40.05661,1505.9241,-0.40146,30.23022,7.879480324737411,2.935313742569501,0.0
33.06305,25.27059,40.03925,1501.64041,-0.48067,30.24373,7.853865969218264,2.925771721184363,0.0
33.08042,25.28268,40.0188,1497.39032,-0.5616,30.25724,7.831966963540792,2.9176137653719874,0.0
33.09773,25.29473,39.99521,1493.17218,-0.64403,30.27077,7.813787522194431,2.910841445140579,0.0
33.11499,25.30676,39.96844,1488.98425,-0.72775,30.28429,7.799326710995319,2.905454412482067,0.0
33.1322,25.31877,39.93846,1484.82476,-0.81256,30.29782,7.788578659057817,2.9014504803370817,0.0
33.14936,25.33075,39.90526,1480.69189,-0.89824,30.31136,7.78153272183508,2.8988256833318458,0.0
33.16647,25.3427,39.86882,1476.58377,-0.98458,30.3249,7.778173595939923,2.897574320551979,0.0
33.18353,25.35462,39.82914,1472.49848,-1.07137,30.33844,7.7784813867735885,2.897688980735983,0.0
33.20054,25.36652,39.78623,1468.43407,-1.15838,30.352,7.782431630260485,2.8991605503720135,0.0
33.2175,25.37839,39.74009,1464.38854,-1.24541,30.36555,7.789995270266721,2.901978205285682,0.0
33.23441,25.39024,39.69075,1460.35986,-1.33225,30.37912,7.801138593580932,2.906129386418708,0.0
33.25127,25.40206,39.63824,1456.34596,-1.41867,30.39269,7.815823124557179,2.911599760580623,0.0
33.26808,25.41386,39.5826,1452.34475,-1.50447,30.40626,7.83400548189449,2.9183731670953863,0.0
33.28484,25.42563,39.52386,1448.35409,-1.58943,30.41984,7.855637200245577,2.926431551345931,0.0
33.30156,25.43737,39.4621,1444.37184,-1.67335,30.43342,7.880664519742377,2.9357548863668965,0.0
33.31822,25.44909,39.39735,1440.39583,-1.75602,30.44701,7.909028146820717,2.946321083745521,0.0
33.33484,25.46078,39.3297,1436.42386,-1.83723,30.4606,7.940662990107783,2.9581058952327752,0.0
33.3514,25.47245,39.25922,1432.45373,-1.91678,30.4742,7.975497875538113,2.9710828066165718,0.0
33.36792,25.48409,39.18599,1428.48323,-1.99447,30.4878,8.013455245231555,2.9852229255458824,0.0
33.38439,25.4957,39.11011,1424.51014,-2.07011,30.50141,8.054450845112228,3.0004948651605843,0.0
33.40081,25.50729,39.03166,1420.53224,-2.1435,30.51502,8.098393406704927,3.016864625552244,0.0
33.41719,25.51885,38.95075,1416.54732,-2.21445,30.52863,8.145184328921092,3.034295475221024,0.0
33.43351,25.53039,38.86749,1412.55318,-2.28279,30.54224,8.194717366155745,3.05274783488358,0.0
33.44978,25.5419,38.782,1408.54762,-2.34833,30.55586,8.246878329398992,3.072179166129232,0.0
33.46601,25.55339,38.69439,1404.52849,-2.41091,30.56947,8.301544807480335,3.092543867576136,0.0
33.48219,25.56484,38.60479,1400.49364,-2.47035,30.58309,8.358585915948739,3.1137931813225075,0.0
33.49831,25.57628,38.51334,1396.44098,-2.52651,30.59671,8.41786208139027,3.135875112599257,0.0
33.51439,25.58768,38.42016,1392.36843,-2.57922,30.61032,8.479224869209867,3.1587343656141744,0.0
33.53042,25.59906,38.32541,1388.274,-2.62836,30.62394,8.542516863140708,3.182312298665999,0.0
33.54639,25.61041,38.22923,1384.15572,-2.67378,30.63755,8.607571604714494,3.2065469015955017,0.0
33.56232,25.62173,38.13175,1380.0117,-2.71536,30.65116,8.674213600932916,3.231372798643315,0.0
33.5782,25.63303,38.03315,1375.84011,-2.753,30.66477,8.742258408152765,3.2567212796993377,0.0
33.59402,25.64429,37.93356,1371.63922,-2.78658,30.67837,8.811512799827533,3.2825203627909008,0.0
33.6098,25.65553,37.83315,1367.40735,-2.81601,30.69196,8.881775025246638,3.3086948904699316,0.0
33.62552,25.66674,37.73207,1363.14294,-2.84123,30.70555,8.95283516568916,3.335166662489593,0.0
33.64119,25.67792,37.6305,1358.84453,-2.86215,30.71914,9.024475593491943,3.36185460681923,0.0
33.65682,25.68908,37.52857,1354.51077,-2.87873,30.73271,9.096471538437132,3.3886749906386338,0.0
33.67238,25.7002,37.42647,1350.1404,-2.89093,30.74628,9.168591764567173,3.4155416724694287,0.0
33.6879,25.71129,37.32434,1345.73231,-2.89872,30.75983,9.240599359036914,3.4423663960432447,0.0
33.70336,25.72236,37.22236,1341.28552,-2.90209,30.77338,9.312252632912033,3.469059125872827,0.0
33.71877,25.73339,37.12067,1336.79915,-2.90105,30.78691,9.383306132046025,3.4955284238303173,0.0
33.73413,25.7444,37.01944,1332.27251,-2.89561,30.80044,9.453511754132972,3.5216818652787962,0.0
33.74943,25.75537,36.91882,1327.70503,-2.88581,30.81394,9.522619966039976,3.5474264925606462,0.0
33.76467,25.76631,36.81896,1323.09628,-2.87171,30.82744,9.590381113337031,3.5726693028318866,0.0
33.77987,25.77722,36.72001,1318.446,-2.85337,30.84092,9.656546811854758,3.5973177664540437,0.0
33.795,25.7881,36.62211,1313.75409,-2.83087,30.85438,9.72087140899626,3.621280371371265,0.0
33.81008,25.79894,36.5254,1309.0206,-2.80432,30.86783,9.783113500521377,3.6444671881523614,0.0
33.82511,25.80975,36.43002,1304.24575,-2.77384,30.88126,9.843037486751022,3.6667904497178747,0.0
33.84008,25.82053,36.33609,1299.42992,-2.73955,30.89467,9.900415150417855,3.68816513913096,0.0
33.85499,25.83128,36.24374,1294.57363,-2.70162,30.90806,9.955027237180303,3.708509578380455,0.0
33.86984,25.84199,36.15307,1289.67758,-2.66019,30.92143,10.00666501866938,3.727746010656938,0.0
33.88464,25.85267,36.0642,1284.74264,-2.61545,30.93478,10.05513181738803,3.745801168417859,0.0
33.89937,25.86331,35.97722,1279.76979,-2.56759,30.94811,10.100244472502169,3.762606819433269,0.0
33.91405,25.87392,35.89223,1274.76021,-2.51683,30.96141,10.141834725769801,3.778100283080885,0.0
33.92867,25.88449,35.80932,1269.71519,-2.46338,30.9747,10.179750507492702,3.792224909396924,0.0
33.94323,25.89503,35.72854,1264.63616,-2.40747,30.98796,10.21385710348762,3.804930513803581,0.0
33.95773,25.90553,35.64997,1259.52469,-2.34934,31.00119,10.244038185614052,3.8161737610077404,0.0
33.97217,25.91599,35.57366,1254.38247,-2.28925,31.0144,10.270196690292465,3.8259184922721308,0.0
33.98655,25.92642,35.49967,1249.2113,-2.22747,31.02759,10.292255531817993,3.8341359911434414,0.0
34.00087,25.93681,35.42801,1244.01309,-2.16425,31.04075,10.310158139810126,3.8408051836664763,0.0
34.01513,25.94717,35.35874,1238.78985,-2.09987,31.05388,10.323868813127543,3.845912770226741,0.0
34.02933,25.95748,35.29185,1233.54366,-2.03462,31.06699,10.333372885474688,3.8494532872432465,0.0
34.04346,25.96776,35.22735,1228.27668,-1.96878,31.08007,10.338676701181042,3.851429098145653,0.0
34.05754,25.978,35.16525,1222.99114,-1.90263,31.09312,10.339807402715007,3.8518503142176024,0.0
34.07155,25.98821,35.10553,1217.68932,-1.83647,31.10614,10.336812534615397,3.8507346470507757,0.0
34.0855,25.99837,35.04817,1212.37352,-1.77057,31.11914,10.329759471446321,3.848107195443035,0.0
34.09938,26.0085,34.99314,1207.04611,-1.70523,31.13211,10.318734680079775,3.8440001705792763,0.0
34.11321,26.01858,34.9404,1201.70944,-1.64072,31.14506,10.303842829102207,3.8384525642619516,0.0
34.12697,26.02863,34.8899,1196.36589,-1.57733,31.15797,10.285205760179652,3.831509765717504,0.0
34.14067,26.03864,34.84159,1191.01784,-1.51533,31.17086,10.26296133798807,3.8232231331651665,0.0
34.1543,26.04861,34.79539,1185.66763,-1.45497,31.18373,10.237262196620085,3.813649526820487,0.0
34.16788,26.05854,34.75125,1180.31762,-1.39653,31.19656,10.208274401276881,3.802850810340345,0.0
34.18139,26.06843,34.70907,1174.97009,-1.34025,31.20937,10.1761760445669,3.7908933279072827,0.0
34.19484,26.07828,34.66877,1169.62732,-1.28636,31.22215,10.14115579675316,3.77784736415849,0.0
34.20822,26.0881,34.63026,1164.29152,-1.2351,31.23491,10.103411429060346,3.7637865940788324,0.0
34.22154,26.09787,34.59345,1158.96486,-1.18667,31.24764,10.063148328383944,3.748787529690935,0.0
34.2348,26.1076,34.55822,1153.64942,-1.14129,31.26034,10.020578020892993,3.732928970058354,0.0
34.248,26.1173,34.52448,1148.34723,-1.09915,31.27302,9.975916720611187,3.716291460593848,0.0
34.26114,26.12695,34.4921,1143.06025,-1.06041,31.28568,9.929383917759944,3.698956767180031,0.0
34.27421,26.13657,34.46097,1137.79035,-1.02525,31.29831,9.88120101986096,3.681007369944316,0.0
34.28722,26.14614,34.43098,1132.53931,-0.99381,31.31092,9.831590056959687,3.6625259809205972,0.0
34.30017,26.15568,34.402,1127.30884,-0.96622,31.32351,9.780772460440291,3.6435950891256854,0.0
34.31306,26.16518,34.37391,1122.10054,-0.9426,31.33607,9.728967923078898,3.624296535899154,0.0
34.32589,26.17464,34.34658,1116.91592,-0.92306,31.34862,9.676393346207377,3.6047111226941406,0.0
34.33865,26.18406,34.31989,1111.7564,-0.90767,31.36114,9.623261878012748,3.5849182528185772,0.0
34.35136,26.19344,34.29371,1106.62331,-0.89652,31.37364,9.569782045444256,3.5649956080477327,0.0
34.364,26.20278,34.2679,1101.51786,-0.88965,31.38613,9.516156980550774,3.5450188604145345,0.0
34.37659,26.21208,34.24235,1096.44117,-0.88711,31.39859,9.462583740717918,3.525061418980021,0.0
34.38912,26.22135,34.21693,1091.39428,-0.88893,31.41104,9.409252721002842,3.5051942109125744,0.0
34.40158,26.23058,34.19152,1086.37809,-0.89511,31.42347,9.356347155641455,3.4854854957862558,0.0
34.41399,26.23977,34.16598,1081.39343,-0.90566,31.43589,9.304042704889566,3.4660007116682516,0.0
34.42634,26.24892,34.1402,1076.44103,-0.92055,31.44829,9.25250712257297,3.44680235127254,0.0
34.43863,26.25804,34.11406,1071.52152,-0.93976,31.46067,9.201899999105397,3.427949866227312,0.0
34.45087,26.26712,34.08744,1066.63542,-0.96324,31.47304,9.152372574257612,3.409499597326536,0.0
34.46304,26.27616,34.06023,1061.78317,-0.99094,31.4854,9.104067613646704,3.3915047285189655,0.0
34.47516,26.28517,34.03231,1056.96512,-1.02278,31.49775,9.057119342731033,3.374015262319527,0.0
34.48722,26.29413,34.00359,1052.1815,-1.05868,31.51008,9.011653431953349,3.3570780142747303,0.0
34.49923,26.30307,33.97396,1047.4325,-1.09855,31.5224,8.967787026788438,3.340736624156216,0.0
34.51118,26.31196,33.94331,1042.71817,-1.14228,31.53472,8.925628816505657,3.3250315815766087,0.0
34.52308,26.32083,33.91157,1038.0385,-1.18977,31.54702,8.885279135634919,3.31000026378826,0.0
34.53492,26.32965,33.87862,1033.39339,-1.24088,31.55931,8.846830092444245,3.2956769835445217,0.0
34.5467,26.33844,33.8444,1028.78267,-1.29549,31.5716,8.810365718947494,3.2820930449815724,0.0
34.55843,26.3472,33.80882,1024.20607,-1.35344,31.58388,8.77596213741589,3.2692768056483397,0.0
34.57011,26.35592,33.7718,1019.66325,-1.41459,31.59615,8.743687738632755,3.257253742911082,0.0
34.58173,26.3646,33.73328,1015.15381,-1.47878,31.60841,8.713603367601102,3.2460465231343503,0.0
34.59331,26.37325,33.69319,1010.67724,-1.54584,31.62067,8.685762512810685,3.2356750721879433,0.0
34.60482,26.38187,33.65147,1006.23301,-1.61561,31.63292,8.660211495562878,3.22615664597541,0.0
34.61629,26.39046,33.60806,1001.82047,-1.68789,31.64517,8.636989656300974,3.2175058998469876,0.0
34.6277,26.39901,33.56293,997.43893,-1.7625,31.65741,8.61612953530286,3.209734955912374,0.0
