0.046,0.046,58.72465,4864.89751,-0.43137,45.0001,9.369946744685521,3.490551700531893,0.0
0.09196,0.09196,58.67415,4859.74818,-0.36188,45.00023,9.41676753773341,3.50799367787144,0.0
0.13787,0.13787,58.63259,4854.55836,-0.29175,45.0004,9.451761022841072,3.5210296718080505,0.0
0.18373,0.18373,58.60001,4849.33457,-0.22118,45.0006,9.474751659848568,3.5295942890134087,0.0
0.22954,0.22954,58.57643,4844.08346,-0.15038,45.00084,9.485646094319332,3.533652752503592,0.0
0.27529,0.2753,58.56186,4838.81178,-0.07957,45.00111,9.484434220964095,3.5332012977924583,0.0
0.321,0.32101,58.55626,4833.52629,-0.00897,45.00142,9.471188990437993,3.5282671009184954,0.0
0.36666,0.36668,58.55956,4828.23376,0.06122,45.00177,9.446064970989616,3.5189077426212396,0.0
0.41227,0.41229,58.5717,4822.94089,0.13078,45.00215,9.409295709014856,3.5052102250781325,0.0
0.45783,0.45785,58.59255,4817.65429,0.19952,45.00256,9.36118996308378,3.4872895689804544,0.0
0.50334,0.50337,58.62198,4812.38043,0.26722,45.00301,9.302126913469898,3.465287028956919,0.0
0.5488,0.54883,58.65982,4807.1256,0.3337,45.0035,9.232550472472326,3.439367974018984,0.0
0.5942,0.59425,58.7059,4801.89587,0.39876,45.00402,9.152962839238992,3.409719486562906,0.0
0.63956,0.63961,58.76001,4796.69705,0.46224,45.00458,9.063917455844667,3.376547738323476,0.0
0.68487,0.68493,58.82192,4791.53469,0.52397,45.00517,8.96601152871619,3.3400752044081385,0.0
0.73012,0.7302,58.89138,4786.41404,0.58379,45.0058,8.85987828142556,3.300537777258576,0.0
0.77533,0.77542,58.96813,4781.33999,0.64156,45.00646,8.746179101399589,3.2581818410934273,0.0
0.82049,0.82059,59.0519,4776.31714,0.69714,45.00716,8.625595735017038,3.21326136437661,0.0
0.86559,0.86571,59.14237,4771.34969,0.75041,45.0079,8.498822673272867,3.1660350632769014,0.0
0.91065,0.91079,59.23926,4766.44151,0.80127,45.00867,8.36655985484563,3.1167636833685584,0.0
0.95567,0.95582,59.34223,4761.5961,0.84961,45.00948,8.229505795477923,3.065707440144756,0.0
1.00063,1.00081,59.45096,4756.81659,0.89536,45.01033,8.088351233259855,3.013123651718469,0.0
1.04555,1.04575,59.56511,4752.10574,0.93844,45.01121,7.943773359380943,2.9592645896257683,0.0
1.09042,1.09065,59.68434,4747.46596,0.9788,45.01214,7.796430683986014,2.9043755662220443,0.0
1.13525,1.1355,59.80829,4742.89931,1.01638,45.0131,7.646958567619451,2.8486932700274235,0.0
1.18003,1.18032,59.93661,4738.40753,1.05115,45.01409,7.495965430935892,2.7924443537442674,0.0
1.22476,1.22508,60.06895,4733.992,1.08308,45.01513,7.344029639273154,2.735844273678623,0.0
1.26946,1.26981,60.20494,4729.65383,1.11216,45.01621,7.191697044684028,2.679096374082385,0.0
1.31411,1.3145,60.34423,4725.3938,1.13838,45.01732,7.039479156235705,2.6223912055416965,0.0
1.35871,1.35915,60.48646,4721.21245,1.16174,45.01848,6.887851899884879,2.5659060629977914,0.0
1.40328,1.40376,60.63128,4717.11003,1.18227,45.01968,6.737254922005828,2.5098047262928804,0.0
1.44781,1.44833,60.77833,4713.08658,1.19997,45.02091,6.588091385559264,2.4542373842376852,0.0
1.49229,1.49286,60.92727,4709.14189,1.21487,45.02219,6.440728204766034,2.3993407220335645,0.0
1.53674,1.53736,61.07774,4705.27558,1.22701,45.02351,6.295496662805631,2.345238151381466,0.0
1.58115,1.58182,61.22943,4701.48705,1.23642,45.02487,6.152693357238515,2.292040162676611,0.0
1.62552,1.62625,61.38198,4697.77555,1.24315,45.02627,6.012581419275226,2.239844779218325,0.0
1.66985,1.67065,61.53508,4694.14019,1.24726,45.02772,5.8753919554953,2.188738094288265,0.0
1.71415,1.71501,61.68841,4690.57993,1.24878,45.0292,5.741325663873063,2.1387948731625506,0.0
1.75841,1.75934,61.84165,4687.09363,1.24779,45.03073,5.610554579773576,2.0900792035411877,0.0
1.80264,1.80364,61.99451,4683.68001,1.24434,45.03231,5.483223911763521,2.0426451794359335,0.0
1.84684,1.8479,62.14669,4680.33775,1.23849,45.03392,5.3594539314676855,1.9965376051915584,0.0
1.891,1.89214,62.2979,4677.06542,1.2303,45.03558,5.2393418860830145,1.9517927079476525,0.0
1.93512,1.93635,62.44786,4673.86152,1.21985,45.03729,5.1229639065399875,1.908438848478944,0.0
1.97922,1.98053,62.59631,4670.72453,1.20721,45.03904,5.0103768884502555,1.8664972218977869,0.0
2.02328,2.02468,62.74299,4667.65285,1.19243,45.04083,4.901620326926535,1.8259825411728465,0.0
2.06732,2.06881,62.88764,4664.64486,1.1756,45.04267,4.796718089993112,1.7869036977711759,0.0
2.11132,2.1129,63.03002,4661.69892,1.15678,45.04456,4.695680118615263,1.749264394963903,0.0
2.15529,2.15698,63.1699,4658.81336,1.13604,45.04649,4.598504044395721,1.7130637504607287,0.0
2.19924,2.20103,63.30705,4655.98649,1.11346,45.04846,4.5051767185569656,1.6782968659960613,0.0
2.24315,2.24505,63.44126,4653.21664,1.0891,45.05048,4.415675648202444,1.6449553623741133,0.0
2.28704,2.28905,63.57232,4650.5021,1.06303,45.05255,4.3299703377472145,1.6130278791871042,0.0
2.3309,2.33303,63.70003,4647.84118,1.03533,45.05467,4.248023535136816,1.5825005390645877,0.0
2.37473,2.37699,63.8242,4645.23221,1.00606,45.05683,4.169792383820954,1.553357376813956,0.0
2.41854,2.42092,63.94465,4642.6735,0.97529,45.05904,4.09522948259182,1.5255807342380991,0.0
2.46232,2.46483,64.06121,4640.16338,0.94309,45.06129,4.0242838562700225,1.4991516217414558,0.0
2.50608,2.50872,64.17372,4637.70021,0.90952,45.06359,3.956901840934364,1.4740500481013974,0.0
2.54981,2.5526,64.28201,4635.28233,0.87465,45.06594,3.8930278878933526,1.4502553199687693,0.0
2.59351,2.59645,64.38594,4632.90813,0.83855,45.06834,3.8326052909112054,1.4277463127787113,0.0
2.63719,2.64028,64.48537,4630.576,0.80128,45.07079,3.775576841487118,1.4065017148594272,0.0
2.68085,2.6841,64.58017,4628.28433,0.76289,45.07328,3.721885417024681,1.3865002465407694,0.0
2.72448,2.72789,64.67021,4626.03155,0.72346,45.07582,3.6714745067810703,1.3677208560841485,0.0
2.76809,2.77167,64.75536,4623.81611,0.68304,45.07841,3.6242886804193932,1.3501428942306115,0.0
2.81168,2.81543,64.83553,4621.63645,0.6417,45.08105,3.5802740038289644,1.3337462691048367,0.0
2.85524,2.85917,64.91061,4619.49104,0.59949,45.08374,3.539378406760243,1.3185115831688192,0.0
2.89879,2.9029,64.9805,4617.37836,0.55647,45.08647,3.501552006556002,1.3044202538202503,0.0
2.94231,2.94661,65.04511,4615.2969,0.51269,45.08925,3.46674739205158,1.291454619152831,0.0
2.98581,2.99031,65.10437,4613.24519,0.46822,45.09209,3.434919871458685,1.2795980302995105,0.0
3.02928,3.03399,65.15819,4611.22172,0.4231,45.09497,3.4060276877586446,1.2688349316721406,0.0
3.07274,3.07765,65.2065,4609.22503,0.3774,45.0979,3.3800322048704103,1.2591509303139536,0.0
3.11617,3.1213,65.24925,4607.25364,0.33117,45.10087,3.35689806755988,1.2505328554699948,0.0
3.15959,3.16493,65.28637,4605.3061,0.28445,45.1039,3.336593337788281,1.2429688093804805,0.0
3.20298,3.20856,65.31782,4603.38094,0.23731,45.10698,3.319089609899592,1.2364482101911454,0.0
3.24635,3.25216,65.34356,4601.47671,0.18979,45.1101,3.304362106785199,1.2309618277771053,0.0
3.28971,3.29576,65.36353,4599.59197,0.14187,45.1165,3.2923921205071003,1.2265026929392195,2.999999948825517
3.33303,3.33934,65.37771,4597.72524,0.09368,45.12294,3.283164663627883,1.2230652224627085,2.999999948825517
3.37634,3.38291,65.38608,4595.87509,0.04527,45.12942,3.276666178186729,1.220644365650436,2.999999948825517
3.41963,3.42647,65.3886,4594.04001,-0.00331,45.13595,3.2728869888502055,1.219236518186125,2.999999948825517
3.46289,3.47002,65.38528,4592.21855,-0.052,45.14252,3.2718213221788806,1.2188395293116787,2.999999948825517
3.50613,3.51357,65.3761,4590.40919,-0.10076,45.14915,3.2734673179507574,1.2194527060454583,2.999999948825517
3.54935,3.5571,65.36106,4588.61045,-0.14953,45.15583,3.2778270290481424,1.221076813140137,2.999999948825517
3.59254,3.60062,65.34017,4586.82079,-0.19827,45.16256,3.284906409981424,1.223714068807507,2.999999948825517
3.63572,3.64413,65.31345,4585.03868,-0.24692,45.16936,3.2947152938690834,1.2273681361429285,2.999999948825517
3.67887,3.68763,65.2809,4583.26256,-0.29543,45.17621,3.307267357473216,1.2320441101001378,2.999999948825517
3.722,3.73112,65.24256,4581.49086,-0.34375,45.18313,3.3225800736088207,1.2377484997624604,2.999999948825517
3.76511,3.77461,65.19845,4579.72196,-0.39183,45.19012,3.3406746500340834,1.2444892055778298,2.999999948825517
3.80819,3.81808,65.14862,4577.95425,-0.43961,45.19717,3.3615759536617973,1.2522754911255496,2.999999948825517
3.85126,3.86155,65.0931,4576.18606,-0.48704,45.2043,3.38531241867773,1.2611179488879671,2.999999948825517
3.8943,3.905,65.03194,4574.41571,-0.53407,45.2115,3.4119159369155585,1.2710284594122507,2.999999948825517
3.93732,3.94845,64.9652,4572.64148,-0.58065,45.21878,3.4414217285603894,1.2820201431440519,2.999999948825517
3.98032,3.99188,64.89294,4570.86162,-0.62671,45.22614,3.47386819101043,1.2941073041244995,2.999999948825517
4.0233,4.03531,64.81523,4569.07433,-0.67221,45.23358,3.509296723456533,1.3073053646414639,2.999999948825517
4.06625,4.07873,64.73215,4567.27779,-0.71708,45.24111,3.547751524490618,1.3216307898333701,2.999999948825517
4.10918,4.12214,64.64378,4565.47013,-0.76128,45.24872,3.589279359781891,1.337101001142477,2.999999948825517
4.15209,4.16554,64.55021,4563.64944,-0.80474,45.25643,3.6339292966315173,1.3537342774295065,2.999999948825517
4.19498,4.20894,64.45153,4561.81378,-0.8474,45.26423,3.681752401963751,1.3715496424673945,2.999999948825517
4.23784,4.25232,64.34785,4559.96114,-0.8892,45.27213,3.7328014000936562,1.3905667374507633,2.999999948825517
4.28068,4.29569,64.23927,4558.08948,-0.93008,45.28014,3.7871302864059753,1.4108056770811328,2.999999948825517
4.32349,4.33906,64.12592,4556.19673,-0.96998,45.28824,3.844793892923472,1.4322868877297006,2.999999948825517
4.36629,4.38241,64.00792,4554.28074,-1.00884,45.29646,3.90584740158975,1.4550309261223826,2.999999948825517
4.40905,4.42576,63.88541,4552.33933,-1.04659,45.30478,3.970345801027084,1.4790582769678147,2.999999948825517
4.4518,4.4691,63.75852,4550.37029,-1.08317,45.31322,4.038343282494618,1.5043891279358852,2.999999948825517
4.49452,4.51242,63.6274,4548.37133,-1.11851,45.32177,4.109892570837013,1.5310431204185047,2.999999948825517
4.53721,4.55574,63.49221,4546.34014,-1.15254,45.33044,4.18504418634181,1.5590390745520515,2.999999948825517
4.57988,4.59905,63.35312,4544.27435,-1.1852,45.33924,4.263845633688822,1.5883946870796781,2.999999948825517
4.62252,4.64235,63.21029,4542.17157,-1.21641,45.34817,4.3463405145392064,1.6191262007673952,2.999999948825517
4.66514,4.68563,63.06391,4540.02933,-1.24611,45.35723,4.432567560832641,1.6512480442818318,2.999999948825517
4.70773,4.72891,62.91416,4537.84516,-1.27422,45.36642,4.522559586558223,1.6847724416973138,2.999999948825517
4.75029,4.77217,62.76124,4535.61654,-1.30068,45.37574,4.6163423566152915,1.7197089911167607,2.999999948825517
4.79283,4.81543,62.60536,4533.34092,-1.32541,45.38521,4.713933372476283,1.7560642122991466,2.999999948825517
4.83533,4.85867,62.44674,4531.01572,-1.34833,45.39483,4.8153405756697065,1.7938410636727953,2.999999948825517
4.87781,4.9019,62.28559,4528.63835,-1.36939,45.40459,4.920560971637876,1.8330384296861768,2.999999948825517
4.92026,4.94512,62.12214,4526.20621,-1.3885,45.41451,5.029579178363433,1.8736505801331007,2.999999948825517
4.96268,4.98833,61.95664,4523.71667,-1.40559,45.42458,5.1423659062123965,1.9156666038542514,2.999999948825517
5.00507,5.03152,61.78933,4521.16713,-1.4206,45.43481,5.258876377831597,1.9590698201074108,2.999999948825517
5.04743,5.0747,61.62046,4518.55499,-1.43344,45.44521,5.3790486995585995,2.003837171874802,2.999999948825517
5.08976,5.11786,61.45031,4515.87768,-1.44406,45.45577,5.502802198692733,2.0499386064527974,2.999999948825517
5.13205,5.16102,61.27914,4513.13264,-1.45239,45.4665,5.630035744124672,2.097336449842254,2.999999948825517
5.17431,5.20415,61.10723,4510.31738,-1.45835,45.4774,5.760626071136628,2.1459847826925067,2.999999948825517
5.21654,5.24727,60.93487,4507.42947,-1.46189,45.48848,5.894426134659029,2.19582882684615,2.999999948825517
5.25873,5.29038,60.76235,4504.46653,-1.46295,45.49973,6.031263518827383,2.2468043528571267,2.999999948825517
5.30089,5.33347,60.58997,4501.42629,-1.46146,45.51117,6.170938934187288,2.298837120160051,2.999999948825517
5.34301,5.37654,60.41803,4498.30658,-1.45738,45.52279,6.3132248373034034,2.35184236283823,2.999999948825517
5.38509,5.4196,60.24685,4495.10535,-1.45065,45.5346,6.457864210667288,2.405724335107233,2.999999948825517
5.42713,5.46264,60.07675,4491.82069,-1.44124,45.5466,6.604569543501629,2.4603759316376452,2.999999948825517
5.46914,5.50566,59.90803,4488.45084,-1.4291,45.55878,6.753022056234729,2.5156783986514153,2.999999948825517
5.51111,5.54865,59.74103,4484.99425,-1.41421,45.57116,6.902871212797749,2.5715011522397417,2.999999948825517
5.55303,5.59163,59.57607,4481.44953,-1.39653,45.58373,7.053734565366429,2.6277017205252795,2.999999948825517
5.59492,5.63459,59.41348,4477.81553,-1.37605,45.59649,7.205197975508156,2.684125826045242,2.999999948825517
5.63676,5.67753,59.25358,4474.09133,-1.35276,45.60945,7.356816253727163,2.7406076239988155,2.999999948825517
5.67856,5.72045,59.09671,4470.27625,-1.32667,45.6226,7.508114255986674,2.796970110730509,2.999999948825517
5.72031,5.76334,58.9432,4466.36991,-1.29776,45.63594,7.658588470800636,2.8530257149635836,2.999999948825517
5.76202,5.80621,58.79335,4462.37222,-1.26608,45.64947,7.80770912380973,2.90857708180999,2.999999948825517
5.80368,5.84906,58.64751,4458.28337,-1.23163,45.66319,7.95492281840359,2.963418056471627,2.999999948825517
5.8453,5.89188,58.50597,4454.1039,-1.19447,45.67709,8.099655720942053,3.017334870819061,2.999999948825517
5.88686,5.93467,58.36906,4449.83468,-1.15464,45.69118,8.24131728759844,3.0701075317387096,2.999999948825517
5.92838,5.97744,58.23707,4445.47694,-1.1122,45.70545,8.379304516921097,3.1215114053239117,2.999999948825517
5.96984,6.02018,58.11029,4441.03223,-1.06723,45.7199,8.513006698309063,3.171318985807043,2.999999948825517
6.01126,6.06289,57.98901,4436.5025,-1.01981,45.73452,8.641810611995458,3.2193018326901615,2.999999948825517
6.05262,6.10558,57.8735,4431.89005,-0.97004,45.7493,8.765106121278679,3.2652326539982535,2.999999948825517
6.09393,6.14823,57.76401,4427.19754,-0.91802,45.76425,8.88229208325492,3.308887508182632,2.999999948825517
6.13519,6.19086,57.66078,4422.42799,-0.86388,45.77934,8.992782490663597,3.350048092119949,2.999999948825517
6.17639,6.23345,57.56405,4417.58479,-0.80775,45.79459,9.096012745256065,3.3885040781071103,2.999999948825517
6.21754,6.27602,57.47402,4412.67166,-0.74977,45.80997,9.191445953084408,3.424055459021988,2.999999948825517
6.25863,6.31855,57.39088,4407.69265,-0.6901,45.82548,9.27857912453182,3.456514857997869,2.999999948825517
6.29966,6.36105,57.31481,4402.65212,-0.62889,45.84112,9.356949157612766,3.4857097573601936,2.999999948825517
6.34063,6.40351,57.24596,4397.55472,-0.56632,45.85686,9.426138482145369,3.5114846012292813,2.999999948825517
6.38155,6.44594,57.18445,4392.40535,-0.50258,45.87271,9.485780245250186,3.533702727255058,2.999999948825517
6.4224,6.48834,57.13041,4387.20918,-0.43783,45.88866,9.535562925329222,3.5522480854456444,2.999999948825517
6.4632,6.5307,57.0839,4381.97155,-0.37229,45.90468,9.575234272056985,3.5670267059176903,2.999999948825517
6.50394,6.57303,57.04501,4376.698,-0.30614,45.92078,9.60460448387295,3.5779678825959187,2.999999948825517
6.54462,6.61532,57.01376,4371.39418,-0.2396,45.93694,9.62354855147487,3.5850250462260513,2.999999948825517
6.58523,6.65757,56.99017,4366.06588,-0.17285,45.95314,9.632007715261004,3.588176307310381,2.999999948825517
6.62578,6.69979,56.97423,4360.71891,-0.10612,45.96939,9.629990006046336,3.587424657538793,2.999999948825517
6.66628,6.74198,56.96592,4355.35916,-0.0396,45.98567,9.617569860676655,3.582797826594893,2.999999948825517
6.70671,6.78412,56.96518,4349.99247,0.0265,46.00197,9.594886826654117,3.574347799594953,2.999999948825517
6.74708,6.82623,56.97193,4344.62466,0.09199,46.01827,9.562143391795946,3.562150008578663,2.999999948825517
6.78739,6.8683,56.98607,4339.26146,0.15666,46.03457,9.51960199527453,3.5463022190429268,2.999999948825517
6.82763,6.91033,57.00748,4333.90849,0.22032,46.05086,9.467581294639704,3.5269231393094445,2.999999948825517
6.86782,6.95233,57.03601,4328.57122,0.28278,46.06712,9.406451778847124,3.5041507862623473,2.999999948825517
6.90794,6.99429,57.07151,4323.25496,0.34388,46.08335,9.336630829482539,3.478140645524297,2.999999948825517
6.948,7.03621,57.11379,4317.96479,0.40343,46.09955,9.258577341076895,3.4490636673823136,2.999999948825517
6.988,7.0781,57.16265,4312.7056,0.46128,46.11569,9.172786016352307,3.4171041416167967,2.999999948825517
7.02794,7.11995,57.21788,4307.48202,0.51727,46.13178,9.079781453654562,3.382457494914566,2.999999948825517
7.06781,7.16176,57.27923,4302.29841,0.57126,46.1478,8.980112141720019,3.3453280537615218,2.999999948825517
7.10763,7.20354,57.34648,4297.15886,0.62312,46.16375,8.874344471749708,3.3059268137826963,2.999999948825517
7.14739,7.24528,57.41934,4292.06718,0.67274,46.17963,8.763056868883806,3.2644692535620883,2.999999948825517
7.18709,7.28699,57.49756,4287.02685,0.71999,46.19542,8.646834135009614,3.2211732271897797,2.999999948825517
7.22673,7.32866,57.58086,4282.0411,0.76479,46.21112,8.52626208312498,3.176256965421138,2.999999948825517
7.26631,7.37029,57.66893,4277.11281,0.80705,46.22673,8.401922530552858,3.129937210517497,2.999999948825517
7.30584,7.4119,57.76149,4272.24458,0.8467,46.24225,8.274388704791628,3.0824275048045284,2.999999948825517
7.34531,7.45346,57.85823,4267.43872,0.88367,46.25767,8.144221102268752,3.0339366479490093,2.999999948825517
7.38472,7.495,57.95883,4262.69721,0.9179,46.27298,8.011963827025449,2.9846673330225326,2.999999948825517
7.42407,7.5365,58.06298,4258.02179,0.94937,46.2882,7.878141423840177,2.934814966756678,2.999999948825517
7.46338,7.57797,58.17037,4253.41388,0.97804,46.3033,7.743256208930384,2.88456667515918,2.999999948825517
7.50262,7.61941,58.28068,4248.87466,1.00388,46.31831,7.6077860910750985,2.8341004918247625,2.999999948825517
7.54182,7.66082,58.39359,4244.40503,1.02689,46.3332,7.4721828672957225,2.7835847230313946,2.999999948825517
7.58096,7.70219,58.50878,4240.00568,1.04706,46.34799,7.336870969804743,2.73317748094571,2.999999948825517
7.62005,7.74354,58.62592,4235.67704,1.0644,46.36268,7.202246635185252,2.683026374120523,2.999999948825517
7.65909,7.78486,58.74472,4231.41934,1.07892,46.37726,7.068677462298053,2.6332683428035906,2.999999948825517
7.69808,7.82615,58.86485,4227.2326,1.09065,46.39174,6.936502322428995,2.584029625465132,2.999999948825517
7.73702,7.86741,58.986,4223.11665,1.09961,46.40612,6.806031583336181,2.5354258422613074,2.999999948825517
7.77591,7.90865,59.10788,4219.07116,1.10583,46.42039,6.677547608262916,2.487562180929672,2.999999948825517
7.81475,7.94986,59.23018,4215.09564,1.10936,46.43457,6.551305491159296,2.440533670678563,2.999999948825517
7.85355,7.99104,59.35261,4211.18943,1.11024,46.44866,6.427533990483362,2.3944255300525983,2.999999948825517
7.8923,8.0322,59.47487,4207.35176,1.10852,46.46265,6.3064366256524105,2.349313575389638,2.999999948825517
7.931,8.07333,59.5967,4203.58173,1.10426,46.47656,6.188192902407875,2.305264677301446,2.999999948825517
7.96966,8.11444,59.71782,4199.87835,1.0975,46.49038,6.07295963594216,2.26233725357325,2.999999948825517
8.00827,8.15553,59.83795,4196.24051,1.08832,46.50411,5.960872343434362,2.2205817879199348,2.999999948825517
8.04684,8.19659,59.95684,4192.66702,1.07677,46.51777,5.852046680547352,2.180041365119003,2.999999948825517
8.08537,8.23764,60.07423,4189.15662,1.06292,46.53135,5.746579899450833,2.1407522141625277,2.999999948825517
8.12386,8.27866,60.18989,4185.70798,1.04684,46.54487,5.644552308811225,2.1027442521417994,2.999999948825517
8.1623,8.31965,60.30357,4182.31972,1.0286,46.55831,5.546028719051846,2.0660416226447684,2.999999948825517
8.20071,8.36063,60.41505,4178.99039,1.00826,46.57169,5.451059858834663,2.0306632234327684,2.999999948825517
8.23907,8.40159,60.52411,4175.71853,0.98591,46.58501,5.359683751239654,1.9966232191035387,2.999999948825517
8.2774,8.44253,60.63053,4172.50261,0.96161,46.59827,5.271927040384244,1.9639315352918703,2.999999948825517
8.31568,8.48345,60.73411,4169.34109,0.93543,46.61149,5.187806261314049,1.9325943317373164,2.999999948825517
8.35393,8.52436,60.83467,4166.23239,0.90746,46.62465,5.107329047848636,1.902614452238525,2.999999948825517
8.39214,8.56524,60.932,4163.17492,0.87776,46.63777,5.03049527469462,1.873991850120413,2.999999948825517
8.43031,8.60611,61.02595,4160.16706,0.84655,46.64546,4.957292741376443,1.8467219803848216,0.0
8.46845,8.64695,61.11634,4157.20718,0.81376,46.65318,4.887703982610606,1.8207983367541076,0.0
8.50656,8.68778,61.20302,4154.29364,0.77946,46.66093,4.821712444356511,1.7962147524125855,0.0
8.54464,8.72858,61.28583,4151.42481,0.74373,46.66873,4.759297624744986,1.7729635898745515,0.0
8.58268,8.76937,61.36463,4148.59906,0.70665,46.67656,4.700435893792457,1.7510360463493835,0.0
8.6207,8.81014,61.43928,4145.81473,0.66827,46.68443,4.6451012309751665,1.7304224285073395,0.0
8.65868,8.85089,61.50965,4143.07017,0.62868,46.69234,4.593265900611276,1.7111124040771648,0.0
8.69663,8.89163,61.57562,4140.36374,0.58795,46.70029,4.544901067722396,1.6930952312707162,0.0
8.73455,8.93234,61.63707,4137.69379,0.54616,46.70827,4.499977357248561,1.6763599671052518,0.0
8.77244,8.97304,61.69391,4135.05865,0.50336,46.71629,4.458465359596806,1.6608956557335788,0.0
8.8103,9.01373,61.74602,4132.45668,0.45963,46.72436,4.420336085539385,1.6466914979056098,0.0
8.84813,9.0544,61.79333,4129.88621,0.41505,46.73246,4.385561373473347,1.633737002683269,0.0
8.88594,9.09505,61.83575,4127.34559,0.36967,46.7406,4.354114251951805,1.6220221224929297,0.0
8.92371,9.13568,61.87319,4124.83316,0.32358,46.74878,4.325969260286387,1.6115373725582618,0.0
8.96145,9.17631,61.90561,4122.34724,0.27683,46.757,4.301102729888149,1.6022739357071265,0.0
8.99917,9.21691,61.93293,4119.88616,0.22951,46.76525,4.279493028786525,1.5942237534613157,0.0
9.03686,9.25751,61.9551,4117.44826,0.18166,46.77355,4.261120771599618,1.587379604256013,0.0
9.07452,9.29809,61.97208,4115.03185,0.13337,46.78189,4.245968996980151,1.5817351695430777,0.0
9.11215,9.33865,61.98383,4112.63523,0.0847,46.79026,4.234023314327798,1.5772850884452494,0.0
9.14976,9.3792,61.99031,4110.25671,0.03572,46.79868,4.225272021318742,1.574025001538999,0.0
9.18733,9.41974,61.99151,4107.89457,-0.01351,46.80713,4.219706193533216,1.5719515842431477,0.0
9.22488,9.46026,61.9874,4105.54709,-0.06292,46.81563,4.217319747204084,1.5710625701943641,0.0
9.26241,9.50077,61.97798,4103.21253,-0.11244,46.82416,4.218109475856092,1.5713567648962488,0.0
9.2999,9.54127,61.96324,4100.88914,-0.162,46.83273,4.2220750613174305,1.5728340498214304,0.0
9.33737,9.58176,61.9432,4098.57514,-0.21155,46.84135,4.229219059333905,1.5754953770524676,0.0
9.37481,9.62223,61.91785,4096.26874,-0.26101,46.85,4.239546859757866,1.5793427544511764,0.0
9.41222,9.66269,61.88722,4093.96814,-0.31031,46.85869,4.253066620997932,1.5843792212394285,0.0
9.44961,9.70314,61.85134,4091.67149,-0.35939,46.86742,4.269789178177628,1.5906088137858259,0.0
9.48697,9.74357,61.81024,4089.37694,-0.40818,46.87619,4.289727924195129,1.5980365212973267,0.0
9.5243,9.784,61.76396,4087.08261,-0.45661,46.885,4.312898662628492,1.606668231022574,0.0
9.56161,9.82441,61.71254,4084.78659,-0.50462,46.89385,4.339319431188158,1.6165106624833085,0.0
9.59889,9.8648,61.65605,4082.48693,-0.55213,46.90274,4.369010294218065,1.6275712901755723,0.0
9.63614,9.90519,61.59455,4080.18169,-0.59907,46.91166,4.401993102504773,1.6398582540922864,0.0
9.67336,9.94556,61.5281,4077.86884,-0.64538,46.92063,4.438291218496091,1.6533802573599639,0.0
9.71056,9.98592,61.45678,4075.54638,-0.69099,46.92963,4.477929204846559,1.668146450213702,0.0
9.74773,10.02627,61.38068,4073.21224,-0.73582,46.93867,4.520932474064008,1.6841662994813125,0.0
9.78487,10.06661,61.29988,4070.86432,-0.7798,46.94775,4.567326896933455,1.7014494427109144,0.0
9.82198,10.10693,61.2145,4068.50051,-0.82286,46.95687,4.617138367330143,1.7200055260523452,0.0
9.85907,10.14724,61.12464,4066.11865,-0.86493,46.96603,4.670392320991757,1.7398440249871472,0.0
9.89613,10.18753,61.0304,4063.71655,-0.90594,46.97522,4.727113205885961,1.7609740470265394,0.0
9.93316,10.22782,60.93193,4061.29198,-0.9458,46.98445,4.787323901881205,1.7834041155235258,0.0
9.97016,10.26809,60.82933,4058.8427,-0.98445,46.99372,4.851045087608543,1.8071419338122603,0.0
10.00713,10.30834,60.72277,4056.36642,-1.02182,47.00302,4.918294552677875,1.8321941289905053,0.0
10.04408,10.34859,60.61237,4053.86083,-1.05782,47.01236,4.9890864537357205,1.8585659747815706,0.0
10.08099,10.38882,60.4983,4051.32361,-1.09238,47.02174,5.063430513338771,1.8862610930936416,0.0
10.11788,10.42903,60.38072,4048.75239,-1.12542,47.03115,5.141331161188917,1.9152811341072256,0.0
10.15473,10.46923,60.25979,4046.14478,-1.15688,47.0406,5.222786617982721,1.9456254349849738,0.0
10.19156,10.50941,60.13571,4043.49841,-1.18666,47.05008,5.307787923003938,1.9772906576243148,0.0
10.22835,10.54958,60.00864,4040.81086,-1.21471,47.0596,5.396317907568636,2.01027040623875,0.0
10.26512,10.58974,59.87879,4038.07972,-1.24093,47.06915,5.488350117627035,2.044554825998686,0.0
10.30185,10.62987,59.74635,4035.30257,-1.26526,47.07874,5.583847690133291,2.0801301844496236,0.0
10.33855,10.67,59.61155,4032.47701,-1.28763,47.08836,5.682762189330715,2.116978437997773,0.0
10.37522,10.7101,59.47458,4029.60063,-1.30795,47.09801,5.785032410725385,2.1550767863587614,0.0
10.41185,10.75019,59.33568,4026.67106,-1.32616,47.1077,5.890583162375935,2.194397218556011,0.0
10.44846,10.79026,59.19508,4023.68595,-1.34219,47.11742,5.99932403508049,2.2349060547830146,0.0
10.48503,10.83031,59.05302,4020.64299,-1.35597,47.12717,6.111148175125443,2.2765634892199618,0.0
10.52156,10.87034,58.90973,4017.53991,-1.36743,47.13695,6.225931075437988,2.3193231397062553,0.0
10.55806,10.91035,58.76548,4014.3745,-1.37651,47.14676,6.343529403225926,2.363131611005488,0.0
10.59453,10.95034,58.62051,4011.14463,-1.38316,47.15661,6.4637798843689565,2.407928079211847,0.0
10.63096,10.99032,58.4751,4007.84825,-1.3873,47.16648,6.586498267039545,2.453643905671619,0.0
10.66736,11.03027,58.32951,4004.48339,-1.38889,47.17638,6.711478389013362,2.5002022895317855,0.0
10.70371,11.0702,58.184,4001.0482,-1.38789,47.18631,6.838491374949802,2.5475179687059,0.0
10.74003,11.11011,58.03881,3997.54109,-1.38535,47.21435,6.967342061530726,2.595518239722898,6.999999880592873
10.77629,11.15001,57.89416,3993.96056,-1.38015,47.24278,7.097816136072729,2.644123265469306,6.999999880592873
10.8125,11.1899,57.75032,3990.30508,-1.37225,47.2716,7.229621393813495,2.6932241919827917,6.999999880592873
10.84866,11.22977,57.60757,3986.57334,-1.36162,47.30081,7.36244126264438,2.742703087823371,6.999999880592873
10.88477,11.26964,57.46622,3982.76416,-1.34825,47.33042,7.495935151178778,2.7924330737380343,6.999999880592873
10.92082,11.30949,57.32654,3978.87657,-1.33212,47.36043,7.629738910321004,2.8422784946073003,6.999999880592873
10.95681,11.34932,57.18881,3974.90981,-1.31322,47.39084,7.763465612399185,2.892095209692716,6.999999880592873
10.99275,11.38915,57.05334,3970.86334,-1.29156,47.42164,7.896706670323148,2.9417310095526186,6.999999880592873
11.02864,11.42895,56.9204,3966.73684,-1.26714,47.45285,8.029033315209785,2.9910261664964626,6.999999880592873
11.06446,11.46874,56.79027,3962.53026,-1.23999,47.48444,8.159998445648872,3.0398141234849927,6.999999880592873
11.10023,11.50852,56.66324,3958.2438,-1.21014,47.51643,8.289138855761081,3.0879223241404787,6.999999880592873
11.13594,11.54828,56.53958,3953.87794,-1.17763,47.54881,8.415977841994415,3.135173183846979,6.999999880592873
11.17158,11.58802,56.41955,3949.43342,-1.14251,47.58156,8.540028180725354,3.1813851989851045,6.999999880592873
11.20716,11.62774,56.30342,3944.9113,-1.10483,47.61469,8.66079546009976,3.22637418813043,6.999999880592873
11.24269,11.66744,56.19143,3940.31291,-1.06468,47.64819,8.777781740385583,3.2699546556311865,6.999999880592873
11.27814,11.70712,56.08385,3935.63989,-1.02213,47.68204,8.890489507790369,3.3119412645093065,6.999999880592873
11.31354,11.74679,55.98089,3930.89416,-0.97728,47.71623,8.998425877328819,3.3521504021391837,6.999999880592873
11.34887,11.78643,55.88279,3926.07796,-0.93022,47.75075,9.10110699141897,3.390401818840476,6.999999880592873
11.38413,11.82605,55.78974,3921.19382,-0.88109,47.78559,9.198062552558547,3.4265203164193148,6.999999880592873
11.41932,11.86565,55.70196,3916.24455,-0.82999,47.82073,9.288840421282154,3.460337461028336,6.999999880592873
11.45445,11.90523,55.61962,3911.23325,-0.77707,47.85615,9.373011204711485,3.4916932925223607,6.999999880592873
11.48951,11.94479,55.54288,3906.16327,-0.72247,47.89184,9.450172756887387,3.5204380009505107,6.999999880592873
11.5245,11.98432,55.4719,3901.03824,-0.66634,47.92778,9.519954509894626,3.546433540014131,6.999999880592873
11.55942,12.02383,55.40682,3895.862,-0.60885,47.96395,9.582021554676734,3.5695551472776996,6.999999880592873
11.59427,12.06331,55.34774,3890.63863,-0.55016,48.00033,9.63607839273424,3.589692741775131,6.999999880592873
11.62905,12.10277,55.29478,3885.37239,-0.49045,48.03689,9.681872284397326,3.606752171329436,6.999999880592873
11.66375,12.1422,55.24799,3880.06772,-0.4299,48.07362,9.71919612615413,3.6206562844332266,6.999999880592873
11.69839,12.18161,55.20746,3874.72922,-0.36869,48.11049,9.747890798413138,3.631345804851974,6.999999880592873
11.73295,12.22099,55.1732,3869.3616,-0.30702,48.14748,9.767846935815971,3.638779991112106,6.999999880592873
11.76744,12.26035,55.14526,3863.96966,-0.24507,48.18456,9.779006084499196,3.6429370676114794,6.999999880592873
11.80186,12.29967,55.12362,3858.55827,-0.18304,48.22171,9.781361224033336,3.6438144190553974,6.999999880592873
11.83621,12.33897,55.10827,3853.13236,-0.12113,48.25891,9.774956645922964,3.6414285451946915,6.999999880592873
11.87048,12.37825,55.09916,3847.69685,-0.05953,48.29614,9.75988719470388,3.635814778114458,6.999999880592873
11.90468,12.41749,55.09625,3842.25664,0.00158,48.33337,9.736296891711756,3.6270267695516636,6.999999880592873
11.9388,12.45671,55.09945,3836.81659,0.06201,48.37057,9.704376974775451,3.61513576062933,6.999999880592873
11.97285,12.4959,55.10868,3831.38148,0.12157,48.40773,9.664363399065255,3.600229650856742,6.999999880592873
12.00683,12.53506,55.1238,3825.95601,0.18007,48.44482,9.616533854840936,3.5824118871621344,6.999999880592873
12.04074,12.57419,55.1447,3820.54475,0.23736,48.48183,9.5612043663975,3.5618001969104967,6.999999880592873
12.07457,12.6133,55.17123,3815.15211,0.29326,48.51872,9.498725543051824,3.538525191297453,6.999999880592873
12.10833,12.65237,55.20323,3809.78237,0.34761,48.55549,9.4294785573771,3.5127288671357704,6.999999880592873
12.14202,12.69142,55.24051,3804.4396,0.40027,48.59211,9.353870928019015,3.484563035843426,6.999999880592873
12.17564,12.73044,55.2829,3799.12767,0.45109,48.62857,9.272332184450486,3.4541877084506862,6.999999880592873
12.20918,12.76943,55.33017,3793.85027,0.49994,48.66485,9.185309488987766,3.4217694646859016,6.999999880592873
12.24265,12.80839,55.38213,3788.61085,0.5467,48.70093,9.093263287594365,3.3874798327855427,6.999999880592873
12.27606,12.84733,55.43854,3783.41262,0.59125,48.7368,8.996663055631457,3.3514937046742865,6.999999880592873
12.30939,12.88623,55.49918,3778.25856,0.63349,48.77245,8.895983198110807,3.313987808701362,6.999999880592873
12.34265,12.92511,55.56378,3773.15143,0.67333,48.80787,8.791699156445176,3.27513925930264,6.999999880592873
12.37585,12.96397,55.63211,3768.09372,0.71069,48.84305,8.684283765504842,3.235124199908334,6.999999880592873
12.40898,13.00279,55.70391,3763.08768,0.7455,48.87797,8.574203896297236,3.194116552252826,6.999999880592873
12.44204,13.04159,55.77891,3758.13533,0.7777,48.91264,8.46191741102657,3.1522868820542653,6.999999880592873
12.47503,13.08037,55.85685,3753.23844,0.80723,48.94704,8.34787044897108,3.109801387932425,6.999999880592873
12.50796,13.11911,55.93745,3748.39855,0.83406,48.98117,8.232495053723406,3.0668210174933166,6.999999880592873
12.54082,13.15783,56.02045,3743.61699,0.85816,49.01502,8.116207145022658,3.023500711783263,6.999999880592873
12.57361,13.19653,56.10557,3738.89483,0.8795,49.0486,7.999404831855016,2.979988776874496,6.999999880592873
12.60635,13.2352,56.19253,3734.23296,0.89807,49.0819,7.882467057779855,2.9364263792134873,6.999999880592873
12.63902,13.27385,56.28106,3729.63206,0.91386,49.11492,7.765752564561132,2.8929471595463743,6.999999880592873
12.67163,13.31247,56.37089,3725.09259,0.92689,49.14766,7.649599156208758,2.849676958755008,6.999999880592873
12.70417,13.35107,56.46175,3720.61487,0.93715,49.18012,7.534323242465888,2.8067336477939535,6.999999880592873
12.73666,13.38965,56.55336,3716.19901,0.94468,49.21231,7.420219638518581,2.7642270530770743,6.999999880592873
12.76908,13.42821,56.64547,3711.84497,0.94949,49.24422,7.307561596195943,2.7222589681004,6.999999880592873
12.80145,13.46674,56.7378,3707.55254,0.95162,49.27587,7.196601041195848,2.6809232418149516,6.999999880592873
12.83376,13.50525,56.83011,3703.3214,0.9511,49.30725,7.087568990669251,2.6403059341878885,6.999999880592873
12.86601,13.54374,56.92213,3699.15106,0.94798,49.33837,6.980676125902517,2.600485529541739,6.999999880592873
12.8982,13.58221,57.01363,3695.04092,0.94231,49.36924,6.876113495618757,2.561533198552657,6.999999880592873
12.93034,13.62066,57.10435,3690.99028,0.93412,49.39987,6.774053326593103,2.5235131002259372,6.999999880592873
12.96243,13.65908,57.19407,3686.99832,0.9235,49.43025,6.674649919726407,2.4864827157070484,6.999999880592873
12.99445,13.69749,57.28255,3683.06412,0.91048,49.4604,6.578040611329129,2.450493206385174,6.999999880592873
13.02643,13.73588,57.36957,3679.18668,0.89514,49.49032,6.484346781130892,2.41558978940329,6.999999880592873
13.05835,13.77426,57.45492,3675.36493,0.87754,49.52003,6.3936748903554514,2.3818121243684103,6.999999880592873
13.09022,13.81261,57.53837,3671.5977,0.85774,49.54953,6.306117535054226,2.349194705746035,6.999999880592873
13.12204,13.85095,57.61974,3667.88378,0.83583,49.57883,6.2217545016779265,2.317767256088363,6.999999880592873
13.1538,13.88926,57.69882,3664.22189,0.81187,49.60793,6.140653813625616,2.2875551159013487,6.999999880592873
13.18552,13.92757,57.77544,3660.6107,0.78593,49.63685,6.062872759197299,2.2585796265840887,6.999999880592873
13.21718,13.96585,57.8494,3657.04883,0.75809,49.6656,5.988458892896834,2.230858503440506,6.999999880592873
13.2488,14.00412,57.92054,3653.53485,0.72844,49.69419,5.917451003499338,2.204406196309925,6.999999880592873
13.28037,14.04238,57.98869,3650.0673,0.69704,49.72262,5.849880043584562,2.1792342358427144,6.999999880592873
13.31188,14.08062,58.0537,3646.64469,0.66397,49.75091,5.785770016417233,2.1553515638865486,6.999999880592873
13.34336,14.11884,58.11542,3643.26549,0.62933,49.77906,5.725138817098679,2.1327648468375213,6.999999880592873
13.37478,14.15705,58.1737,3639.92812,0.59317,49.80708,5.6679990258147495,2.1114787711458654,6.999999880592873
13.40616,14.19525,58.22842,3636.63103,0.5556,49.83499,5.61435865179954,2.091496320462018,6.999999880592873
13.43749,14.23343,58.27945,3633.37258,0.51668,49.86279,5.564221827292596,2.0728190341539356,6.999999880592873
13.46877,14.2716,58.32668,3630.15116,0.47649,49.8905,5.51758945131324,2.0554472471299685,6.999999880592873
13.50001,14.30975,58.36999,3626.96512,0.43513,49.91812,5.474459783539372,2.039380311074346,6.999999880592873
13.5312,14.34789,58.40928,3623.81278,0.39267,49.94567,5.434828988928717,2.024616797332914,6.999999880592873
13.56235,14.38602,58.44446,3620.69245,0.3492,49.97315,5.398691633978618,2.0111546817829686,6.999999880592873
13.59346,14.42414,58.47545,3617.60245,0.30478,50.00057,5.3660411357476345,1.9989915121056154,6.999999880592873
13.62452,14.46224,58.50217,3614.54103,0.25952,50.02794,5.336870164851758,1.9881245579124638,6.999999880592873
13.65553,14.50034,58.52455,3611.50647,0.21348,50.05528,5.311171003750497,1.9785509442166196,6.999999880592873
13.68651,14.53842,58.54252,3608.49702,0.16675,50.0826,5.288935861642589,1.970267768739625,6.999999880592873
13.71744,14.57649,58.55604,3605.51089,0.11942,50.1099,5.270157147262407,1.963272203535295,6.999999880592873
13.74832,14.61455,58.56505,3602.54632,0.07155,50.13719,5.254827700811939,1.9575615813904845,6.999999880592873
13.77917,14.65259,58.56952,3599.60148,0.02325,50.16448,5.24294098618197,1.9531334674325365,6.999999880592873
13.80997,14.69063,58.56942,3596.67457,-0.02543,50.19179,5.234491244468216,1.949985716318078,6.999999880592873
13.84073,14.72866,58.56473,3593.76375,-0.07438,50.21912,5.229473609694908,1.9481165153431046,6.999999880592873
13.87144,14.76667,58.55542,3590.86716,-0.12354,50.24648,5.22788418745525,1.9475244137386154,6.999999880592873
13.90212,14.80468,58.5415,3587.98292,-0.17281,50.27389,5.22972009706774,1.948208338374957,6.999999880592873
13.93275,14.84267,58.52296,3585.10915,-0.22213,50.30135,5.234979477640864,1.9501675960210767,6.999999880592873
13.96334,14.88066,58.4998,3582.24392,-0.2714,50.32887,5.2436614582848575,1.9534018622476235,6.999999880592873
13.99388,14.91863,58.47206,3579.38531,-0.32054,50.35646,5.255766092547914,1.9579111570027077,6.999999880592873
14.02439,14.9566,58.43974,3576.53137,-0.36948,50.38414,5.271294256977079,1.9636958068231674,6.999999880592873
14.05485,14.99455,58.40288,3573.6801,-0.41812,50.41192,5.290247513566212,1.9707563935928136,6.999999880592873
14.08527,15.03249,58.36152,3570.82953,-0.4664,50.43979,5.312627935716633,1.9790936897081923,6.999999880592873
14.11565,15.07043,58.3157,3567.97762,-0.51422,50.46778,5.338437897201273,1.988708579462179,6.999999880592873
14.14598,15.10835,58.26547,3565.12234,-0.5615,50.49589,5.367679823546774,1.9996019664272657,6.999999880592873
14.17628,15.14627,58.2109,3562.26162,-0.60816,50.52414,5.4003559051854655,2.0117746665971294,6.999999880592873
14.20653,15.18417,58.15206,3559.39338,-0.65412,50.55252,5.436467771651625,2.0252272870161656,6.999999880592873
14.23674,15.22206,58.08903,3556.51551,-0.6993,50.58107,5.476016126159548,2.039960089650201,6.999999880592873
14.2669,15.25995,58.02187,3553.62587,-0.7436,50.60977,5.519000339896866,2.0559728402500825,6.999999880592873
14.29703,15.29782,57.9507,3550.72233,-0.78695,50.63865,5.565418005489465,2.073264642005612,6.999999880592873
14.3271,15.33569,57.87561,3547.80271,-0.82927,50.66772,5.6152644492350205,2.0918337538397,6.999999880592873
14.35714,15.37354,57.7967,3544.86483,-0.87047,50.69698,5.668532201915258,2.1116773932720125,6.999999880592873
14.38713,15.41138,57.71409,3541.90649,-0.91047,50.72644,5.725210428273288,2.1327915238842667,6.999999880592873
14.41708,15.44922,57.6279,3538.92547,-0.94918,50.75612,5.785284315609444,2.1551706275560902,6.999999880592873
14.44699,15.48704,57.53826,3535.91955,-0.98652,50.78603,5.848734422369621,2.178807461797041,6.999999880592873
14.47684,15.52485,57.44531,3532.88649,-1.02242,50.81617,5.915535988121879,2.203692802694734,6.999999880592873
14.50666,15.56265,57.34919,3529.82404,-1.05678,50.84655,5.985658206936096,2.2298151742296484,6.999999880592873
14.53643,15.60044,57.25005,3526.72998,-1.08953,50.8772,6.0590634668746475,2.257160564965388,6.999999880592873
14.56615,15.63821,57.14806,3523.60206,-1.12058,50.9081,6.135706559101831,2.285712133421138,6.999999880592873
14.59583,15.67598,57.04338,3520.43804,-1.14987,50.93929,6.215533861018354,2.3154499037677656,6.999999880592873
14.62546,15.71373,56.93618,3517.23572,-1.1773,50.97075,6.298482498809167,2.346350453854856,6.999999880592873
14.65504,15.75147,56.82664,3513.99288,-1.2028,51.00251,6.384479495876584,2.3783865979796417,6.999999880592873
14.68458,15.7892,56.71496,3510.70735,-1.2263,51.03458,6.473440914763993,2.411527067231007,6.999999880592873
14.71407,15.82691,56.60131,3507.377,-1.24773,51.06696,6.565271001420953,2.4457361907057207,6.999999880592873
14.74351,15.86462,56.4859,3503.9997,-1.26701,51.09966,6.659861341910926,2.480973581359881,6.999999880592873
14.7729,15.9023,56.36894,3500.57341,-1.28408,51.13269,6.757090042964457,2.517193830743412,6.999999880592873
14.80224,15.93998,56.25063,3497.09612,-1.29887,51.16606,6.8568209490784495,2.5543462173489426,6.999999880592873
14.83153,15.97764,56.1312,3493.56588,-1.31131,51.19977,6.958902910132413,2.5923744337795895,6.999999880592873
14.86077,16.01528,56.01086,3489.98084,-1.32136,51.23384,7.063169114665249,2.631216338377022,6.999999880592873
14.88995,16.05291,55.88984,3486.33921,-1.32895,51.26826,7.16943650505959,2.6708037373622333,6.999999880592873
14.91909,16.09053,55.76836,3482.6393,-1.33404,51.30306,7.277505291788857,2.7110622038797962,6.999999880592873
14.94817,16.12812,55.64667,3478.87952,-1.33658,51.33822,7.3871585845781205,2.7519109405955704,6.999999880592873
14.9772,16.16571,55.525,3475.05842,-1.33654,51.37376,7.498162158778924,2.7932626926651856,6.999999880592873
15.00618,16.20327,55.40359,3471.17463,-1.33387,51.40969,7.61026437535898,2.8350237179280926,6.999999880592873
15.0351,16.24082,55.28267,3467.22696,-1.32855,51.44599,7.723196272626575,2.877093821077321,6.999999880592873
15.06396,16.27834,55.1625,3463.21436,-1.32056,51.48269,7.836671847113512,2.919366458295763,6.999999880592873
15.09277,16.31585,55.04332,3459.13592,-1.30988,51.51977,7.950388539843285,2.9617289184038644,6.999999880592873
15.12152,16.35334,54.92536,3454.99091,-1.29652,51.55725,8.06402794246555,3.0040625859132932,6.999999880592873
15.15021,16.39081,54.80887,3450.7788,-1.28046,51.59511,8.177256735508218,3.0462432905505343,6.999999880592873
15.17885,16.42826,54.6941,3446.49923,-1.26172,51.63337,8.2897278681161,3.0881417467405723,6.999999880592873
15.20742,16.46569,54.58128,3442.15204,-1.24032,51.67201,8.401081985252015,3.1296240852768555,6.999999880592873
15.23594,16.5031,54.47065,3437.7373,-1.21628,51.71104,8.51094910437664,3.1705524779286614,6.999999880592873
15.26439,16.54049,54.36245,3433.25528,-1.18964,51.75044,8.618950539157948,3.210785854073472,6.999999880592873
15.29279,16.57785,54.25689,3428.70647,-1.16045,51.79022,8.724701062896372,3.2501807066297754,6.999999880592873
15.32112,16.61519,54.1542,3424.0916,-1.12876,51.83037,8.827811299112902,3.288591982614027,6.999999880592873
15.34938,16.65251,54.0546,3419.41164,-1.09463,51.87088,8.927890321263488,3.3258740516026726,6.999999880592873
15.37759,16.6898,53.9583,3414.66778,-1.05815,51.91174,9.024548438104409,3.3618817433540307,6.999999880592873
15.40573,16.72706,53.86549,3409.86144,-1.01939,51.95294,9.117400135649419,3.3964714437647436,6.999999880592873
15.4338,16.7643,53.77637,3404.99431,-0.97845,51.99448,9.206067141583178,3.4295022364444034,6.999999880592873
15.46181,16.80152,53.69111,3400.06828,-0.93544,52.03632,9.290181573096046,3.4608370753668383,6.999999880592873
15.48975,16.8387,53.6099,3395.08549,-0.89046,52.07848,9.36938912503266,3.4903439725393466,6.999999880592873
15.51763,16.87586,53.53288,3390.04828,-0.84364,52.12092,9.44335225178372,3.5178971833411046,6.999999880592873
15.54544,16.91299,53.4602,3384.95924,-0.79511,52.16363,9.511753293977929,3.543378371298184,6.999999880592873
15.57318,16.9501,53.392,3379.82113,-0.74501,52.2066,9.574297499629171,3.5666777335403634,6.999999880592873
15.60085,16.98717,53.3284,3374.63693,-0.69348,52.24981,9.630715889286801,3.5876950681450026,6.999999880592873
15.62845,17.02421,53.2695,3369.40978,-0.64069,52.29323,9.680767915811236,3.606340764973432,6.999999880592873
15.65598,17.06123,53.2154,3364.14301,-0.58678,52.33686,9.724243871821177,3.6225367025083837,6.999999880592873
15.68345,17.09821,53.16617,3358.84007,-0.53193,52.38066,9.760967001507092,3.6362170345600817,6.999999880592873
15.71084,17.13516,53.12187,3353.50456,-0.47631,52.42463,9.790795278400482,3.647328852532069,6.999999880592873
15.73816,17.17208,53.08255,3348.1402,-0.42008,52.46873,9.81362281662818,3.6558327111505657,6.999999880592873
15.76541,17.20897,53.04823,3342.75078,-0.36343,52.51295,9.829380890065988,3.661703008126014,6.999999880592873
15.79259,17.24582,53.01894,3337.34019,-0.30654,52.55726,9.838038541421351,3.6649282110524046,6.999999880592873
15.8197,17.28265,52.99466,3331.91234,-0.24958,52.60165,9.839602771355823,3.665510927860362,6.999999880592873
15.84674,17.31944,52.97539,3326.4712,-0.19274,52.64608,9.83411830616155,3.6634678202705304,6.999999880592873
15.8737,17.35619,52.96108,3321.02074,-0.1362,52.69055,9.821666950817336,3.6588293627899353,6.999999880592873
15.9006,17.39292,52.95169,3315.56491,-0.08013,52.73502,9.80236654236403,3.651639452816768,6.999999880592873
15.92742,17.42961,52.94714,3310.10765,-0.02471,52.77947,9.776369526129114,3.6419548802465984,6.999999880592873
15.95417,17.46626,52.94737,3304.65284,0.02989,52.82389,9.74386118421426,3.6298446675373626,6.999999880592873
15.98085,17.50288,52.95228,3299.20427,0.0835,52.86826,9.705057551601074,3.615389293403929,6.999999880592873
16.00746,17.53947,52.96176,3293.76568,0.13595,52.91254,9.66020306016646,3.5986798151518355,6.999999880592873
16.034,17.57602,52.97569,3288.34067,0.18711,52.95673,9.609567954648215,3.5798169060564806,6.999999880592873
16.06047,17.61254,52.99393,3282.93276,0.2368,53.00081,9.553445527117267,3.5589098251312623,6.999999880592873
16.08686,17.64903,53.01634,3277.5453,0.28489,53.04476,9.492149217847079,3.5360753371251548,6.999999880592873
16.11319,17.68548,53.04277,3272.18152,0.33125,53.08856,9.42600963057174,3.5114366006278153,6.999999880592873
16.13944,17.72189,53.07304,3266.84448,0.37575,53.1322,9.355371509096699,3.4851220417775286,6.999999880592873
16.16563,17.75827,53.10698,3261.53709,0.41827,53.17565,9.280590720187746,3.457264230307969,6.999999880592873
16.19175,17.79462,53.1444,3256.26206,0.45871,53.21892,9.202031284743002,3.4279987735816526,6.999999880592873
16.2178,17.83094,53.18512,3251.02196,0.49695,53.26199,9.120062495554302,3.3974632428802183,6.999999880592873
16.24378,17.86722,53.22893,3245.81915,0.53291,53.30484,9.035056155731441,3.3657961446447904,6.999999880592873
16.26969,17.90346,53.27562,3240.6558,0.56652,53.34746,8.94738396718217,3.3331359476160736,6.999999880592873
16.29554,17.93968,53.32498,3235.53391,0.59769,53.38985,8.857415093608115,3.2996201749862055,6.999999880592873
16.32131,17.97586,53.3768,3230.45529,0.62637,53.43201,8.765513917511775,3.2653845688248464,6.999999880592873
16.34703,18.012,53.43085,3225.42156,0.65251,53.47391,8.672038005663946,3.230562332162267,6.999999880592873
16.37267,18.04812,53.48692,3220.43413,0.67605,53.51556,8.577336292773664,3.1952834523586064,6.999999880592873
16.39826,18.0842,53.54477,3215.49427,0.69697,53.55695,8.4817474885069,3.1596741076764276,6.999999880592873
16.42377,18.12026,53.60418,3210.60305,0.71523,53.59809,8.385598708881453,3.1238561574393016,6.999999880592873
16.44923,18.15628,53.66493,3205.76136,0.73083,53.63896,8.289204329314362,3.08794671476179,6.999999880592873
16.47462,18.19227,53.72678,3200.96993,0.74375,53.67956,8.192865053326416,3.052057799617372,6.999999880592873
16.49995,18.22823,53.7895,3196.22933,0.75399,53.71991,8.096867188103404,3.0162960689659495,6.999999880592873
16.52521,18.26415,53.85288,3191.53996,0.76156,53.75998,8.001482115842954,2.9807626198166344,6.999999880592873
16.55042,18.30005,53.91669,3186.90209,0.76646,53.7998,7.906965947993139,2.9455528604225316,6.999999880592873
16.57557,18.33592,53.9807,3182.31583,0.76873,53.83936,7.813559348124185,2.910756444295791,6.999999880592873
16.60066,18.37176,54.04477,3177.78099,0.76995,53.85307,7.721415990430564,2.8764306191172633,0.0
16.62571,18.40755,54.10874,3173.29727,0.76857,53.86679,7.630678982543663,2.8426286962450296,0.0
16.65071,18.44331,54.17239,3168.86449,0.76462,53.88053,7.541550955997023,2.80942616125689,0.0
16.67568,18.47902,54.23553,3164.48235,0.75814,53.89427,7.454219541501902,2.7768929115296497,0.0
16.70059,18.5147,54.29794,3160.15042,0.74918,53.90802,7.368857867532343,2.7450934419751722,0.0
16.72547,18.55034,54.35942,3155.86817,0.73779,53.92178,7.285625019842071,2.7140870162225212,0.0
16.75031,18.58594,54.41978,3151.63499,0.72402,53.93555,7.204666571038589,2.6839278638982353,0.0
16.7751,18.62151,54.47883,3147.45016,0.70794,53.94934,7.12611516663936,2.6546653989476834,0.0
16.79985,18.65703,54.53639,3143.31288,0.6896,53.96313,7.050091154943165,2.6263444542787155,0.0
16.82457,18.69253,54.59227,3139.22226,0.66908,53.97694,6.976703249022271,2.5990055283711646,0.0
16.84924,18.72798,54.64631,3135.17734,0.64644,53.99076,6.906049210192257,2.5726850398873404,0.0
16.87387,18.76341,54.69833,3131.17711,0.62175,54.00459,6.83821654333118,2.5474155866967076,0.0
16.89846,18.7988,54.74819,3127.22046,0.5951,54.01844,6.773283195463384,2.5232262061167474,0.0
16.92301,18.83415,54.79572,3123.30626,0.56655,54.0323,6.711318250039295,2.500142633550436,0.0
16.94753,18.86947,54.84079,3119.43328,0.53619,54.04617,6.652382610274558,2.478187557048062,0.0
16.972,18.90476,54.88325,3115.60027,0.50409,54.06005,6.596529665861207,2.4573808656746756,0.0
16.99644,18.94002,54.92298,3111.80592,0.47035,54.07395,6.543805938175717,2.437739889867066,0.0
17.02084,18.97524,54.95985,3108.04888,0.43504,54.08787,6.49425169989047,2.4192796322553307,0.0
17.0452,19.01043,54.99374,3104.32774,0.39825,54.1018,6.447901565620154,2.4020129876942082,0.0
17.06953,19.04559,55.02454,3100.64108,0.36007,54.11574,6.404785050849462,2.3859509514783444,0.0
17.09382,19.08072,55.05216,3096.98742,0.32058,54.1297,6.364927096953922,2.3711028149263726,0.0
17.11807,19.11582,55.0765,3093.36525,0.27988,54.14368,6.328348560606764,2.357476347697841,0.0
17.14228,19.15089,55.09747,3089.77302,0.23806,54.15767,6.295066666319109,2.3450779663763477,0.0
17.16646,19.18593,55.11499,3086.20917,0.1952,54.17167,6.265095421170812,2.3339128889676863,0.0
17.1906,19.22094,55.12899,3082.6721,0.1514,54.18569,6.238445991140866,2.3239852750928276,0.0
17.21471,19.25593,55.1394,3079.16016,0.10675,54.19973,6.215127038656742,2.3152983517339245,0.0
17.23878,19.29088,55.14618,3075.6717,0.06133,54.21378,6.195145021201688,2.307854524473396,0.0
17.26282,19.3258,55.14927,3072.20503,0.01525,54.22785,6.178504450963518,2.301655474219923,0.0
17.28682,19.3607,55.14862,3068.75845,-0.0314,54.24194,6.165208115633987,2.296702239462035,0.0
17.31079,19.39556,55.14421,3065.33022,-0.07853,54.25604,6.155257260552365,2.2929952841213765,0.0
17.33472,19.4304,55.13601,3061.91857,-0.12605,54.27016,6.148651732430949,2.290534551094244,0.0
17.35861,19.46521,55.124,3058.52173,-0.17387,54.28429,6.1453900849717105,2.289319501596568,0.0
17.38247,19.49999,55.10816,3055.13788,-0.22188,54.29844,6.145469646665353,2.289349140420843,0.0
17.4063,19.53475,55.0885,3051.76521,-0.27,54.31261,6.148886551102054,2.2906220272276814,0.0
17.43009,19.56947,55.06502,3048.40185,-0.31813,54.32679,6.1556357301186875,2.293136273992965,0.0
17.45385,19.60417,55.03773,3045.04595,-0.36617,54.34099,6.1657108701030445,2.2968895287300253,0.0
17.47757,19.63885,55.00665,3041.69562,-0.41404,54.35521,6.17910433179645,2.301878945614005,0.0
17.50126,19.67349,54.9718,3038.34894,-0.46164,54.36944,6.195807033936972,2.3081011416358925,0.0
17.52492,19.70811,54.93322,3035.00399,-0.50887,54.38368,6.215808301123997,2.3155521399280716,0.0
17.54854,19.7427,54.89095,3031.65883,-0.55564,54.39795,6.23909567632797,2.3242272999192704,0.0
17.57213,19.77726,54.84504,3028.31149,-0.60186,54.41223,6.265654698518276,2.33412123449509,0.0
17.59568,19.81179,54.79554,3024.96,-0.64743,54.42652,6.295468646004134,2.3452277143857416,0.0
17.6192,19.8463,54.74252,3021.60238,-0.69226,54.44083,6.328518246183799,2.3575395600399833,0.0
17.64268,19.88078,54.68604,3018.23661,-0.73625,54.45516,6.364781352566031,2.371048521307118,0.0
17.66613,19.91523,54.6262,3014.8607,-0.77932,54.4695,6.404232590115465,2.385745145318814,0.0
17.68954,19.94965,54.56306,3011.47261,-0.82137,54.48386,6.446842970208287,2.401618633049966,0.0
17.71292,19.98405,54.49672,3008.07034,-0.86231,54.49823,6.492579476772303,2.418656685144975,0.0
17.73627,20.01841,54.42728,3004.65184,-0.90205,54.51261,6.5414046255072265,2.4368453377157135,0.0
17.75958,20.05275,54.35485,3001.2151,-0.9405,54.52701,6.593275998455219,2.456168788956804,0.0
17.78285,20.08706,54.27953,2997.75807,-0.97757,54.54143,6.648145756611004,2.476609217580059,0.0
17.80609,20.12134,54.20145,2994.27876,-1.01317,54.55585,6.705960133744524,2.4981465942501093,0.0
17.8293,20.15559,54.12074,2990.77514,-1.04722,54.57029,6.766658915115538,2.520758487391869,0.0
17.85247,20.18981,54.03752,2987.24521,-1.07963,54.58475,6.830174905329431,2.5444198649528267,0.0
17.8756,20.224,53.95193,2983.68701,-1.11033,54.59921,6.896433390189156,2.5691028939287333,0.0
17.8987,20.25817,53.86411,2980.09858,-1.13922,54.61369,6.965351598023803,2.594776739694322,0.0
17.92176,20.2923,53.77423,2976.47799,-1.16624,54.62818,7.0368381666685185,2.621407367439302,0.0
17.94479,20.3264,53.68242,2972.82335,-1.1913,54.64268,7.110792622883016,2.648957348238055,0.0
17.96778,20.36046,53.58886,2969.13281,-1.21434,54.65719,7.187104881760389,2.6773856725662513,0.0
17.99073,20.3945,53.49371,2965.40456,-1.23527,54.67172,7.265654774249626,2.70664757429055,0.0
18.01364,20.42851,53.39714,2961.63685,-1.25405,54.68625,7.3463116116410525,2.7366943684279716,0.0
18.03652,20.46248,53.29932,2957.82799,-1.27059,54.70079,7.428933796347463,2.7674733061516252,0.0
18.05936,20.49642,53.20043,2953.97636,-1.28485,54.71534,7.513368488895246,2.7989274507361404,0.0
18.08217,20.53032,53.10067,2950.08039,-1.29677,54.7299,7.599451341403724,2.830995578271713,0.0
18.10493,20.56419,53.00021,2946.13862,-1.30629,54.74447,7.6870063081294875,2.863612107086882,0.0
18.12766,20.59803,52.89924,2942.14967,-1.31338,54.75905,7.775845543741013,2.8967070598531444,0.0
18.15034,20.63183,52.79796,2938.11226,-1.318,54.77363,7.865769400006831,2.930206062351218,0.0
18.17299,20.66559,52.69657,2934.0252,-1.3201,54.78822,7.956566531236118,2.96403038275043,0.0
18.1956,20.69932,52.59525,2929.88744,-1.31967,54.80281,8.04801411838625,2.9980970150946846,0.0
18.21817,20.73301,52.4942,2925.69803,-1.31668,54.81742,8.139878220971104,3.032318810397552,0.0
18.2407,20.76667,52.39363,2921.45616,-1.31112,54.83202,8.23191426489066,3.0666046583716446,0.0
18.26319,20.80028,52.29373,2917.16114,-1.30297,54.84663,8.323867673026145,3.1008597223418923,0.0
18.28563,20.83386,52.19469,2912.81245,-1.29225,54.86125,8.41547464381819,3.1349857292863934,0.0
18.30804,20.8674,52.09672,2908.40971,-1.27896,54.87586,8.506463081204968,3.16888131626284,0.0
18.3304,20.9009,52.00001,2903.95268,-1.2631,54.89048,8.596553677125806,3.202442433669593,0.0
18.35272,20.93435,51.90474,2899.44131,-1.24472,54.90511,8.685461145380453,3.235562804890728,0.0
18.375,20.96777,51.81112,2894.8757,-1.22384,54.91973,8.772895603033346,3.268134440905467,0.0
18.39724,21.00114,51.71931,2890.25613,-1.2005,54.93436,8.858564092717964,3.30004820738661,0.0
18.41943,21.03448,51.62951,2885.58305,-1.17475,54.94898,8.942172236279667,3.3311944407259992,0.0
18.44158,21.06776,51.54189,2880.85709,-1.14665,54.96361,9.023426007193187,3.361463608306666,0.0
18.46368,21.10101,51.45662,2876.07907,-1.11628,54.97823,9.102033606233919,3.390747007239748,0.0
18.48575,21.13421,51.37386,2871.24997,-1.0837,54.99286,9.177707421960932,3.4189374946959843,0.0
18.50776,21.16736,51.29376,2866.37097,-1.04899,55.00748,9.250166054889432,3.4459302419632234,0.0
18.52973,21.20047,51.21648,2861.44341,-1.01227,55.0221,9.3191363817919,3.4716235034529115,0.0
18.55166,21.23354,51.14215,2856.46881,-0.97362,55.03671,9.384355634468019,3.495919391096581,0.0
18.57354,21.26655,51.07091,2851.44888,-0.93316,55.05133,9.445573465676098,3.5187246439596707,0.0
18.59537,21.29952,51.00287,2846.38546,-0.891,55.06594,9.502553973773598,3.539951382473388,0.0
18.61716,21.33244,50.93816,2841.28058,-0.84728,55.08054,9.55507765704216,3.559517836472208,0.0
18.6389,21.36531,50.87686,2836.1364,-0.80212,55.09515,9.602943268721864,3.577349036242938,0.0
18.66059,21.39814,50.81907,2830.95523,-0.75566,55.10974,9.645969544467842,3.593377456047763,0.0
18.68224,21.43091,50.76488,2825.73951,-0.70805,55.12433,9.683996775283449,3.6075436000832366,0.0
18.70384,21.46363,50.71434,2820.49179,-0.65943,55.13892,9.716888200981716,3.6197965215813364,0.0
18.72539,21.49631,50.66751,2815.21474,-0.60997,55.1535,9.744531201857903,3.630094266738843,0.0
18.74689,21.52893,50.62444,2809.91114,-0.55982,55.16807,9.766838269351972,3.6384042363146545,0.0
18.76834,21.5615,50.58516,2804.58381,-0.50913,55.18264,9.783747740209977,3.6447034591242153,0.0
18.78975,21.59402,50.54968,2799.23568,-0.45809,55.1972,9.795224282611157,3.64897877313466,0.0
18.81111,21.62648,50.51802,2793.86971,-0.40684,55.21176,9.80125912708361,3.651226911486962,0.0
18.83242,21.6589,50.49016,2788.48892,-0.35556,55.2263,9.801870039521217,3.6514544924440453,0.0
18.85368,21.69126,50.4661,2783.09632,-0.3044,55.24084,9.797101038095992,3.6496779139331683,0.0
18.87489,21.72357,50.44579,2777.69497,-0.25355,55.25537,9.787021860393564,3.6459231550398887,0.0
18.89605,21.75583,50.4292,2772.28789,-0.20315,55.2699,9.771727191255987,3.6402254883591767,0.0
18.91717,21.78803,50.41628,2766.87812,-0.15338,55.28442,9.751335665859822,3.632629108615781,0.0
18.93823,21.82018,50.40696,2761.46864,-0.10439,55.29893,9.725988666028574,3.623186684258938,0.0
18.95925,21.85228,50.40116,2756.06238,-0.05633,55.31343,9.695848930875098,3.6119588398901086,0.0
18.98021,21.88433,50.3988,2750.66223,-0.00935,55.32792,9.661099005334215,3.599013578300562,0.0
19.00113,21.91632,50.39978,2745.271,0.0364,55.34241,9.621939552113444,3.5844256516285986,0.0
19.022,21.94826,50.404,2739.89143,0.08078,55.35689,9.578587553793593,3.5682758915947286,0.0
19.04282,21.98014,50.41133,2734.52616,0.12367,55.37137,9.531274432535007,3.5506505090427636,0.0
19.0636,22.01197,50.42166,2729.17773,0.16493,55.38583,9.48024411489752,3.531640373034334,0.0
19.08432,22.04375,50.43485,2723.84857,0.20445,55.40029,9.425751068704377,3.5113402795290516,0.0
19.105,22.07548,50.45077,2718.541,0.24211,55.41474,9.36805833793443,3.48984821933014,0.0
19.12563,22.10715,50.46927,2713.25721,0.27782,55.42919,9.30743560005024,3.467264654388047,0.0
19.14621,22.13878,50.49019,2707.99928,0.31147,55.44363,9.24415726830854,3.4436918108611514,0.0
19.16674,22.17035,50.51338,2702.76913,0.34298,55.45807,9.178500659385364,3.419232996507918,0.0
19.18723,22.20186,50.53867,2697.56858,0.37228,55.47249,9.110744244195422,3.3939919490710864,0.0
19.20767,22.23333,50.5659,2692.39929,0.39929,55.48692,9.041165997232245,3.3680722213634455,0.0
19.22806,22.26475,50.5949,2687.26279,0.42394,55.50134,8.970041856962634,3.3415766077242575,0.0
19.24841,22.29611,50.62549,2682.16046,0.4462,55.51575,8.897644307245118,3.314606615560304,0.0
19.26871,22.32743,50.6575,2677.09356,0.46601,55.53016,8.824241087004967,3.2872619846658866,0.0
19.28896,22.35869,50.69075,2672.0632,0.48333,55.54456,8.750094032897954,3.259640256084616,0.0
19.30917,22.38991,50.72507,2667.07035,0.49814,55.55897,8.675458057315053,3.2318363913892796,0.0
19.32934,22.42107,50.76026,2662.11586,0.51042,55.57337,8.600580261871684,3.2039424424332537,0.0
19.34946,22.45219,50.79615,2657.20044,0.52016,55.58776,8.525699184563905,3.176047270896384,0.0
19.36953,22.48326,50.83257,2652.32467,0.52735,55.60215,8.451044177032461,3.148236316299455,0.0
19.38956,22.51428,50.86933,2647.489,0.532,55.61654,8.376834906880605,3.120591410604477,0.0
19.40955,22.54525,50.90625,2642.69378,0.5341,55.63093,8.303280978722652,3.0931906370453155,0.0
19.42949,22.57618,50.94317,2637.93922,0.53369,55.64532,8.230581666709899,3.0661082304865426,0.0
19.44939,22.60706,50.97991,2633.22541,0.53079,55.65971,8.158925750403778,3.0394145162818846,0.0
19.46925,22.6379,51.0163,2628.55237,0.52542,55.67409,8.088491445413366,3.0131758844348564,0.0
19.48906,22.66868,51.05217,2623.91997,0.51762,55.68848,8.019446419811297,2.987454795714126,0.0
19.50883,22.69943,51.08736,2619.328,0.50743,55.70287,7.951947887206012,2.9623098163253783,0.0
19.52856,22.73013,51.12171,2614.77616,0.49489,55.71725,7.886142767299678,2.9377956777233596,0.0
19.54825,22.76078,51.15506,2610.26405,0.48006,55.73164,7.822167904953907,2.913963358219624,0.0
19.5679,22.79139,51.18727,2605.79119,0.463,55.74603,7.7601503389801465,2.89086018311403,0.0
19.58751,22.82196,51.21818,2601.357,0.44376,55.76042,7.700207612248487,2.8685299402184246,0.0
19.60707,22.85248,51.24767,2596.96084,0.42241,55.77481,7.642448115102461,2.8470130077876963,0.0
19.6266,22.88296,51.27558,2592.60198,0.39902,55.7892,7.586971454564591,2.8263464920585517,0.0
19.64608,22.9134,51.30179,2588.27963,0.37366,55.8036,7.53386884231775,2.806564371782785,0.0
19.66553,22.9438,51.32618,2583.99293,0.3464,55.818,7.483223494985505,2.7876976473422364,0.0
19.68494,22.97416,51.34862,2579.74095,0.31732,55.8324,7.43511104079401,2.7697744922410465,0.0
19.70431,23.00447,51.369,2575.52272,0.28651,55.84681,7.389599927236201,2.7528204049712963,0.0
19.72364,23.03475,51.38722,2571.33718,0.25404,55.86122,7.346751824893086,2.7368583594470617,0.0
19.74293,23.06498,51.40317,2567.18323,0.22001,55.87563,7.306622023123264,2.7219089524091715,0.0
19.76218,23.09518,51.41676,2563.05975,0.1845,55.89005,7.26925981378231,2.707990546370774,0.0
19.78139,23.12533,51.4279,2558.96551,0.1476,55.90447,7.234708859645257,2.695119406864405,0.0
19.80057,23.15545,51.43651,2554.89929,0.1094,55.9189,7.2030075446234205,2.683309832906973,0.0
19.81971,23.18552,51.44251,2550.8598,0.07,55.93333,7.174189303302127,2.6725742797612266,0.0
19.83881,23.21556,51.44584,2546.84571,0.0295,55.94776,7.148282927657468,2.6629234731958245,0.0
19.85788,23.24556,51.44643,2542.85565,-0.01202,55.9622,7.125312849230444,2.654366514602621,0.0
19.87691,23.27552,51.44422,2538.88822,-0.05445,55.97665,7.105299395259473,2.646910976412768,0.0
19.8959,23.30545,51.43917,2534.94199,-0.0977,55.9911,7.088259017634488,2.6405629873881415,0.0
19.91485,23.33533,51.43124,2531.01548,-0.14166,56.00556,7.07420449374341,2.635327307441935,0.0
19.93377,23.36518,51.42039,2527.10718,-0.18623,56.02002,7.063145098544409,2.6312073917401064,0.0
19.95265,23.39499,51.40659,2523.21557,-0.23132,56.03449,7.055086747371629,2.6282054439002662,0.0
19.9715,23.42477,51.38982,2519.33909,-0.27682,56.04896,7.050032109219544,2.626322458193081,0.0
19.99031,23.4545,51.37007,2515.47615,-0.32263,56.06344,7.047980690386392,2.6255582507016535,0.0
20.00909,23.4842,51.34733,2511.62513,-0.36865,56.07792,7.048928888529834,2.62591147945868,0.0
20.02782,23.51386,51.32159,2507.7844,-0.41478,56.09241,7.052870017362381,2.627379653646145,0.0
20.04653,23.54349,51.29287,2503.95231,-0.4609,56.10691,7.05979430234912,2.629959131992608,0.0
20.06519,23.57308,51.26117,2500.12718,-0.50693,56.12141,7.06968884789493,2.6336451105495837,0.0
20.08383,23.60263,51.22652,2496.30731,-0.55275,56.13591,7.082537576711274,2.6384316001040733,0.0
20.10242,23.63215,51.18893,2492.49101,-0.59827,56.15043,7.098321142151991,2.6443113935213414,0.0
20.12098,23.66162,51.14845,2488.67653,-0.64338,56.16494,7.117016814506315,2.651276023386072,0.0
20.13951,23.69107,51.10511,2484.86216,-0.68798,56.17947,7.138598342382083,2.659315710363969,0.0
20.158,23.72047,51.05896,2481.04613,-0.73197,56.19399,7.163035790509106,2.6684193027792427,0.0
20.17645,23.74984,51.01004,2477.22671,-0.77526,56.20853,7.190295355495344,2.6785742079789387,0.0
20.19487,23.77917,50.95843,2473.40213,-0.81773,56.22306,7.220339161260589,2.6897663161265966,0.0
20.21325,23.80847,50.90417,2469.57062,-0.85929,56.2376,7.253125036114041,2.701979917157793,0.0
20.2316,23.83772,50.84734,2465.73044,-0.89985,56.25215,7.288606273705787,2.7151976117282652,0.0
20.24991,23.86694,50.78802,2461.87981,-0.93931,56.2667,7.3267313803060246,2.7294002170687808,0.0
20.26819,23.89613,50.72629,2458.017,-0.97758,56.28126,7.367443811189583,2.7445666687814327,0.0
20.28643,23.92527,50.66224,2454.14025,-1.01456,56.29581,7.410681699157899,2.760673919706933,0.0
20.30464,23.95438,50.59596,2450.24784,-1.05016,56.31038,7.456377578566034,2.7776968371174102,0.0
20.3228,23.98345,50.52756,2446.33806,-1.08429,56.32494,7.504458108540436,2.7956080996077564,0.0
20.34094,24.01248,50.45712,2442.4092,-1.11687,56.33951,7.554843799355405,2.814378095163645,0.0
20.35903,24.04147,50.38477,2438.45962,-1.14782,56.35408,7.607448746295721,2.8339748220183694,0.0
20.3771,24.07043,50.31062,2434.48765,-1.17704,56.36865,7.6621803756301565,2.854363794021284,0.0
20.39512,24.09934,50.23479,2430.49172,-1.20447,56.38322,7.718939207607853,2.875507952347726,0.0
20.41311,24.12822,50.15739,2426.47023,-1.23004,56.3978,7.777618641675594,2.89736758548679,0.0
20.43106,24.15705,50.07857,2422.42168,-1.25366,56.41237,7.8381047693523325,2.9199002595321772,0.0
20.44897,24.18585,49.99844,2418.34458,-1.27527,56.42695,7.900276220392291,2.943060760873889,0.0
20.46685,24.21461,49.91714,2414.23752,-1.29481,56.44153,7.964004048004792,2.9668010534396063,0.0
20.48469,24.24332,49.83482,2410.09912,-1.31222,56.45611,8.029151659008829,2.9910702526754185,0.0
20.50249,24.27199,49.75161,2405.9281,-1.32745,56.47068,8.095574794753308,3.0158146184381227,0.0
20.52026,24.30063,49.66766,2401.72323,-1.34044,56.48526,8.16312156861137,3.040977568962834,0.0
20.53798,24.32922,49.58311,2397.48334,-1.35115,56.49983,8.23163256559393,3.0664997179716575,0.0
20.55567,24.35776,49.49811,2393.20736,-1.35955,56.5144,8.300941009432224,3.092318936916332,0.0
20.57332,24.38627,49.41282,2388.89431,-1.36561,56.52897,8.370873001966016,3.1183704441566333,0.0
20.59093,24.41473,49.32737,2384.54329,-1.36928,56.54354,8.441247839203184,3.1445869227008885,0.0
20.60851,24.44315,49.24192,2380.15351,-1.37057,56.5581,8.511878407733253,3.1708986678804423,0.0
20.62604,24.47152,49.15663,2375.72426,-1.36944,56.57266,8.58257166434913,3.197233766021384,0.0
20.64354,24.49985,49.07164,2371.25495,-1.36591,56.58722,8.653129200842423,3.223518304845652,0.0
20.66099,24.52814,48.98711,2366.74511,-1.35996,56.60177,8.72334789484322,3.249676615925982,0.0
20.67841,24.55638,48.90318,2362.19438,-1.3516,56.61631,8.793020646400684,3.2756315490815604,0.0
20.69578,24.58457,48.82,2357.60251,-1.34086,56.63085,8.86193719875462,3.301304778137025,0.0
20.71312,24.61271,48.73772,2352.96937,-1.32774,56.64538,8.929885040320029,3.3266171369354507,0.0
20.73041,24.64081,48.65648,2348.29498,-1.3123,56.65991,8.99665038351463,3.3514889839773443,0.0
20.74766,24.66886,48.57642,2343.57947,-1.29455,56.67443,9.062019214575969,3.3758405935051514,0.0
20.76488,24.69687,48.49769,2338.8231,-1.27456,56.68894,9.125778407008639,3.3995925702916403,0.0
20.78205,24.72482,48.4204,2334.02627,-1.25237,56.70344,9.187716889872066,3.4226662848578333,0.0
20.79918,24.75273,48.34469,2329.18951,-1.22805,56.71793,9.247626860687841,3.4449843253129115,0.0
20.81627,24.78058,48.27068,2324.31347,-1.20167,56.73242,9.305305031445446,3.4664709615241276,0.0
20.83331,24.80838,48.19849,2319.39895,-1.17331,56.74689,9.360553895028586,3.4870526168939366,0.0
20.85031,24.83614,48.12824,2314.44686,-1.14304,56.76136,9.413182998355083,3.5066583426381053,0.0
20.86727,24.86384,48.06002,2309.45825,-1.11097,56.77581,9.463010207752163,3.5252202891713,0.0
20.88419,24.89149,47.99393,2304.43428,-1.0772,56.79025,9.509862951485886,3.542674168981993,0.0
20.90107,24.91909,47.93008,2299.37626,-1.04183,56.80468,9.553579424110202,3.5589597052841717,0.0
20.9179,24.94664,47.86854,2294.28557,-1.00497,56.8191,9.594009737257705,3.574021060717179,0.0
20.93468,24.97413,47.80938,2289.16374,-0.96675,56.83351,9.631017001761025,3.587807240464398,0.0
20.95143,25.00157,47.75269,2284.01239,-0.92728,56.8479,9.664478326619667,3.600272464394686,0.0
20.96813,25.02896,47.69851,2278.83321,-0.88671,56.86228,9.694285721157268,3.6113765031396934,0.0
20.98478,25.05629,47.64691,2273.62803,-0.84515,56.87665,9.720346887915303,3.621084973467629,0.0
21.00139,25.08356,47.59792,2268.39871,-0.80276,56.89101,9.742585895270613,3.629369588850981,0.0
21.01796,25.11079,47.55157,2263.14723,-0.75967,56.90535,9.760943720401457,3.6362083617356697,0.0
21.03448,25.13795,47.50791,2257.8756,-0.71603,56.91967,9.775378655151144,3.6415857547359196,0.0
21.05096,25.16506,47.46693,2252.58591,-0.67199,56.93399,9.785866569372287,3.6454927787369265,0.0
21.0674,25.19212,47.42865,2247.28027,-0.62769,56.94828,9.792401028437602,3.647927036670722,0.0
21.08378,25.21912,47.39307,2241.96084,-0.58328,56.96257,9.79499326392193,3.648892712594455,0.0
21.10013,25.24606,47.36018,2236.62981,-0.53891,56.97684,9.793671998572593,3.648400506487244,0.0
21.11643,25.27295,47.32995,2231.2894,-0.49473,56.99109,9.788483128989343,3.6464675160401074,0.0
21.13268,25.29977,47.30237,2225.94179,-0.4509,57.00533,9.77948927142005,3.643117067452912,0.0
21.14889,25.32655,47.27739,2220.58922,-0.40755,57.01955,9.76676917812061,3.6383784980130707,0.0
21.16505,25.35326,47.25497,2215.23387,-0.36483,57.03376,9.750417033465208,3.6322868938781143,0.0
21.18117,25.37992,47.23505,2209.87792,-0.32288,57.04796,9.730541640525896,3.6248827870551588,0.0
21.19724,25.40652,47.21759,2204.52352,-0.28184,57.06213,9.707265510206913,3.61621181607949,0.0
21.21327,25.43307,47.2025,2199.17278,-0.24184,57.0763,9.680723865976931,3.6063243552511324,0.0
21.22925,25.45955,47.18971,2193.82777,-0.20302,57.09045,9.65106357809079,3.595275117604402,0.0
21.24519,25.48598,47.17915,2188.49049,-0.16549,57.10458,9.61844204157728,3.5831227369288374,0.0
21.26108,25.51235,47.17072,2183.1629,-0.12938,57.1187,9.583026012530926,3.569929334257263,0.0
21.27693,25.53867,47.16433,2177.84688,-0.09479,57.13281,9.544990417081392,3.555760074175564,0.0
21.29274,25.56493,47.15987,2172.54425,-0.06184,57.1469,9.504517147179156,3.5406827162211596,0.0
21.3085,25.59113,47.15726,2167.25674,-0.03062,57.16097,9.46179385663841,3.5247671663773033,0.0
21.32421,25.61727,47.15636,2161.98601,-0.00123,57.17503,9.417012770222954,3.50808503342625,0.0
21.33988,25.64336,47.15708,2156.73363,0.02624,57.18908,9.370369517527141,3.49070919453922,0.0
21.35551,25.66939,47.15929,2151.50108,0.05173,57.20312,9.322062002348153,3.4727133740878253,0.0
21.37109,25.69537,47.16286,2146.28974,0.07515,57.21714,9.27228931704739,3.454171739215124,0.0
21.38663,25.72128,47.16769,2141.10092,0.09645,57.23115,9.221250710099541,3.43515851522048,0.0
21.40213,25.74715,47.17363,2135.9358,0.11556,57.24514,9.169144613767328,3.415747623342823,0.0
21.41758,25.77295,47.18057,2130.79549,0.13245,57.25912,9.116167737428944,3.396012343001268,0.0
21.43299,25.79871,47.18837,2125.68099,0.14706,57.27309,9.06251423088247,3.376025000103987,0.0
21.44836,25.8244,47.19689,2120.59321,0.15936,57.28705,9.00837492058161,3.3558566825259315,0.0
21.46369,25.85005,47.20602,2115.53295,0.16933,57.301,8.953936620626695,3.335576983434848,0.0
21.47897,25.87563,47.21561,2110.50092,0.17695,57.31493,8.89938151914829,3.315253772703032,0.0
21.49421,25.90117,47.22553,2105.49774,0.18221,57.32886,8.84488663975847,3.294952996283752,0.0
21.50941,25.92665,47.23565,2100.52392,0.18511,57.34277,8.790623376712665,3.2747385030468115,0.0
21.52456,25.95207,47.24584,2095.57988,0.18564,57.35667,8.736757101722302,3.254671898305907,0.0
21.53968,25.97745,47.25598,2090.66596,0.18381,57.37057,8.683446839539656,3.234812422965454,0.0
21.55475,26.00277,47.26592,2085.7824,0.17966,57.38445,8.630845008914834,3.2152168570202475,0.0
21.56979,26.02804,47.27556,2080.92934,0.17318,57.39832,8.579097225000941,3.195939445946183,0.0
21.58478,26.05325,47.28475,2076.10686,0.16442,57.41219,8.528342158914867,3.177031848382959,0.0
21.59973,26.07842,47.29339,2071.31494,0.15341,57.42604,8.478711449873149,3.1585431034023723,0.0
21.61465,26.10353,47.30135,2066.55348,0.14019,57.43989,8.430329665165296,3.140519615597326,0.0
21.62952,26.12859,47.30852,2061.8223,0.12481,57.45373,8.383314303067024,3.1230051561670926,0.0
21.64435,26.1536,47.31479,2057.12115,0.1073,57.46756,8.3377758338346,3.106040878188778,0.0
21.65915,26.17856,47.32004,2052.4497,0.08774,57.48138,8.293817773911144,3.089665344261124,0.0
21.6739,26.20347,47.32418,2047.80757,0.06618,57.4952,8.251536788613308,3.0739145647580024,0.0
21.68862,26.22833,47.32711,2043.19427,0.04269,57.50901,8.211022818670717,3.0588220449676835,0.0
21.70329,26.25314,47.32872,2038.60929,0.01733,57.52281,8.172359226224197,3.044418839481012,0.0
21.71793,26.2779,47.32893,2034.05204,-0.00982,57.5366,8.135622956078317,3.030733612262231,0.0
21.73253,26.30261,47.32764,2029.52185,-0.03868,57.55039,8.100884708245312,3.017792700926126,0.0
21.7471,26.32727,47.32479,2025.01802,-0.06918,57.56418,8.068209118112959,3.0056201838553056,0.0
21.76162,26.35189,47.32028,2020.53979,-0.10124,57.57795,8.037654940787688,2.9942379488728523,0.0
21.77611,26.37646,47.31406,2016.08633,-0.13476,57.59173,8.00927523652109,2.983665762318585,0.0
21.79056,26.40098,47.30604,2011.65677,-0.16966,57.60549,7.983117554335517,2.9739213374544193,0.0
21.80497,26.42545,47.29617,2007.25021,-0.20585,57.61926,7.959224111305799,2.965020401251527,0.0
21.81935,26.44987,47.28438,2002.86568,-0.24323,57.63301,7.937631965198637,2.956976758703053,0.0
21.83368,26.47425,47.27064,1998.50218,-0.28171,57.64676,7.918373178484987,2.9498023539230434,0.0
21.84799,26.49858,47.25489,1994.15865,-0.32119,57.66051,7.901474971955762,2.9435073273723344,0.0
21.86225,26.52286,47.23709,1989.83402,-0.36157,57.67425,7.886959866476645,2.9381000686659524,0.0
21.87648,26.5471,47.21721,1985.52717,-0.40275,57.68799,7.874845811656618,2.933587264505526,0.0
21.89068,26.57129,47.19521,1981.23693,-0.44463,57.70173,7.865146300414139,2.929973941358203,0.0
21.90483,26.59543,47.17108,1976.96212,-0.48711,57.71546,7.857870468697217,2.9272635026049962,0.0
21.91895,26.61953,47.14479,1972.70152,-0.53008,57.72918,7.853023179833808,2.92545775996353,0.0
21.93304,26.64358,47.11632,1968.45389,-0.57343,57.7429,7.850605093145722,2.924556959048529,0.0
21.94709,26.66759,47.08568,1964.21796,-0.61706,57.75662,7.850612716768717,2.9245597990486836,0.0
21.9611,26.69155,47.05286,1959.99242,-0.66087,57.77033,7.853038444701405,2.925463446528353,0.0
21.97508,26.71546,47.01786,1955.77597,-0.70476,57.78404,7.857870578425776,2.9272635434817706,0.0
21.98903,26.73933,46.9807,1951.56726,-0.7486,57.79775,7.865093333513701,2.9299542097941464,0.0
22.00293,26.76315,46.94138,1947.36494,-0.7923,57.81145,7.874686831915608,2.9335280403689916,0.0
22.01681,26.78693,46.89992,1943.16766,-0.83576,57.82514,7.8866270807556464,2.9379760972287614,0.0
22.03064,26.81067,46.85636,1938.97401,-0.87886,57.83884,7.900885938671986,2.943287896975729,0.0
22.04445,26.83435,46.81071,1934.78263,-0.92151,57.85253,7.917431070881322,2.949451394052335,0.0
22.05821,26.85799,46.76302,1930.59211,-0.96359,57.86621,7.9362258943801285,2.956452960327209,0.0
22.07194,26.88159,46.71332,1926.40105,-1.00502,57.87989,7.9572295148121155,2.964277361576638,0.0
22.08564,26.90514,46.66167,1922.20805,-1.04569,57.89356,7.9803966567648175,2.97290773151821,0.0
22.0993,26.92864,46.6081,1918.01172,-1.08549,57.90723,8.005677589363598,2.982325544092626,0.0
22.11293,26.9521,46.55268,1913.81064,-1.12434,57.92089,8.033018049249808,2.992510584771033,0.0
22.12652,26.97552,46.49546,1909.60344,-1.16213,57.93455,8.062359163182451,3.003440921722113,0.0
22.14008,26.99888,46.43651,1905.38874,-1.19878,57.94821,8.093637372609773,3.0150928777130117,0.0
22.1536,27.02221,46.3759,1901.16517,-1.23419,57.96185,8.1267843627774,3.0274410037002535,0.0
22.16708,27.04548,46.31369,1896.93138,-1.26828,57.9755,8.16172699898532,3.0404580550837945,0.0
22.18054,27.06871,46.24996,1892.68605,-1.30096,57.98913,8.198387272794243,3.0541149716674756,0.0
22.19395,27.09189,46.1848,1888.42787,-1.33214,58.00276,8.236682261011477,3.0683808623801774,0.0
22.20733,27.11503,46.11829,1884.15556,-1.36176,58.01638,8.27652410040664,3.0832229958567603,0.0
22.22068,27.13812,46.0505,1879.86789,-1.38972,58.03,8.317819981136983,3.098606797988829,0.0
22.23398,27.16116,45.98154,1875.56363,-1.41598,58.04361,8.360472161857334,3.114495857553576,0.0
22.24726,27.18415,45.91149,1871.24161,-1.44045,58.05721,8.404378009490085,3.1308519410291535,0.0
22.2605,27.2071,45.84045,1866.90071,-1.46307,58.0708,8.449430066571711,3.1476350176830232,0.0
22.2737,27.23,45.76852,1862.53984,-1.4838,58.08438,8.495516148967031,3.1648032959730865,0.0
22.28686,27.25285,45.6958,1858.15797,-1.50256,58.09796,8.542519476626879,3.182313272258362,0.0
22.29999,27.27565,45.62239,1853.75412,-1.51932,58.11153,8.590318839813245,3.200119792722222,0.0
22.31309,27.2984,45.54838,1849.32736,-1.53404,58.12508,8.638788803046271,3.2181761293480102,0.0
22.32614,27.32111,45.4739,1844.87684,-1.54667,58.13863,8.687799948633677,3.2364340706401706,0.0
22.33916,27.34376,45.39903,1840.40174,-1.55719,58.15217,8.737219161344493,3.2548440276726938,0.0
22.35215,27.36637,45.32389,1835.90136,-1.56557,58.16569,8.786909955373012,3.273355155891795,0.0
22.3651,27.38892,45.24859,1831.37502,-1.57179,58.17921,8.83673284423299,3.2919154929112393,0.0
22.37801,27.41143,45.17323,1826.82215,-1.57583,58.19271,8.886545753766226,3.3104721123689003,0.0
22.39088,27.43388,45.09791,1822.24224,-1.57771,58.20621,8.936204477860635,3.3289712936937352,0.0
22.40372,27.45629,45.02275,1817.63487,-1.5774,58.21969,8.985563175856688,3.34735870740277,0.0
22.41652,27.47864,44.94784,1812.99969,-1.57493,58.23316,9.03447491006848,3.365579615341843,0.0
22.42928,27.50094,44.8733,1808.33644,-1.5703,58.24661,9.082792221097446,3.3835790850050986,0.0
22.442,27.52319,44.79921,1803.64497,-1.56354,58.26005,9.13036773804111,3.4013022168538027,0.0
22.45469,27.54539,44.72569,1798.92518,-1.55468,58.27348,9.177054819997876,3.4186943832937553,0.0
22.46734,27.56753,44.65283,1794.17708,-1.54375,58.28689,9.222708224619172,3.4357014777285575,0.0
22.47995,27.58962,44.58071,1789.40078,-1.53079,58.30029,9.267184798864777,3.452270171884144,0.0
22.49252,27.61166,44.50945,1784.59646,-1.51586,58.31368,9.31034418651197,3.4683481793745568,0.0
22.50506,27.63364,44.43912,1779.7644,-1.49901,58.32705,9.352049546449491,3.4838845232853455,0.0
22.51755,27.65557,44.3698,1774.90498,-1.48031,58.3404,9.392168275333342,3.4988298053818663,0.0
22.53001,27.67745,44.30159,1770.01865,-1.45982,58.35374,9.430572727796154,3.5131364744062235,0.0
22.54243,27.69927,44.23455,1765.10596,-1.43762,58.36706,9.467140927139091,3.526759090828699,0.0
22.5548,27.72103,44.16876,1760.16756,-1.4138,58.38036,9.501757259202162,3.539654585332706,0.0
22.56714,27.74274,44.10428,1755.20415,-1.38844,58.39365,9.534313142117943,3.5517825083156676,0.0
22.57944,27.76439,44.04119,1750.21655,-1.36165,58.40691,9.564707664623844,3.563105267677134,0.0
22.5917,27.78599,43.97953,1745.20563,-1.33351,58.42017,9.59284818585266,3.573588352256543,0.0
22.60393,27.80753,43.91936,1740.17235,-1.30414,58.4334,9.618650889756909,3.5832005383708747,0.0
22.61611,27.82901,43.86073,1735.11774,-1.27364,58.44661,9.64204128777772,3.5919140770720386,0.0
22.62825,27.85044,43.80367,1730.04289,-1.24213,58.45981,9.66295466388992,3.5997048599378756,0.0
22.64035,27.87181,43.74823,1724.94896,-1.20973,58.47299,9.681336456789312,3.6065525614469793,0.0
22.65241,27.89312,43.69443,1719.83717,-1.17657,58.48614,9.697142574727513,3.6124407562629517,0.0
22.66443,27.91437,43.6423,1714.70878,-1.14275,58.49928,9.710339639345229,3.617357010068719,0.0
22.67642,27.93556,43.59184,1709.56512,-1.10842,58.5124,9.720905155679526,3.62129294289871,0.0
22.68836,27.9567,43.54309,1704.40754,-1.0737,58.5255,9.728827606547636,3.624244264299309,0.0
22.70026,27.97777,43.49603,1699.23744,-1.03872,58.53858,9.73410647038238,3.626210779973018,0.0
22.71212,27.99879,43.45067,1694.05623,-1.00362,58.55164,9.736752162673527,3.627196369963824,0.0
22.72394,28.01975,43.40701,1688.86539,-0.96852,58.56467,9.736785902040827,3.6272089387658792,0.0
22.73572,28.04065,43.36503,1683.66636,-0.93355,58.57769,9.734239502998962,3.626260338122994,0.0
22.74746,28.06149,43.32471,1678.46063,-0.89886,58.59069,9.729155098321899,3.6243662636020493,0.0
22.75916,28.08227,43.28603,1673.2497,-0.86456,58.60367,9.721584794747917,3.6215461263340667,0.0
22.77081,28.10299,43.24896,1668.03504,-0.83078,58.61663,9.711590266559579,3.617822901612047,0.0
22.78243,28.12365,43.21346,1662.81815,-0.79766,58.62956,9.699242292205865,3.61322295627053,0.0
22.79401,28.14425,43.17949,1657.60049,-0.76531,58.64248,9.684620239719353,3.6077758569899485,0.0
22.80554,28.16479,43.14702,1652.38353,-0.73386,58.65537,9.66781150710234,3.601514161825738,0.0
22.81704,28.18527,43.11599,1647.1687,-0.70342,58.66825,9.64891092425649,3.5944731974113946,0.0
22.8285,28.2057,43.08634,1641.95741,-0.67409,58.6811,9.628020123187548,3.5866908243431563,0.0
22.83991,28.22606,43.05801,1636.75105,-0.646,58.69394,9.605246883370857,3.578207193311437,0.0
22.85129,28.24636,43.03095,1631.55095,-0.61924,58.70675,9.580704459162444,3.569064494543758,0.0
22.86262,28.2666,43.00509,1626.35843,-0.59391,58.71955,9.554510895991566,3.55930670306848,0.0
22.87391,28.28678,42.98036,1621.17475,-0.57011,58.73232,9.526788341924215,3.548979322254095,0.0
22.88517,28.3069,42.95667,1616.00112,-0.54791,58.74508,9.497662360826949,3.538129127944678,0.0
22.89638,28.32696,42.93397,1610.83872,-0.52741,58.75781,9.46726125306012,3.5268039154002477,0.0
22.90756,28.34697,42.91217,1605.68865,-0.50866,58.77053,9.4357153891253,3.515052251062893,0.0
22.91869,28.36691,42.89118,1600.55197,-0.49176,58.78322,9.403156561241484,3.5029232310018523,0.0
22.92979,28.38679,42.87093,1595.42969,-0.47674,58.7959,9.369717357285493,3.4904662476898376,0.0
22.94084,28.40661,42.85132,1590.32275,-0.46368,58.80856,9.335530560968778,3.4777307665531136,0.0
22.95186,28.42638,42.83229,1585.23203,-0.45261,58.8212,9.300728581532868,3.464766113518048,0.0
22.96284,28.44609,42.81373,1580.15835,-0.44358,58.83382,9.265442915696852,3.4516212745723873,0.0
22.97377,28.46573,42.79556,1575.10247,-0.43663,58.84643,9.229803643986077,3.4383447081344487,0.0
22.98467,28.48532,42.77769,1570.06507,-0.43178,58.85901,9.19393896302383,3.4249841708194633,0.0
22.99553,28.50485,42.76003,1565.04679,-0.42905,58.87158,9.157974754837017,3.4115865569946062,0.0
23.00636,28.52432,42.7425,1560.04818,-0.42846,58.88413,9.12203419369177,3.3981977523149243,0.0
23.01714,28.54374,42.72501,1555.06974,-0.43002,58.89667,9.086237390547888,3.3848625012732523,0.0
23.02788,28.56309,42.70746,1550.1119,-0.43372,58.90918,9.050701074752139,3.3716242886225944,0.0
23.03859,28.58239,42.68978,1545.17504,-0.43956,58.92168,9.015538312213177,3.358525234388867,0.0
23.04926,28.60163,42.67187,1540.25945,-0.44754,58.93417,8.980858258975967,3.3456060020708884,0.0
23.05989,28.62082,42.65365,1535.36537,-0.45763,58.94663,8.946765948787075,3.3329057195028584,0.0
23.07049,28.63994,42.63505,1530.49297,-0.4698,58.95909,8.913362113019513,3.320461911771626,0.0
23.08104,28.65901,42.61598,1525.64238,-0.48404,58.97152,8.880743031099039,3.3083104454965504,0.0
23.09156,28.67803,42.59636,1520.81365,-0.5003,58.98395,8.849000409433428,3.296485483727469,0.0
23.10204,28.69699,42.57612,1516.00676,-0.51854,58.99635,8.818221286710466,3.285019450665707,0.0
23.11249,28.71589,42.55518,1511.22166,-0.53872,59.00874,8.788487963348102,3.273943005382405,0.0
23.1229,28.73473,42.53347,1506.45823,-0.56079,59.02112,8.759877952860554,3.2632850237011124,0.0
23.13327,28.75353,42.51092,1501.71628,-0.58469,59.03349,8.732463952859291,3.253072587394891,0.0
23.1436,28.77226,42.48747,1496.99559,-0.61036,59.04583,8.706313833462566,3.243330979868559,0.0
23.1539,28.79094,42.46306,1492.29588,-0.63773,59.05817,8.68149064088594,3.2340836874962604,0.0
23.16417,28.80957,42.43762,1487.61681,-0.66674,59.07049,8.658052614109856,3.22535240583057,0.0
23.1744,28.82814,42.41111,1482.95799,-0.69731,59.0828,8.636053212574026,3.2171570499193813,0.0
23.18459,28.84665,42.38346,1478.31901,-0.72937,59.0951,8.615541152945424,3.2095157680029573,0.0
23.19474,28.86512,42.35464,1473.69937,-0.76283,59.10738,8.596560453160526,3.2024449579208145,0.0
23.20486,28.88353,42.32459,1469.09856,-0.79762,59.11965,8.579150482066058,3.195959285604217,0.0
23.21495,28.90188,42.29327,1464.51602,-0.83365,59.13191,8.563346013087225,3.1900717050689953,0.0
23.225,28.92018,42.26065,1459.95114,-0.87082,59.14415,8.54917728054823,3.184793479396429,0.0
23.23502,28.93843,42.2267,1455.40329,-0.90904,59.15639,8.536670037403892,3.1801342022397914,0.0
23.245,28.95662,42.19137,1450.87178,-0.94823,59.16861,8.525845613287073,3.176101819448537,0.0
23.25494,28.97477,42.15466,1446.35589,-0.98829,59.18082,8.516720971957552,3.172702650469528,0.0
23.26486,28.99285,42.11653,1441.8549,-1.02911,59.19301,8.50930876737587,3.1699414092360105,0.0
23.27473,29.01089,42.07696,1437.36801,-1.0706,59.2052,8.503617397802397,3.1678212243209463,0.0
23.28458,29.02887,42.03595,1432.89442,-1.11266,59.21737,8.49965105746639,3.1663436581850886,0.0
23.29438,29.0468,41.99349,1428.4333,-1.15519,59.22953,8.4974097855133,3.1655087254111485,0.0
23.30416,29.06468,41.94956,1423.9838,-1.19808,59.24168,8.496889512079417,3.1653149098678086,0.0
23.3139,29.08251,41.90417,1419.54502,-1.24124,59.25382,8.498082101515045,3.1657591808114964,0.0
23.32361,29.10028,41.85731,1415.11608,-1.28455,59.26595,8.50097539287308,3.1668370079694426,0.0
23.33328,29.118,41.809,1410.69605,-1.32793,59.27806,8.505553237984609,3.1685423757238405,0.0
23.34292,29.13567,41.75924,1406.28401,-1.37125,59.29017,8.511795537500067,3.1708677965381344,0.0
23.35252,29.15329,41.70804,1401.87899,-1.41443,59.30226,8.519678275489428,3.1738043238464897,0.0
23.3621,29.17086,41.65543,1397.48005,-1.45735,59.31434,8.529173553195374,3.177341564627748,0.0
23.37163,29.18837,41.60142,1393.08621,-1.49993,59.32641,8.54024962278828,3.181467691980036,0.0
23.38114,29.20583,41.54605,1388.6965,-1.54205,59.33847,8.552870921937433,3.186169457999462,0.0
23.39061,29.22324,41.48932,1384.30994,-1.58363,59.35051,8.566998110203944,3.191432207337431,0.0
23.40005,29.2406,41.43129,1379.92555,-1.62456,59.36255,8.582588108287714,3.197239891821173,0.0
23.40945,29.2579,41.37197,1375.54235,-1.66475,59.37457,8.599594141265767,3.2035750865611545,0.0
23.41882,29.27516,41.31142,1371.15936,-1.70411,59.38658,8.617965786993103,3.2104190079816783,0.0
23.42816,29.29236,41.24966,1366.77561,-1.74255,59.39857,8.637649030901086,3.217751534234718,0.0
23.43747,29.30951,41.18675,1362.39015,-1.77999,59.41056,8.658586328453106,3.2255512284662995,0.0
23.44674,29.32661,41.12272,1358.00202,-1.81633,59.42253,8.680716676526375,3.2337953654080946,0.0
23.45597,29.34366,41.05763,1353.61029,-1.8515,59.43449,8.703975695012364,3.2424599617757335,0.0
23.46518,29.36065,40.99154,1349.21403,-1.88542,59.44644,8.728295719874252,3.251519810935153,0.0
23.47435,29.37759,40.92448,1344.81235,-1.91802,59.45837,8.75360590888262,3.260948522291922,0.0
23.48349,29.39448,40.85652,1340.40438,-1.94923,59.47029,8.779832361204873,3.2707185658414533,0.0
23.49259,29.41132,40.78772,1335.98926,-1.97898,59.4822,8.806898251916513,3.2808013222779837,0.0
23.50167,29.4281,40.71814,1331.56616,-2.00722,59.49409,8.834723982438941,3.2911671390366215,0.0
23.5107,29.44484,40.64783,1327.1343,-2.03388,59.50597,8.863227347738052,3.301785392579217,0.0
23.51971,29.46152,40.57686,1322.69291,-2.05892,59.51783,8.892323721058668,3.3126245572128044,0.0
23.52868,29.47814,40.50529,1318.24127,-2.08229,59.52968,8.921926256701672,3.323652280629412,0.0
23.53762,29.49472,40.43318,1313.77869,-2.10395,59.54152,8.95194611128435,3.3348354663313726,0.0
23.54652,29.51124,40.36061,1309.30453,-2.12386,59.55334,8.982292683609108,3.3461403629887174,0.0
23.55539,29.5277,40.28764,1304.81818,-2.142,59.56514,9.012873873155643,3.3575326607343245,0.0
23.56423,29.54412,40.21433,1300.31908,-2.15834,59.57693,9.043596356889278,3.3689775942823004,0.0
23.57303,29.56048,40.14075,1295.80672,-2.17286,59.5887,9.074365883889325,3.380440052684799,0.0
23.5818,29.57678,40.06696,1291.28065,-2.18556,59.60046,9.105087587023652,3.391884695438994,0.0
23.59054,29.59304,39.99304,1286.74045,-2.19642,59.6122,9.135666310623469,3.4032760745545656,0.0
23.59924,29.60923,39.91904,1282.18575,-2.20545,59.62393,9.166006952861556,3.4145787620985972,0.0
23.60791,29.62538,39.84503,1277.61626,-2.21265,59.63563,9.196014821281304,3.425757482639489,0.0
23.61655,29.64147,39.77108,1273.03173,-2.21804,59.64732,9.225595999609613,3.43677724989443,0.0
23.62515,29.6575,39.69724,1268.43197,-2.22164,59.65899,9.254657723839612,3.4476035068300894,0.0
23.63371,29.67348,39.62359,1263.81683,-2.22347,59.67065,9.283108765194836,3.458202268326862,0.0
23.64224,29.6894,39.55016,1259.18624,-2.22356,59.68228,9.310859817529801,3.468540265495768,0.0
23.65074,29.70527,39.47704,1254.54018,-2.22197,59.6939,9.337823886373098,3.478585090607246,0.0
23.65921,29.72108,39.40426,1249.8787,-2.21872,59.7055,9.363916676784893,3.4883053415782745,0.0
23.66764,29.73684,39.33189,1245.20187,-2.21387,59.71708,9.389056977007716,3.497670764892385,0.0
23.67603,29.75254,39.25998,1240.50987,-2.20748,59.72864,9.413167034782775,3.506652395787394,0.0
23.68439,29.76818,39.18856,1235.80291,-2.19962,59.74018,9.436172923203266,3.5152226945453826,0.0
23.69272,29.78377,39.1177,1231.08125,-2.19034,59.7517,9.458004892942732,3.523355677707029,0.0
23.70101,29.7993,39.04742,1226.34522,-2.17973,59.7632,9.478597707689875,3.5310270430299058,0.0
23.70927,29.81478,38.97778,1221.59521,-2.16786,59.77468,9.497890959764776,3.538214287063819,0.0
23.71749,29.83019,38.9088,1216.83163,-2.15481,59.78613,9.515829362984023,3.5448968142507833,0.0
23.72567,29.84555,38.84053,1212.05499,-2.14069,59.79757,9.532363019986617,3.551056036510948,0.0
23.73383,29.86086,38.77299,1207.26581,-2.12557,59.80899,9.547447661485077,3.556675462369929,0.0
23.74194,29.8761,38.70621,1202.46467,-2.10956,59.82039,9.561044855147893,3.5617407747730248,0.0
23.75003,29.89129,38.64021,1197.6522,-2.09275,59.83176,9.573122182045278,3.5662398968158957,0.0
23.75807,29.90642,38.57501,1192.82907,-2.07525,59.84311,9.583653379018712,3.570163044780969,0.0
23.76609,29.92149,38.51063,1187.99598,-2.05717,59.85444,9.592618445572647,3.5735027679574074,0.0
23.77406,29.9365,38.44708,1183.15369,-2.03862,59.86575,9.600003714305922,3.5762539748786675,0.0
23.782,29.95146,38.38437,1178.30296,-2.0197,59.87704,9.605801884269527,3.578413945749144,0.0
23.78991,29.96635,38.3225,1173.44461,-2.00053,59.88831,9.610012017041319,3.5799823309818968,0.0
23.79778,29.98119,38.26148,1168.57947,-1.98122,59.89955,9.61263949565667,3.5809611358992375,0.0
23.80562,29.99597,38.2013,1163.70841,-1.96189,59.91077,9.61369594695723,3.5813546918056036,0.0
23.81342,30.01069,38.14195,1158.8323,-1.94265,59.92197,9.61319912828988,3.5811696137799296,0.0
23.82119,30.02535,38.08344,1153.95204,-1.92362,59.93314,9.611172779827927,3.580414745661415,0.0
23.82892,30.03995,38.02575,1149.06856,-1.90491,59.9443,9.607646444115396,3.5791010928250206,0.0
23.83661,30.05449,37.96885,1144.18276,-1.88663,59.95543,9.602655254788711,3.577241743474736,0.0
23.84427,30.06897,37.91273,1139.29559,-1.86889,59.96654,9.5962396966299,3.574851779257084,0.0
23.8519,30.0834,37.85737,1134.40798,-1.85181,59.97762,9.58844533940274,3.571948176108086,0.0
23.85949,30.09776,37.80275,1129.52086,-1.8355,59.98868,9.5793225480867,3.568549696307776,0.0
23.86704,30.11206,37.74883,1124.63517,-1.82004,59.99972,9.568926172295628,3.56467677278049,0.0
23.87456,30.12631,37.69558,1119.75183,-1.80556,60.01074,9.557315217771317,3.560351386717584,0.0
23.88205,30.1405,37.64297,1114.87178,-1.79214,60.02174,9.54455250293025,3.5555969396320495,0.0
23.8895,30.15462,37.59097,1109.9959,-1.77989,60.03271,9.530704303439464,3.550438120953674,0.0
23.89691,30.16869,37.53953,1105.12511,-1.76888,60.04367,9.515839987851626,3.5449007722935226,0.0
23.90429,30.1827,37.48862,1100.26026,-1.75922,60.0546,9.500031647182858,3.539011749451931,0.0
23.91163,30.19665,37.43819,1095.40223,-1.75097,60.0655,9.483353721349827,3.5327987832564878,0.0
23.91894,30.21054,37.38819,1090.55184,-1.74421,60.07639,9.465882625163268,3.526290340234788,0.0
23.92622,30.22437,37.33859,1085.70991,-1.73903,60.08725,9.447696376515093,3.519515484104342,0.0
23.93346,30.23814,37.28933,1080.87722,-1.73547,60.0981,9.428874229163704,3.512503738975447,0.0
23.94067,30.25185,37.24037,1076.05452,-1.73361,60.10892,9.409496312362725,3.5052849551034053,0.0
23.94784,30.26551,37.19165,1071.24255,-1.7335,60.11972,9.389643279407773,3.497889177962951,0.0
23.95497,30.2791,37.14314,1066.44198,-1.73519,60.1305,9.369395966875043,3.490346521305654,0.0
23.96208,30.29264,37.09476,1061.65349,-1.73871,60.14126,9.348835066201072,3.4826870448147442,0.0
23.96915,30.30612,37.04648,1056.8777,-1.74411,60.152,9.328040808934205,3.4749406368529985,0.0
23.97618,30.31953,36.99824,1052.11519,-1.75142,60.16272,9.307092666847254,3.467136902746819,0.0
23.98318,30.3329,36.95,1047.36652,-1.76066,60.17342,9.286069067798211,3.459305058936868,0.0
23.99015,30.3462,36.90169,1042.6322,-1.77186,60.1841,9.265047128075327,3.451473833269571,0.0
23.99708,30.35944,36.85326,1037.91272,-1.78501,60.19476,9.244102401699568,3.443671371605682,0.0
24.00398,30.37263,36.80468,1033.20849,-1.80014,60.2054,9.223308647010906,3.435925150867542,0.0
24.01084,30.38576,36.75588,1028.51993,-1.81724,60.21602,9.202737610645986,3.4282618985650677,0.0
24.01768,30.39883,36.70681,1023.84738,-1.83629,60.22662,9.18245882885548,3.420707518781244,0.0
24.02448,30.41184,36.65744,1019.19116,-1.85731,60.2372,9.162539445975856,3.4132870245480764,0.0
24.03124,30.4248,36.6077,1014.55155,-1.88025,60.24777,9.143044049714534,3.406024476485987,0.0
24.03797,30.4377,36.55756,1009.92878,-1.90511,60.25831,9.124034522804637,3.3989429275412952,0.0
24.04467,30.45054,36.50696,1005.32304,-1.93185,60.26884,9.105569910466164,3.392064373612023,0.0
24.05134,30.46333,36.45587,1000.7345,-1.96044,60.27935,9.087706303070375,3.3854097098372935,0.0
24.05798,30.47606,36.40425,996.16325,-1.99083,60.28985,9.070496733277757,3.37899869227851,0.0
