0.04839,0.04839,59.21515,5117.72574,-0.42258,45.0001,9.67793218703275,3.605284381390931,0.0
0.09673,0.09673,59.1638,5112.39999,-0.34428,45.00023,9.727813442575656,3.6238664615354867,0.0
0.14502,0.14502,59.12302,5107.03055,-0.26533,45.00041,9.76323253668347,3.6370610060231003,0.0
0.19326,0.19326,59.09286,5101.62542,-0.18598,45.00062,9.783993770131472,3.6447951117434103,0.0
0.24145,0.24146,59.07334,5096.19277,-0.10648,45.00088,9.790013492746509,3.647037616805945,0.0
0.28959,0.2896,59.06443,5090.7408,-0.02707,45.00117,9.781321013818966,3.6437994396925495,0.0
0.33768,0.33769,59.0661,5085.27778,0.052,45.0015,9.758057611517568,3.6351332102383265,0.0
0.38571,0.38572,59.07825,5079.81188,0.13049,45.00187,9.720473680444437,3.6211322070208425,0.0
0.43369,0.43371,59.10076,5074.35119,0.20814,45.00227,9.668924110026508,3.6019286356893354,0.0
0.48162,0.48165,59.1335,5068.90365,0.28474,45.00272,9.603862035589259,3.577691301075254,0.0
0.5295,0.52953,59.17627,5063.47693,0.36006,45.0032,9.525831146600767,3.5486227418107865,0.0
0.57732,0.57736,59.22888,5058.07848,0.43387,45.00372,9.435456771109976,3.514955909047536,0.0
0.6251,0.62514,59.29109,5052.71541,0.50597,45.00428,9.33343598067666,3.476950480282575,0.0
0.67282,0.67288,59.36265,5047.39446,0.57617,45.00488,9.220526975401794,3.4348889050029636,0.0
0.72049,0.72056,59.44326,5042.12201,0.64429,45.00552,9.097538014191313,3.3890722809177314,0.0
0.7681,0.76819,59.53264,5036.904,0.71016,45.0062,8.965316151266858,3.339816158011779,0.0
0.81567,0.81577,59.63044,5031.74594,0.77362,45.00691,8.824736027370522,3.287446362974721,0.0
0.86319,0.8633,59.73633,5026.65288,0.83454,45.00767,8.676688944085898,3.232294929097998,0.0
0.91065,0.91079,59.84996,5021.62939,0.89279,45.00846,8.522072423867346,3.1746962071111002,0.0
0.95807,0.95823,59.97094,5016.67958,0.94827,45.0093,8.361780428232187,3.114983221200769,0.0
1.00544,1.00562,60.0989,5011.8071,1.00088,45.01017,8.19669437387464,3.0534843222770722,0.0
1.05276,1.05296,60.23344,5007.01511,1.05054,45.01109,8.027675052640458,2.9905201779513493,0.0
1.10003,1.10026,60.37416,5002.30634,1.09718,45.01205,7.8555555279386065,2.9264011262626557,0.0
1.14726,1.14752,60.52066,4997.68305,1.14077,45.01305,7.681135048310777,2.861424908322269,0.0
1.19444,1.19473,60.67252,4993.14711,1.18126,45.01409,7.505173989685696,2.795874784170332,0.0
1.24157,1.2419,60.82933,4988.69994,1.21863,45.01517,7.328389811915613,2.7300180264793146,0.0
1.28866,1.28903,60.99068,4984.34262,1.25286,45.0163,7.151453993038629,2.6641047784860583,0.0
1.33571,1.33612,61.15614,4980.07585,1.28396,45.01747,6.9749898866254725,2.59836725579708,0.0
1.38272,1.38316,61.32531,4975.89998,1.31194,45.01868,6.799571433498689,2.533019266470069,0.0
1.42968,1.43017,61.49778,4971.81507,1.33681,45.01994,6.62572264900983,2.468256020011153,0.0
1.4766,1.47714,61.67315,4967.8209,1.3586,45.02124,6.453917800563259,2.4042541935071826,0.0
1.52348,1.52408,61.85101,4963.91696,1.37736,45.02258,6.2845821868881,2.341172221925041,0.0
1.57032,1.57098,62.03097,4960.10254,1.39312,45.02397,6.1180934302036345,2.279150779477247,0.0
1.61713,1.61784,62.21265,4956.37669,1.40593,45.02541,5.954783194428128,2.2183134196999594,0.0
1.6639,1.66467,62.39567,4952.7383,1.41585,45.02689,5.794939246501686,2.158767343349971,0.0
1.71063,1.71146,62.57966,4949.18608,1.42294,45.02842,5.638807783297256,2.100604265240283,0.0
1.75732,1.75823,62.76425,4945.7186,1.42727,45.02999,5.4865959529552555,2.0439013535035984,0.0
1.80398,1.80496,62.94911,4942.33431,1.4289,45.03161,5.33847450659183,1.9887222174234125,0.0
1.85061,1.85166,63.13387,4939.03155,1.4279,45.03328,5.194580523682951,1.9351179227113027,0.0
1.8972,1.89833,63.31823,4935.80859,1.42435,45.035,5.055020161950899,1.8831280159119967,0.0
1.94376,1.94498,63.50184,4932.66361,1.41832,45.03676,4.919871389811577,1.8327815423118912,0.0
1.99028,1.99159,63.6844,4929.59475,1.40989,45.03857,4.789186666475749,1.7840980443472794,0.0
2.03678,2.03818,63.86561,4926.60009,1.39914,45.04043,4.6629955412907895,1.7370885299275498,0.0
2.08324,2.08474,64.04519,4923.67771,1.38614,45.04234,4.541307149892365,1.6917564023173606,0.0
2.12968,2.13128,64.22284,4920.82564,1.37097,45.0443,4.424112590150771,1.6480983452391678,0.0
2.17609,2.17779,64.3983,4918.04191,1.35371,45.04631,4.311387165662586,1.6061051586328952,0.0
2.22246,2.22428,64.57131,4915.32455,1.33444,45.04836,4.203092488710342,1.5657625420637447,0.0
2.26881,2.27075,64.74163,4912.67159,1.31323,45.05047,4.099178438222195,1.5270518241136894,0.0
2.31514,2.31719,64.909,4910.08109,1.29016,45.05263,3.9995849712480736,1.489950637204003,0.0
2.36143,2.36361,65.07321,4907.55109,1.2653,45.05484,3.904243788997355,1.454433538238129,0.0
2.4077,2.41001,65.23404,4905.0797,1.23874,45.0571,3.8130798604958565,1.4204725762040002,0.0
2.45395,2.45639,65.39126,4902.66501,1.21053,45.05941,3.72601280852808,1.3880378084739922,0.0
2.50017,2.50275,65.5447,4900.30517,1.18076,45.06177,3.642958163747229,1.3570977679939005,0.0
2.54636,2.5491,65.69414,4897.99834,1.14949,45.06418,3.5638284937399773,1.3276198838892763,0.0
2.59253,2.59542,65.83941,4895.74271,1.11679,45.06664,3.4885344144449033,1.2995708582454042,0.0
2.63868,2.64172,65.98034,4893.53653,1.08273,45.06916,3.416985491710261,1.2729170019612916,0.0
2.6848,2.68801,66.11676,4891.37806,1.04737,45.07172,3.3490910409443204,1.2476245326404658,0.0
2.73091,2.73428,66.24852,4889.2656,1.01078,45.07434,3.2847608328411377,1.2236598374923855,0.0
2.77698,2.78054,66.37546,4887.19748,0.97301,45.07702,3.2239057130565105,1.2009897041780437,0.0
2.82304,2.82678,66.49745,4885.17208,0.93414,45.07974,3.166438143479334,1.179581522447788,0.0
2.86908,2.873,66.61435,4883.18779,0.89421,45.08252,3.112272672474644,1.1594034593192255,0.0
2.91509,2.91921,66.72603,4881.24305,0.85329,45.08534,3.0613263411094938,1.1404246104070532,0.0
2.96109,2.9654,66.83239,4879.33633,0.81143,45.08823,3.0135190319931,1.1226151298751887,0.0
3.00706,3.01158,66.9333,4877.46612,0.7687,45.09116,2.9687737669482157,1.1059463413271904,0.0
3.05301,3.05775,67.02866,4875.63094,0.72513,45.09415,2.9270169593073847,1.0903908317932482,0.0
3.09895,3.1039,67.11838,4873.82935,0.68079,45.09719,2.888178626181404,1.0759225308057738,0.0
3.14486,3.15005,67.20236,4872.05992,0.63572,45.10028,2.8521925656470777,1.0625167764064993,0.0
3.19076,3.19617,67.28052,4870.32126,0.58998,45.10343,2.818996503357249,1.0501503697625718,0.0
3.23663,3.24229,67.35278,4868.61197,0.54362,45.10663,2.7885322126856473,1.0388016199236714,0.0
3.28249,3.2884,67.41907,4866.9307,0.49668,45.10989,2.760745612126108,1.028450380105781,0.0
3.32833,3.33449,67.47933,4865.27611,0.44921,45.11319,2.735586843298715,1.0190780767505294,0.0
3.37415,3.38058,67.53349,4863.64687,0.40126,45.11655,2.7130103325566757,1.010667732475371,0.0
3.41996,3.42665,67.5815,4862.04166,0.35287,45.11997,2.692974838868827,1.0032039839110816,0.0
3.46573,3.47272,67.62287,4860.46,0.29731,45.14788,2.675606600035065,0.9967338579596382,30.999999471197007
3.51147,3.5188,67.65715,4858.90129,0.24146,45.17571,2.6610314582599464,0.991304234153346,30.999999471197007
3.55717,3.5649,67.68429,4857.36404,0.18534,45.20348,2.6492145358337194,0.986902119627635,30.999999471197007
3.60283,3.611,67.70428,4855.84679,0.12901,45.23122,2.640127578987892,0.9835169891103401,30.999999471197007
3.64846,3.65711,67.71709,4854.34805,0.07251,45.25895,2.6337487030456064,0.9811406899835116,30.999999471197007
3.69405,3.70323,67.7227,4852.86637,0.01588,45.2867,2.6300623571137547,0.9797674291302979,30.999999471197007
3.73961,3.74937,67.72112,4851.40027,-0.04085,45.31449,2.6290592960572186,0.9793937624946132,30.999999471197007
3.78513,3.79551,67.71233,4849.94826,-0.09762,45.34235,2.63073656013325,0.9800185874944091,30.999999471197007
3.83061,3.84167,67.69633,4848.50886,-0.15441,45.3703,2.635097462456896,0.981643138352213,30.999999471197007
3.87606,3.88783,67.67313,4847.08056,-0.21116,45.39836,2.6421515842540653,0.9842709843267735,30.999999471197007
3.92147,3.93401,67.64274,4845.66184,-0.26783,45.42656,2.651914777657271,0.9879080307545463,30.999999471197007
3.96685,3.9802,67.60518,4844.25115,-0.3244,45.45493,2.6644091755723327,0.9925625227253014,30.999999471197007
4.01219,4.0264,67.56047,4842.84694,-0.3808,45.48349,2.679663207954592,0.9982450511454403,30.999999471197007
4.05749,4.07261,67.50863,4841.44759,-0.43701,45.51226,2.697711623568266,1.004968560843929,30.999999471197007
4.10276,4.11883,67.4497,4840.0515,-0.49297,45.54128,2.718595516090082,1.0127483602965883,30.999999471197007
4.14799,4.16507,67.38372,4838.65698,-0.54865,45.57056,2.742362353138288,1.0216021324401634,30.999999471197007
4.19318,4.21132,67.31072,4837.26234,-0.604,45.60013,2.769066006534086,1.0315499459455055,30.999999471197007
4.23834,4.25758,67.23076,4835.86584,-0.65897,45.63003,2.798766781784293,1.0426142662006364,30.999999471197007
4.28346,4.30386,67.14389,4834.46568,-0.71352,45.66028,2.831531444443991,1.0548199651315329,30.999999471197007
4.32854,4.35015,67.05017,4833.06002,-0.7676,45.6909,2.8674332406389897,1.0681943288472797,30.999999471197007
4.37359,4.39645,66.94967,4831.64695,-0.82117,45.72193,2.9065519086169007,1.0827670619431522,30.999999471197007
4.41859,4.44277,66.84246,4830.22453,-0.87416,45.7534,2.948973677755932,1.0985702871313636,30.999999471197007
4.46356,4.4891,66.72862,4828.79074,-0.92655,45.78533,2.994791250951888,1.1156385386797623,30.999999471197007
4.50849,4.53544,66.60824,4827.34348,-0.97826,45.81776,3.0441037657792314,1.134008747943301,30.999999471197007
4.55338,4.5818,66.4814,4825.8806,-1.02924,45.85073,3.0970167292175366,1.1537202190479277,30.999999471197007
4.59823,4.62818,66.34821,4824.39988,-1.07945,45.88426,3.153641920121567,1.1748145925581197,30.999999471197007
4.64303,4.67457,66.20878,4822.899,-1.12882,45.9184,3.2140972529002703,1.1973357946937255,30.999999471197007
4.6878,4.72098,66.06321,4821.37557,-1.1773,45.95317,3.2785065951540764,1.221329969395058,30.999999471197007
4.73252,4.7674,65.91164,4819.82711,-1.22482,45.98861,3.346999531240096,1.2468453902447099,30.999999471197007
4.7772,4.81384,65.75418,4818.25106,-1.27132,46.02477,3.419711062897002,1.273932348942447,30.999999471197007
4.82184,4.86029,65.59098,4816.64476,-1.31674,46.06168,3.496781237243657,1.3026430167249068,30.999999471197007
4.86643,4.90676,65.42218,4815.00546,-1.361,46.09939,3.5783546915609485,1.3330312747848554,30.999999471197007
4.91098,4.95325,65.24793,4813.33029,-1.40405,46.13793,3.664580103409338,1.3651525094255077,30.999999471197007
4.95548,4.99976,65.06841,4811.6163,-1.4458,46.17736,3.7556095337747837,1.399063367365098,30.999999471197007
4.99993,5.04629,64.88378,4809.86043,-1.48619,46.21771,3.8515976500980105,1.4348214662948418,30.999999471197007
5.04433,5.09283,64.69423,4808.05951,-1.52513,46.25903,3.9527008153015615,1.4724850555175413,30.999999471197007
5.08868,5.13939,64.49994,4806.21028,-1.56255,46.30138,4.059076028292608,1.51211262125701,30.999999471197007
5.13298,5.18597,64.30113,4804.30934,-1.59837,46.3448,4.170879700907117,1.553762431037586,30.999999471197007
5.17723,5.23257,64.09799,4802.35321,-1.6325,46.38934,4.288266256011031,1.5974920114399451,30.999999471197007
5.22143,5.27919,63.89077,4800.3383,-1.66486,46.43507,4.411386531445622,1.643357553528743,30.999999471197007
5.26557,5.32583,63.67968,4798.26089,-1.69536,46.48202,4.540385974851549,1.6914132403770827,30.999999471197007
5.30965,5.37249,63.46498,4796.1172,-1.7239,46.53026,4.6754026151627635,1.7417104913946209,30.999999471197007
5.35367,5.41917,63.24692,4793.90331,-1.7504,46.57985,4.816564797842603,1.7942971186434236,30.999999471197007
5.39763,5.46587,63.02577,4791.61523,-1.77476,46.63085,4.963988672837228,1.8492163910345236,30.999999471197007
5.44153,5.5126,62.80182,4789.24889,-1.79688,46.68331,5.117775426814274,1.9065060032639978,30.999999471197007
5.48536,5.55934,62.57535,4786.80013,-1.81667,46.73729,5.278008254717044,1.966196947637217,30.999999471197007
5.52913,5.60611,62.34667,4784.26473,-1.83403,46.79287,5.444749070022424,2.028312288553362,30.999999471197007
5.57283,5.6529,62.11611,4781.63842,-1.84885,46.85009,5.618034958493169,2.0928658414348456,30.999999471197007
5.61646,5.69971,61.88398,4778.91689,-1.86103,46.90903,5.797874386762821,2.159860760325432,30.999999471197007
5.66002,5.74655,61.65063,4776.0958,-1.87049,46.96975,5.984243184794231,2.22928804125033,30.999999471197007
5.7035,5.79341,61.41642,4773.17082,-1.8771,47.03231,6.177080330215648,2.3011249517704693,30.999999471197007
5.74691,5.8403,61.18171,4770.13763,-1.88078,47.09677,6.376283572719795,2.375333400956021,30.999999471197007
5.79024,5.88721,60.94688,4766.99197,-1.88142,47.16319,6.581704948040027,2.451858268224485,30.999999471197007
5.83348,5.93414,60.71232,4763.72962,-1.87894,47.23164,6.793146243461594,2.530625714124327,30.999999471197007
5.87664,5.9811,60.47844,4760.34651,-1.87323,47.30217,7.010354490041047,2.6115415010680985,30.999999471197007
5.91971,6.02809,60.24564,4756.83866,-1.86422,47.37483,7.23301757052644,2.694489357167151,30.999999471197007
5.96269,6.0751,60.01435,4753.20229,-1.85181,47.4497,7.4607600459322345,2.779329421520977,30.999999471197007
6.00557,6.12214,59.78499,4749.4338,-1.83593,47.5268,7.6931393173317595,2.865896814383912,30.999999471197007
6.04836,6.1692,59.55802,4745.52986,-1.81651,47.60619,7.929642252068088,2.954000380339919,30.999999471197007
6.09105,6.2163,59.33386,4741.48744,-1.79348,47.68791,8.16968241453845,3.0434216566969168,30.999999471197007
6.13364,6.26342,59.11298,4737.3038,-1.7668,47.772,8.412598050100224,3.133914122438716,30.999999471197007
6.17612,6.31056,58.89584,4732.97663,-1.73642,47.85847,8.657650975686337,3.225202784950066,30.999999471197007
6.21849,6.35774,58.68289,4728.50401,-1.70231,47.94737,8.90402653135898,3.316984161969141,30.999999471197007
6.26075,6.40494,58.47459,4723.8845,-1.66446,48.03869,9.150834742450783,3.4089267145157027,30.999999471197007
6.3029,6.45217,58.27141,4719.11718,-1.62285,48.13245,9.397112831246014,3.500671782558433,30.999999471197007
6.34492,6.49943,58.0738,4714.20168,-1.57749,48.22864,9.64182919966133,3.5918350686683094,30.999999471197007
6.38682,6.54671,57.88223,4709.13824,-1.52843,48.32725,9.883888979631868,3.6820087056834563,30.999999471197007
6.4286,6.59403,57.69713,4703.92772,-1.4757,48.42826,10.12214121564353,3.7707639323914126,30.999999471197007
6.47025,6.64137,57.51895,4698.57166,-1.41936,48.53164,10.355387704378995,3.857654386529847,30.999999471197007
6.51177,6.68874,57.34812,4693.0723,-1.35949,48.63733,10.582393470291741,3.942220007213519,30.999999471197007
6.55315,6.73614,57.18505,4687.43259,-1.2962,48.74528,10.801898804216574,4.02399151963345,30.999999471197007
6.5944,6.78356,57.03015,4681.65624,-1.22961,48.85542,11.01263273658039,4.102495454182437,30.999999471197007
6.6355,6.83102,56.88379,4675.74768,-1.15986,48.96767,11.213327759222452,4.17725963072046,30.999999471197007
6.67646,6.8785,56.74633,4669.71209,-1.08711,49.08193,11.40273555311851,4.247819017565734,30.999999471197007
6.71728,6.92601,56.61811,4663.55538,-1.01154,49.19811,11.579643425806486,4.313721854868277,30.999999471197007
6.75794,6.97354,56.49944,4657.28417,-0.93335,49.31608,11.74289111532986,4.374535914520952,30.999999471197007
6.79846,7.0211,56.3906,4650.90576,-0.85276,49.43572,11.891387579744318,4.429854754692467,30.999999471197007
6.83882,7.06869,56.29186,4644.42811,-0.77,49.55688,12.024127365505356,4.479303817482417,30.999999471197007
6.87902,7.1163,56.20343,4637.85976,-0.68533,49.67942,12.140206136433854,4.522546213869561,30.999999471197007
6.91907,7.16393,56.1255,4631.20979,-0.59901,49.80318,12.238834949292222,4.559288041739552,30.999999471197007
6.95895,7.21159,56.05822,4624.48776,-0.51132,49.928,12.31935288290518,4.589283090564715,30.999999471197007
6.99868,7.25927,56.00172,4617.70363,-0.42255,50.0537,12.381237665095743,4.6123368002173155,30.999999471197007
7.03825,7.30698,55.95608,4610.8677,-0.33299,50.18011,12.424113994564452,4.628309361088536,30.999999471197007
7.07765,7.35471,55.92134,4603.99049,-0.24296,50.30704,12.447759320978157,4.637117867323621,30.999999471197007
7.11689,7.40245,55.89751,4597.08268,-0.15275,50.43432,12.4521069231973,4.638737463542552,30.999999471197007
7.15596,7.45022,55.88456,4590.15504,-0.06267,50.56176,12.437246209126855,4.63320145654239,30.999999471197007
7.19487,7.49801,55.88242,4583.21831,0.02697,50.68918,12.40342024726079,4.62060039573266,30.999999471197007
7.23362,7.54582,55.89099,4576.28314,0.11586,50.81639,12.35102062535117,4.601080157854296,30.999999471197007
7.2722,7.59364,55.91013,4569.35999,0.20372,50.94322,12.280579811827593,4.574839101407415,30.999999471197007
7.31062,7.64148,55.93967,4562.45906,0.29025,51.06949,12.192761266927675,4.5421243827872155,30.999999471197007
7.34888,7.68934,55.97939,4555.59021,0.37518,51.19504,12.088347610017456,4.503227548299502,30.999999471197007
7.38697,7.73721,56.02907,4548.76293,0.45824,51.3197,11.96822719493795,4.45847953312405,30.999999471197007
7.42491,7.7851,56.08844,4541.9862,0.53918,51.44333,11.833379475196514,4.408245209463322,30.999999471197007
7.46268,7.833,56.1572,4535.26856,0.61777,51.56578,11.684859554939571,4.352917631373321,30.999999471197007
7.5003,7.88091,56.23502,4528.61794,0.69378,51.68693,11.523782320319322,4.292912123280163,30.999999471197007
7.53776,7.92884,56.32158,4522.04172,0.76701,51.80663,11.351306530490664,4.228660353457835,30.999999471197007
7.57507,7.97678,56.4165,4515.54666,0.83729,51.92479,11.16861921973251,4.160604523407985,30.999999471197007
7.61222,8.02473,56.51941,4509.13891,0.90444,52.04131,10.976920724619108,4.089191790087274,30.999999471197007
7.64923,8.07269,56.6299,4502.82398,0.96833,52.15609,10.777410605206931,4.014869021179064,30.999999471197007
7.68609,8.12066,56.74756,4496.60674,1.02882,52.26905,10.57127467958988,3.9380779651240845,30.999999471197007
7.7228,8.16864,56.87197,4490.49144,1.08582,52.38014,10.359673339503795,3.859250898375682,30.999999471197007
7.75938,8.21662,57.0027,4484.48171,1.13923,52.48929,10.143731263289546,3.7788067932078957,30.999999471197007
7.79581,8.26462,57.1393,4478.58059,1.18898,52.59645,9.924528593363878,3.697148031091222,30.999999471197007
7.8321,8.31262,57.28134,4472.79056,1.23502,52.70161,9.703093600233519,3.6146576698448434,30.999999471197007
7.86827,8.36063,57.42836,4467.11351,1.27731,52.80472,9.480396815036045,3.5316972578537165,30.999999471197007
7.9043,8.40865,57.57993,4461.55086,1.31584,52.90577,9.257346578457847,3.448605175923404,30.999999471197007
7.9402,8.45667,57.73558,4456.10351,1.3506,53.00476,9.034785926101407,3.3656954769974337,30.999999471197007
7.97597,8.5047,57.89487,4450.77193,1.38159,53.10169,8.813490708965961,3.2832571859868875,30.999999471197007
8.01162,8.55274,58.05737,4445.55615,1.40883,53.19657,8.594168832352013,3.2015540162423126,30.999999471197007
8.04715,8.60078,58.22263,4440.45584,1.43237,53.28941,8.377460486945248,3.1208244556385587,30.999999471197007
8.08257,8.64883,58.39022,4435.47029,1.45223,53.38024,8.163939241236147,3.0412821735298246,30.999999471197007
8.11787,8.69688,58.55972,4430.59851,1.46847,53.46908,7.954113864280276,2.9631166997758287,30.999999471197007
8.15305,8.74493,58.73071,4425.83922,1.48116,53.55597,7.748430751206108,2.886494328307288,30.999999471197007
8.18813,8.793,58.90278,4421.19087,1.49035,53.64094,7.54727683015536,2.811559200037687,30.999999471197007
8.2231,8.84106,59.07554,4416.65171,1.49612,53.72404,7.350982837785668,2.738434523074197,30.999999471197007
8.25796,8.88913,59.2486,4412.21979,1.49856,53.8053,7.159826860347558,2.6672238918620326,30.999999471197007
8.29272,8.93721,59.42158,4407.89303,1.49774,53.88479,6.974038048183885,2.598012670933212,30.999999471197007
8.32738,8.98529,59.59411,4403.66916,1.49375,53.96254,6.79380042271674,2.5308694131093614,30.999999471197007
8.36195,9.03337,59.76585,4399.54584,1.48669,54.0386,6.619256706187515,2.465847286180646,30.999999471197007
8.39642,9.08146,59.93644,4395.52061,1.47664,54.11305,6.450512115338448,2.4029854861519695,30.999999471197007
8.4308,9.12955,60.10555,4391.59096,1.4637,54.18591,6.287638070509961,2.342310618979321,30.999999471197007
8.46508,9.17765,60.27286,4387.75431,1.44797,54.25726,6.130675781197719,2.283838036284123,30.999999471197007
8.49928,9.22575,60.43807,4384.00803,1.42955,54.32715,5.979639677836818,2.2275731137831367,30.999999471197007
8.53339,9.27386,60.60088,4380.3495,1.40853,54.39563,5.834520667315958,2.1735124640531476,30.999999471197007
8.56741,9.32197,60.761,4376.77604,1.38501,54.46276,5.6952891965906725,2.1216450778075053,30.999999471197007
8.60138,9.37007,60.91906,4373.28314,1.37487,54.47164,5.561186609836586,2.0716883357901943,0.0
8.63531,9.41814,61.07569,4369.86686,1.36203,54.48055,5.431522305576205,2.023384970780028,0.0
8.6692,9.46618,61.23058,4366.52535,1.34659,54.48949,5.306353550805885,1.9767563162399358,0.0
8.70307,9.5142,61.38344,4363.25676,1.32863,54.49847,5.185713960516364,1.9318148946384313,0.0
8.7369,9.56218,61.534,4360.05916,1.30824,54.50748,5.069618586982676,1.8885663133440136,0.0
8.77069,9.61014,61.68199,4356.93062,1.2855,54.51652,4.958066120258932,1.8470100843673714,0.0
8.80446,9.65808,61.82715,4353.86918,1.2605,54.5256,4.851040965446949,1.807140398198606,0.0
8.83819,9.70599,61.96924,4350.87287,1.23334,54.53472,4.748515190304663,1.768946849342607,0.0
8.87189,9.75388,62.10802,4347.93974,1.20409,54.54386,4.65045033977231,1.7324151122777982,0.0
8.90557,9.80175,62.24326,4345.0678,1.17285,54.55305,4.556799116651366,1.697527567553266,0.0
8.93921,9.84959,62.37476,4342.25511,1.13971,54.56227,4.467506929778111,1.664263878524144,0.0
8.97282,9.89742,62.5023,4339.4997,1.10474,54.57152,4.382513312777616,1.6326015198748056,0.0
9.00641,9.94522,62.6257,4336.79964,1.06804,54.58081,4.301753217825385,1.602516259579115,0.0
9.03996,9.993,62.74475,4334.15302,1.02968,54.59014,4.2251581899009505,1.5739825963407865,0.0
9.07349,10.04077,62.8593,4331.55794,0.98974,54.59951,4.152657427742177,1.5469741548267835,0.0
9.10699,10.08851,62.96916,4329.0125,0.94832,54.60891,4.084178738231728,1.5214640412013811,0.0
9.14046,10.13624,63.07419,4326.51484,0.90547,54.61835,4.019649391235386,1.4974251615759395,0.0
9.1739,10.18395,63.17423,4324.06314,0.8613,54.62783,3.95899688204784,1.4748305060400166,0.0
9.20732,10.23164,63.26914,4321.65556,0.81586,54.63734,3.9021496085784597,1.4536534009308872,0.0
9.24071,10.27932,63.35879,4319.29031,0.76924,54.64689,3.84903747030165,1.4338677319583124,0.0
9.27408,10.32698,63.44306,4316.9656,0.72151,54.65648,3.7995923957580926,1.4154481407126276,0.0
9.30742,10.37462,63.52184,4314.67968,0.67274,54.66611,3.7537488051162056,1.39837019698106,0.0
9.34073,10.42225,63.59501,4312.43081,0.623,54.67578,3.711444013975787,1.3826105491752076,0.0
9.37402,10.46987,63.66248,4310.21725,0.57237,54.68549,3.6726185842078256,1.3681470550281034,0.0
9.40729,10.51747,63.72415,4308.0373,0.52091,54.69523,3.6372166272264423,1.3549588945709894,0.0
9.44053,10.56506,63.77995,4305.88926,0.46869,54.70501,3.605186064677342,1.3430266672466273,0.0
9.47374,10.61264,63.82979,4303.77143,0.41577,54.71483,3.5764788511112022,1.3323324748609926,0.0
9.50693,10.6602,63.87362,4301.68214,0.36224,54.72469,3.551051162772348,1.3228599919120232,0.0
9.5401,10.70775,63.91136,4299.61972,0.30814,54.73459,3.5288635562199455,1.31459452468019,0.0
9.57324,10.75529,63.94297,4297.5825,0.25354,54.74453,3.5098811000891277,1.30752306031298,0.0
9.60636,10.80281,63.9684,4295.56881,0.19852,54.75451,3.494073482881736,1.3016343069797858,0.0
9.63946,10.85032,63.98761,4293.57698,0.14313,54.76453,3.481415099291098,1.2969187260301562,0.0
9.67253,10.89783,64.00057,4291.60536,0.08743,54.77458,3.4718851171723766,1.2933685569420117,0.0
9.70558,10.94532,64.00725,4289.65226,0.03149,54.78468,3.465467526894377,1.290977835706494,0.0
9.7386,10.9928,64.00764,4287.71599,-0.02463,54.79481,3.462151174434093,1.289742407156553,0.0
9.77161,11.04027,64.00172,4285.79488,-0.08086,54.80498,3.461929779237395,1.2896599316205253,0.0
9.80458,11.08773,63.98949,4283.8872,-0.13715,54.8152,3.464801937478734,1.2907298861364556,0.0
9.83754,11.13518,63.97096,4281.99124,-0.19343,54.82545,3.470771111048036,1.2929535603494295,0.0
9.87047,11.18262,63.94612,4280.10525,-0.24964,54.83574,3.479845602203864,1.2963340470692077,0.0
9.90338,11.23004,63.91502,4278.22747,-0.30572,54.84607,3.492038513527883,1.3008762273522092,0.0
9.93627,11.27746,63.87765,4276.35611,-0.3616,54.85644,3.507367692444881,1.3065867498337629,0.0
9.96914,11.32487,63.83406,4274.48935,-0.41722,54.86685,3.5258556592399937,1.3134740039126251,0.0
10.00198,11.37227,63.78429,4272.62536,-0.47252,54.8773,3.5475295171555428,1.3215480862596904,0.0
10.0348,11.41966,63.72837,4270.76224,-0.52742,54.88778,3.5724208428013235,1.3308207599929378,0.0
10.06759,11.46704,63.66637,4268.89809,-0.58188,54.89831,3.6005655547510544,1.3413054057261524,0.0
10.10037,11.51441,63.59833,4267.03096,-0.63581,54.90887,3.6320037578485254,1.3530169635688674,0.0
10.13312,11.56177,63.52434,4265.15886,-0.68916,54.91947,3.666779560374818,1.3659718650163446,0.0
10.16584,11.60912,63.44446,4263.27974,-0.74185,54.93011,3.7049408608697965,1.3801879535349701,0.0
10.19855,11.65646,63.35877,4261.39154,-0.79381,54.94079,3.7465391010383846,1.3956843925133409,0.0
10.23123,11.70379,63.26738,4259.49212,-0.84499,54.95151,3.7916289807956325,1.4124815591090534,0.0
10.26389,11.75111,63.17036,4257.57932,-0.8953,54.96227,3.8402681311820035,1.4306009224010454,0.0
10.29652,11.79842,63.06783,4255.6509,-0.94467,54.97306,3.892516740502542,1.450064904116595,0.0
10.32913,11.84572,62.95991,4253.70459,-0.99303,54.98389,3.9484371287501476,1.4708967200927947,0.0
10.36172,11.89301,62.84672,4251.73805,-1.04031,54.99476,4.00809326508518,1.4931202005250093,0.0
10.39428,11.94029,62.72838,4249.7489,-1.08643,55.00567,4.071550222870848,1.5167595869532169,0.0
10.42682,11.98755,62.60503,4247.7347,-1.1313,55.01661,4.1388735666046035,1.541839303877823,0.0
10.45934,12.03481,62.47683,4245.69293,-1.17486,55.02759,4.210128664929895,1.5683837028384668,0.0
10.49183,12.08206,62.34393,4243.62106,-1.21702,55.03861,4.2853799239055785,1.5964167767866961,0.0
10.52429,12.12929,62.20649,4241.51646,-1.25771,55.04966,4.364689934758875,1.6259618426015248,0.0
10.55673,12.17651,62.06469,4239.37646,-1.29683,55.06075,4.448118530571992,1.6570411896803792,0.0
10.58915,12.22372,61.91872,4237.19836,-1.3343,55.07187,4.535721746703001,1.68967569266852,0.0
10.62154,12.27092,61.76876,4234.97937,-1.37004,55.08303,4.627550680291024,1.7238843865947155,0.0
10.65388,12.31812,61.61402,4232.71882,-1.42208,55.15003,4.7243219574303685,1.7599342335346648,35.99999938590621
10.68615,12.36534,61.45368,4230.41556,-1.47258,55.2183,4.826811604789986,1.7981143238410406,35.99999938590621
10.71834,12.41257,61.28793,4228.06594,-1.52144,55.2879,4.935168271741321,1.838480033315907,35.99999938590621
10.75046,12.45983,61.11697,4225.66622,-1.56856,55.3589,5.049538057667616,1.881085787823629,35.99999938590621
10.78251,12.5071,60.94099,4223.21255,-1.61385,55.43139,5.170065233105052,1.925985331934919,35.99999938590621
10.81447,12.5544,60.76022,4220.70098,-1.65719,55.50544,5.296890537789187,1.9732310949043586,35.99999938590621
10.84636,12.60171,60.57489,4218.12744,-1.69849,55.58112,5.430149267057647,2.022873477805048,35.99999938590621
10.87817,12.64904,60.38523,4215.48778,-1.73764,55.65853,5.569969132592299,2.0749600565987785,35.99999938590621
10.90989,12.69639,60.1915,4212.77775,-1.77453,55.73773,5.716467884923468,2.129534696456299,35.99999938590621
10.94152,12.74377,59.99396,4209.99299,-1.80905,55.81882,5.869750687104065,2.186636573381826,35.99999938590621
10.97307,12.79116,59.79288,4207.12909,-1.84108,55.90187,6.029907231746677,2.246299100233503,35.99999938590621
11.00453,12.83857,59.58856,4204.18154,-1.87052,55.98699,6.197008597193601,2.308548755564019,35.99999938590621
11.0359,12.886,59.3813,4201.14577,-1.89724,56.07425,6.371103843158782,2.373403815407656,35.99999938590621
11.06717,12.93345,59.17141,4198.01718,-1.92113,56.16374,6.552216351743031,2.440872990212189,35.99999938590621
11.09835,12.98093,58.95921,4194.79111,-1.94206,56.25555,6.740339926431445,2.510953971612775,35.99999938590621
11.12943,13.02842,58.74505,4191.4629,-1.95994,56.34977,6.93543466959514,2.5836318966928844,35.99999938590621
11.1604,13.07594,58.52928,4188.02788,-1.97463,56.4465,7.137422668125247,2.658877740769446,35.99999938590621
11.19127,13.12347,58.31225,4184.48143,-1.98602,56.54581,7.346183527140974,2.736646653581586,35.99999938590621
11.22204,13.17102,58.09436,4180.81894,-1.994,56.64779,7.561549803195286,2.816876258039581,35.99999938590621
11.25269,13.2186,57.87597,4177.03591,-1.99847,56.75254,7.783302400886687,2.899484935341628,35.99999938590621
11.28323,13.2662,57.6575,4173.12796,-1.9993,56.86013,8.011166010023187,2.9843701251973616,35.99999938590621
11.31365,13.31381,57.43934,4169.09082,-1.9964,56.97064,8.244804674303916,3.071406675045167,35.99999938590621
11.34395,13.36145,57.22193,4164.92043,-1.98968,57.08415,8.48381759629261,3.1604452772944187,35.99999938590621
11.37413,13.40911,57.00567,4160.61293,-1.97904,57.20073,8.727735296888133,3.251311038627207,35.99999938590621
11.40418,13.45679,56.79103,4156.16473,-1.9644,57.32044,8.976016259881984,3.3438022300077157,35.99999938590621
11.4341,13.50449,56.57842,4151.57253,-1.94569,57.44335,9.228044202732605,3.4376892699738453,35.99999938590621
11.46389,13.5522,56.36831,4146.83341,-1.92284,57.5695,9.483126122681831,3.532713996764178,35.99999938590621
11.49354,13.59994,56.16115,4141.94481,-1.89581,57.69893,9.740491271795447,3.6285892864936207,35.99999938590621
11.52305,13.6477,55.95739,4136.90462,-1.86455,57.83169,9.999291214615397,3.7249990746303685,35.99999938590621
11.55241,13.69547,55.7575,4131.71124,-1.82905,57.96779,10.258601116844886,3.8215988360650077,35.99999938590621
11.58163,13.74326,55.56192,4126.36356,-1.78929,58.10725,10.517422402216067,3.918016574863645,35.99999938590621
11.61069,13.79108,55.37112,4120.8611,-1.74528,58.25007,10.774686896531334,4.013854368032316,35.99999938590621
11.6396,13.83891,55.18555,4115.20395,-1.69706,58.39623,11.029262552602408,4.108690498207432,35.99999938590621
11.66835,13.88675,55.00566,4109.39288,-1.64465,58.5457,11.279960817122014,4.202082198009316,35.99999938590621
11.69694,13.93461,54.83187,4103.42937,-1.58814,58.69845,11.525545660719025,4.293569013975331,35.99999938590621
11.72535,13.98249,54.66462,4097.31558,-1.52761,58.85441,11.764744246206751,4.382676780763074,35.99999938590621
11.7536,14.03038,54.50432,4091.05445,-1.46317,59.01352,11.996259158486035,4.468922177111063,35.99999938590621
11.78168,14.07829,54.35136,4084.64966,-1.39495,59.17568,12.218782064278205,4.551817814448671,35.99999938590621
11.80958,14.12621,54.20613,4078.10565,-1.3231,59.34079,12.431008612995553,4.630877787862449,35.99999938590621
11.83729,14.17414,54.06898,4071.42765,-1.24779,59.50873,12.631654333948848,4.7056235982242,35.99999938590621
11.86483,14.22208,53.94026,4064.62163,-1.16924,59.67935,12.819471232702167,4.7755903347698325,35.99999938590621
11.89218,14.27004,53.82026,4057.69429,-1.08765,59.85251,12.993264743264913,4.840332990236927,35.99999938590621
11.91934,14.318,53.70928,4050.65305,-1.00326,60.02804,13.151910656153849,4.899432767013247,35.99999938590621
11.94631,14.36597,53.60757,4043.50599,-0.91634,60.20575,13.29437161753523,4.952503223501298,35.99999938590621
11.97309,14.41395,53.51535,4036.26181,-0.82716,60.38544,13.41971278392805,4.999196105907194,35.99999938590621
11.99967,14.46193,53.43282,4028.92978,-0.73602,60.56691,13.527116221721203,5.039206712439669,35.99999938590621
12.02605,14.50992,53.36014,4021.51966,-0.64322,60.74993,13.615893661926572,5.072278644791204,35.99999938590621
12.05224,14.55791,53.29742,4014.04163,-0.54909,60.93428,13.685497257877088,5.0982078156636,35.99999938590621
12.07823,14.6059,53.24476,4006.50623,-0.45395,61.11972,13.735528045804688,5.116845600555887,35.99999938590621
12.10401,14.6539,53.2022,3998.92427,-0.35814,61.30601,13.765741873638946,5.128101046397803,35.99999938590621
12.1296,14.70189,53.16977,3991.30671,-0.26201,61.49289,13.776052638729965,5.131942077686765,35.99999938590621
12.15498,14.74988,53.14743,3983.66463,-0.1659,61.68013,13.766532757484205,5.128395671439569,35.99999938590621
12.18016,14.79787,53.13514,3976.0091,-0.07015,61.86748,13.737410874935907,5.117547003947482,35.99999938590621
12.20514,14.84586,53.13279,3968.35111,0.0249,62.05468,13.689066906127662,5.099537603560037,35.99999938590621
12.22992,14.89384,53.14026,3960.70148,0.11891,62.2415,13.622024580045528,5.074562573104679,35.99999938590621
12.2545,14.94181,53.15739,3953.07079,0.21156,62.4277,13.536941727051307,5.042866971699738,35.99999938590621
12.27888,14.98978,53.18398,3945.46928,0.30253,62.61305,13.43459860950658,5.00474146760484,35.99999938590621
12.30306,15.03774,53.21981,3937.90682,0.39151,62.79733,13.315884640290246,4.960517390519237,35.99999938590621
12.32704,15.08569,53.26462,3930.39283,0.47824,62.98033,13.18178386402432,4.910561322956402,35.99999938590621
12.35083,15.13363,53.31813,3922.93622,0.56242,63.16185,13.033359590365896,4.855269375740963,35.99999938590621
12.37443,15.18156,53.38003,3915.54536,0.64381,63.34171,12.871738568461616,4.795061292576598,35.99999938590621
12.39783,15.22948,53.45001,3908.22803,0.72218,63.51973,12.698095077513107,4.730374523363062,35.99999938590621
12.42105,15.27738,53.52769,3900.9914,0.79732,63.69576,12.513635282151924,4.661658396161705,35.99999938590621
12.44408,15.32527,53.61273,3893.84203,0.86902,63.86966,12.319582165538455,4.5893685043784,35.99999938590621
12.46693,15.37315,53.70474,3886.78582,0.93713,64.04129,12.117161309741004,4.513961409580591,35.99999938590621
12.48959,15.42101,53.80331,3879.82804,1.00148,64.21054,11.907587745116274,4.435889742545526,35.99999938590621
12.51208,15.46886,53.90804,3872.97332,1.06195,64.37732,11.692054040162017,4.355597766416982,35.99999938590621
12.53439,15.5167,54.0185,3866.22565,1.11844,64.54154,11.471719753273574,4.27351744720704,35.99999938590621
12.55653,15.56451,54.13429,3859.58843,1.17084,64.70313,11.247702319679583,4.19006505893986,35.99999938590621
12.57851,15.61231,54.25496,3853.06447,1.2191,64.86204,11.021069402419382,4.1056383341895,35.99999938590621
12.60031,15.6601,54.38007,3846.65597,1.26317,65.01822,10.792832696538426,4.020614155979691,35.99999938590621
12.62196,15.70787,54.50921,3840.36466,1.303,65.17166,10.563943141666794,3.9353467743433628,35.99999938590621
12.64344,15.75562,54.64192,3834.1917,1.33859,65.32233,10.335287470153817,3.850166520411976,35.99999938590621
12.66477,15.80336,54.77777,3828.13781,1.36994,65.47022,10.107685996027056,3.765378982744557,35.99999938590621
12.68594,15.85108,54.91634,3822.20326,1.39706,65.61535,9.881891534221218,3.681264604712038,35.99999938590621
12.70697,15.89878,55.0572,3816.3879,1.41998,65.75773,9.65858932897928,3.5980786578247894,35.99999938590621
12.72784,15.94646,55.19992,3810.69124,1.43874,65.89738,9.438397865075364,3.516051543934483,35.99999938590621
12.74858,15.99413,55.3441,3805.11241,1.4534,66.03434,9.221870434274821,3.4353893787816956,35.99999938590621
12.76917,16.04179,55.48932,3799.65027,1.46401,66.16864,9.00949733204538,3.356274810328608,35.99999938590621
12.78963,16.08942,55.6352,3794.30337,1.47065,66.30034,8.801708564888157,3.2788680273110367,35.99999938590621
12.80995,16.13704,55.78133,3789.07004,1.47339,66.42949,8.598876956268102,3.203307916279252,35.99999938590621
12.83014,16.18465,55.92735,3783.9484,1.47233,66.55614,8.401321548276725,3.1297133288068433,35.99999938590621
12.8502,16.23224,56.07289,3778.93637,1.46755,66.68036,8.209311206369774,3.058184424350353,35.99999938590621
12.87014,16.27981,56.21758,3774.03172,1.45915,66.80221,8.023068345130664,2.988804058194181,35.99999938590621
12.88995,16.32737,56.36108,3769.23206,1.44724,66.92176,7.8427727038452755,2.9216391879515466,35.99999938590621
12.90964,16.37491,56.50306,3764.53491,1.43191,67.03909,7.668565111209569,2.8567422760171186,35.99999938590621
12.92921,16.42244,56.64319,3759.93768,1.41328,67.15426,7.50055118853655,2.7941526691090566,35.99999938590621
12.94866,16.46995,56.78117,3755.43772,1.39146,67.26736,7.338804950252074,2.733897939548429,35.99999938590621
12.968,16.51745,56.91668,3751.03229,1.36656,67.37846,7.183372269105153,2.675995176141226,35.99999938590621
12.98723,16.56494,57.04944,3746.71862,1.33869,67.48764,7.034274181231891,2.6204522154016407,35.99999938590621
13.00636,16.61241,57.17918,3742.49391,1.30796,67.59498,6.8915100131201426,2.5672688064286784,35.99999938590621
13.02537,16.65987,57.30564,3738.35533,1.27449,67.70055,6.7550603184714575,2.516437704964504,35.99999938590621
13.04428,16.70731,57.42855,3734.30003,1.2384,67.80444,6.6248896180798695,2.4679456940713798,35.99999938590621
13.06308,16.75475,57.54768,3730.32517,1.19979,67.90673,6.500948940156495,2.4217745304694214,35.99999938590621
13.08178,16.80217,57.6628,3726.4279,1.15879,68.00749,6.383178162075006,2.377901816898401,35.99999938590621
13.10039,16.84957,57.77369,3722.60538,1.1155,68.10681,6.271508157384986,2.336301801936711,35.99999938590621
13.11889,16.89697,57.88015,3718.8548,1.07003,68.20475,6.165862754180953,2.296946109545357,35.99999938590621
13.1373,16.94435,57.98197,3715.17333,1.02249,68.30141,6.066160512650788,2.2598044012515133,35.99999938590621
13.15561,16.99173,58.07898,3711.55819,0.973,68.39685,5.97231633084191,2.2248449743386765,35.99999938590621
13.17383,17.03909,58.171,3708.00661,0.92166,68.49114,5.884242888560659,2.1920352997371766,35.99999938590621
13.19195,17.08644,58.25786,3704.51584,0.86858,68.58438,5.801851939778945,2.161342503479657,35.99999938590621
13.20999,17.13378,58.33942,3701.08315,0.81385,68.67662,5.725055464163831,2.132733795676143,35.99999938590621
13.22793,17.18111,58.41552,3697.70585,0.7576,68.76794,5.653766688329178,2.1061768509571532,35.99999938590621
13.24578,17.22843,58.48605,3694.38126,0.69991,68.85841,5.587900987174902,2.0816401442462875,35.99999938590621
13.26355,17.27574,58.55087,3691.1067,0.64089,68.94811,5.527376675351976,2.059093245601761,35.99999938590621
13.28123,17.32304,58.60987,3687.87955,0.58063,69.0371,5.472115698395222,2.038507077681558,35.99999938590621
13.29882,17.37033,58.66295,3684.69719,0.51925,69.12545,5.422044232522487,2.0198541391844076,35.99999938590621
13.31633,17.41761,58.71002,3681.557,0.45682,69.21324,5.377093201455227,2.0031086973790435,35.99999938590621
13.33375,17.46488,58.75099,3678.45639,0.39346,69.30052,5.337198717957979,1.9882469525892839,35.99999938590621
13.35108,17.51214,58.78578,3675.39277,0.32925,69.38738,5.302302457093687,1.9752471772414522,35.99999938590621
13.36834,17.5594,58.81433,3672.36358,0.26429,69.47387,5.27235196746779,1.964089831810995,35.99999938590621
13.38551,17.60664,58.83658,3669.36623,0.19867,69.56006,5.247300926013813,1.9547576597368195,35.99999938590621
13.40259,17.65388,58.85248,3666.39816,0.13249,69.64602,5.227109341156916,1.947235763105053,35.99999938590621
13.4196,17.70111,58.862,3663.45679,0.06583,69.73181,5.211743708451181,1.9415116606280378,35.99999938590621
13.43652,17.74833,58.8651,3660.53953,-0.00121,69.8175,5.2011771221057,1.937575329190727,35.99999938590621
13.45336,17.79554,58.86176,3657.64381,-0.06853,69.90315,5.19538934508642,1.935419229965467,35.99999938590621
13.47012,17.84275,58.85197,3654.767,-0.13606,69.98884,5.194366839794429,1.9350383198404666,35.99999938590621
13.48679,17.88994,58.83573,3651.9065,-0.20369,70.07462,5.198102760663444,1.9364300486621686,35.99999938590621
13.50339,17.93713,58.81303,3649.05966,-0.27134,70.16056,5.206596909321226,1.9395943425316946,35.99999938590621
13.5199,17.98431,58.78389,3646.2238,-0.33892,70.24673,5.21985565232443,1.9445335731589124,35.99999938590621
13.53633,18.03148,58.74833,3643.39625,-0.40633,70.33319,5.2378918008127,1.9512525130304204,35.99999938590621
13.55268,18.07864,58.70639,3640.57426,-0.47348,70.42001,5.260724450811927,1.9597582759183108,35.99999938590621
13.56894,18.1258,58.65809,3637.75507,-0.54028,70.50726,5.288378782253596,1.970060242009584,35.99999938590621
13.58513,18.17295,58.6035,3634.93589,-0.60664,70.595,5.320885814202213,1.9821699667219308,35.99999938590621
13.60123,18.22009,58.54266,3632.11386,-0.67246,70.6833,5.358282113143582,1.9961010720334347,35.99999938590621
13.61725,18.26722,58.47564,3629.28611,-0.73765,70.77224,5.4006094506042395,2.0118691189368048,35.99999938590621
13.63318,18.31434,58.40251,3626.44968,-0.80212,70.86188,5.4479144058285005,2.0294914594261235,35.99999938590621
13.64903,18.36146,58.32336,3623.60159,-0.86576,70.95229,5.500247908650909,2.048987066204802,35.99999938590621
13.66479,18.40857,58.23829,3620.73879,-0.92848,71.04355,5.55766471722365,2.0703763381253033,35.99999938590621
13.68047,18.45567,58.14738,3617.85819,-0.99018,71.13572,5.62022282477144,2.0936808791897277,35.99999938590621
13.69606,18.50276,58.05077,3614.95662,-1.05076,71.22889,5.687982789147281,2.118923248791692,35.99999938590621
13.71156,18.54984,57.94855,3612.03087,-1.11011,71.32312,5.761006978593337,2.146126680742409,35.99999938590621
13.72698,18.59691,57.84087,3609.07765,-1.16815,71.4185,5.839358726887838,2.175314768540681,35.99999938590621
13.74231,18.64397,57.72787,3606.09364,-1.22476,71.51509,5.923101390877877,2.2065111142790705,35.99999938590621
13.75754,18.69103,57.60969,3603.07541,-1.27983,71.61299,6.012297303407308,2.2397389385819872,35.99999938590621
13.77269,18.73807,57.4865,3600.01952,-1.33326,71.71226,6.10700661479354,2.275020649025317,35.99999938590621
13.78774,18.7851,57.35846,3596.92243,-1.38495,71.81299,6.207286016317409,2.312377364602809,35.99999938590621
13.8027,18.83213,57.22575,3593.78057,-1.43478,71.91527,6.313187339811332,2.351828394035816,35.99999938590621
13.81756,18.87914,57.08857,3590.5903,-1.48264,72.01917,6.424756028183194,2.393390666003198,35.99999938590621
13.83232,18.92614,56.94711,3587.34794,-1.52843,72.12477,6.542029472906099,2.4370781098125183,35.99999938590621
13.84699,18.97313,56.80158,3584.04974,-1.57202,72.23217,6.665035215930816,2.482900985565109,35.99999938590621
13.86156,19.0201,56.65221,3580.69194,-1.61331,72.34145,6.793789015344966,2.5308651635632295,35.99999938590621
13.87603,19.06707,56.49923,3577.27073,-1.65218,72.45269,6.928292776374275,2.580971353553591,35.99999938590621
13.89039,19.11402,56.34288,3573.78227,-1.68853,72.56598,7.068532352017653,2.6332142854060603,35.99999938590621
13.90465,19.16096,56.1834,3570.22272,-1.72223,72.68141,7.214475220864564,2.6875818440395203,35.99999938590621
13.9188,19.20788,56.02107,3566.58822,-1.75317,72.79906,7.366068053300446,2.7440541627693604,35.99999938590621
13.93284,19.25479,55.85615,3562.87492,-1.78124,72.91902,7.5232341815570525,2.802602680834659,35.99999938590621
13.94677,19.30168,55.68892,3559.07901,-1.80634,73.04138,7.685870993788516,2.8631891726229526,35.99999938590621
13.96059,19.34856,55.51968,3555.19669,-1.82835,73.16621,7.8538472775578265,2.9257647580490427,35.99999938590621
13.9743,19.39542,55.34874,3551.22423,-1.84716,73.2936,8.027000543715163,2.990268905629278,35.99999938590621
13.98788,19.44226,55.17638,3547.15798,-1.86268,73.42363,8.205134367640174,3.0566284420243344,35.99999938590621
14.00135,19.48909,55.00295,3542.99437,-1.8748,73.55638,8.388015791009863,3.124756584129393,35.99999938590621
14.0147,19.53589,54.82876,3538.72995,-1.88343,73.69192,8.575372833514177,3.194552012122725,35.99999938590621
14.02792,19.58267,54.65415,3534.36141,-1.88848,73.83033,8.766892170087013,3.265898004173131,35.99999938590621
14.04101,19.62944,54.47946,3529.88561,-1.88986,73.97167,8.962217035083967,3.338661655690999,35.99999938590621
14.05397,19.67617,54.30504,3525.29959,-1.8875,74.116,9.160945419991421,3.4126932079275267,35.99999938590621
14.06681,19.72289,54.13124,3520.60063,-1.88133,74.26337,9.36262863561462,3.4878255123519444,35.99999938590621
14.0795,19.76958,53.95842,3515.78624,-1.87129,74.41385,9.566770312747574,3.563873658374762,35.99999938590621
14.09206,19.81624,53.78694,3510.85421,-1.85732,74.56748,9.772825916796139,3.640634792532092,35.99999938590621
14.10448,19.86288,53.61717,3505.80263,-1.83939,74.72428,9.98020285143576,3.7178881571008913,35.99999938590621
14.11676,19.90949,53.44948,3500.62994,-1.81747,74.88429,10.188261223615926,3.795395375083244,35.99999938590621
14.12889,19.95607,53.28422,3495.33494,-1.79155,75.04752,10.396315336921536,3.8729010065227656,35.99999938590621
14.14088,20.00262,53.12177,3489.91681,-1.76161,75.21399,10.603635972216283,3.9501333981042746,35.99999938590621
14.15271,20.04913,52.96249,3484.37517,-1.72768,75.38369,10.809453503222242,4.0268058437891545,35.99999938590621
14.16439,20.09561,52.80674,3478.71007,-1.68978,75.55661,11.012961880552755,4.1026180689724425,35.99999938590621
14.17592,20.14206,52.65487,3472.92203,-1.64796,75.73273,11.213323500408332,4.177258044200144,35.99999938590621
14.18729,20.18847,52.50722,3467.01207,-1.60227,75.912,11.409674954059435,4.250404127002857,35.99999938590621
14.19849,20.23484,52.36415,3460.9817,-1.55279,76.09438,11.601133631814609,4.321727522047652,35.99999938590621
14.20953,20.28117,52.22597,3454.83297,-1.49962,76.27981,11.786805130732713,4.3908950407058,35.99999938590621
14.22041,20.32745,52.09301,3448.56842,-1.44288,76.46821,11.965791389877245,4.457572131649049,35.99999938590621
14.23112,20.3737,51.96557,3442.19117,-1.38269,76.65948,12.137199451066776,4.52142614445967,35.99999938590621
14.24166,20.4199,51.84392,3435.70483,-1.31921,76.85354,12.300150718039742,4.582129778912974,35.99999938590621
14.25203,20.46605,51.72836,3429.11355,-1.25259,77.05026,12.45379056365245,4.6393646639113415,35.99999938590621
14.26222,20.51215,51.61912,3422.42201,-1.18304,77.24952,12.597298114383443,4.6928250024695455,35.99999938590621
14.27224,20.5582,51.51645,3415.63536,-1.11075,77.45117,12.729896025145887,4.742221213089562,35.99999938590621
14.28208,20.6042,51.42055,3408.75923,-1.03594,77.65506,12.85086004600983,4.787283493616321,35.99999938590621
14.29174,20.65015,51.33162,3401.79971,-0.95884,77.86102,12.95952817712869,4.827765231688706,35.99999938590621
14.30122,20.69604,51.24983,3394.76328,-0.87971,78.06889,13.05530920901843,4.863446186218257,35.99999938590621
14.31052,20.74188,51.1753,3387.65681,-0.7988,78.27848,13.137690453299449,4.894135367293927,35.99999938590621
14.31964,20.78765,51.10818,3380.48749,-0.71638,78.48959,13.20624448354502,4.919673547325497,35.99999938590621
14.32857,20.83337,51.04853,3373.26281,-0.63274,78.70203,13.260634727067274,4.939935344130972,35.99999938590621
14.33732,20.87903,50.99644,3365.99046,-0.54817,78.91559,13.300619775460396,4.954830826727352,35.99999938590621
14.34589,20.92462,50.95193,3358.67836,-0.46295,79.13005,13.326056313536746,4.964306606436388,35.99999938590621
14.35428,20.97015,50.91502,3351.3345,-0.37739,79.34522,13.336900601923613,4.968346389190896,35.99999938590621
14.36248,21.01561,50.8857,3343.967,-0.29179,79.56086,13.333208486313158,4.966970978980593,35.99999938590621
14.37049,21.06101,50.86392,3336.58396,-0.20645,79.77677,13.315133944977587,4.960237736763289,35.99999938590621
14.37833,21.10634,50.84961,3329.19345,-0.12166,79.99273,13.282926223828149,4.948239513198978,35.99999938590621
14.38598,21.1516,50.84267,3321.80346,-0.03772,80.20854,13.236925643776841,4.93110308678176,35.99999938590621
14.39345,21.19679,50.843,3314.42183,0.04508,80.42397,13.177558196860705,4.90898715075396,35.99999938590621
14.40074,21.24191,50.85044,3307.05622,0.12647,80.63884,13.105329074661158,4.882079902272047,35.99999938590621
14.40785,21.28696,50.86484,3299.71404,0.20617,80.85294,13.020815293826558,4.850596295219753,35.99999938590621
14.41485,21.33193,50.88879,3292.39523,0.34849,80.86724,12.91953820540973,4.8128679150239115,0.0
14.42183,21.3768,50.92482,3285.10324,0.48799,80.88152,12.797365349364485,4.76735531158575,0.0
14.42879,21.42157,50.97261,3277.85019,0.62412,80.89577,12.655568410124957,4.714532220817014,0.0
14.43571,21.46624,51.0318,3270.64758,0.75638,80.91001,12.495553330047127,4.654922393237875,0.0
14.44262,21.51082,51.102,3263.50621,0.88428,80.92422,12.318833052837624,4.589089440186998,0.0
14.44949,21.5553,51.18275,3256.43613,1.0074,80.93841,12.127000359957593,4.517626714667263,0.0
14.45634,21.59969,51.2736,3249.4466,1.12534,80.95259,11.92170101465236,4.441147306790188,0.0
14.46316,21.64398,51.37403,3242.54603,1.23774,80.96674,11.704607897060466,4.360274408423509,0.0
14.46996,21.68818,51.48354,3235.74199,1.34428,80.98087,11.477396714540298,4.275632264648736,0.0
14.47674,21.73228,51.60158,3229.04119,1.4447,80.99498,11.241723758700298,4.18783788766967,0.0
14.48349,21.7763,51.72759,3222.44949,1.53877,81.00907,10.999206062051847,4.097493664643487,0.0
14.49021,21.82023,51.86099,3215.9719,1.6263,81.02314,10.751404189374039,4.005180947011328,0.0
14.49691,21.86407,52.0012,3209.61264,1.70715,81.03719,10.499807787277346,3.9114546673305592,0.0
14.50359,21.90783,52.14764,3203.37513,1.7812,81.05123,10.245823914614872,3.816838992045904,0.0
14.51024,21.9515,52.29972,3197.26206,1.84839,81.06525,9.990768089212594,3.7218239861608975,0.0
14.51687,21.99509,52.45683,3191.27545,1.90868,81.07925,9.735857914779766,3.6268632390943196,0.0
14.52347,22.03859,52.61839,3185.41662,1.96206,81.09324,9.482209096345299,3.5323723803254046,0.0
14.53006,22.08202,52.78382,3179.68635,2.00856,81.10721,9.230833612778822,3.4387283986098556,0.0
14.53662,22.12538,52.95253,3174.08483,2.04823,81.12117,8.982639789934524,3.3462696692278513,0.0
14.54316,22.16866,53.12396,3168.61177,2.08114,81.13511,8.738434005898146,3.2552965892334127,0.0
14.54967,22.21186,53.29755,3163.26645,2.1074,81.14905,8.498923758947926,3.1660727203505847,0.0
14.55617,22.255,53.47275,3158.04773,2.12711,81.16297,8.264721836905364,3.078826342166294,0.0
14.56265,22.29806,53.64902,3152.95413,2.14041,81.17687,8.03635134163929,2.993752323890317,0.0
14.5691,22.34106,53.82585,3147.98387,2.14745,81.19077,7.814251342497688,2.911014230407388,0.0
14.57553,22.384,54.00273,3143.13491,2.14839,81.20466,7.598782955719092,2.8307465870179023,0.0
14.58195,22.42687,54.17918,3138.40497,2.14339,81.21853,7.390235671831832,2.753057236560616,0.0
14.58834,22.46967,54.35471,3133.7916,2.13263,81.2324,7.188833778478274,2.6780297320836732,0.0
14.59472,22.51242,54.52888,3129.29218,2.11631,81.24626,6.9947427510106825,2.6057257175097126,0.0
14.60107,22.55511,54.70125,3124.90399,2.0946,81.26011,6.808075506791619,2.5361872575273208,0.0
14.60741,22.59774,54.87138,3120.62418,2.06771,81.27395,6.628898440950271,2.469439086069082,0.0
14.61373,22.64032,55.03889,3116.44985,2.03583,81.28779,6.45723718108561,2.4054907500899163,0.0
14.62003,22.68284,55.20339,3112.37802,1.99915,81.30162,6.293082015714763,2.344338631806929,0.0
14.62631,22.72531,55.3645,3108.40571,1.95788,81.31544,6.136392966396896,2.2859678381990123,0.0
14.63258,22.76773,55.52187,3104.52989,1.9122,81.32926,5.987104486168355,2.2303539512975616,0.0
14.63882,22.8101,55.67516,3100.74753,1.86233,81.34307,5.845129777561353,2.1774646367620476,0.0
14.64505,22.85243,55.82407,3097.05562,1.80845,81.35688,5.7103647320194595,2.127261111415938,0.0
14.65127,22.8947,55.96828,3093.45113,1.75076,81.37068,5.582691499389338,2.079699472976292,0.0
14.65746,22.93693,56.10751,3089.93108,1.68944,81.38448,5.461981701294921,2.034731897120185,0.0
14.66364,22.97912,56.24148,3086.49251,1.62469,81.39828,5.348099306083221,1.9923077084776712,0.0
14.6698,23.02126,56.36995,3083.13248,1.55668,81.41207,5.240903185630366,1.9523743331093042,0.0
14.67595,23.06336,56.49267,3079.84809,1.4856,81.42586,5.140249375992218,1.9148781406579731,0.0
14.68208,23.10542,56.60942,3076.63649,1.41163,81.43965,5.045993064713337,1.8797651846737817,0.0
14.68819,23.14744,56.71999,3073.49483,1.33495,81.45344,4.957990327816034,1.846981849688173,0.0
14.69429,23.18943,56.82417,3070.42034,1.25571,81.46722,4.876099639175621,1.8164754134959236,0.0
14.70037,23.23137,56.92179,3067.41026,1.17409,81.48101,4.800183174285899,1.7881945328420943,0.0
14.70644,23.27327,57.01267,3064.46185,1.09026,81.49479,4.730107929391397,1.7620896603282319,0.0
14.71249,23.31514,57.09666,3061.57244,1.00437,81.50857,4.665746675771688,1.738113399908389,0.0
14.71852,23.35697,57.17362,3058.73936,0.91659,81.52235,4.606978767586157,1.7162208078325534,0.0
14.72454,23.39877,57.24341,3055.95998,0.82707,81.53613,4.553690820256391,1.6963696453619377,0.0
14.73055,23.44053,57.30592,3053.23168,0.73595,81.54991,4.505777274851984,1.6785205890175434,0.0
14.73654,23.48226,57.36103,3050.55188,0.6434,81.56369,4.463140862473901,1.6626374035751814,0.0
14.74252,23.52396,57.40865,3047.91798,0.54956,81.57747,4.425692981127195,1.648687082460475,0.0
14.74848,23.56562,57.44871,3045.32742,0.45457,81.59125,4.393353996121587,1.6366399596559806,0.0
14.75442,23.60725,57.48111,3042.77764,0.35858,81.60503,4.366053473635131,1.6264697967097972,0.0
14.76035,23.64885,57.50582,3040.26607,0.26174,81.61881,4.343730355716651,1.6181538479285813,0.0
14.76627,23.69042,57.52276,3037.79014,0.16417,81.63259,4.326333083691346,1.6116729063493793,0.0
14.77217,23.73196,57.53192,3035.34728,0.06603,81.64637,4.3138196756879035,1.6070113326205169,0.0
14.77806,23.77346,57.53325,3032.93489,-0.03255,81.66015,4.306157762772639,1.6041570684625188,0.0
14.78394,23.81494,57.52675,3030.55037,-0.13143,81.67393,4.303324587067817,1.6031016359671337,0.0
14.7898,23.85639,57.5124,3028.19108,-0.23048,81.68771,4.305306964046106,1.6038401235510238,0.0
14.79564,23.8978,57.49021,3025.85436,-0.32954,81.7015,4.312101210148147,1.6063711589914076,0.0
14.80147,23.93919,57.46019,3023.53749,-0.4285,81.71528,4.323713035792504,1.610696869569451,0.0
14.80729,23.98055,57.42238,3021.23775,-0.5272,81.72906,4.340157402790757,1.616822828953637,0.0
14.81309,24.02188,57.37681,3018.95234,-0.6255,81.74285,4.361458344159132,1.6247579900748546,0.0
14.81888,24.06318,57.32353,3016.67842,-0.72328,81.75664,4.387648743299368,1.6345146028654676,0.0
14.82466,24.10445,57.26259,3014.4131,-0.82038,81.77042,4.418770068465153,1.646108115341069,0.0
14.83042,24.14569,57.19407,3012.15343,-0.91666,81.78421,4.454872057454316,1.6595570561400321,0.0
14.83617,24.1869,57.11805,3009.89637,-1.01199,81.798,4.496012346399124,1.6748828962381224,0.0
14.8419,24.22808,57.03463,3007.63885,-1.1062,81.81179,4.542256035536008,1.6921098871863016,0.0
14.84762,24.26924,56.9439,3005.37768,-1.19916,81.82558,4.593675183807531,1.7112648728366588,0.0
14.85332,24.31036,56.84598,3003.10962,-1.29072,81.83937,4.6503482231463815,1.73237707114779,0.0
14.85902,24.35146,56.741,3000.83134,-1.38071,81.85316,4.712359282334151,1.755477822304398,0.0
14.86469,24.39252,56.62911,2998.53942,-1.46898,81.86695,4.779797409386863,1.7806002990354473,0.0
14.87036,24.43356,56.51045,2996.23035,-1.55539,81.88074,4.852755680576837,1.8077791747013594,0.0
14.87601,24.47456,56.38518,2993.90052,-1.63975,81.89453,4.9313301834350405,1.8370502444356365,0.0
14.88164,24.51554,56.25349,2991.54624,-1.72192,81.90832,5.015618860470577,1.8684499943999413,0.0
14.88726,24.55648,56.11557,2989.1637,-1.80172,81.92211,5.105720199904009,1.902015114047814,0.0
14.89287,24.5974,55.97162,2986.74903,-1.87898,81.9359,5.201731759518874,1.9377819462205235,0.0
14.89846,24.63828,55.82185,2984.29822,-1.95353,81.94969,5.303748509834077,1.9757858699351842,0.0
14.90404,24.67913,55.6665,2981.8072,-2.0252,81.96347,5.411860983273002,2.016060610901561,0.0
14.9096,24.71995,55.50581,2979.27177,-2.0938,81.97726,5.526153216956608,2.058637475158358,0.0
14.91515,24.76073,55.34004,2976.68768,-2.15914,81.99104,5.646700478173575,2.1035445017510126,0.0
14.92069,24.80148,55.16946,2974.05056,-2.22106,82.00482,5.7735667637434,2.1508055311786434,0.0
14.92621,24.84219,54.99436,2971.35598,-2.27936,82.0186,5.906802067292006,2.2004391873823193,0.0
14.93172,24.88287,54.81504,2968.59944,-2.33385,82.03238,6.046439412175179,2.252457772430966,0.0
14.93721,24.92351,54.63181,2965.77638,-2.38435,82.04615,6.192491652413348,2.3068660747854044,0.0
14.94268,24.96412,54.445,2962.88217,-2.43067,82.05992,6.3449480496541675,2.3636600941268417,0.0
14.94815,25.00469,54.25495,2959.91217,-2.47261,82.07369,6.503770640929409,2.4228256882507484,0.0
14.95359,25.04522,54.06203,2956.86172,-2.50999,82.08745,6.668890419940308,2.484337150495167,0.0
14.95903,25.08571,53.8666,2953.72615,-2.54262,82.10121,6.840203363627274,2.548155729533391,0.0
14.96444,25.12616,53.66906,2950.5008,-2.57031,82.11496,7.01756634603432,2.614228107180945,0.0
14.96984,25.16656,53.46979,2947.1811,-2.5929,82.12871,7.200792992725323,2.682484854056564,0.0
14.97523,25.20693,53.26921,2943.7625,-2.61019,82.14245,7.389649541142571,2.75283888745684,0.0
14.9806,25.24725,53.06775,2940.24059,-2.62204,82.15619,7.583850785039671,2.825183960550762,0.0
14.98595,25.28752,52.86584,2936.61107,-2.62826,82.16992,7.783056194180916,2.8993932168656396,0.0
14.99129,25.32774,52.66392,2932.86982,-2.62873,82.18364,7.986866313292601,2.975317848801718,0.0
14.99662,25.36792,52.46245,2929.01292,-2.62329,82.19735,8.194819556446399,3.052785903455637,0.0
15.00192,25.40805,52.2619,2925.03669,-2.61182,82.21106,8.406389523670518,3.131601282987489,0.0
15.00721,25.44813,52.06274,2920.93772,-2.59421,82.22475,8.620982975201649,3.2115429899763615,0.0
15.01249,25.48815,51.86544,2916.71296,-2.57037,82.23844,8.837938604263753,3.292364670248154,0.0
15.01774,25.52812,51.67049,2912.35969,-2.54022,82.25211,9.056526750916676,3.3737945062766492,0.0
15.02298,25.56803,51.47837,2907.87562,-2.50372,82.26578,9.275950196391094,3.4555355130941856,0.0
15.02821,25.60789,51.28956,2903.25891,-2.46083,82.27943,9.495346168586341,3.5372662853923664,0.0
15.03341,25.64769,51.10456,2898.50821,-2.41155,82.29307,9.713789674380957,3.6186422388954127,0.0
15.0386,25.68742,50.92384,2893.62272,-2.35591,82.3067,9.930298252590626,3.6992973809620566,0.0
15.04377,25.72709,50.74787,2888.60218,-2.29396,82.32031,10.14383821256166,3.7788466346257636,0.0
15.04893,25.7667,50.57713,2883.44698,-2.22578,82.33391,10.353332387607525,3.8568887269538354,0.0
15.05406,25.80624,50.41207,2878.15812,-2.15149,82.3475,10.557669390392848,3.933009636921487,0.0
15.05918,25.84571,50.25312,2872.73727,-2.07123,82.36107,10.75571430986144,4.006786580298981,0.0
15.06428,25.88512,50.10073,2867.18676,-1.9852,82.37462,10.946320737895089,4.077792489898471,0.0
15.06936,25.92445,49.95529,2861.50965,-1.8936,82.38815,11.128343960510687,4.145600929642009,0.0
15.07442,25.9637,49.81719,2855.70966,-1.79669,82.40167,11.300655095382922,4.209791361160737,0.0
15.07946,26.00288,49.6868,2849.79121,-1.69476,82.41517,11.46215590746138,4.2699546630020695,0.0
15.08448,26.04199,49.56445,2843.75941,-1.58813,82.42866,11.611793990194323,4.325698786035006,0.0
15.08949,26.08101,49.45046,2837.62002,-1.47715,82.44212,11.748577964221331,4.376654415363025,0.0
15.09447,26.11996,49.34509,2831.37942,-1.36219,82.45556,11.871592320809823,4.422480499894759,0.0
15.09944,26.15882,49.24861,2825.04458,-1.24368,82.46899,11.980011526090209,4.46286950654268,0.0
15.10438,26.1976,49.16121,2818.62302,-1.12205,82.48239,12.073113005627773,4.497552257317778,0.0
15.10931,26.2363,49.08307,2812.12274,-0.99776,82.49577,12.150288647988965,4.526302214710685,0.0
15.11421,26.27491,49.01434,2805.55215,-0.87128,82.50913,12.211054500474347,4.548939093607292,0.0
15.1191,26.31343,48.95512,2798.92004,-0.74313,82.52246,12.255058379072823,4.565331696196953,0.0
15.12397,26.35187,48.90545,2792.23549,-0.61379,82.53578,12.282085176034242,4.575399889182909,0.0
15.12881,26.39021,48.86538,2785.50776,-0.48379,82.54907,12.292059719441024,4.579115669047966,0.0
15.13364,26.42847,48.83488,2778.74627,-0.35365,82.56234,12.28504711640245,4.576503289903407,0.0
15.13844,26.46664,48.8139,2771.96049,-0.22388,82.57559,12.261250591374198,4.567638458206127,0.0
15.14323,26.50471,48.80235,2765.15987,-0.09501,82.58881,12.221006909458449,4.552646627817512,0.0
15.14799,26.54269,48.8001,2758.35377,0.03246,82.60201,12.164779547942503,4.531700456221902,0.0
15.15274,26.58059,48.80698,2751.55138,0.15804,82.61519,12.093149844117061,4.505016506855989,0.0
15.15746,26.61839,48.8228,2744.76165,0.28125,82.62834,12.00680640096429,4.4728513024488645,0.0
15.16217,26.65609,48.84732,2737.99326,0.40164,82.64147,11.906533072715755,4.435496849326231,0.0
15.16685,26.69371,48.88028,2731.25452,0.51875,82.65458,11.793195878152613,4.393275762270398,0.0
15.17151,26.73124,48.9214,2724.55336,0.63219,82.66766,11.667729200882837,4.346536123760448,0.0
15.17616,26.76867,48.97036,2717.89726,0.74156,82.68072,11.531121633058673,4.295646210384511,0.0
15.18078,26.80601,49.02681,2711.29323,0.84652,82.69376,11.38440180337414,4.2409892133959675,0.0
15.18539,26.84327,49.09041,2704.74779,0.94674,82.70677,11.22862450366148,4.182958070505568,0.0
15.18998,26.88043,49.16075,2698.26696,1.04192,82.71977,11.064857393090442,4.121950512845843,0.0
15.19454,26.91751,49.23747,2691.85619,1.13181,82.73274,10.894168517345273,4.058364415536156,0.0
15.19909,26.9545,49.32013,2685.52044,1.21618,82.74569,10.717614834751023,3.9925935233628285,0.0
15.20362,26.9914,49.40832,2679.26412,1.29482,82.75862,10.53623189436433,3.9250236055963974,0.0
15.20813,27.02822,49.50161,2673.09112,1.36759,82.77153,10.35102476475243,3.856029076723101,0.0
15.21262,27.06495,49.59957,2667.00481,1.43433,82.78442,10.16296026834538,3.785970103536767,0.0
15.21709,27.1016,49.70174,2661.00806,1.49495,82.79729,9.97296053619962,3.715190204118646,0.0
15.22155,27.13817,49.80769,2655.10327,1.54938,82.81014,9.781897862832093,3.644014331127751,0.0
15.22599,27.17466,49.91696,2649.29238,1.59756,82.82297,9.590590811088466,3.5727474207617766,0.0
15.23041,27.21106,50.02912,2643.5769,1.63948,82.83578,9.399801493082313,3.5016733798354047,0.0
15.23481,27.2474,50.14372,2637.95792,1.67513,82.84857,9.210233935032289,3.431054476639131,0.0
15.23919,27.28365,50.26031,2632.43616,1.70455,82.86135,9.022533421088728,3.3611310964974015,0.0
15.24356,27.31983,50.37848,2627.01198,1.72777,82.87411,8.837286703511493,3.2921218200653963,0.0
15.24791,27.35594,50.49779,2621.68543,1.74487,82.88686,8.655022963275197,3.2242237811797487,0.0
15.25225,27.39198,50.61783,2616.45623,1.75593,82.89959,8.4762154055762,3.1576132612268806,0.0
15.25657,27.42794,50.73818,2611.32386,1.76104,82.9123,8.301283378367815,3.0924464783531094,0.0
15.26087,27.46384,50.85844,2606.28753,1.76032,82.925,8.130594907855885,3.028860532003464,0.0
15.26516,27.49967,50.97823,2601.34624,1.75389,82.93769,7.9644695527495335,2.9669744662051887,0.0
15.26943,27.53543,51.09717,2596.49879,1.74189,82.95036,7.803181487870593,2.9068904182933903,0.0
15.27368,27.57113,51.21489,2591.74379,1.72447,82.96302,7.646962737423218,2.8486948233890406,0.0
15.27792,27.60676,51.33104,2587.07972,1.70178,82.97567,7.496006488065555,2.7924596486053455,0.0
15.28214,27.64234,51.44527,2582.50489,1.67398,82.9883,7.350470421752166,2.738243634619242,0.0
15.28635,27.67785,51.55725,2578.01752,1.64125,83.00093,7.21048001778636,2.68609352577277,0.0
15.29055,27.7133,51.66668,2573.6157,1.60374,83.01354,7.076131782434229,2.6360452731892825,0.0
15.29473,27.7487,51.77324,2569.29743,1.56164,83.02614,6.947496372673106,2.5881251984519342,0.0
15.29889,27.78403,51.87664,2565.06066,1.51514,83.03873,6.8246215880818015,2.542351108161514,0.0
15.30304,27.81931,51.97662,2560.90325,1.4644,83.05131,6.707535211543371,2.498733352172971,0.0
15.30718,27.85454,52.07289,2556.82299,1.40962,83.06388,6.596247685165256,2.4572758204460756,0.0
15.31131,27.88971,52.16523,2552.81766,1.35098,83.07644,6.490754612836115,2.4179768753136854,0.0
15.31541,27.92483,52.25338,2548.88496,1.28868,83.08899,6.39103908502537,2.3808302175307423,0.0
15.31951,27.9599,52.33713,2545.02258,1.22288,83.10153,6.297073824911542,2.34582568576355,0.0
15.32359,27.99492,52.41626,2541.22818,1.15379,83.11407,6.208823157704355,2.3129499902140704,0.0
15.32766,28.02989,52.49057,2537.49937,1.08159,83.1266,6.126244807310404,2.2821873819251586,0.0
15.33172,28.06481,52.55989,2533.83377,1.00646,83.13911,6.049291526110337,2.2535202599154465,0.0
15.33576,28.09968,52.62404,2530.22897,0.92859,83.15163,5.9779125648757265,2.2269297187620523,0.0
15.33979,28.1345,52.68286,2526.68253,0.84817,83.16413,5.912054990665694,2.2023960395517497,0.0
15.34381,28.16928,52.7362,2523.192,0.76538,83.17663,5.851664861053595,2.179899127311303,0.0
15.34781,28.20401,52.78393,2519.75492,0.68039,83.18912,5.796688263196007,2.159418898088004,0.0
15.3518,28.2387,52.82593,2516.36881,0.5934,83.2016,5.747072226251779,2.1409356188497783,0.0
15.35578,28.27334,52.86208,2513.03117,0.50458,83.21408,5.702765515419455,2.124430203285014,0.0
15.35975,28.30794,52.89229,2509.7395,0.41411,83.22655,5.663719315471005,2.1098844664368643,0.0
15.3637,28.3425,52.91647,2506.49125,0.32217,83.23902,5.629887811162913,2.0972813409216484,0.0
15.36764,28.37701,52.93455,2503.28387,0.22893,83.25148,5.601228671302426,2.086605057256264,0.0
15.37157,28.41148,52.94646,2500.11479,0.13459,83.26393,5.577703442562424,2.077841290564592,0.0
15.37549,28.44591,52.95215,2496.98141,0.0393,83.27638,5.559277858439006,2.0709772756723237,0.0
15.37939,28.48029,52.95158,2493.88111,-0.05676,83.28882,5.545922067963784,2.0660018923083063,0.0
15.38329,28.51464,52.94473,2490.81123,-0.1534,83.30126,5.5376107880253915,2.062905721848319,0.0
15.38717,28.54895,52.93157,2487.76907,-0.25046,83.31369,5.534323382358635,2.061681076740603,0.0
15.39104,28.58321,52.91211,2484.75194,-0.34775,83.32612,5.536043869476924,2.062322003460906,0.0
15.3949,28.61744,52.88633,2481.75706,-0.44512,83.33854,5.542760861059845,2.06482425956023,0.0
15.39874,28.65162,52.85427,2478.78165,-0.54237,83.35096,5.554467431533334,2.069185265080011,0.0
15.40258,28.68577,52.81595,2475.82286,-0.63934,83.36337,5.571160918876316,2.0754040283473585,0.0
15.4064,28.71987,52.77141,2472.87782,-0.73586,83.37577,5.592842655966774,2.083481045894391,0.0
15.41021,28.75394,52.72069,2469.9436,-0.83173,83.38817,5.61951763115015,2.0934181760110366,0.0
15.41401,28.78797,52.66387,2467.01722,-0.9268,83.40057,5.651194076087458,2.1052184852076112,0.0
15.41779,28.82195,52.60101,2464.09566,-1.02088,83.41296,5.687882978433531,2.118886066674642,0.0
15.42157,28.8559,52.53219,2461.17585,-1.11379,83.42534,5.729597516388104,2.1344258296382708,0.0
15.42533,28.88981,52.45752,2458.25466,-1.20535,83.43772,5.776352411812764,2.151843258379294,0.0
15.42908,28.92368,52.3771,2455.3289,-1.29539,83.4501,5.82816319832348,2.1711441395783733,0.0
15.43283,28.95751,52.29104,2452.39533,-1.38373,83.46246,5.885045400600105,2.192334256587233,0.0
15.43655,28.9913,52.19948,2449.45067,-1.47017,83.47483,5.947013621155574,2.2154190492261567,0.0
15.44027,29.02505,52.10255,2446.49157,-1.55455,83.48718,6.01408053093426,2.240403237755317,0.0
15.44398,29.05875,52.00042,2443.51462,-1.63668,83.49954,6.086255760462539,2.2672904097991817,0.0
15.44767,29.09242,51.89324,2440.5164,-1.71636,83.51188,6.163544688814293,2.2960825692043048,0.0
15.45135,29.12605,51.78119,2437.49339,-1.79343,83.52422,6.245947128442261,2.3267796461043977,0.0
15.45503,29.15964,51.66445,2434.44206,-1.86769,83.53655,6.333455904988964,2.3593789678625288,0.0
15.45868,29.19318,51.54323,2431.35882,-1.93896,83.54888,6.42605533254719,2.3938746910655424,0.0
15.46233,29.22668,51.41773,2428.24007,-2.00705,83.5612,6.523719586543555,2.430257195380366,0.0
15.46597,29.26014,51.28818,2425.08215,-2.07178,83.57351,6.626410978418402,2.468512440826883,0.0
15.46959,29.29356,51.1548,2421.88139,-2.13297,83.58581,6.7340781387224835,2.5086212909336365,0.0
15.4732,29.32693,51.01784,2418.63413,-2.19044,83.59811,6.846654117993402,2.550558805264336,0.0
15.47681,29.36026,50.87756,2415.33667,-2.24399,83.6104,6.964054418005209,2.5942935060065353,0.0
15.48039,29.39355,50.73421,2411.98533,-2.29347,83.62268,7.086174969463349,2.6397866246097847,0.0
15.48397,29.42679,50.58808,2408.57647,-2.33869,83.63495,7.21289007618313,2.686991335938019,0.0
15.48754,29.45998,50.43945,2405.10646,-2.37949,83.64722,7.344050349953913,2.7358519889521364,0.0
15.49109,29.49312,50.28862,2401.57171,-2.41569,83.65947,7.479480664791713,2.78630334461526,0.0
15.49463,29.52622,50.13588,2397.96873,-2.44715,83.67172,7.618978163844076,2.8382698334123653,0.0
15.49816,29.55927,49.98156,2394.29409,-2.4737,83.68395,7.762310356927872,2.8916648466330512,0.0
15.50167,29.59227,49.82597,2390.54445,-2.49521,83.69618,7.909213351176899,2.946390077241219,0.0
15.50518,29.62522,49.66945,2386.71661,-2.51155,83.70839,8.059390261615873,3.0023349277720612,0.0
15.50867,29.65811,49.51232,2382.8075,-2.52257,83.7206,8.21250985223365,3.0593760040960833,0.0
15.51215,29.69096,49.35494,2378.81424,-2.52818,83.73279,8.368205461274908,3.117376715061976,0.0
15.51561,29.72375,49.19764,2374.7341,-2.52828,83.74497,8.52607426662696,3.1761869988338756,0.0
15.51907,29.75648,49.04079,2370.56459,-2.52277,83.75714,8.685676948112912,3.2356431970866804,0.0
15.52251,29.78916,48.88473,2366.30344,-2.51159,83.7693,8.846537803029726,3.2955680980470157,0.0
15.52594,29.82178,48.72982,2361.94864,-2.49468,83.78144,9.00814536903816,3.355771168536131,0.0
15.52935,29.85435,48.57643,2357.49849,-2.47201,83.79357,9.1699536043433,3.416048993618196,0.0
15.53276,29.88685,48.4249,2352.95155,-2.44356,83.80569,9.331383668810638,3.4761859401129067,0.0
15.53614,29.9193,48.27559,2348.30676,-2.40934,83.81779,9.491826341152372,3.5359550570609795,0.0
15.53952,29.95168,48.12886,2343.56339,-2.36937,83.82987,9.650645096452596,3.5951192221832606,0.0
15.54288,29.984,47.98504,2338.72106,-2.32371,83.84195,9.807179855255873,3.6534325385148647,0.0
15.54623,30.01626,47.8445,2333.77982,-2.27244,83.854,9.960751400287103,3.710641979749535,0.0
15.54957,30.04845,47.70754,2328.74011,-2.21564,83.86604,10.110666439967426,3.766489276532546,0.0
15.55289,30.08057,47.57451,2323.60277,-2.15345,83.87806,10.256223279546836,3.820713029106819,0.0
15.5562,30.11262,47.44571,2318.36909,-2.08601,83.89006,10.396718041611257,3.873051024615485,0.0
15.5595,30.14461,47.32144,2313.04078,-2.01351,83.90205,10.531451358344121,3.923242730145396,0.0
15.56278,30.17652,47.202,2307.62,-1.93614,83.91402,10.659735439273346,3.971031925648845,0.0
15.56604,30.20836,47.08764,2302.10934,-1.85414,83.92597,10.78090140077968,4.016169434378272,0.0
15.5693,30.24013,46.97862,2296.5118,-1.76777,83.9379,10.894306728545383,4.058415902844751,0.0
15.57254,30.27182,46.87518,2290.83083,-1.67729,83.94981,10.99934273196666,4.097544577782756,0.0
15.57576,30.30344,46.77753,2285.07025,-1.58302,83.9617,11.095441841112224,4.133344024459218,0.0
15.57897,30.33498,46.68586,2279.23428,-1.48528,83.97357,11.182084592829929,4.165620729182063,0.0
15.58217,30.36644,46.60035,2273.32749,-1.38442,83.98542,11.258806153342684,4.194201529138812,0.0
15.58535,30.39782,46.52114,2267.35481,-1.28079,83.99724,11.325202230545619,4.218935814882838,0.0
15.58852,30.42913,46.44835,2261.32145,-1.17479,84.00905,11.38093424009004,4.23969745483556,0.0
15.59167,30.46035,46.38208,2255.23287,-1.0668,84.02083,11.425733605158856,4.25638639706593,0.0
15.59481,30.49149,46.3224,2249.09481,-0.95724,84.0326,11.459405089859262,4.268929911066913,0.0
15.59793,30.52254,46.26937,2242.91317,-0.84652,84.04434,11.481829090008969,4.277283441133633,0.0
15.60104,30.55352,46.22299,2236.69399,-0.73507,84.05605,11.492962831513081,4.281431052790285,0.0
15.60414,30.58441,46.18328,2230.44346,-0.6233,84.06775,11.492840454812209,4.281385464249285,0.0
15.60722,30.61521,46.15019,2224.16781,-0.51166,84.07942,11.48157199266484,4.277187665608307,0.0
15.61028,30.64593,46.12367,2217.8733,-0.40056,84.09107,11.459341276718519,4.2689061389929615,0.0
15.61333,30.67656,46.10364,2211.56619,-0.29042,84.10269,11.426402834932887,4.256635702765251,0.0
15.61637,30.70711,46.09,2205.25265,-0.18167,84.11429,11.383077865781935,4.240496011807977,0.0
15.61939,30.73757,46.08262,2198.9388,-0.0747,84.12587,11.32974939554791,4.220629753489303,0.0
15.6224,30.76795,46.08135,2192.6306,0.0301,84.13743,11.26685674121626,4.197200584945435,0.0
15.62539,30.79824,46.08601,2186.33387,0.13235,84.14896,11.19488941319243,4.170390861682194,0.0
15.62837,30.82844,46.09643,2180.05421,0.23169,84.16047,11.114380598877846,4.140399210035619,0.0
15.63133,30.85856,46.11239,2173.79703,0.32777,84.17195,11.02590037038106,4.107437996865643,0.0
15.63428,30.88859,46.13366,2167.56748,0.42029,84.18341,10.930048757316776,4.071730748991472,0.0
15.63721,30.91854,46.16,2161.37045,0.50893,84.19485,10.8274488192891,4.033509572509321,0.0
15.64013,30.9484,46.19117,2155.21054,0.59343,84.20627,10.718739842910876,3.9930126185031205,0.0
15.64304,30.97818,46.22688,2149.09208,0.67353,84.21766,10.604570775529291,3.950481636934526,0.0
15.64593,31.00787,46.26686,2143.01908,0.74899,84.22904,10.48559399312802,3.9061596550225026,0.0
15.64881,31.03748,46.31082,2136.99524,0.81962,84.24039,10.362459483812245,3.860288810438447,0.0
15.65168,31.06701,46.35847,2131.02397,0.88524,84.25172,10.235809511545266,3.8131083634076735,0.0
15.65453,31.09645,46.40949,2125.10833,0.94568,84.26302,10.106273807954105,3.7648529055304794,0.0
15.65737,31.12582,46.46358,2119.25109,1.00081,84.27431,9.974465323890612,3.7157507771268885,0.0
15.66019,31.1551,46.52043,2113.45473,1.05054,84.28557,9.840976557143188,3.6660226992126344,0.0
15.663,31.1843,46.57973,2107.7214,1.09476,84.29682,9.706376458848217,3.615880621056027,0.0
15.6658,31.21343,46.64114,2102.05297,1.13342,84.30804,9.571207908961334,3.565526779724571,0.0
15.66858,31.24248,46.70436,2096.45103,1.16647,84.31925,9.435985740673281,3.5151529641278936,0.0
15.67136,31.27145,46.76907,2090.9169,1.1939,84.33044,9.301195285132879,3.4649399728887627,0.0
15.67411,31.30034,46.83495,2085.45163,1.21571,84.3416,9.16729140109147,3.4150572528601066,0.0
15.67686,31.32916,46.9017,2080.05603,1.2319,84.35275,9.034697949150669,3.3656627032684705,0.0
15.6796,31.35791,46.96901,2074.73068,1.24252,84.36388,8.903807667042582,3.316902629252617,0.0
15.68232,31.38659,47.03657,2069.47592,1.24762,84.37499,8.774982400482903,3.268911827862372,0.0
15.68503,31.41519,47.10409,2064.2919,1.24726,84.38609,8.648553643764517,3.2218137894439796,0.0
15.68772,31.44372,47.17128,2059.17857,1.24152,84.39716,8.524823344736191,3.175720997515829,0.0
15.69041,31.47218,47.23785,2054.13569,1.23051,84.40823,8.40406493043035,3.1307353108417963,0.0
15.69308,31.50058,47.30352,2049.16285,1.21431,84.41927,8.28652451176176,3.0869484122132014,0.0
15.69575,31.5289,47.36804,2044.25949,1.19306,84.4303,8.172422228522889,3.044442309494965,0.0
15.6984,31.55716,47.43113,2039.4249,1.16687,84.44131,8.061953699000213,3.0032898756458253,0.0
15.70103,31.58536,47.49255,2034.65823,1.13589,84.45231,7.955291541915914,2.963555415681667,0.0
15.70366,31.61349,47.55205,2029.9585,1.10026,84.46329,7.852586941843641,2.9252952498340807,0.0
15.70628,31.64155,47.60941,2025.32463,1.06013,84.47426,7.753971232678225,2.8885583034344933,0.0
15.70888,31.66956,47.6644,2020.75542,1.01566,84.48521,7.659557477159784,2.853386695328458,0.0
15.71148,31.6975,47.7168,2016.24957,0.96701,84.49615,7.569442023583446,2.8198163177909876,0.0
15.71406,31.72538,47.76641,2011.80568,0.91436,84.50708,7.483706023894614,2.7878774020569788,0.0
15.71663,31.7532,47.81305,2007.42229,0.85787,84.51799,7.402416900130932,2.7575950646094367,0.0
15.7192,31.78096,47.85652,2003.09784,0.79773,84.52889,7.3256297486693285,2.7289898302984392,0.0
15.72175,31.80867,47.89666,1998.83071,0.73412,84.53978,7.253388674013207,2.7020781292119636,0.0
15.72429,31.83631,47.9333,1994.6192,0.66722,84.55065,7.185728045817437,2.676872764950767,0.0
15.72682,31.8639,47.96629,1990.46155,0.59723,84.56151,7.122673674597389,2.653383352610944,0.0
15.72934,31.89143,47.9955,1986.35594,0.52433,84.57236,7.064243903032347,2.6316167253231497,0.0
15.73185,31.91891,48.02078,1982.3005,0.44871,84.5832,7.010450610988087,2.6115773086499656,0.0
15.73435,31.94633,48.04203,1978.29329,0.37057,84.59403,6.961300133459326,2.593267462543606,0.0
15.73684,31.9737,48.05913,1974.33234,0.29011,84.60484,6.916794091389822,2.5766877908482724,0.0
15.73932,32.00102,48.07199,1970.41561,0.20751,84.61565,6.876930136045784,2.5618374185988273,0.0
15.74179,32.02828,48.08051,1966.54103,0.12299,84.62644,6.8417026080265995,2.548714237519634,0.0
15.74425,32.05549,48.08463,1962.70646,0.03673,84.63722,6.811103112422533,2.5373151202859345,0.0
15.74671,32.08264,48.08427,1958.90975,-0.05106,84.64799,6.785121011809745,2.5276361041774607,0.0
15.74915,32.10975,48.07937,1955.14868,-0.14018,84.65875,6.7637438389352935,2.5196725448144566,0.0
15.75158,32.1368,48.0699,1951.42099,-0.23044,84.6695,6.746957630971104,2.5134192406760834,0.0
15.754,32.16381,48.05582,1947.72438,-0.32163,84.68024,6.734747187245795,2.508870529112296,0.0
15.75641,32.19076,48.0371,1944.0565,-0.41355,84.69097,6.727096252254794,2.506020354519933,0.0
15.75882,32.21766,48.01372,1940.41499,-0.506,84.70169,6.723987625688667,2.5048623093311626,0.0
15.76121,32.24452,47.98569,1936.7974,-0.59878,84.7124,6.7254032010932745,2.5053896484154095,0.0
15.7636,32.27132,47.953,1933.20128,-0.69168,84.7231,6.731323934656559,2.507595277451608,0.0
15.76597,32.29808,47.91568,1929.62413,-0.78451,84.73379,6.741729745504165,2.5114717157857034,0.0
15.76834,32.32478,47.87375,1926.06339,-0.87706,84.74446,6.756599348787352,2.5170110342515,0.0
15.7707,32.35144,47.82725,1922.51648,-0.96913,84.75513,6.775910022778981,2.5242047684077935,0.0
15.77305,32.37805,47.77622,1918.98078,-1.06052,84.76579,6.799637311174413,2.5330438076376227,0.0
15.77538,32.4046,47.72072,1915.45364,-1.15103,84.77644,6.827754661807153,2.543518260560339,0.0
15.77771,32.43111,47.66081,1911.93236,-1.24046,84.78708,6.860233003083721,2.55561729724245,0.0
15.78003,32.45758,47.59657,1908.41421,-1.3286,84.79771,6.8970402596000175,2.5693289687519747,0.0
15.78235,32.48399,47.52809,1904.89643,-1.41526,84.80833,6.938140808641826,2.584640004690578,0.0
15.78465,32.51035,47.45546,1901.37624,-1.50023,84.81893,6.983494879592102,2.6015355894569825,0.0
15.78694,32.53667,47.37879,1897.85082,-1.58333,84.82953,7.033057898703991,2.6199991181576787,0.0
15.78923,32.56294,47.29818,1894.31734,-1.66435,84.84012,7.086779782234517,2.640011933280626,0.0
15.7915,32.58915,47.21377,1890.77292,-1.7431,84.8507,7.144604181568144,2.661553043483916,0.0
15.79377,32.61532,47.12569,1887.21471,-1.81939,84.86126,7.2064676847224325,2.6845988261356197,0.0
15.79603,32.64144,47.03407,1883.63982,-1.89303,84.87182,7.272298979509873,2.709122715569554,0.0
15.79828,32.66751,46.93907,1880.04535,-1.96382,84.88237,7.342017984610432,2.735094879386939,0.0
15.80052,32.69353,46.84085,1876.42842,-2.03159,84.8929,7.415534955917017,2.7624818855465745,0.0
15.80275,32.7195,46.73957,1872.78614,-2.09615,84.90342,7.492749576717117,2.7912463634335567,0.0
15.80497,32.74542,46.63541,1869.11564,-2.15733,84.91394,7.573550041592136,2.821346662587684,0.0
15.80718,32.77129,46.52855,1865.41408,-2.21494,84.92444,7.657812145228249,2.8527365132615143,0.0
15.80939,32.79711,46.41918,1861.67864,-2.26883,84.93493,7.745398388810769,2.8853646935287682,0.0
15.81158,32.82287,46.30751,1857.90654,-2.31884,84.9454,7.836157118058566,2.9191747081794595,0.0
15.81377,32.84858,46.19374,1854.09504,-2.36479,84.95587,7.929921708385043,2.954104485170923,0.0
15.81595,32.87424,46.07808,1850.24148,-2.40656,84.96632,8.026509814033611,2.9900860959110256,0.0
15.81811,32.89985,45.96074,1846.34326,-2.44399,84.97676,8.125722699231957,3.027045506095526,0.0
15.82027,32.9254,45.84195,1842.39785,-2.47696,84.98719,8.22734467053549,3.06490236424108,0.0
15.82242,32.9509,45.72194,1838.40283,-2.50534,84.99761,8.331142630317409,3.1035698353485346,0.0
15.82456,32.97634,45.60095,1834.35588,-2.52902,85.00801,8.436865771942806,3.142954487347268,0.0
15.82669,33.00173,45.4792,1830.25479,-2.5479,85.0184,8.544245437318333,3.182956238028688,0.0
15.82881,33.02706,45.35694,1826.09748,-2.56189,85.02877,8.652995157288464,3.223468370094904,0.0
15.83093,33.05234,45.23441,1821.88204,-2.57092,85.03913,8.762810894580936,3.264377621662295,0.0
15.83303,33.07755,45.11185,1817.60668,-2.57491,85.04948,8.873371507749399,3.305564359092357,0.0
15.83513,33.10271,44.98952,1813.26981,-2.57384,85.05981,8.984339452591408,3.346902838288357,0.0
15.83721,33.12781,44.86765,1808.87,-2.56765,85.07012,9.095361735091114,3.388261559691558,0.0
15.83929,33.15285,44.74649,1804.40603,-2.55634,85.08042,9.206071126628967,3.4295037209788117,0.0
15.84135,33.17782,44.62629,1799.87689,-2.53991,85.09071,9.316087648453246,3.470487770067262,0.0
15.84341,33.20274,44.50729,1795.28177,-2.51838,85.10098,9.4250203278692,3.5110680593409986,0.0
15.84546,33.22759,44.38972,1790.6201,-2.49179,85.11123,9.532469223566164,3.5510956001387126,0.0
15.84749,33.25238,44.27381,1785.89156,-2.46019,85.12147,9.638027711993029,3.590418914488706,0.0
15.84952,33.27711,44.15981,1781.09604,-2.42366,85.13169,9.741285020694907,3.628884978843461,0.0
15.85154,33.30177,44.04793,1776.23372,-2.38229,85.14189,9.841828988433825,3.666340252297214,0.0
15.85355,33.32636,43.93838,1771.305,-2.33621,85.15207,9.93924902561716,3.702631779423453,0.0
15.85555,33.35089,43.83138,1766.31058,-2.28555,85.16224,10.033139242454025,3.7376083555954693,0.0
15.85754,33.37535,43.72713,1761.25139,-2.23046,85.17238,10.12310170644078,3.7711217404854227,0.0
15.85952,33.39974,43.62581,1756.12864,-2.17113,85.18251,10.208749785485502,3.8030279034661674,0.0
15.86149,33.42406,43.5276,1750.94378,-2.10774,85.19262,10.289711528475713,3.833188282961686,0.0
15.86345,33.44831,43.43267,1745.69854,-2.04051,85.20271,10.36563303146365,3.8614710404396604,0.0
15.8654,33.47249,43.34118,1740.39487,-1.96968,85.21279,10.436181735207851,3.887752288832487,0.0
15.86734,33.4966,43.25326,1735.03498,-1.8955,85.22284,10.501049598643943,3.9119172747386393,0.0
15.86927,33.52063,43.16905,1729.6213,-1.81822,85.23287,10.559956093029434,3.933861493820382,0.0
15.87119,33.54459,43.08866,1724.1565,-1.73815,85.24288,10.612650963256804,3.953491719465559,0.0
15.8731,33.56848,43.01219,1718.64343,-1.65556,85.25287,10.658916705891958,3.9707269259221056,0.0
15.875,33.59229,42.93972,1713.08512,-1.57077,85.26284,10.698570718132242,3.9854990888414665,0.0
15.87689,33.61603,42.87133,1707.4848,-1.4841,85.27279,10.731467077742353,3.997753848351548,0.0
15.87877,33.63969,42.80707,1701.84585,-1.39588,85.28272,10.757497921066516,4.007451022402506,0.0
15.88064,33.66327,42.74697,1696.17175,-1.30644,85.29262,10.77659439426666,4.014564961128011,0.0
15.88249,33.68678,42.69106,1690.46614,-1.21612,85.30251,10.788727161607849,4.019084736194926,0.0
15.88434,33.7102,42.63934,1684.73271,-1.12528,85.31237,10.793906463772615,4.021014162526941,0.0
15.88618,33.73355,42.5918,1678.97526,-1.03426,85.32221,10.792181728524838,4.020371653266631,0.0
15.88801,33.75682,42.54841,1673.19762,-0.9434,85.33203,10.783640745071477,4.0171899122034525,0.0
15.88983,33.78002,42.50913,1667.40363,-0.85306,85.34182,10.768408422270177,4.0115154711734355,0.0
15.89164,33.80313,42.47391,1661.59718,-0.76357,85.3516,10.746645158722028,4.003408082875823,0.0
15.89344,33.82616,42.44268,1655.78212,-0.67528,85.36135,10.718544859873193,3.9929399821912694,0.0
15.89523,33.84911,42.41534,1649.96227,-0.5885,85.37108,10.684332643144064,3.980195031282071,0.0
15.89701,33.87199,42.3918,1644.1414,-0.50357,85.38079,10.644262276774333,3.9652677654945534,0.0
15.89878,33.89478,42.37195,1638.32322,-0.4208,85.39047,10.598613401354795,3.948262358306577,0.0
15.90054,33.91749,42.35566,1632.51133,-0.34047,85.40013,10.547688584993118,3.9292915242992925,0.0
15.90229,33.94013,42.3428,1626.70927,-0.26288,85.40977,10.491810263603021,3.9084753793343605,0.0
15.90403,33.96268,42.33322,1620.92043,-0.1883,85.41939,10.43131761711504,3.8859402768602664,0.0
15.90576,33.98516,42.32676,1615.14809,-0.11699,85.42899,10.366563430541932,3.8618176385765937,0.0
15.90748,34.00755,42.32327,1609.39538,-0.04917,85.43856,10.297910985925219,3.8362427966023365,0.0
15.90919,34.02987,42.32256,1603.66531,0.01492,85.44812,10.225731027390532,3.809353862879156,0.0
15.91089,34.0521,42.32446,1597.96069,0.07508,85.45765,10.15039883714331,3.7812906399028496,0.0
15.91258,34.07426,42.32878,1592.28422,0.13113,85.46716,10.072291455188191,3.7521935849956627,0.0
15.91426,34.09634,42.33533,1586.63841,0.1829,85.47664,9.991785070395117,3.7222028384097734,0.0
15.91593,34.11834,42.34391,1581.02559,0.23023,85.48611,9.909252605076237,3.691457323518634,0.0
15.9176,34.14027,42.35432,1575.44793,0.273,85.49556,9.825061509873695,3.6600939253546527,0.0
15.91925,34.16211,42.36636,1569.90745,0.31109,85.50498,9.739571780552819,3.6282467518124704,0.0
15.92089,34.18388,42.37982,1564.40595,0.34442,85.51439,9.653134203369396,3.5960464800021135,0.0
15.92253,34.20558,42.3945,1558.9451,0.3729,85.52377,9.566088831157158,3.5636197885514718,0.0
15.92415,34.2272,42.41019,1553.52637,0.39648,85.53313,9.47876368814761,3.5310888751176206,0.0
15.92577,34.24875,42.42668,1548.15109,0.41512,85.54248,9.391473697992902,3.498571057047123,0.0
15.92738,34.27022,42.44377,1542.82041,0.4288,85.5518,9.30451982636279,3.4661784519708485,0.0
15.92898,34.29161,42.46126,1537.53531,0.43751,85.56111,9.218188426959545,3.4340177341773126,0.0
15.93057,34.31294,42.47893,1532.29664,0.44126,85.57039,9.132750777803443,3.402189961866821,0.0
15.93215,34.33419,42.49659,1527.10508,0.44007,85.57966,9.048462793097029,3.3707904698133304,0.0
15.93372,34.35538,42.51405,1521.96117,0.43399,85.58891,8.96556489497568,3.3399088215881565,0.0
15.93529,34.37649,42.53111,1516.86529,0.42307,85.59814,8.884282028784858,3.3096288152511524,0.0
15.93684,34.39753,42.54759,1511.81771,0.40738,85.60735,8.804823805302766,3.280028536332387,0.0
15.93839,34.4185,42.5633,1506.81855,0.38699,85.61654,8.727384753411348,3.251180451958751,0.0
15.93993,34.4394,42.57806,1501.86781,0.36201,85.62572,8.65214466705709,3.223151540105972,0.0
15.94146,34.46024,42.59171,1496.96538,0.33252,85.63488,8.579269030945834,3.196003448181142,0.0
15.94298,34.481,42.60407,1492.11101,0.29865,85.64402,8.508909510143265,3.1697926754117756,0.0
15.9445,34.50171,42.61499,1487.30436,0.26052,85.65315,8.44120448969008,3.1445707738666626,0.0
15.946,34.52234,42.62431,1482.54497,0.21826,85.66225,8.376279651295121,3.1203845632892304,0.0
15.9475,34.54291,42.63189,1477.83229,0.17201,85.67135,8.314248575240882,3.0972763553231872,0.0
15.94899,34.56341,42.63757,1473.16565,0.12192,85.68042,8.255213356697398,3.0752841831056554,0.0
15.95048,34.58385,42.64125,1468.54433,0.06816,85.68948,8.199265226740389,3.0544420326127737,0.0
15.95195,34.60423,42.64277,1463.96747,0.01087,85.69853,8.146485169414117,3.0347800725318494,0.0
15.95342,34.62455,42.64204,1459.43416,-0.04975,85.70755,8.096944527239668,3.016324879829122,0.0
15.95488,34.6448,42.63894,1454.94341,-0.11355,85.71657,8.050705588502874,2.999099658529967,0.0
15.95633,34.66499,42.63336,1450.49412,-0.18034,85.72557,8.007822150630073,2.9831244495911906,0.0
15.95778,34.68512,42.62521,1446.08515,-0.24993,85.73455,7.968340054791203,2.968416330054749,0.0
15.95921,34.70518,42.61441,1441.71527,-0.32214,85.74352,7.932297687682707,2.9549895999750806,0.0
15.96064,34.72519,42.60087,1437.38319,-0.39676,85.75247,7.899726447161478,2.9428559558800074,0.0
15.96207,34.74514,42.58452,1433.08755,-0.4736,85.76141,7.870651169060049,2.932024649770616,0.0
15.96348,34.76503,42.56531,1428.82693,-0.55246,85.77033,7.845090513145095,2.9225026329009625,0.0
15.96489,34.78486,42.54318,1424.59985,-0.63313,85.77924,7.823057306672587,2.9142946837614,0.0
15.96629,34.80463,42.51807,1420.40477,-0.71541,85.78814,7.804558844526649,2.9074035198882062,0.0
15.96769,34.82435,42.48996,1416.24009,-0.79909,85.79702,7.789597145341048,2.9018298932755715,0.0
15.96907,34.844,42.45881,1412.10417,-0.88395,85.80589,7.778169163407801,2.8975726693171358,0.0
15.97046,34.8636,42.4246,1407.9953,-0.96979,85.81475,7.770266956540134,2.894628889339354,0.0
15.97183,34.88314,42.38731,1403.91175,-1.0564,85.82359,7.76587781038177,2.892993816909977,0.0
15.97319,34.90263,42.34695,1399.85172,-1.14355,85.83242,7.764984319973555,2.8926609682237703,0.0
15.97455,34.92206,42.3035,1395.81337,-1.23103,85.84123,7.767564429675652,2.893622126974573,0.0
15.97591,34.94143,42.25699,1391.79483,-1.31864,85.85003,7.7735914328274465,2.895867344228613,0.0
15.97725,34.96075,42.20742,1387.79419,-1.40615,85.85882,7.783033932806887,2.8993849239180824,0.0
15.97859,34.98001,42.15483,1383.80949,-1.49335,85.86759,7.795855767432002,2.9041613946787095,0.0
15.97993,34.99921,42.09925,1379.83875,-1.58003,85.87635,7.812015898920424,2.9101814688567966,0.0
15.98125,35.01836,42.04071,1375.87996,-1.66597,85.8851,7.831468271940184,2.9174279896293958,0.0
15.98257,35.03746,41.97926,1371.93108,-1.75097,85.89384,7.854161642564093,2.925881867285319,0.0
15.98388,35.0565,41.91497,1367.99005,-1.83481,85.90256,7.8800393812673475,2.9355220058365643,0.0
15.98519,35.07548,41.84788,1364.0548,-1.9173,85.91127,7.9090392534466,2.9463252212558952,0.0
15.98649,35.09441,41.77808,1360.12321,-1.99822,85.91996,7.941093181297063,2.9582661527697938,0.0
15.98778,35.11329,41.70563,1356.1932,-2.07737,85.92864,7.976126991207622,2.971317168756493,0.0
15.98907,35.13211,41.63063,1352.26263,-2.15457,85.93731,8.014060151251229,2.9854482689542463,0.0
15.99035,35.15087,41.55315,1348.32939,-2.22961,85.94596,8.054805503705778,3.0006269848183105,0.0
15.99162,35.16958,41.47329,1344.39137,-2.30231,85.9546,8.098268997916469,3.0168182800051513,0.0
15.99289,35.18823,41.39116,1340.44646,-2.37248,85.96323,8.144349429207846,3.033984453110307,0.0
15.99415,35.20683,41.30686,1336.49257,-2.43994,85.97184,8.19293818988356,3.0520850449092465,0.0
15.9954,35.22538,41.22051,1332.52761,-2.50453,85.98044,8.243919038730798,3.071076752491705,0.0
15.99665,35.24386,41.13222,1328.54953,-2.56607,85.98903,8.297167895700435,3.0909133527746433,0.0
15.99789,35.2623,41.04211,1324.55631,-2.6244,85.9976,8.352552668740575,3.1115456379931787,0.0
15.99913,35.28067,40.95031,1320.54597,-2.67939,86.00616,8.409933119898552,3.1329213658200596,0.0
16.00035,35.29899,40.85696,1316.51656,-2.73087,86.01471,8.469160777988673,3.1549852268321033,0.0
16.00158,35.31726,40.76218,1312.46619,-2.77872,86.02324,8.53007890507013,3.177678832022336,0.0
16.00279,35.33547,40.66612,1308.39303,-2.82282,86.03175,8.592522523981682,3.200940723057384,0.0
16.004,35.35362,40.56892,1304.2953,-2.86304,86.04025,8.656318513906413,3.2247064078778647,0.0
16.0052,35.37171,40.47073,1300.1713,-2.89929,86.04874,8.721285780645491,3.248908424129838,0.0
16.0064,35.38975,40.37168,1296.01942,-2.93147,86.05721,8.787235507786846,3.273476432731748,0.0
16.00759,35.40772,40.27194,1291.83811,-2.95949,86.06567,8.85397149428847,3.2983373436330865,0.0
16.00877,35.42564,40.17164,1287.62593,-2.9833,86.07411,8.921290583230752,3.323415475535919,0.0
16.00995,35.44351,40.07094,1283.38154,-3.00283,86.08253,8.988983185465464,3.3486327509679086,0.0
16.01112,35.46131,39.97,1279.1037,-3.01804,86.09095,9.056833900808547,3.373908927692972,0.0
16.01228,35.47905,39.86896,1274.79128,-3.02891,86.09934,9.124622238040352,3.399161866930317,0.0
16.01344,35.49674,39.76797,1270.44327,-3.03542,86.10772,9.19212343361482,3.424307838345152,0.0
16.01459,35.51436,39.66719,1266.05881,-3.03756,86.11608,9.259109367278077,3.4492618611407053,0.0
16.01574,35.53192,39.56675,1261.63712,-3.03537,86.12443,9.325349571238913,3.4739380800007775,0.0
16.01688,35.54942,39.46681,1257.17761,-3.02886,86.13276,9.390612327588531,3.498250173907476,0.0
16.01801,35.56686,39.36752,1252.67978,-3.01809,86.14107,9.45466584698754,3.522111795233133,0.0
16.01913,35.58424,39.26899,1248.14332,-3.00311,86.14937,9.517279519717368,3.5454370357898743,0.0
16.02025,35.60156,39.17139,1243.56802,-2.98402,86.15765,9.578225228401985,3.5681409158530006,0.0
16.02136,35.61881,39.07483,1238.95385,-2.9609,86.16591,9.637278710026363,3.5901398915486964,0.0
16.02247,35.636,38.97944,1234.30092,-2.93387,86.17416,9.69422095325968,3.611352375393697,0.0
16.02357,35.65312,38.88534,1229.6095,-2.90304,86.18239,9.748839615725759,3.6316992642658112,0.0
16.02466,35.67019,38.79265,1224.87999,-2.86858,86.1906,9.800930444635785,3.6511044686269916,0.0
16.02575,35.68718,38.70148,1220.11296,-2.83062,86.19879,9.850298683378469,3.66949543651518,0.0
16.02683,35.70411,38.61192,1215.30911,-2.78936,86.20696,9.896760446005857,3.6868036655764307,0.0
16.0279,35.72098,38.52408,1210.4693,-2.74496,86.21512,9.940144041368743,3.702965196340199,0.0
16.02897,35.73777,38.43804,1205.59453,-2.69764,86.22325,9.980291228715032,3.7179210799627653,0.0
16.03003,35.7545,38.35388,1200.68592,-2.6476,86.23137,10.017058387165015,3.731617813887547,0.0
16.03108,35.77117,38.27167,1195.74475,-2.59507,86.23947,10.050317582264285,3.744007739164114,0.0
16.03213,35.78776,38.19148,1190.77239,-2.54029,86.24755,10.079957514158215,3.7550493936681475,0.0
16.03317,35.80429,38.11336,1185.77035,-2.4835,86.25561,10.105884333473,3.764707816038577,0.0
16.03421,35.82075,38.03735,1180.74025,-2.42495,86.26365,10.128022312986971,3.7729547958928293,0.0
16.03523,35.83714,37.9635,1175.68382,-2.36492,86.27168,10.146314365320054,3.7797690666797643,0.0
16.03626,35.85346,37.89182,1170.60286,-2.30366,86.27968,10.160722399333489,3.7851364384479593,0.0
16.03727,35.86971,37.82234,1165.49928,-2.24145,86.28766,10.171227510493607,3.789049868761214,0.0
16.03828,35.88589,37.75507,1160.37505,-2.17857,86.29562,10.177830003148147,3.791509470997067,0.0
16.03928,35.902,37.69001,1155.23221,-2.1153,86.30357,10.180549245391672,3.7925224602803502,0.0
16.04027,35.91804,37.62715,1150.07285,-2.05193,86.31149,10.179423359847805,3.7921030382914274,0.0
16.04126,35.93401,37.56646,1144.89912,-1.98873,86.31939,10.174508756266125,3.7902722191462486,0.0
16.04224,35.94991,37.50794,1139.71319,-1.92599,86.32728,10.165879514252149,3.7870575994470212,0.0
16.04322,35.96574,37.45154,1134.51726,-1.86399,86.33514,10.153626626599404,3.782493076403497,0.0
16.04419,35.98149,37.39722,1129.31355,-1.803,86.34298,10.137857115630004,3.7766185186465897,0.0
16.04515,35.99718,37.34493,1124.10429,-1.74329,86.35081,10.11869303649121,3.7694793949301193,0.0
16.04611,36.01279,37.29461,1118.89168,-1.68513,86.35861,10.096270382710554,3.7611263664212964,0.0
16.04706,36.02833,37.24619,1113.67794,-1.62878,86.36639,10.070737910112173,3.751614848578615,0.0
16.048,36.0438,37.19962,1108.46524,-1.57447,86.37415,10.04225589583429,3.7410045488532053,0.0
16.04893,36.05919,37.1548,1103.25575,-1.52247,86.3819,10.010994849355361,3.729358986512169,0.0
16.04987,36.07452,37.11165,1098.05156,-1.47298,86.38962,9.97713419230147,3.7167450008320864,0.0
16.05079,36.08977,37.07009,1092.85476,-1.42624,86.39732,9.940860923351886,3.7032322537412212,0.0
16.05171,36.10495,37.03002,1087.66736,-1.38244,86.405,9.902368283879099,3.688892732735308,0.0
16.05262,36.12006,36.99133,1082.49131,-1.34178,86.41266,9.861854438885667,3.673800259491837,0.0
16.05352,36.1351,36.95394,1077.32851,-1.30444,86.4203,9.819521186746103,3.6580300092149494,0.0
16.05442,36.15006,36.91772,1072.18078,-1.27059,86.42793,9.77557270980857,3.6416580452016967,0.0
16.05531,36.16496,36.88258,1067.04988,-1.24039,86.43553,9.730214376501191,3.6247608725951217,0.0
16.0562,36.17978,36.84839,1061.93748,-1.21396,86.44311,9.683651604043565,3.6074150147143786,0.0
16.05708,36.19454,36.81504,1056.84517,-1.19143,86.45067,9.636088789276291,3.5896966147605953,0.0
16.05796,36.20922,36.78242,1051.77445,-1.17291,86.45822,9.587728313540705,3.5716810651083915,0.0
16.05882,36.22383,36.75041,1046.72675,-1.1585,86.46574,9.538769626018867,3.55344266582591,0.0
16.05969,36.23838,36.7189,1041.7034,-1.14827,86.47325,9.489408408430526,3.535054313502453,0.0
16.06054,36.25285,36.68775,1036.70564,-1.14229,86.48073,9.439835822618884,3.516587220954383,0.0
16.06139,36.26726,36.65685,1031.73463,-1.1406,86.4882,9.390237841265272,3.498110667898733,0.0
16.06224,36.28159,36.6261,1026.79142,-1.14324,86.49565,9.340794660802942,3.4796917822481417,0.0
16.06308,36.29586,36.59536,1021.87697,-1.15022,86.50308,9.291680194578065,3.461395351299994,0.0
16.06391,36.31006,36.56452,1016.99218,-1.16155,86.51049,9.243061643378704,3.443283661747161,0.0
16.06474,36.32419,36.53347,1012.1378,-1.17722,86.51789,9.195099139752967,3.425416367177153,0.0
16.06556,36.33826,36.5021,1007.31454,-1.19721,86.52526,9.147945461874425,3.407850381479462,0.0
16.06637,36.35226,36.4703,1002.523,-1.22147,86.53262,9.101745812225825,3.390639796399417,0.0
16.06718,36.36619,36.43795,997.76368,-1.24996,86.53996,9.056637656048204,3.373835821356234,0.0
